# Extracted from file: jc_112.fits
#SIMPLETruefile does conform to FITS standard
#BITPIX16number of bits per data pixel
#NAXIS0number of data axes
#EXTENDTrueFITS dataset may contain extensions
#COMMENT  FITS (Flexible Image Transport System) format defined in Astronomy and
#COMMENT  Astrophysics Supplement Series v44/p363, v44/p371, v73/p359, v73/p365.
#COMMENT  Contact the NASA Science Office of Standards and Technology for the
#COMMENT  FITS Definition document #100 and other FITS information.
#ORIGINSTScI-STSDAS/TABLESTables version 1999-03-22
#FILENAMEjc_112.fitsname of file
#DESCRIP= 'Jacobi-Christenson atlas'
#DBTABLE= 'CRGRIDS'
#OBSMODE= ' '
#COMMENT  = 'The Jocobi-Christenson atlas has been extracted from'
#COMMENT  = 'the ATLAS library established at STScI by K.Horne.'
#HISTROY= 'The SDAS tables were generated from the ASCII lists in'
#HISTORY  = 'the ATLAS library. Each table was generated separatly'
#HISTORY  = 'and is in agreement with CDBS Data Design, dated'
#HISTORY  = 'February 28, 1988.'
#TARGETID= ' '
#  
#Columns WAVELENGTH FLUX
#Units  Angstroms FLAM
3510.0  4.142e-14
3511.4  3.374e-14
3512.8  4.796e-14
3514.2  6.164e-14
3515.6  6.703e-14
3517.0  6.464e-14
3518.4  6.189e-14
3519.8  5.912e-14
3521.2  4.377e-14
3522.6  4.077e-14
3524.0  4.606e-14
3525.4  5.11e-14
3526.8  6.067e-14
3528.2  6.684e-14
3529.6  5.038e-14
3531.0  6.018e-14
3532.4  6.849e-14
3533.8  7.356e-14
3535.2  7.695e-14
3536.6  8.202e-14
3538.0  8.948e-14
3539.4  9.389e-14
3540.8  1.023e-13
3542.2  1.094e-13
3543.6  1.045e-13
3545.0  9.451e-14
3546.4  8.776e-14
3547.8  7.97e-14
3549.2  7.984e-14
3550.6  8.906e-14
3552.0  9.52e-14
3553.4  9.883e-14
3554.8  9.536e-14
3556.2  8.178e-14
3557.6  9.014e-14
3559.0  9.831e-14
3560.4  9.372e-14
3561.8  8.466e-14
3563.2  7.376e-14
3564.6  6.586e-14
3566.0  6.757e-14
3567.4  6.224e-14
3568.8  6.2e-14
3570.2  6.079e-14
3571.6  5.597e-14
3573.0  5.367e-14
3574.4  5.374e-14
3575.8  3.809e-14
3577.2  3.873e-14
3578.6  4.363e-14
3580.0  4.142e-14
3581.4  4.556e-14
3582.8  5.526e-14
3584.2  5.6e-14
3585.6  5.657e-14
3587.0  5.667e-14
3588.4  4.435e-14
3589.8  5.571e-14
3591.2  6.622e-14
3592.6  5.966e-14
3594.0  6.628e-14
3595.4  8.49e-14
3596.8  9.078e-14
3598.2  8.706e-14
3599.6  8.793e-14
3601.0  8.586e-14
3602.4  7.24e-14
3603.8  7.623e-14
3605.2  6.003e-14
3606.6  5.218e-14
3608.0  6.095e-14
3609.4  7.281e-14
3610.8  7.957e-14
3612.2  8.442e-14
3613.6  1.147e-13
3615.0  1.241e-13
3616.4  1.229e-13
3617.8  1.115e-13
3619.2  1.005e-13
3620.6  1.05e-13
3622.0  1.173e-13
3623.4  1.314e-13
3624.8  1.435e-13
3626.2  1.495e-13
3627.6  1.451e-13
3629.0  1.345e-13
3630.4  1.192e-13
3631.8  1.031e-13
3633.2  9.087e-14
3634.6  9.374e-14
3636.0  1.095e-13
3637.4  1.292e-13
3638.8  1.451e-13
3640.2  1.516e-13
3641.6  1.304e-13
3643.0  1.106e-13
3644.4  1.008e-13
3645.8  9.996e-14
3647.2  1.065e-13
3648.6  1.091e-13
3650.0  1.2e-13
3651.4  1.262e-13
3652.8  1.332e-13
3654.2  1.5e-13
3655.6  1.678e-13
3657.0  1.768e-13
3658.4  1.728e-13
3659.8  1.722e-13
3661.2  1.671e-13
3662.6  1.61e-13
3664.0  1.645e-13
3665.4  1.749e-13
3666.8  1.824e-13
3668.2  1.744e-13
3669.6  1.499e-13
3671.0  1.384e-13
3672.4  1.52e-13
3673.8  1.768e-13
3675.2  1.975e-13
3676.6  2.036e-13
3678.0  1.851e-13
3679.4  1.68e-13
3680.8  1.652e-13
3682.2  1.637e-13
3683.6  1.566e-13
3685.0  1.53e-13
3686.4  1.417e-13
3687.8  1.202e-13
3689.2  1.164e-13
3690.6  1.348e-13
3692.0  1.628e-13
3693.4  1.73e-13
3694.8  1.7e-13
3696.2  1.78e-13
3697.6  1.963e-13
3699.0  2.169e-13
3700.4  2.231e-13
3701.8  2.185e-13
3703.2  1.892e-13
3704.6  1.489e-13
3706.0  1.316e-13
3707.4  1.211e-13
3708.8  1.256e-13
3710.2  1.471e-13
3711.6  1.78e-13
3713.0  2.035e-13
3714.4  2.079e-13
3715.8  2.012e-13
3717.2  1.921e-13
3718.6  1.649e-13
3720.0  1.221e-13
3721.4  1.031e-13
3722.8  1.087e-13
3724.2  1.295e-13
3725.6  1.524e-13
3727.0  1.615e-13
3728.4  1.557e-13
3729.8  1.462e-13
3731.2  1.264e-13
3732.6  1.083e-13
3734.0  9.488e-14
3735.4  8.459e-14
3736.8  8.842e-14
3738.2  1.027e-13
3739.6  1.188e-13
3741.0  1.374e-13
3742.4  1.425e-13
3743.8  1.205e-13
3745.2  1.018e-13
3746.6  9.124e-14
3748.0  9.003e-14
3749.4  1.048e-13
3750.8  1.365e-13
3752.2  1.603e-13
3753.6  1.761e-13
3755.0  2.064e-13
3756.4  2.089e-13
3757.8  1.802e-13
3759.2  1.752e-13
3760.6  1.837e-13
3762.0  1.921e-13
3763.4  1.926e-13
3764.8  1.88e-13
3766.2  1.925e-13
3767.6  2.068e-13
3769.0  2.186e-13
3770.4  2.396e-13
3771.8  2.64e-13
3773.2  2.787e-13
3774.6  2.765e-13
3776.0  2.637e-13
3777.4  2.584e-13
3778.8  2.596e-13
3780.2  2.656e-13
3781.6  2.72e-13
3783.0  2.729e-13
3784.4  2.7e-13
3785.8  2.393e-13
3787.2  1.974e-13
3788.6  1.724e-13
3790.0  1.78e-13
3791.4  1.879e-13
3792.8  1.924e-13
3794.2  1.974e-13
3795.6  2.026e-13
3797.0  1.898e-13
3798.4  1.832e-13
3799.8  2.017e-13
3801.2  2.357e-13
3802.6  2.637e-13
3804.0  2.693e-13
3805.4  2.526e-13
3806.8  2.312e-13
3808.2  2.17e-13
3809.6  2.211e-13
3811.0  2.515e-13
3812.4  2.514e-13
3813.8  2.212e-13
3815.2  1.882e-13
3816.6  1.702e-13
3818.0  1.702e-13
3819.4  1.559e-13
3820.8  1.425e-13
3822.2  1.357e-13
3823.6  1.316e-13
3825.0  1.245e-13
3826.4  1.264e-13
3827.8  1.505e-13
3829.2  1.736e-13
3830.6  1.869e-13
3832.0  1.864e-13
3833.4  1.719e-13
3834.8  1.813e-13
3836.2  1.922e-13
3837.6  1.923e-13
3839.0  1.821e-13
3840.4  1.739e-13
3841.8  1.755e-13
3843.2  1.926e-13
3844.6  2.132e-13
3846.0  2.267e-13
3847.4  2.273e-13
3848.8  2.084e-13
3850.2  1.921e-13
3851.6  1.929e-13
3853.0  2.097e-13
3854.4  2.084e-13
3855.8  1.806e-13
3857.2  1.579e-13
3858.6  1.441e-13
3860.0  1.355e-13
3861.4  1.484e-13
3862.8  1.758e-13
3864.2  1.941e-13
3865.6  2.045e-13
3867.0  2.218e-13
3868.4  2.551e-13
3869.8  2.587e-13
3871.2  2.329e-13
3872.6  2.018e-13
3874.0  1.851e-13
3875.4  1.774e-13
3876.8  1.721e-13
3878.2  1.797e-13
3879.6  2.031e-13
3881.0  2.268e-13
3882.4  2.402e-13
3883.8  2.293e-13
3885.2  2.008e-13
3886.6  1.745e-13
3888.0  1.878e-13
3889.4  2.186e-13
3890.8  2.527e-13
3892.2  2.799e-13
3893.6  2.828e-13
3895.0  2.692e-13
3896.4  2.678e-13
3897.8  2.65e-13
3899.2  2.537e-13
3900.6  2.447e-13
3902.0  2.412e-13
3903.4  2.481e-13
3904.8  2.553e-13
3906.2  2.52e-13
3907.6  2.566e-13
3909.0  2.885e-13
3910.4  3.061e-13
3911.8  2.984e-13
3913.2  2.905e-13
3914.6  2.823e-13
3916.0  2.698e-13
3917.4  2.543e-13
3918.8  2.348e-13
3920.2  2e-13
3921.6  1.758e-13
3923.0  1.71e-13
3924.4  1.643e-13
3925.8  1.557e-13
3927.2  1.422e-13
3928.6  1.185e-13
3930.0  9.219e-14
3931.4  7.094e-14
3932.8  5.562e-14
3934.2  5.424e-14
3935.6  7.266e-14
3937.0  1.023e-13
3938.4  1.235e-13
3939.8  1.289e-13
3941.2  1.252e-13
3942.6  1.228e-13
3944.0  1.299e-13
3945.4  1.486e-13
3946.8  1.693e-13
3948.2  1.913e-13
3949.6  2.226e-13
3951.0  2.549e-13
3952.4  2.798e-13
3953.8  2.85e-13
3955.2  2.654e-13
3956.6  2.266e-13
3958.0  1.807e-13
3959.4  1.488e-13
3960.8  1.297e-13
3962.2  1.115e-13
3963.6  1.009e-13
3965.0  9.67e-14
3966.4  9.066e-14
3967.8  8.028e-14
3969.2  8.591e-14
3970.6  1.101e-13
3972.0  1.485e-13
3973.4  1.906e-13
3974.8  2.294e-13
3976.2  2.622e-13
3977.6  2.84e-13
3979.0  2.938e-13
3980.4  2.984e-13
3981.8  3.113e-13
3983.2  3.32e-13
3984.6  3.623e-13
3986.0  3.869e-13
3987.4  3.94e-13
3988.8  3.906e-13
3990.2  3.892e-13
3991.6  4.128e-13
3993.0  4.358e-13
3994.4  4.451e-13
3995.8  4.436e-13
3997.2  4.319e-13
3998.6  4.32e-13
4000.0  4.724e-13
4001.4  5.191e-13
4002.8  5.305e-13
4004.2  4.9e-13
4005.6  4.63e-13
4007.0  4.505e-13
4008.4  4.508e-13
4009.8  4.525e-13
4011.2  4.759e-13
4012.6  5.104e-13
4014.0  5.579e-13
4015.4  5.926e-13
4016.8  5.885e-13
4018.2  5.612e-13
4019.6  5.196e-13
4021.0  4.762e-13
4022.4  4.564e-13
4023.8  4.634e-13
4025.2  5.004e-13
4026.6  5.479e-13
4028.0  5.585e-13
4029.4  4.948e-13
4030.8  4.233e-13
4032.2  3.779e-13
4033.6  3.928e-13
4035.0  4.837e-13
4036.4  5.813e-13
4037.8  6.56e-13
4039.2  6.804e-13
4040.6  6.413e-13
4042.0  5.863e-13
4043.4  5.193e-13
4044.8  4.603e-13
4046.2  4.389e-13
4047.6  4.944e-13
4049.0  5.539e-13
4050.4  5.986e-13
4051.8  6.287e-13
4053.2  6.016e-13
4054.6  5.705e-13
4056.0  5.553e-13
4057.4  5.59e-13
4058.8  5.607e-13
4060.2  5.572e-13
4061.6  5.421e-13
4063.0  5.088e-13
4064.4  5.075e-13
4065.8  5.352e-13
4067.2  5.694e-13
4068.6  6.098e-13
4070.0  6.006e-13
4071.4  6.001e-13
4072.8  5.968e-13
4074.2  5.793e-13
4075.6  5.131e-13
4077.0  4.797e-13
4078.4  4.979e-13
4079.8  5.521e-13
4081.2  5.958e-13
4082.6  6.089e-13
4084.0  6.177e-13
4085.4  6.301e-13
4086.8  6.521e-13
4088.2  6.852e-13
4089.6  6.827e-13
4091.0  6.557e-13
4092.4  6.387e-13
4093.8  6.307e-13
4095.2  6.052e-13
4096.6  5.72e-13
4098.0  5.512e-13
4099.4  5.324e-13
4100.8  5.184e-13
4102.2  5.261e-13
4103.6  5.641e-13
4105.0  6.132e-13
4106.4  6.484e-13
4107.8  6.343e-13
4109.2  5.859e-13
4110.6  5.404e-13
4112.0  5.306e-13
4113.4  5.426e-13
4114.8  5.565e-13
4116.2  5.592e-13
4117.6  5.634e-13
4119.0  5.655e-13
4120.4  5.607e-13
4121.8  5.473e-13
4123.2  5.605e-13
4124.6  5.765e-13
4126.0  5.7e-13
4127.4  5.427e-13
4128.8  5.058e-13
4130.2  4.816e-13
4131.6  4.73e-13
4133.0  4.763e-13
4134.4  4.862e-13
4135.8  4.985e-13
4137.2  5.155e-13
4138.6  5.433e-13
4140.0  5.443e-13
4141.4  5.092e-13
4142.8  4.871e-13
4144.2  5.004e-13
4145.6  5.438e-13
4147.0  5.68e-13
4148.4  5.663e-13
4149.8  5.633e-13
4151.2  5.581e-13
4152.6  5.648e-13
4154.0  5.852e-13
4155.4  6.046e-13
4156.8  6.291e-13
4158.2  6.549e-13
4159.6  6.773e-13
4161.0  6.944e-13
4162.4  7.014e-13
4163.8  6.879e-13
4165.2  6.572e-13
4166.6  6.233e-13
4168.0  5.995e-13
4169.4  5.868e-13
4170.8  5.465e-13
4172.2  4.81e-13
4173.6  4.254e-13
4175.0  4.13e-13
4176.4  4.371e-13
4177.8  4.621e-13
4179.2  4.908e-13
4180.6  5.101e-13
4182.0  5.186e-13
4183.4  5.248e-13
4184.8  5.243e-13
4186.2  5.172e-13
4187.6  5.082e-13
4189.0  5.129e-13
4190.4  5.285e-13
4191.8  5.545e-13
4193.2  5.741e-13
4194.6  5.635e-13
4196.0  5.31e-13
4197.4  4.977e-13
4198.8  4.817e-13
4200.2  4.756e-13
4201.6  4.735e-13
4203.0  4.823e-13
4204.4  4.975e-13
4205.8  5.116e-13
4207.2  5.273e-13
4208.6  5.229e-13
4210.0  5.065e-13
4211.4  4.818e-13
4212.8  4.387e-13
4214.2  3.937e-13
4215.6  3.564e-13
4217.0  3.421e-13
4218.4  3.404e-13
4219.8  3.34e-13
4221.2  3.152e-13
4222.6  2.696e-13
4224.0  2.095e-13
4225.4  1.608e-13
4226.8  1.327e-13
4228.2  1.445e-13
4229.6  1.93e-13
4231.0  2.384e-13
4232.4  2.707e-13
4233.8  2.86e-13
4235.2  3.164e-13
4236.6  3.601e-13
4238.0  3.982e-13
4239.4  4.26e-13
4240.8  4.592e-13
4242.2  5.014e-13
4243.6  5.466e-13
4245.0  5.769e-13
4246.4  5.654e-13
4247.8  5.464e-13
4249.2  5.207e-13
4250.6  4.889e-13
4252.0  4.377e-13
4253.4  3.896e-13
4254.8  3.732e-13
4256.2  3.882e-13
4257.6  4.126e-13
4259.0  4.12e-13
4260.4  4.211e-13
4261.8  4.529e-13
4263.2  5.06e-13
4264.6  5.271e-13
4266.0  5.224e-13
4267.4  5.04e-13
4268.8  4.814e-13
4270.2  4.309e-13
4271.6  3.758e-13
4273.0  3.383e-13
4274.4  3.241e-13
4275.8  3.389e-13
4277.2  3.889e-13
4278.6  4.347e-13
4280.0  4.573e-13
4281.4  4.408e-13
4282.8  4.243e-13
4284.2  4.193e-13
4285.6  4.128e-13
4287.0  3.99e-13
4288.4  3.568e-13
4289.8  3.268e-13
4291.2  3.364e-13
4292.6  3.964e-13
4294.0  4.402e-13
4295.4  4.488e-13
4296.8  4.299e-13
4298.2  3.908e-13
4299.6  3.644e-13
4301.0  3.551e-13
4302.4  3.672e-13
4303.8  4.018e-13
4305.2  4.036e-13
4306.6  3.833e-13
4308.0  3.75e-13
4309.4  3.875e-13
4310.8  4.259e-13
4312.2  4.348e-13
4313.6  4.189e-13
4315.0  4.047e-13
4316.4  4.125e-13
4317.8  4.187e-13
4319.2  4.243e-13
4320.6  4.331e-13
4322.0  4.416e-13
4323.4  4.37e-13
4324.8  4.175e-13
4326.2  4.243e-13
4327.6  4.736e-13
4329.0  5.39e-13
4330.4  5.538e-13
4331.8  5.505e-13
4333.2  5.608e-13
4334.6  5.854e-13
4336.0  5.874e-13
4337.4  5.457e-13
4338.8  4.913e-13
4340.2  4.586e-13
4341.6  4.688e-13
4343.0  4.92e-13
4344.4  5.119e-13
4345.8  5.316e-13
4347.2  5.42e-13
4348.6  5.499e-13
4350.0  5.26e-13
4351.4  4.684e-13
4352.8  4.177e-13
4354.2  4.121e-13
4355.6  4.25e-13
4357.0  4.387e-13
4358.4  4.496e-13
4359.8  4.562e-13
4361.2  4.698e-13
4362.6  4.853e-13
4364.0  5.018e-13
4365.4  5.138e-13
4366.8  5.053e-13
4368.2  4.98e-13
4369.6  5.014e-13
4371.0  5.099e-13
4372.4  5.116e-13
4373.8  5.025e-13
4375.2  5.02e-13
4376.6  5.257e-13
4378.0  5.605e-13
4379.4  5.607e-13
4380.8  5.27e-13
4382.2  4.905e-13
4383.6  4.421e-13
4385.0  4.35e-13
4386.4  4.698e-13
4387.8  4.917e-13
4389.2  4.875e-13
4390.6  4.916e-13
4392.0  5.061e-13
4393.4  4.986e-13
4394.8  4.737e-13
4396.2  4.58e-13
4397.6  4.549e-13
4399.0  4.494e-13
4400.4  4.461e-13
4401.8  4.449e-13
4403.2  4.312e-13
4404.6  4.041e-13
4406.0  3.878e-13
4407.4  3.992e-13
4408.8  4.395e-13
4410.2  4.972e-13
4411.6  5.441e-13
4413.0  5.596e-13
4414.4  5.477e-13
4415.8  5.296e-13
4417.2  5.295e-13
4418.6  5.343e-13
4420.0  5.193e-13
4421.4  4.583e-13
4422.8  3.899e-13
4424.2  3.658e-13
4425.6  3.494e-13
4427.0  3.384e-13
4428.4  3.34e-13
4429.8  3.388e-13
4431.2  3.497e-13
4432.6  3.592e-13
4434.0  3.498e-13
4435.4  3.274e-13
4436.8  3.278e-13
4438.2  3.399e-13
4439.6  3.527e-13
4441.0  3.544e-13
4442.4  3.464e-13
4443.8  3.607e-13
4445.2  3.879e-13
4446.6  4.192e-13
4448.0  4.375e-13
4449.4  4.342e-13
4450.8  4.297e-13
4452.2  4.2e-13
4453.6  3.958e-13
4455.0  3.765e-13
4456.4  3.85e-13
4457.8  3.902e-13
4459.2  3.693e-13
4460.6  3.259e-13
4462.0  2.952e-13
4463.4  2.834e-13
4464.8  2.727e-13
4466.2  2.66e-13
4467.6  2.7e-13
4469.0  2.778e-13
4470.4  2.896e-13
4471.8  3.037e-13
4473.2  3.249e-13
4474.6  3.496e-13
4476.0  3.733e-13
4477.4  3.86e-13
4478.8  3.833e-13
4480.2  3.709e-13
4481.6  3.557e-13
4483.0  3.613e-13
4484.4  3.781e-13
4485.8  3.985e-13
4487.2  4.103e-13
4488.6  3.905e-13
4490.0  3.902e-13
4491.4  4.137e-13
4492.8  4.244e-13
4494.2  4.083e-13
4495.6  3.953e-13
4497.0  4.131e-13
4498.4  4.257e-13
4499.8  4.251e-13
4501.2  4.219e-13
4502.6  4.293e-13
4504.0  4.141e-13
4505.4  3.852e-13
4506.8  3.496e-13
4508.2  3.396e-13
4509.6  3.51e-13
4511.0  3.605e-13
4512.4  3.604e-13
4513.8  3.662e-13
4515.2  3.778e-13
4516.6  3.818e-13
4518.0  3.975e-13
4519.4  4.195e-13
4520.8  4.349e-13
4522.2  4.204e-13
4523.6  4.13e-13
4525.0  4.025e-13
4526.4  3.889e-13
4527.8  3.716e-13
4529.2  3.885e-13
4530.6  4.089e-13
4532.0  4.206e-13
4533.4  4.179e-13
4534.8  3.984e-13
4536.2  4.254e-13
4537.6  4.694e-13
4539.0  4.868e-13
4540.4  4.768e-13
4541.8  4.652e-13
4543.2  4.649e-13
4544.6  4.459e-13
4546.0  4.228e-13
4547.4  3.984e-13
4548.8  3.74e-13
4550.2  3.71e-13
4551.6  3.732e-13
4553.0  3.729e-13
4554.4  3.884e-13
4555.8  4.297e-13
4557.2  4.655e-13
4558.6  4.878e-13
4560.0  4.955e-13
4561.4  4.956e-13
4562.8  4.834e-13
4564.2  4.954e-13
4565.6  5.23e-13
4567.0  5.514e-13
4568.4  5.643e-13
4569.8  5.572e-13
4571.2  5.632e-13
4572.6  5.679e-13
4574.0  5.644e-13
4575.4  5.618e-13
4576.8  5.633e-13
4578.2  5.386e-13
4579.6  4.959e-13
4581.0  4.741e-13
4582.4  4.359e-13
4583.8  3.546e-13
4585.2  2.773e-13
4586.6  2.55e-13
4588.0  2.546e-13
4589.4  2.504e-13
4590.8  2.456e-13
4592.2  2.502e-13
4593.6  2.622e-13
4595.0  2.686e-13
4596.4  2.714e-13
4597.8  2.8e-13
4599.2  2.938e-13
4600.6  3.125e-13
4602.0  3.25e-13
4603.4  3.297e-13
4604.8  3.337e-13
4606.2  3.421e-13
4607.6  3.755e-13
4609.0  4.138e-13
4610.4  4.341e-13
4611.8  4.48e-13
4613.2  4.632e-13
4614.6  4.683e-13
4616.0  4.722e-13
4617.4  4.778e-13
4618.8  4.776e-13
4620.2  4.745e-13
4621.6  4.496e-13
4623.0  4.153e-13
4624.4  3.876e-13
4625.8  3.503e-13
4627.2  3.094e-13
4628.6  2.874e-13
4630.0  2.846e-13
4631.4  2.77e-13
4632.8  2.661e-13
4634.2  2.673e-13
4635.6  2.761e-13
4637.0  2.801e-13
4638.4  2.805e-13
4639.8  2.879e-13
4641.2  2.989e-13
4642.6  3.051e-13
4644.0  3.029e-13
4645.4  3.021e-13
4646.8  3.066e-13
4648.2  3.139e-13
4649.6  3.258e-13
4651.0  3.332e-13
4652.4  3.463e-13
4653.8  3.616e-13
4655.2  3.665e-13
4656.6  3.807e-13
4658.0  3.997e-13
4659.4  4.149e-13
4660.8  4.267e-13
4662.2  4.42e-13
4663.6  4.535e-13
4665.0  4.377e-13
4666.4  3.928e-13
4667.8  3.508e-13
4669.2  3.284e-13
4670.6  3.186e-13
4672.0  3.146e-13
4673.4  3.167e-13
4674.8  3.205e-13
4676.2  3.301e-13
4677.6  3.462e-13
4679.0  3.404e-13
4680.4  3.371e-13
4681.8  3.412e-13
4683.2  3.564e-13
4684.6  3.776e-13
4686.0  3.946e-13
4687.4  4.094e-13
4688.8  4.274e-13
4690.2  4.415e-13
4691.6  4.468e-13
4693.0  4.532e-13
4694.4  4.665e-13
4695.8  4.674e-13
4697.2  4.616e-13
4698.6  4.608e-13
4700.0  4.631e-13
4701.4  4.826e-13
4702.8  5.049e-13
4704.2  5.128e-13
4705.6  4.994e-13
4707.0  4.783e-13
4708.4  4.791e-13
4709.8  4.868e-13
4711.2  4.932e-13
4712.6  4.867e-13
4714.0  4.631e-13
4715.4  4.391e-13
4716.8  4.503e-13
4718.2  4.643e-13
4719.6  4.745e-13
4721.0  4.767e-13
4722.4  4.777e-13
4723.8  4.881e-13
4725.2  5.002e-13
4726.6  5.068e-13
4728.0  5.097e-13
4729.4  5.145e-13
4730.8  5.12e-13
4732.2  5.184e-13
4733.6  5.315e-13
4735.0  5.419e-13
4736.4  5.295e-13
4737.8  5.111e-13
4739.2  5.173e-13
4740.6  5.277e-13
4742.0  5.315e-13
4743.4  5.445e-13
4744.8  5.647e-13
4746.2  5.964e-13
4747.6  6.395e-13
4749.0  6.742e-13
4750.4  7.089e-13
4751.8  7.271e-13
4753.2  7.31e-13
4754.6  7.34e-13
4756.0  7.263e-13
4757.4  6.692e-13
4758.8  5.676e-13
4760.2  4.467e-13
4761.6  3.416e-13
4763.0  2.585e-13
4764.4  2.188e-13
4765.8  2.03e-13
4767.2  2.037e-13
4768.6  2.174e-13
4770.0  2.236e-13
4771.4  2.273e-13
4772.8  2.441e-13
4774.2  2.732e-13
4775.6  2.983e-13
4777.0  3.184e-13
4778.4  3.127e-13
4779.8  3.006e-13
4781.2  2.915e-13
4782.6  2.884e-13
4784.0  2.899e-13
4785.4  2.979e-13
4786.8  3.106e-13
4788.2  3.221e-13
4789.6  3.306e-13
4791.0  3.405e-13
4792.4  3.712e-13
4793.8  3.861e-13
4795.2  3.849e-13
4796.6  3.841e-13
4798.0  4.019e-13
4799.4  4.28e-13
4800.8  4.469e-13
4802.2  4.242e-13
4803.6  3.648e-13
4805.0  3.071e-13
4806.4  2.764e-13
4807.8  2.599e-13
4809.2  2.576e-13
4810.6  2.615e-13
4812.0  2.694e-13
4813.4  2.907e-13
4814.8  3.048e-13
4816.2  3.129e-13
4817.6  3.249e-13
4819.0  3.277e-13
4820.4  3.273e-13
4821.8  3.217e-13
4823.2  3.285e-13
4824.6  3.379e-13
4826.0  3.419e-13
4827.4  3.442e-13
4828.8  3.414e-13
4830.2  3.462e-13
4831.6  3.796e-13
4833.0  3.978e-13
4834.4  4.267e-13
4835.8  4.518e-13
4837.2  4.578e-13
4838.6  4.513e-13
4840.0  4.331e-13
4841.4  4.155e-13
4842.8  4.137e-13
4844.2  4.237e-13
4845.6  4.211e-13
4847.0  3.974e-13
4848.4  3.636e-13
4849.8  3.472e-13
4851.2  3.537e-13
4852.6  3.596e-13
4854.0  3.644e-13
4855.4  3.681e-13
4856.8  3.768e-13
4858.2  3.854e-13
4859.6  3.736e-13
4861.0  3.634e-13
4862.4  3.664e-13
4863.8  3.725e-13
4865.2  3.858e-13
4866.6  4.073e-13
4868.0  4.23e-13
4869.4  4.211e-13
4870.8  4.282e-13
4872.2  4.397e-13
4873.6  4.412e-13
4875.0  4.557e-13
4876.4  4.797e-13
4877.8  4.855e-13
4879.2  4.835e-13
4880.6  4.984e-13
4882.0  5.217e-13
4883.4  5.302e-13
4884.8  5.336e-13
4886.2  5.586e-13
4887.6  5.904e-13
4889.0  6.021e-13
4890.4  5.938e-13
4891.8  5.88e-13
4893.2  5.94e-13
4894.6  6.001e-13
4896.0  6.089e-13
4897.4  6.218e-13
4898.8  6.233e-13
4900.2  6.401e-13
4901.6  6.639e-13
4903.0  6.729e-13
4904.4  6.871e-13
4905.8  7.214e-13
4907.2  7.436e-13
4908.6  7.257e-13
4910.0  7.185e-13
4911.4  7.313e-13
4912.8  7.466e-13
4914.2  7.748e-13
4915.6  8.126e-13
4917.0  8.21e-13
4918.4  7.957e-13
4919.8  7.821e-13
4921.2  7.949e-13
4922.6  8.191e-13
4924.0  8.457e-13
4925.4  8.866e-13
4926.8  9.516e-13
4928.2  1.023e-12
4929.6  1.068e-12
4931.0  1.087e-12
4932.4  1.061e-12
4933.8  1.032e-12
4935.2  1.048e-12
4936.6  1.084e-12
4938.0  1.073e-12
4939.4  1.055e-12
4940.8  1.083e-12
4942.2  1.14e-12
4943.6  1.193e-12
4945.0  1.246e-12
4946.4  1.295e-12
4947.8  1.315e-12
4949.2  1.327e-12
4950.6  1.369e-12
4952.0  1.323e-12
4953.4  1.076e-12
4954.8  7.179e-13
4956.2  4.201e-13
4957.6  2.795e-13
4959.0  2.415e-13
4960.4  2.328e-13
4961.8  2.269e-13
4963.2  2.251e-13
4964.6  2.246e-13
4966.0  2.268e-13
4967.4  2.337e-13
4968.8  2.49e-13
4970.2  2.625e-13
4971.6  2.749e-13
4973.0  2.824e-13
4974.4  2.829e-13
4975.8  2.882e-13
4977.2  2.912e-13
4978.6  2.862e-13
4980.0  2.823e-13
4981.4  2.767e-13
4982.8  2.78e-13
4984.2  2.955e-13
4985.6  3.149e-13
4987.0  3.378e-13
4988.4  3.529e-13
4989.8  3.61e-13
4991.2  3.629e-13
4992.6  3.56e-13
4994.0  3.546e-13
4995.4  3.636e-13
4996.8  3.73e-13
4998.2  3.705e-13
4999.6  3.392e-13
5001.0  3.02e-13
5002.4  2.851e-13
5003.8  2.771e-13
5005.2  2.674e-13
5006.6  2.662e-13
5008.0  2.744e-13
5009.4  2.887e-13
5010.8  2.981e-13
5012.2  2.954e-13
5013.6  2.882e-13
5015.0  2.881e-13
5016.4  2.982e-13
5017.8  3.09e-13
5019.2  3.189e-13
5020.6  3.324e-13
5022.0  3.412e-13
5023.4  3.442e-13
5024.8  3.523e-13
5026.2  3.653e-13
5027.6  3.836e-13
5029.0  4.104e-13
5030.4  4.362e-13
5031.8  4.502e-13
5033.2  4.561e-13
5034.6  4.708e-13
5036.0  4.754e-13
5037.4  4.79e-13
5038.8  4.985e-13
5040.2  5.028e-13
5041.6  5.131e-13
5043.0  5.483e-13
5044.4  6.002e-13
5045.8  6.318e-13
5047.2  6.308e-13
5048.6  6.153e-13
5050.0  5.955e-13
5051.4  5.751e-13
5052.8  5.585e-13
5054.2  5.761e-13
5055.6  6.198e-13
5057.0  6.62e-13
5058.4  6.813e-13
5059.8  6.797e-13
5061.2  6.907e-13
5062.6  7.054e-13
5064.0  7.076e-13
5065.4  7.018e-13
5066.8  6.993e-13
5068.2  7.083e-13
5069.6  7.425e-13
5071.0  7.831e-13
5072.4  7.955e-13
5073.8  8.132e-13
5075.2  8.409e-13
5076.6  8.683e-13
5078.0  8.703e-13
5079.4  8.207e-13
5080.8  7.733e-13
5082.2  7.852e-13
5083.6  8.353e-13
5085.0  8.861e-13
5086.4  9.219e-13
5087.8  9.41e-13
5089.2  9.398e-13
5090.6  9.409e-13
5092.0  9.735e-13
5093.4  1.016e-12
5094.8  1.029e-12
5096.2  1.002e-12
5097.6  9.71e-13
5099.0  9.661e-13
5100.4  9.733e-13
5101.8  9.85e-13
5103.2  9.986e-13
5104.6  1.005e-12
5106.0  1.014e-12
5107.4  1.011e-12
5108.8  1.002e-12
5110.2  9.951e-13
5111.6  1.011e-12
5113.0  1.068e-12
5114.4  1.135e-12
5115.8  1.202e-12
5117.2  1.269e-12
5118.6  1.301e-12
5120.0  1.304e-12
5121.4  1.293e-12
5122.8  1.263e-12
5124.2  1.229e-12
5125.6  1.206e-12
5127.0  1.205e-12
5128.4  1.221e-12
5129.8  1.311e-12
5131.2  1.414e-12
5132.6  1.455e-12
5134.0  1.446e-12
5135.4  1.408e-12
5136.8  1.377e-12
5138.2  1.313e-12
5139.6  1.278e-12
5141.0  1.289e-12
5142.4  1.283e-12
5143.8  1.243e-12
5145.2  1.25e-12
5146.6  1.283e-12
5148.0  1.318e-12
5149.4  1.335e-12
5150.8  1.313e-12
5152.2  1.278e-12
5153.6  1.306e-12
5155.0  1.431e-12
5156.4  1.567e-12
5157.8  1.634e-12
5159.2  1.646e-12
5160.6  1.643e-12
5162.0  1.643e-12
5163.4  1.582e-12
5164.8  1.346e-12
5166.2  9.528e-13
5167.6  5.764e-13
5169.0  3.604e-13
5170.4  2.815e-13
5171.8  2.621e-13
5173.2  2.58e-13
5174.6  2.66e-13
5176.0  2.8e-13
5177.4  2.89e-13
5178.8  2.975e-13
5180.2  3.086e-13
5181.6  3.15e-13
5183.0  3.156e-13
5184.4  3.266e-13
5185.8  3.405e-13
5187.2  3.585e-13
5188.6  3.708e-13
5190.0  3.761e-13
5191.4  3.796e-13
5192.8  3.766e-13
5194.2  3.817e-13
5195.6  4.149e-13
5197.0  4.485e-13
5198.4  4.656e-13
5199.8  4.634e-13
5201.2  4.586e-13
5202.6  4.438e-13
5204.0  4.105e-13
5205.4  3.997e-13
5206.8  4.103e-13
5208.2  4.264e-13
5209.6  4.47e-13
5211.0  4.771e-13
5212.4  5.174e-13
5213.8  5.384e-13
5215.2  5.376e-13
5216.6  5.511e-13
5218.0  5.581e-13
5219.4  5.54e-13
5220.8  5.693e-13
5222.2  5.889e-13
5223.6  5.832e-13
5225.0  5.627e-13
5226.4  5.668e-13
5227.8  6.105e-13
5229.2  6.546e-13
5230.6  6.809e-13
5232.0  7.005e-13
5233.4  7.14e-13
5234.8  7.243e-13
5236.2  7.406e-13
5237.6  7.426e-13
5239.0  6.998e-13
5240.4  6.52e-13
5241.8  6.381e-13
5243.2  6.452e-13
5244.6  6.423e-13
5246.0  6.181e-13
5247.4  6.031e-13
5248.8  6.11e-13
5250.2  6.23e-13
5251.6  6.449e-13
5253.0  6.816e-13
5254.4  7.098e-13
5255.8  7.461e-13
5257.2  8.029e-13
5258.6  8.277e-13
5260.0  7.916e-13
5261.4  7.363e-13
5262.8  6.992e-13
5264.2  6.606e-13
5265.6  6.46e-13
5267.0  6.473e-13
5268.4  6.53e-13
5269.8  6.529e-13
5271.2  7.068e-13
5272.6  7.619e-13
5274.0  8.011e-13
5275.4  8.228e-13
5276.8  8.327e-13
5278.2  8.381e-13
5279.6  8.394e-13
5281.0  8.41e-13
5282.4  8.477e-13
5283.8  8.712e-13
5285.2  9.1e-13
5286.6  9.353e-13
5288.0  9.519e-13
5289.4  9.77e-13
5290.8  1.009e-12
5292.2  1.033e-12
5293.6  1.037e-12
5295.0  1.015e-12
5296.4  9.677e-13
5297.8  9.433e-13
5299.2  9.656e-13
5300.6  1.008e-12
5302.0  1.062e-12
5303.4  1.124e-12
5304.8  1.141e-12
5306.2  1.091e-12
5307.6  1.015e-12
5309.0  9.505e-13
5310.4  9.292e-13
5311.8  9.244e-13
5313.2  9.225e-13
5314.6  9.399e-13
5316.0  9.657e-13
5317.4  9.679e-13
5318.8  9.664e-13
5320.2  9.694e-13
5321.6  9.713e-13
5323.0  9.749e-13
5324.4  9.826e-13
5325.8  9.468e-13
5327.2  8.785e-13
5328.6  8.582e-13
5330.0  9.148e-13
5331.4  9.767e-13
5332.8  1e-12
5334.2  1.026e-12
5335.6  1.053e-12
5337.0  1.039e-12
5338.4  1.014e-12
5339.8  1.016e-12
5341.2  1.029e-12
5342.6  1.049e-12
5344.0  1.078e-12
5345.4  1.081e-12
5346.8  1.07e-12
5348.2  1.088e-12
5349.6  1.144e-12
5351.0  1.208e-12
5352.4  1.261e-12
5353.8  1.278e-12
5355.2  1.253e-12
5356.6  1.183e-12
5358.0  1.095e-12
5359.4  1.04e-12
5360.8  1.022e-12
5362.2  1.013e-12
5363.6  9.988e-13
5365.0  9.688e-13
5366.4  9.516e-13
5367.8  9.623e-13
5369.2  9.664e-13
5370.6  9.719e-13
5372.0  1.004e-12
5373.4  1.045e-12
5374.8  1.083e-12
5376.2  1.113e-12
5377.6  1.14e-12
5379.0  1.171e-12
5380.4  1.189e-12
5381.8  1.204e-12
5383.2  1.195e-12
5384.6  1.173e-12
5386.0  1.176e-12
5387.4  1.173e-12
5388.8  1.139e-12
5390.2  1.101e-12
5391.6  1.086e-12
5393.0  1.087e-12
5394.4  1.073e-12
5395.8  1.05e-12
5397.2  1.082e-12
5398.6  1.184e-12
5400.0  1.279e-12
5401.4  1.294e-12
5402.8  1.285e-12
5404.2  1.229e-12
5405.6  1.168e-12
5407.0  1.115e-12
5408.4  1.074e-12
5409.8  1.066e-12
5411.2  1.1e-12
5412.6  1.163e-12
5414.0  1.188e-12
5415.4  1.212e-12
5416.8  1.25e-12
5418.2  1.283e-12
5419.6  1.315e-12
5421.0  1.329e-12
5422.4  1.3e-12
5423.8  1.275e-12
5425.2  1.272e-12
5426.6  1.284e-12
5428.0  1.271e-12
5429.4  1.244e-12
5430.8  1.229e-12
5432.2  1.194e-12
5433.6  1.171e-12
5435.0  1.206e-12
5436.4  1.261e-12
5437.8  1.329e-12
5439.2  1.411e-12
5440.6  1.488e-12
5442.0  1.544e-12
5443.4  1.544e-12
5444.8  1.447e-12
5446.2  1.233e-12
5447.6  9.491e-13
5449.0  7.187e-13
5450.4  6.141e-13
5451.8  5.765e-13
5453.2  5.524e-13
5454.6  5.355e-13
5456.0  5.438e-13
5457.4  5.646e-13
5458.8  5.746e-13
5460.2  5.863e-13
5461.6  6.115e-13
5463.0  6.283e-13
5464.4  6.415e-13
5465.8  6.444e-13
5467.2  6.385e-13
5468.6  6.416e-13
5470.0  6.355e-13
5471.4  6.314e-13
5472.8  6.457e-13
5474.2  6.571e-13
5475.6  6.725e-13
5477.0  6.816e-13
5478.4  6.961e-13
5479.8  7.108e-13
5481.2  7.109e-13
5482.6  7.259e-13
5484.0  7.56e-13
5485.4  7.806e-13
5486.8  7.916e-13
5488.2  7.971e-13
5489.6  8.02e-13
5491.0  8.089e-13
5492.4  8.205e-13
5493.8  8.333e-13
5495.2  8.323e-13
5496.6  8.023e-13
5498.0  7.446e-13
5499.4  6.842e-13
5500.8  6.701e-13
5502.2  6.743e-13
5503.6  6.798e-13
5505.0  6.865e-13
5506.4  6.956e-13
5507.8  7.204e-13
5509.2  7.475e-13
5510.6  7.599e-13
5512.0  7.584e-13
5513.4  7.621e-13
5514.8  7.767e-13
5516.2  7.984e-13
5517.6  8.328e-13
5519.0  8.749e-13
5520.4  9.011e-13
5521.8  8.962e-13
5523.2  8.844e-13
5524.6  8.742e-13
5526.0  8.633e-13
5527.4  8.522e-13
5528.8  8.529e-13
5530.2  8.707e-13
5531.6  8.874e-13
5533.0  8.839e-13
5534.4  8.88e-13
5535.8  9.066e-13
5537.2  9.457e-13
5538.6  9.691e-13
5540.0  9.861e-13
5541.4  1.008e-12
5542.8  1.029e-12
5544.2  1.037e-12
5545.6  1.039e-12
5547.0  1.051e-12
5548.4  1.067e-12
5549.8  1.066e-12
5551.2  1.051e-12
5552.6  1.034e-12
5554.0  1.031e-12
5555.4  1.032e-12
5556.8  1.024e-12
5558.2  1.016e-12
5559.6  1.023e-12
5561.0  1.034e-12
5562.4  1.04e-12
5563.8  1.037e-12
5565.2  1.04e-12
5566.6  1.037e-12
5568.0  1.003e-12
5569.4  9.756e-13
5570.8  9.499e-13
5572.2  9.208e-13
5573.6  9.105e-13
5575.0  9.15e-13
5576.4  9.294e-13
5577.8  9.502e-13
5579.2  9.643e-13
5580.6  9.664e-13
5582.0  9.573e-13
5583.4  9.492e-13
5584.8  9.619e-13
5586.2  9.764e-13
5587.6  9.672e-13
5589.0  9.495e-13
5590.4  9.334e-13
5591.8  9.155e-13
5593.2  8.963e-13
5594.6  8.832e-13
5596.0  8.77e-13
5597.4  8.414e-13
5598.8  7.643e-13
5600.2  7.041e-13
5601.6  7.025e-13
5603.0  7.284e-13
5604.4  7.386e-13
5605.8  7.252e-13
5607.2  7.251e-13
5608.6  7.408e-13
5610.0  7.483e-13
5611.4  7.67e-13
5612.8  7.821e-13
5614.2  7.709e-13
5615.6  7.309e-13
5617.0  6.941e-13
5618.4  6.879e-13
5619.8  6.897e-13
5621.2  6.817e-13
5622.6  6.586e-13
5624.0  6.643e-13
5625.4  6.793e-13
5626.8  6.827e-13
5628.2  6.903e-13
5629.6  6.89e-13
5631.0  6.849e-13
5632.4  6.931e-13
5633.8  7.13e-13
5635.2  7.289e-13
5636.6  7.389e-13
5638.0  7.434e-13
5639.4  7.282e-13
5640.8  7.259e-13
5642.2  7.306e-13
5643.6  7.264e-13
5645.0  7.286e-13
5646.4  7.524e-13
5647.8  7.782e-13
5649.2  7.951e-13
5650.6  8.143e-13
5652.0  8.378e-13
5653.4  8.585e-13
5654.8  8.781e-13
5656.2  8.936e-13
5657.6  8.951e-13
5659.0  8.916e-13
5660.4  8.954e-13
5661.8  8.928e-13
5663.2  8.681e-13
5664.6  8.353e-13
5666.0  8.148e-13
5667.4  8.105e-13
5668.8  8.006e-13
5670.2  7.745e-13
5671.6  7.542e-13
5673.0  7.714e-13
5674.4  8.022e-13
5675.8  8.287e-13
5677.2  8.561e-13
5678.6  8.783e-13
5680.0  8.87e-13
5681.4  8.937e-13
5682.8  9.031e-13
5684.2  9.244e-13
5685.6  9.418e-13
5687.0  9.33e-13
5688.4  9.159e-13
5689.8  9.2e-13
5691.2  9.362e-13
5692.6  9.644e-13
5694.0  9.675e-13
5695.4  9.609e-13
5696.8  9.842e-13
5698.2  1.001e-12
5699.6  1.006e-12
5701.0  1.004e-12
5702.4  1.009e-12
5703.8  1.028e-12
5705.2  1.053e-12
5706.6  1.083e-12
5708.0  1.097e-12
5709.4  1.096e-12
5710.8  1.108e-12
5712.2  1.106e-12
5713.6  1.078e-12
5715.0  1.053e-12
5716.4  1.058e-12
5717.8  1.043e-12
5719.2  1.005e-12
5720.6  1.003e-12
5722.0  1.044e-12
5723.4  1.079e-12
5724.8  1.098e-12
5726.2  1.112e-12
5727.6  1.089e-12
5729.0  1.068e-12
5730.4  1.097e-12
5731.8  1.14e-12
5733.2  1.17e-12
5734.6  1.179e-12
5736.0  1.154e-12
5737.4  1.102e-12
5738.8  1.071e-12
5740.2  1.073e-12
5741.6  1.084e-12
5743.0  1.089e-12
5744.4  1.093e-12
5745.8  1.113e-12
5747.2  1.141e-12
5748.6  1.179e-12
5750.0  1.227e-12
5751.4  1.255e-12
5752.8  1.251e-12
5754.2  1.249e-12
5755.6  1.259e-12
5757.0  1.249e-12
5758.4  1.216e-12
5759.8  1.149e-12
5761.2  1.069e-12
5762.6  1.029e-12
5764.0  1.002e-12
5765.4  1.016e-12
5766.8  1.031e-12
5768.2  1.04e-12
5769.6  1.066e-12
5771.0  1.071e-12
5772.4  1.065e-12
5773.8  1.079e-12
5775.2  1.096e-12
5776.6  1.095e-12
5778.0  1.101e-12
5779.4  1.121e-12
5780.8  1.144e-12
5782.2  1.166e-12
5783.6  1.177e-12
5785.0  1.182e-12
5786.4  1.205e-12
5787.8  1.226e-12
5789.2  1.229e-12
5790.6  1.237e-12
5792.0  1.27e-12
5793.4  1.316e-12
5794.8  1.351e-12
5796.2  1.371e-12
5797.6  1.387e-12
5799.0  1.409e-12
5800.4  1.436e-12
5801.8  1.47e-12
5803.2  1.493e-12
5804.6  1.486e-12
5806.0  1.471e-12
5807.4  1.468e-12
5808.8  1.439e-12
5810.2  1.343e-12
5811.6  1.25e-12
5813.0  1.185e-12
5814.4  1.134e-12
5815.8  1.107e-12
5817.2  1.086e-12
5818.6  1.069e-12
5820.0  1.091e-12
5821.4  1.11e-12
5822.8  1.122e-12
5824.2  1.141e-12
5825.6  1.174e-12
5827.0  1.186e-12
5828.4  1.198e-12
5829.8  1.234e-12
5831.2  1.239e-12
5832.6  1.246e-12
5834.0  1.256e-12
5835.4  1.259e-12
5836.8  1.235e-12
5838.2  1.188e-12
5839.6  1.141e-12
5841.0  1.143e-12
5842.4  1.149e-12
5843.8  1.138e-12
5845.2  1.099e-12
5846.6  1.001e-12
5848.0  8.96e-13
5849.4  8.122e-13
5850.8  7.606e-13
5852.2  7.447e-13
5853.6  7.355e-13
5855.0  7.442e-13
5856.4  7.689e-13
5857.8  7.919e-13
5859.2  7.915e-13
5860.6  7.804e-13
5862.0  7.566e-13
5863.4  7.416e-13
5864.8  7.602e-13
5866.2  7.805e-13
5867.6  7.973e-13
5869.0  7.989e-13
5870.4  7.629e-13
5871.8  7.181e-13
5873.2  6.974e-13
5874.6  6.842e-13
5876.0  6.591e-13
5877.4  6.584e-13
5878.8  6.778e-13
5880.2  6.867e-13
5881.6  6.886e-13
5883.0  7.008e-13
5884.4  7.058e-13
5885.8  7.017e-13
5887.2  6.464e-13
5888.6  5.571e-13
5890.0  5.391e-13
5891.4  6.191e-13
5892.8  6.681e-13
5894.2  6.243e-13
5895.6  5.706e-13
5897.0  5.701e-13
5898.4  5.857e-13
5899.8  5.954e-13
5901.2  6.044e-13
5902.6  6.029e-13
5904.0  6.017e-13
5905.4  5.981e-13
5906.8  5.962e-13
5908.2  5.937e-13
5909.6  6.032e-13
5911.0  6.097e-13
5912.4  6.065e-13
5913.8  6.215e-13
5915.2  6.481e-13
5916.6  6.669e-13
5918.0  6.729e-13
5919.4  6.68e-13
5920.8  6.589e-13
5922.2  6.518e-13
5923.6  6.463e-13
5925.0  6.426e-13
5926.4  6.51e-13
5927.8  6.767e-13
5929.2  6.851e-13
5930.6  6.883e-13
5932.0  6.99e-13
5933.4  7.184e-13
5934.8  7.529e-13
5936.2  7.756e-13
5937.6  7.756e-13
5939.0  7.771e-13
5940.4  7.85e-13
5941.8  7.943e-13
5943.2  8.199e-13
5944.6  8.35e-13
5946.0  8.162e-13
5947.4  7.902e-13
5948.8  7.634e-13
5950.2  7.6e-13
5951.6  7.834e-13
5953.0  7.975e-13
5954.4  7.667e-13
5955.8  7.323e-13
5957.2  7.375e-13
5958.6  7.523e-13
5960.0  7.684e-13
5961.4  7.828e-13
5962.8  7.881e-13
5964.2  8.018e-13
5965.6  8.087e-13
5967.0  8.198e-13
5968.4  8.374e-13
5969.8  8.642e-13
5971.2  8.644e-13
5972.6  8.386e-13
5974.0  8.5e-13
5975.4  8.667e-13
5976.8  8.621e-13
5978.2  8.574e-13
5979.6  8.814e-13
5981.0  9.17e-13
5982.4  9.321e-13
5983.8  9.356e-13
5985.2  9.729e-13
5986.6  9.885e-13
5988.0  9.938e-13
5989.4  1.013e-12
5990.8  1.042e-12
5992.2  1.067e-12
5993.6  1.083e-12
5995.0  1.117e-12
5996.4  1.131e-12
5997.8  1.095e-12
5999.2  1.051e-12
6000.6  1.029e-12
6002.0  1.025e-12
6003.4  1.026e-12
6004.8  1.013e-12
6006.2  9.929e-13
6007.6  1.003e-12
6009.0  1.033e-12
6010.4  1.056e-12
6011.8  1.077e-12
6013.2  1.083e-12
6014.6  1.08e-12
6016.0  1.091e-12
6017.4  1.117e-12
6018.8  1.144e-12
6020.2  1.153e-12
6021.6  1.15e-12
6023.0  1.145e-12
6024.4  1.149e-12
6025.8  1.161e-12
6027.2  1.181e-12
6028.6  1.212e-12
6030.0  1.216e-12
6031.4  1.228e-12
6032.8  1.229e-12
6034.2  1.219e-12
6035.6  1.171e-12
6037.0  1.153e-12
6038.4  1.194e-12
6039.8  1.235e-12
6041.2  1.265e-12
6042.6  1.306e-12
6044.0  1.33e-12
6045.4  1.342e-12
6046.8  1.355e-12
6048.2  1.354e-12
6049.6  1.328e-12
6051.0  1.323e-12
6052.4  1.326e-12
6053.8  1.342e-12
6055.2  1.364e-12
6056.6  1.382e-12
6058.0  1.387e-12
6059.4  1.384e-12
6060.8  1.375e-12
6062.2  1.363e-12
6063.6  1.359e-12
6065.0  1.388e-12
6066.4  1.425e-12
6067.8  1.435e-12
6069.2  1.444e-12
6070.6  1.442e-12
6072.0  1.433e-12
6073.4  1.432e-12
6074.8  1.445e-12
6076.2  1.421e-12
6077.6  1.376e-12
6079.0  1.343e-12
6080.4  1.333e-12
6081.8  1.345e-12
6083.2  1.371e-12
6084.6  1.376e-12
6086.0  1.377e-12
6087.4  1.397e-12
6088.8  1.427e-12
6090.2  1.457e-12
6091.6  1.49e-12
6093.0  1.508e-12
6094.4  1.524e-12
6095.8  1.541e-12
6097.2  1.55e-12
6098.6  1.546e-12
6100.0  1.527e-12
6101.4  1.506e-12
6102.8  1.549e-12
6104.2  1.604e-12
6105.6  1.632e-12
6107.0  1.638e-12
6108.4  1.614e-12
6109.8  1.631e-12
6111.2  1.658e-12
6112.6  1.659e-12
6114.0  1.645e-12
6115.4  1.615e-12
6116.8  1.58e-12
6118.2  1.578e-12
6119.6  1.598e-12
6121.0  1.628e-12
6122.4  1.675e-12
6123.8  1.723e-12
6125.2  1.773e-12
6126.6  1.797e-12
6128.0  1.792e-12
6129.4  1.789e-12
6130.8  1.76e-12
6132.2  1.746e-12
6133.6  1.759e-12
6135.0  1.797e-12
6136.4  1.872e-12
6137.8  1.926e-12
6139.2  1.951e-12
6140.6  1.985e-12
6142.0  2.026e-12
6143.4  2.028e-12
6144.8  1.923e-12
6146.2  1.733e-12
6147.6  1.512e-12
6149.0  1.383e-12
6150.4  1.361e-12
6151.8  1.381e-12
6153.2  1.334e-12
6154.6  1.264e-12
6156.0  1.182e-12
6157.4  1.049e-12
6158.8  9.147e-13
6160.2  8.26e-13
6161.6  7.893e-13
6163.0  7.807e-13
6164.4  7.768e-13
6165.8  7.774e-13
6167.2  7.883e-13
6168.6  8.074e-13
6170.0  8.2e-13
6171.4  8.295e-13
6172.8  8.039e-13
6174.2  7.806e-13
6175.6  7.873e-13
6177.0  8.138e-13
6178.4  8.562e-13
6179.8  8.861e-13
6181.2  8.76e-13
6182.6  8.429e-13
6184.0  8.011e-13
6185.4  7.536e-13
6186.8  7.17e-13
6188.2  7.019e-13
6189.6  6.986e-13
6191.0  6.85e-13
6192.4  6.759e-13
6193.8  6.95e-13
6195.2  7.234e-13
6196.6  7.467e-13
6198.0  7.663e-13
6199.4  7.868e-13
6200.8  7.955e-13
6202.2  8.049e-13
6203.6  8.168e-13
6205.0  8.296e-13
6206.4  8.468e-13
6207.8  8.603e-13
6209.2  8.477e-13
6210.6  8.385e-13
6212.0  8.229e-13
6213.4  7.956e-13
6214.8  7.622e-13
6216.2  7.326e-13
6217.6  7.644e-13
6219.0  7.909e-13
6220.4  7.928e-13
6221.8  7.614e-13
6223.2  7.091e-13
6224.6  6.822e-13
6226.0  6.781e-13
6227.4  6.97e-13
6228.8  7.205e-13
6230.2  7.327e-13
6231.6  7.285e-13
6233.0  7.291e-13
6234.4  7.533e-13
6235.8  7.658e-13
6237.2  7.693e-13
6238.6  7.836e-13
6240.0  8.022e-13
6241.4  8.16e-13
6242.8  8.244e-13
6244.2  8.279e-13
6245.6  8.326e-13
6247.0  8.418e-13
6248.4  8.469e-13
6249.8  8.54e-13
6251.2  8.786e-13
6252.6  9.124e-13
6254.0  9.423e-13
6255.4  9.652e-13
6256.8  9.77e-13
6258.2  9.915e-13
6259.6  1.023e-12
6261.0  1.045e-12
6262.4  1.002e-12
6263.8  9.542e-13
6265.2  9.606e-13
6266.6  1.009e-12
6268.0  1.031e-12
6269.4  1.045e-12
6270.8  1.047e-12
6272.2  1.071e-12
6273.6  1.08e-12
6275.0  1.056e-12
6276.4  1.012e-12
6277.8  9.805e-13
6279.2  1.022e-12
6280.6  1.073e-12
6282.0  1.114e-12
6283.4  1.141e-12
6284.8  1.17e-12
6286.2  1.187e-12
6287.6  1.203e-12
6289.0  1.221e-12
6290.4  1.227e-12
6291.8  1.224e-12
6293.2  1.224e-12
6294.6  1.222e-12
6296.0  1.212e-12
6297.4  1.198e-12
6298.8  1.208e-12
6300.2  1.251e-12
6301.6  1.286e-12
6303.0  1.306e-12
6304.4  1.326e-12
6305.8  1.351e-12
6307.2  1.383e-12
6308.6  1.414e-12
6310.0  1.45e-12
6311.4  1.477e-12
6312.8  1.492e-12
6314.2  1.515e-12
6315.6  1.522e-12
6317.0  1.544e-12
6318.4  1.579e-12
6319.8  1.56e-12
6321.2  1.475e-12
6322.6  1.423e-12
6324.0  1.425e-12
6325.4  1.463e-12
6326.8  1.497e-12
6328.2  1.525e-12
6329.6  1.507e-12
6331.0  1.492e-12
6332.4  1.517e-12
6333.8  1.592e-12
6335.2  1.626e-12
6336.6  1.65e-12
6338.0  1.679e-12
6339.4  1.71e-12
6340.8  1.743e-12
6342.2  1.778e-12
6343.6  1.816e-12
6345.0  1.856e-12
6346.4  1.86e-12
6347.8  1.841e-12
6349.2  1.795e-12
6350.6  1.717e-12
6352.0  1.652e-12
6353.4  1.624e-12
6354.8  1.613e-12
6356.2  1.577e-12
6357.6  1.505e-12
6359.0  1.474e-12
6360.4  1.506e-12
6361.8  1.55e-12
6363.2  1.58e-12
6364.6  1.607e-12
6366.0  1.649e-12
6367.4  1.677e-12
6368.8  1.706e-12
6370.2  1.751e-12
6371.6  1.781e-12
6373.0  1.795e-12
6374.4  1.819e-12
6375.8  1.87e-12
6377.2  1.91e-12
6378.6  1.928e-12
6380.0  1.94e-12
6381.4  1.931e-12
6382.8  1.895e-12
6384.2  1.824e-12
6385.6  1.796e-12
6387.0  1.808e-12
6388.4  1.842e-12
6389.8  1.869e-12
6391.2  1.924e-12
6392.6  1.974e-12
6394.0  2.034e-12
6395.4  2.058e-12
6396.8  2.056e-12
6398.2  2.101e-12
6399.6  2.14e-12
6401.0  2.189e-12
6402.4  2.241e-12
6403.8  2.272e-12
6405.2  2.277e-12
6406.6  2.306e-12
6408.0  2.333e-12
6409.4  2.336e-12
6410.8  2.34e-12
6412.2  2.295e-12
6413.6  2.207e-12
6415.0  2.113e-12
6416.4  2.036e-12
6417.8  2.018e-12
6419.2  1.968e-12
6420.6  1.903e-12
6422.0  1.87e-12
6423.4  1.871e-12
6424.8  1.905e-12
6426.2  1.952e-12
6427.6  1.979e-12
6429.0  2.001e-12
6430.4  2.039e-12
6431.8  2.068e-12
6433.2  2.085e-12
6434.6  2.116e-12
6436.0  2.172e-12
6437.4  2.22e-12
6438.8  2.235e-12
6440.2  2.265e-12
6441.6  2.33e-12
6443.0  2.369e-12
6444.4  2.377e-12
6445.8  2.358e-12
6447.2  2.31e-12
6448.6  2.255e-12
6450.0  2.251e-12
6451.4  2.279e-12
6452.8  2.312e-12
6454.2  2.356e-12
6455.6  2.391e-12
6457.0  2.424e-12
6458.4  2.462e-12
6459.8  2.482e-12
6461.2  2.469e-12
6462.6  2.513e-12
6464.0  2.598e-12
6465.4  2.669e-12
6466.8  2.71e-12
6468.2  2.793e-12
6469.6  2.852e-12
6471.0  2.855e-12
6472.4  2.835e-12
6473.8  2.808e-12
6475.2  2.744e-12
6476.6  2.677e-12
6478.0  2.556e-12
6479.4  2.45e-12
6480.8  2.369e-12
6482.2  2.358e-12
6483.6  2.347e-12
6485.0  2.322e-12
6486.4  2.329e-12
6487.8  2.372e-12
6489.2  2.421e-12
6490.6  2.447e-12
6492.0  2.444e-12
6493.4  2.448e-12
6494.8  2.466e-12
6496.2  2.506e-12
6497.6  2.59e-12
6499.0  2.684e-12
6500.4  2.75e-12
6501.8  2.771e-12
6503.2  2.815e-12
6504.6  2.875e-12
6506.0  2.899e-12
6507.4  2.916e-12
6508.8  2.969e-12
6510.2  3.009e-12
6511.6  2.92e-12
6513.0  2.858e-12
6514.4  2.833e-12
6515.8  2.857e-12
6517.2  2.914e-12
6518.6  2.989e-12
6520.0  3.067e-12
6521.4  3.125e-12
6522.8  3.148e-12
6524.2  3.22e-12
6525.6  3.303e-12
6527.0  3.397e-12
6528.4  3.424e-12
6529.8  3.44e-12
6531.2  3.394e-12
6532.6  3.379e-12
6534.0  3.415e-12
6535.4  3.5e-12
6536.8  3.528e-12
6538.2  3.576e-12
6539.6  3.615e-12
6541.0  3.605e-12
6542.4  3.477e-12
6543.8  3.307e-12
6545.2  3.212e-12
6546.6  3.159e-12
6548.0  3.067e-12
6549.4  2.952e-12
6550.8  2.873e-12
6552.2  2.855e-12
6553.6  2.89e-12
6555.0  2.943e-12
6556.4  2.982e-12
6557.8  2.988e-12
6559.2  2.96e-12
6560.6  2.866e-12
6562.0  2.713e-12
6563.4  2.605e-12
6564.8  2.569e-12
6566.2  2.543e-12
6567.6  2.512e-12
6569.0  2.491e-12
6570.4  2.465e-12
6571.8  2.448e-12
6573.2  2.475e-12
6574.6  2.552e-12
6576.0  2.577e-12
6577.4  2.517e-12
6578.8  2.491e-12
6580.2  2.497e-12
6581.6  2.569e-12
6583.0  2.63e-12
6584.4  2.687e-12
6585.8  2.73e-12
6587.2  2.767e-12
6588.6  2.741e-12
6590.0  2.668e-12
6591.4  2.563e-12
6592.8  2.475e-12
6594.2  2.468e-12
6595.6  2.457e-12
6597.0  2.438e-12
6598.4  2.428e-12
6599.8  2.477e-12
6601.2  2.498e-12
6602.6  2.503e-12
6604.0  2.5e-12
6605.4  2.499e-12
6606.8  2.481e-12
6608.2  2.459e-12
6609.6  2.467e-12
6611.0  2.518e-12
6612.4  2.554e-12
6613.8  2.525e-12
6615.2  2.474e-12
6616.6  2.433e-12
6618.0  2.399e-12
6619.4  2.394e-12
6620.8  2.382e-12
6622.2  2.321e-12
6623.6  2.249e-12
6625.0  2.188e-12
6626.4  2.188e-12
6627.8  2.232e-12
6629.2  2.272e-12
6630.6  2.304e-12
6632.0  2.27e-12
6633.4  2.175e-12
6634.8  2.11e-12
6636.2  2.075e-12
6637.6  2.088e-12
6639.0  2.116e-12
6640.4  2.144e-12
6641.8  2.168e-12
6643.2  2.174e-12
6644.6  2.146e-12
6646.0  2.088e-12
6647.4  1.97e-12
6648.8  1.803e-12
6650.2  1.614e-12
6651.6  1.553e-12
6653.0  1.551e-12
6654.4  1.567e-12
6655.8  1.559e-12
6657.2  1.563e-12
6658.6  1.583e-12
6660.0  1.615e-12
6661.4  1.662e-12
6662.8  1.704e-12
6664.2  1.738e-12
6665.6  1.768e-12
6667.0  1.799e-12
6668.4  1.802e-12
6669.8  1.806e-12
6671.2  1.826e-12
6672.6  1.838e-12
6674.0  1.833e-12
6675.4  1.812e-12
6676.8  1.754e-12
6678.2  1.658e-12
6679.6  1.527e-12
6681.0  1.429e-12
6682.4  1.406e-12
6683.8  1.403e-12
6685.2  1.407e-12
6686.6  1.423e-12
6688.0  1.446e-12
6689.4  1.447e-12
6690.8  1.458e-12
6692.2  1.475e-12
6693.6  1.487e-12
6695.0  1.512e-12
6696.4  1.55e-12
6697.8  1.592e-12
6699.2  1.621e-12
6700.6  1.645e-12
6702.0  1.663e-12
6703.4  1.672e-12
6704.8  1.679e-12
6706.2  1.715e-12
6707.6  1.716e-12
6709.0  1.695e-12
6710.4  1.659e-12
6711.8  1.539e-12
6713.2  1.41e-12
6714.6  1.316e-12
6716.0  1.286e-12
6717.4  1.301e-12
6718.8  1.308e-12
6720.2  1.304e-12
6721.6  1.298e-12
6723.0  1.328e-12
6724.4  1.359e-12
6725.8  1.385e-12
6727.2  1.408e-12
6728.6  1.4e-12
6730.0  1.4e-12
6731.4  1.423e-12
6732.8  1.459e-12
6734.2  1.492e-12
6735.6  1.517e-12
6737.0  1.541e-12
6738.4  1.565e-12
6739.8  1.594e-12
6741.2  1.625e-12
6742.6  1.637e-12
6744.0  1.617e-12
6745.4  1.567e-12
6746.8  1.53e-12
6748.2  1.545e-12
6749.6  1.572e-12
6751.0  1.596e-12
6752.4  1.608e-12
6753.8  1.618e-12
6755.2  1.629e-12
6756.6  1.645e-12
6758.0  1.665e-12
6759.4  1.689e-12
6760.8  1.721e-12
6762.2  1.759e-12
6763.6  1.781e-12
6765.0  1.793e-12
6766.4  1.845e-12
6767.8  1.893e-12
6769.2  1.926e-12
6770.6  1.941e-12
6772.0  1.966e-12
6773.4  1.987e-12
6774.8  2.008e-12
6776.2  2.024e-12
6777.6  2.017e-12
6779.0  1.962e-12
6780.4  1.854e-12
6781.8  1.699e-12
6783.2  1.63e-12
6784.6  1.637e-12
6786.0  1.672e-12
6787.4  1.704e-12
6788.8  1.726e-12
6790.2  1.731e-12
6791.6  1.745e-12
6793.0  1.785e-12
6794.4  1.829e-12
6795.8  1.865e-12
6797.2  1.9e-12
6798.6  1.934e-12
6800.0  1.956e-12
6801.4  2.004e-12
6802.8  2.058e-12
6804.2  2.079e-12
6805.6  2.102e-12
6807.0  2.134e-12
6808.4  2.159e-12
6809.8  2.175e-12
6811.2  2.203e-12
6812.6  2.205e-12
6814.0  2.147e-12
6815.4  2.109e-12
6816.8  2.126e-12
6818.2  2.178e-12
6819.6  2.198e-12
6821.0  2.215e-12
6822.4  2.228e-12
6823.8  2.251e-12
6825.2  2.29e-12
6826.6  2.336e-12
6828.0  2.364e-12
6829.4  2.383e-12
6830.8  2.404e-12
6832.2  2.437e-12
6833.6  2.47e-12
6835.0  2.505e-12
6836.4  2.543e-12
6837.8  2.563e-12
6839.2  2.59e-12
6840.6  2.627e-12
6842.0  2.674e-12
6843.4  2.725e-12
6844.8  2.754e-12
6846.2  2.751e-12
6847.6  2.71e-12
6849.0  2.594e-12
6850.4  2.504e-12
6851.8  2.478e-12
6853.2  2.502e-12
6854.6  2.531e-12
6856.0  2.51e-12
6857.4  2.505e-12
6858.8  2.556e-12
6860.2  2.634e-12
6861.6  2.662e-12
6863.0  2.644e-12
6864.4  2.598e-12
6865.8  2.418e-12
6867.2  2.183e-12
6868.6  2.07e-12
6870.0  2.078e-12
6871.4  2.178e-12
6872.8  2.309e-12
6874.2  2.424e-12
6875.6  2.54e-12
6877.0  2.633e-12
6878.4  2.749e-12
6879.8  2.903e-12
6881.2  2.961e-12
6882.6  2.945e-12
6884.0  2.876e-12
6885.4  2.833e-12
6886.8  2.862e-12
6888.2  2.887e-12
6889.6  2.904e-12
6891.0  2.946e-12
6892.4  2.964e-12
6893.8  3.029e-12
6895.2  3.109e-12
6896.6  3.177e-12
6898.0  3.274e-12
6899.4  3.304e-12
6900.8  3.33e-12
6902.2  3.387e-12
6903.6  3.427e-12
6905.0  3.583e-12
6906.4  3.706e-12
6907.8  3.734e-12
6909.2  3.729e-12
6910.6  3.821e-12
6912.0  3.918e-12
6913.4  3.971e-12
6914.8  4.038e-12
6916.2  4.042e-12
6917.6  3.912e-12
6919.0  3.752e-12
6920.4  3.681e-12
6921.8  3.67e-12
6923.2  3.675e-12
6924.6  3.703e-12
6926.0  3.768e-12
6927.4  3.791e-12
6928.8  3.783e-12
6930.2  3.839e-12
6931.6  3.915e-12
6933.0  3.965e-12
6934.4  4.046e-12
6935.8  4.152e-12
6937.2  4.182e-12
6938.6  4.172e-12
6940.0  4.204e-12
6941.4  4.318e-12
6942.8  4.436e-12
6944.2  4.529e-12
6945.6  4.596e-12
6947.0  4.678e-12
6948.4  4.755e-12
6949.8  4.82e-12
6951.2  4.796e-12
6952.6  4.662e-12
6954.0  4.687e-12
6955.4  4.729e-12
6956.8  4.797e-12
6958.2  4.828e-12
6959.6  4.878e-12
6961.0  5.033e-12
6962.4  5.209e-12
6963.8  5.368e-12
6965.2  5.499e-12
6966.6  5.671e-12
6968.0  5.821e-12
6969.4  5.858e-12
6970.8  5.792e-12
6972.2  5.779e-12
6973.6  5.869e-12
6975.0  6.037e-12
6976.4  6.117e-12
6977.8  6.126e-12
6979.2  6.166e-12
6980.6  6.268e-12
6982.0  6.355e-12
6983.4  6.385e-12
6984.8  6.454e-12
6986.2  6.456e-12
6987.6  6.235e-12
6989.0  5.919e-12
6990.4  5.789e-12
6991.8  5.814e-12
6993.2  5.843e-12
6994.6  5.944e-12
6996.0  6.071e-12
6997.4  6.121e-12
6998.8  6.116e-12
7000.2  6.145e-12
7001.6  6.178e-12
7003.0  6.095e-12
7004.4  5.927e-12
7005.8  5.987e-12
7007.2  6.133e-12
7008.6  6.311e-12
7010.0  6.435e-12
7011.4  6.418e-12
7012.8  6.481e-12
7014.2  6.526e-12
7015.6  6.459e-12
7017.0  6.548e-12
7018.4  6.644e-12
7019.8  6.716e-12
7021.2  6.603e-12
7022.6  6.473e-12
7024.0  6.413e-12
7025.4  6.384e-12
7026.8  6.389e-12
7028.2  6.372e-12
7029.6  6.517e-12
7031.0  6.667e-12
7032.4  6.747e-12
7033.8  6.791e-12
7035.2  6.605e-12
7036.6  6.512e-12
7038.0  6.399e-12
7039.4  6.232e-12
7040.8  6.274e-12
7042.2  6.428e-12
7043.6  6.55e-12
7045.0  6.616e-12
7046.4  6.607e-12
7047.8  6.519e-12
7049.2  6.54e-12
7050.6  6.5e-12
7052.0  6.087e-12
7053.4  5.323e-12
7054.8  4.102e-12
7056.2  3.019e-12
7057.6  2.639e-12
7059.0  2.496e-12
7060.4  2.41e-12
7061.8  2.297e-12
7063.2  2.252e-12
7064.6  2.231e-12
7066.0  2.265e-12
7067.4  2.332e-12
7068.8  2.373e-12
7070.2  2.398e-12
7071.6  2.421e-12
7073.0  2.451e-12
7074.4  2.488e-12
7075.8  2.51e-12
7077.2  2.542e-12
7078.6  2.573e-12
7080.0  2.625e-12
7081.4  2.719e-12
7082.8  2.775e-12
7084.2  2.805e-12
7085.6  2.754e-12
7087.0  2.577e-12
7088.4  2.2e-12
7089.8  1.951e-12
7091.2  1.877e-12
7092.6  1.862e-12
7094.0  1.84e-12
7095.4  1.811e-12
7096.8  1.822e-12
7098.2  1.868e-12
7099.6  1.906e-12
7101.0  1.919e-12
7102.4  1.94e-12
7103.8  1.992e-12
7105.2  2.05e-12
7106.6  2.083e-12
7108.0  2.102e-12
7109.4  2.155e-12
7110.8  2.193e-12
7112.2  2.196e-12
7113.6  2.215e-12
7115.0  2.256e-12
7116.4  2.324e-12
7117.8  2.375e-12
7119.2  2.397e-12
7120.6  2.45e-12
7122.0  2.504e-12
7123.4  2.483e-12
7124.8  2.298e-12
7126.2  1.99e-12
7127.6  1.764e-12
7129.0  1.718e-12
7130.4  1.781e-12
7131.8  1.742e-12
7133.2  1.69e-12
7134.6  1.676e-12
7136.0  1.695e-12
7137.4  1.753e-12
7138.8  1.821e-12
7140.2  1.812e-12
7141.6  1.816e-12
7143.0  1.839e-12
7144.4  1.839e-12
7145.8  1.85e-12
7147.2  1.86e-12
7148.6  1.88e-12
7150.0  1.9e-12
7151.4  1.93e-12
7152.8  1.989e-12
7154.2  2.063e-12
7155.6  2.126e-12
7157.0  2.155e-12
7158.4  2.159e-12
7159.8  2.112e-12
7161.2  2.107e-12
7162.6  2.12e-12
7164.0  2.121e-12
7165.4  2.1e-12
7166.8  2.058e-12
7168.2  2.046e-12
7169.6  2.074e-12
7171.0  2.116e-12
7172.4  2.147e-12
7173.8  2.105e-12
7175.2  2.078e-12
7176.6  2.104e-12
7178.0  2.121e-12
7179.4  2.212e-12
7180.8  2.327e-12
7182.2  2.361e-12
7183.6  2.34e-12
7185.0  2.268e-12
7186.4  2.203e-12
7187.8  2.203e-12
7189.2  2.323e-12
7190.6  2.461e-12
7192.0  2.453e-12
7193.4  2.418e-12
7194.8  2.435e-12
7196.2  2.489e-12
7197.6  2.452e-12
7199.0  2.319e-12
7200.4  2.225e-12
7201.8  2.219e-12
7203.2  2.286e-12
7204.6  2.385e-12
7206.0  2.372e-12
7207.4  2.37e-12
7208.8  2.424e-12
7210.2  2.533e-12
7211.6  2.627e-12
7213.0  2.765e-12
7214.4  2.854e-12
7215.8  2.867e-12
7217.2  2.856e-12
7218.6  2.876e-12
7220.0  3.002e-12
7221.4  3.143e-12
7222.8  3.204e-12
7224.2  3.169e-12
7225.6  3.119e-12
7227.0  3.182e-12
7228.4  3.235e-12
7229.8  3.25e-12
7231.2  3.258e-12
7232.6  3.154e-12
7234.0  2.982e-12
7235.4  2.922e-12
7236.8  3.018e-12
7238.2  3.187e-12
7239.6  3.332e-12
7241.0  3.299e-12
7242.4  3.218e-12
7243.8  3.247e-12
7245.2  3.298e-12
7246.6  3.461e-12
7248.0  3.658e-12
7249.4  3.845e-12
7250.8  3.939e-12
7252.2  3.854e-12
7253.6  3.676e-12
7255.0  3.609e-12
7256.4  3.819e-12
7257.8  4.086e-12
7259.2  4.061e-12
7260.6  4.174e-12
7262.0  4.268e-12
7263.4  4.356e-12
7264.8  4.387e-12
7266.2  4.375e-12
7267.6  4.372e-12
7269.0  4.526e-12
7270.4  4.634e-12
7271.8  4.476e-12
7273.2  4.14e-12
7274.6  4.034e-12
7276.0  4.156e-12
7277.4  4.148e-12
7278.8  4.032e-12
7280.2  4.089e-12
7281.6  4.436e-12
7283.0  4.61e-12
7284.4  4.69e-12
7285.8  4.773e-12
7287.2  4.823e-12
7288.6  4.856e-12
7290.0  4.849e-12
7291.4  4.854e-12
7292.8  4.859e-12
7294.2  4.829e-12
7295.6  4.816e-12
7297.0  4.986e-12
7298.4  5.252e-12
7299.8  5.452e-12
7301.2  5.56e-12
7302.6  5.556e-12
7304.0  5.552e-12
7305.4  5.565e-12
7306.8  5.685e-12
7308.2  5.963e-12
7309.6  6.147e-12
7311.0  6.263e-12
7312.4  6.328e-12
7313.8  6.351e-12
7315.2  6.396e-12
7316.6  6.502e-12
7318.0  6.592e-12
7319.4  6.63e-12
7320.8  6.712e-12
7322.2  6.983e-12
7323.6  7.174e-12
7325.0  7.218e-12
7326.4  7.241e-12
7327.8  7.31e-12
7329.2  7.44e-12
7330.6  7.706e-12
7332.0  7.891e-12
7333.4  7.759e-12
7334.8  7.631e-12
7336.2  7.705e-12
7337.6  7.885e-12
7339.0  8.354e-12
7340.4  8.607e-12
7341.8  8.732e-12
7343.2  8.829e-12
7344.6  8.821e-12
7346.0  8.389e-12
7347.4  7.964e-12
7348.8  8.02e-12
7350.2  8.22e-12
7351.6  8.301e-12
7353.0  8.358e-12
7354.4  8.49e-12
7355.8  8.637e-12
7357.2  8.737e-12
7358.6  8.743e-12
7360.0  8.659e-12
7361.4  8.765e-12
7362.8  9.028e-12
7364.2  9.141e-12
7365.6  9.18e-12
7367.0  9.288e-12
7368.4  9.499e-12
7369.8  9.78e-12
7371.2  9.993e-12
7372.6  1.018e-11
7374.0  1.032e-11
7375.4  1.022e-11
7376.8  1.016e-11
7378.2  1.006e-11
7379.6  1.008e-11
7381.0  1.037e-11
7382.4  1.062e-11
7383.8  1.084e-11
7385.2  1.092e-11
7386.6  1.084e-11
7388.0  1.091e-11
7389.4  1.088e-11
7390.8  1.105e-11
7392.2  1.109e-11
7393.6  1.098e-11
7395.0  1.103e-11
7396.4  1.115e-11
7397.8  1.115e-11
7399.2  1.114e-11
7400.6  1.118e-11
7402.0  1.139e-11
7403.4  1.172e-11
7404.8  1.191e-11
7406.2  1.168e-11
7407.6  1.139e-11
7409.0  1.138e-11
7410.4  1.161e-11
7411.8  1.174e-11
7413.2  1.183e-11
7414.6  1.191e-11
7416.0  1.188e-11
7417.4  1.173e-11
7418.8  1.149e-11
7420.2  1.146e-11
7421.6  1.155e-11
7423.0  1.158e-11
7424.4  1.172e-11
7425.8  1.195e-11
7427.2  1.228e-11
