       3510.00   2.41600e-13
       3511.40   2.52100e-13
       3512.80   2.61600e-13
       3514.20   2.66600e-13
       3515.60   2.65100e-13
       3517.00   2.55600e-13
       3518.40   2.52700e-13
       3519.80   2.61300e-13
       3521.20   2.65300e-13
       3522.60   2.60900e-13
       3524.00   2.52100e-13
       3525.40   2.49600e-13
       3526.80   2.48100e-13
       3528.20   2.39800e-13
       3529.60   2.32700e-13
       3531.00   2.27800e-13
       3532.40   2.19100e-13
       3533.80   2.22100e-13
       3535.20   2.33400e-13
       3536.60   2.43100e-13
       3538.00   2.36000e-13
       3539.40   2.29200e-13
       3540.80   2.30700e-13
       3542.20   2.45700e-13
       3543.60   2.42900e-13
       3545.00   2.42800e-13
       3546.40   2.46300e-13
       3547.80   2.55800e-13
       3549.20   2.54600e-13
       3550.60   2.44800e-13
       3552.00   2.34900e-13
       3553.40   2.26500e-13
       3554.80   2.20600e-13
       3556.20   2.31000e-13
       3557.60   2.36300e-13
       3559.00   2.29000e-13
       3560.40   2.30100e-13
       3561.80   2.34000e-13
       3563.20   2.24900e-13
       3564.60   2.15600e-13
       3566.00   2.21200e-13
       3567.40   2.34200e-13
       3568.80   2.38000e-13
       3570.20   2.37800e-13
       3571.60   2.32500e-13
       3573.00   2.19900e-13
       3574.40   2.13300e-13
       3575.80   2.09300e-13
       3577.20   2.14300e-13
       3578.60   2.16600e-13
       3580.00   2.13800e-13
       3581.40   2.00600e-13
       3582.80   1.91400e-13
       3584.20   1.83600e-13
       3585.60   1.81500e-13
       3587.00   1.88600e-13
       3588.40   1.96500e-13
       3589.80   2.04500e-13
       3591.20   2.10500e-13
       3592.60   2.14500e-13
       3594.00   2.16200e-13
       3595.40   2.17200e-13
       3596.80   2.17400e-13
       3598.20   2.12500e-13
       3599.60   2.16000e-13
       3601.00   2.38500e-13
       3602.40   2.53000e-13
       3603.80   2.48800e-13
       3605.20   2.40300e-13
       3606.60   2.38200e-13
       3608.00   2.34000e-13
       3609.40   2.27200e-13
       3610.80   2.22700e-13
       3612.20   2.15000e-13
       3613.60   2.08800e-13
       3615.00   2.06400e-13
       3616.40   2.05000e-13
       3617.80   2.04800e-13
       3619.20   2.10800e-13
       3620.60   2.18900e-13
       3622.00   2.18900e-13
       3623.40   2.16300e-13
       3624.80   2.18400e-13
       3626.20   2.20800e-13
       3627.60   2.22300e-13
       3629.00   2.25200e-13
       3630.40   2.14900e-13
       3631.80   2.07700e-13
       3633.20   2.13400e-13
       3634.60   2.24100e-13
       3636.00   2.31100e-13
       3637.40   2.42300e-13
       3638.80   2.44300e-13
       3640.20   2.28600e-13
       3641.60   2.10700e-13
       3643.00   2.02700e-13
       3644.40   2.10600e-13
       3645.80   2.16600e-13
       3647.20   2.08200e-13
       3648.60   2.14400e-13
       3650.00   2.09100e-13
       3651.40   2.07400e-13
       3652.80   2.11200e-13
       3654.20   2.19300e-13
       3655.60   2.18500e-13
       3657.00   2.12000e-13
       3658.40   2.10100e-13
       3659.80   2.05800e-13
       3661.20   2.12500e-13
       3662.60   2.27800e-13
       3664.00   2.38500e-13
       3665.40   2.35900e-13
       3666.80   2.27200e-13
       3668.20   2.21700e-13
       3669.60   2.11500e-13
       3671.00   2.06600e-13
       3672.40   2.02900e-13
       3673.80   2.04600e-13
       3675.20   2.12700e-13
       3676.60   2.23300e-13
       3678.00   2.24800e-13
       3679.40   2.25200e-13
       3680.80   2.28000e-13
       3682.20   2.21300e-13
       3683.60   2.07600e-13
       3685.00   2.05600e-13
       3686.40   2.05100e-13
       3687.80   2.02000e-13
       3689.20   2.16300e-13
       3690.60   2.44100e-13
       3692.00   2.56200e-13
       3693.40   2.38500e-13
       3694.80   2.31100e-13
       3696.20   2.20200e-13
       3697.60   2.11600e-13
       3699.00   2.17300e-13
       3700.40   2.24400e-13
       3701.80   2.33300e-13
       3703.20   2.17900e-13
       3704.60   2.11900e-13
       3706.00   2.20100e-13
       3707.40   2.27800e-13
       3708.80   2.32300e-13
       3710.20   2.34400e-13
       3711.60   2.31300e-13
       3713.00   2.27100e-13
       3714.40   2.39900e-13
       3715.80   2.51400e-13
       3717.20   2.52200e-13
       3718.60   2.52100e-13
       3720.00   2.47600e-13
       3721.40   2.37900e-13
       3722.80   2.28300e-13
       3724.20   2.33500e-13
       3725.60   2.66400e-13
       3727.00   2.91700e-13
       3728.40   2.87500e-13
       3729.80   2.67200e-13
       3731.20   2.41500e-13
       3732.60   2.24000e-13
       3734.00   2.14400e-13
       3735.40   2.20800e-13
       3736.80   2.38800e-13
       3738.20   2.63700e-13
       3739.60   2.83900e-13
       3741.00   2.85000e-13
       3742.40   2.90500e-13
       3743.80   2.86400e-13
       3745.20   2.73300e-13
       3746.60   2.56800e-13
       3748.00   2.24700e-13
       3749.40   2.02400e-13
       3750.80   1.98200e-13
       3752.20   2.02500e-13
       3753.60   2.20800e-13
       3755.00   2.58900e-13
       3756.40   2.85600e-13
       3757.80   2.92300e-13
       3759.20   3.03300e-13
       3760.60   3.04500e-13
       3762.00   3.01300e-13
       3763.40   3.02800e-13
       3764.80   3.00300e-13
       3766.20   2.75300e-13
       3767.60   2.40500e-13
       3769.00   2.18500e-13
       3770.40   2.11600e-13
       3771.80   2.29700e-13
       3773.20   2.58300e-13
       3774.60   2.86600e-13
       3776.00   2.97400e-13
       3777.40   3.17500e-13
       3778.80   3.41200e-13
       3780.20   3.62400e-13
       3781.60   3.96900e-13
       3783.00   4.20400e-13
       3784.40   4.21200e-13
       3785.80   3.93300e-13
       3787.20   3.75400e-13
       3788.60   3.66000e-13
       3790.00   3.46900e-13
       3791.40   3.19300e-13
       3792.80   2.80400e-13
       3794.20   2.42400e-13
       3795.60   2.21800e-13
       3797.00   2.16900e-13
       3798.40   2.27700e-13
       3799.80   2.50200e-13
       3801.20   2.77000e-13
       3802.60   3.09700e-13
       3804.00   3.36100e-13
       3805.40   3.78200e-13
       3806.80   4.15600e-13
       3808.20   4.47000e-13
       3809.60   4.64700e-13
       3811.00   4.66500e-13
       3812.40   4.67700e-13
       3813.80   4.62500e-13
       3815.20   4.77000e-13
       3816.60   4.93000e-13
       3818.00   4.88800e-13
       3819.40   4.71300e-13
       3820.80   4.49600e-13
       3822.20   4.36100e-13
       3823.60   4.21100e-13
       3825.00   4.02600e-13
       3826.40   3.79300e-13
       3827.80   3.47600e-13
       3829.20   3.02300e-13
       3830.60   2.56700e-13
       3832.00   2.19500e-13
       3833.40   1.97400e-13
       3834.80   1.97900e-13
       3836.20   2.13400e-13
       3837.60   2.40700e-13
       3839.00   2.88900e-13
       3840.40   3.39900e-13
       3841.80   3.70400e-13
       3843.20   3.84200e-13
       3844.60   3.93200e-13
       3846.00   4.08000e-13
       3847.40   4.29600e-13
       3848.80   4.63900e-13
       3850.20   5.05100e-13
       3851.60   5.31600e-13
       3853.00   5.39300e-13
       3854.40   5.26500e-13
       3855.80   5.15500e-13
       3857.20   5.23500e-13
       3858.60   5.29100e-13
       3860.00   5.48200e-13
       3861.40   5.63000e-13
       3862.80   5.57600e-13
       3864.20   5.57300e-13
       3865.60   5.52800e-13
       3867.00   5.50400e-13
       3868.40   5.34100e-13
       3869.80   5.13300e-13
       3871.20   5.02900e-13
       3872.60   4.92000e-13
       3874.00   4.79300e-13
       3875.40   4.52800e-13
       3876.80   4.20100e-13
       3878.20   3.95600e-13
       3879.60   3.60000e-13
       3881.00   3.28000e-13
       3882.40   2.97000e-13
       3883.80   2.68400e-13
       3885.20   2.33400e-13
       3886.60   2.01900e-13
       3888.00   1.86100e-13
       3889.40   1.99900e-13
       3890.80   2.32500e-13
       3892.20   2.58100e-13
       3893.60   2.97900e-13
       3895.00   3.36400e-13
       3896.40   3.64500e-13
       3897.80   3.83900e-13
       3899.20   4.10900e-13
       3900.60   4.53800e-13
       3902.00   4.72600e-13
       3903.40   4.78900e-13
       3904.80   4.91300e-13
       3906.20   5.05500e-13
       3907.60   5.17500e-13
       3909.00   5.30200e-13
       3910.40   5.36200e-13
       3911.80   5.42400e-13
       3913.20   5.49200e-13
       3914.60   5.65500e-13
       3916.00   5.66300e-13
       3917.40   5.60600e-13
       3918.80   5.62900e-13
       3920.20   5.83100e-13
       3921.60   5.95200e-13
       3923.00   5.96900e-13
       3924.40   5.78400e-13
       3925.80   5.62100e-13
       3927.20   5.56100e-13
       3928.60   5.48300e-13
       3930.00   5.25400e-13
       3931.40   5.01300e-13
       3932.80   4.95100e-13
       3934.20   5.21500e-13
       3935.60   5.33200e-13
       3937.00   5.32900e-13
       3938.40   5.35700e-13
       3939.80   5.45000e-13
       3941.20   5.60500e-13
       3942.60   5.61500e-13
       3944.00   5.55200e-13
       3945.40   5.38800e-13
       3946.80   5.04900e-13
       3948.20   4.82800e-13
       3949.60   4.79400e-13
       3951.00   4.72600e-13
       3952.40   4.55200e-13
       3953.80   4.37100e-13
       3955.20   4.24800e-13
       3956.60   4.14900e-13
       3958.00   3.96200e-13
       3959.40   3.64700e-13
       3960.80   3.27300e-13
       3962.20   2.86900e-13
       3963.60   2.50000e-13
       3965.00   2.21300e-13
       3966.40   1.96300e-13
       3967.80   1.75800e-13
       3969.20   1.75700e-13
       3970.60   1.97200e-13
       3972.00   2.23200e-13
       3973.40   2.52400e-13
       3974.80   2.83500e-13
       3976.20   3.09700e-13
       3977.60   3.30400e-13
       3979.00   3.60100e-13
       3980.40   3.86800e-13
       3981.80   4.04100e-13
       3983.20   4.24500e-13
       3984.60   4.47500e-13
       3986.00   4.65900e-13
       3987.40   4.73900e-13
       3988.80   4.79000e-13
       3990.20   5.07500e-13
       3991.60   5.28800e-13
       3993.00   5.32100e-13
       3994.40   5.24300e-13
       3995.80   5.19900e-13
       3997.20   5.39800e-13
       3998.60   5.46300e-13
       4000.00   5.47900e-13
       4001.40   5.52100e-13
       4002.80   5.56100e-13
       4004.20   5.59000e-13
       4005.60   5.67500e-13
       4007.00   5.76300e-13
       4008.40   5.72300e-13
       4009.80   5.72200e-13
       4011.20   5.73200e-13
       4012.60   5.70300e-13
       4014.00   5.52100e-13
       4015.40   5.64000e-13
       4016.80   5.75500e-13
       4018.20   5.77900e-13
       4019.60   5.68200e-13
       4021.00   5.60900e-13
       4022.40   5.50100e-13
       4023.80   5.57900e-13
       4025.20   5.71000e-13
       4026.60   5.80700e-13
       4028.00   5.67200e-13
       4029.40   5.50100e-13
       4030.80   5.52600e-13
       4032.20   5.63600e-13
       4033.60   5.58600e-13
       4035.00   5.54900e-13
       4036.40   5.56900e-13
       4037.80   5.62100e-13
       4039.20   5.62700e-13
       4040.60   5.47500e-13
       4042.00   5.44500e-13
       4043.40   5.45600e-13
       4044.80   5.46500e-13
       4046.20   5.51700e-13
       4047.60   5.58400e-13
       4049.00   5.59200e-13
       4050.40   5.52800e-13
       4051.80   5.41000e-13
       4053.20   5.36100e-13
       4054.60   5.35800e-13
       4056.00   5.35700e-13
       4057.40   5.35700e-13
       4058.80   5.38600e-13
       4060.20   5.42400e-13
       4061.60   5.33300e-13
       4063.00   5.23400e-13
       4064.40   5.33000e-13
       4065.80   5.34600e-13
       4067.20   5.15400e-13
       4068.60   4.97900e-13
       4070.00   4.95900e-13
       4071.40   5.06700e-13
       4072.80   5.04600e-13
       4074.20   4.89800e-13
       4075.60   4.78300e-13
       4077.00   4.67500e-13
       4078.40   4.64700e-13
       4079.80   4.62300e-13
       4081.20   4.52900e-13
       4082.60   4.40900e-13
       4084.00   4.27400e-13
       4085.40   4.19300e-13
       4086.80   4.11600e-13
       4088.20   3.97500e-13
       4089.60   3.73800e-13
       4091.00   3.48000e-13
       4092.40   3.18100e-13
       4093.80   2.86800e-13
       4095.20   2.55400e-13
       4096.60   2.29900e-13
       4098.00   2.09600e-13
       4099.40   1.85500e-13
       4100.80   1.73400e-13
       4102.20   1.77800e-13
       4103.60   1.98100e-13
       4105.00   2.23500e-13
       4106.40   2.52900e-13
       4107.80   2.83900e-13
       4109.20   3.09900e-13
       4110.60   3.43300e-13
       4112.00   3.71700e-13
       4113.40   3.88800e-13
       4114.80   4.02600e-13
       4116.20   4.14000e-13
       4117.60   4.31000e-13
       4119.00   4.48800e-13
       4120.40   4.63200e-13
       4121.80   4.67600e-13
       4123.20   4.76100e-13
       4124.60   4.74800e-13
       4126.00   4.69400e-13
       4127.40   4.69100e-13
       4128.80   4.70800e-13
       4130.20   4.68400e-13
       4131.60   4.67700e-13
       4133.00   4.77200e-13
       4134.40   4.96000e-13
       4135.80   5.03400e-13
       4137.20   5.03600e-13
       4138.60   4.98000e-13
       4140.00   5.05100e-13
       4141.40   5.10500e-13
       4142.80   5.13100e-13
       4144.20   5.21900e-13
       4145.60   5.23800e-13
       4147.00   5.18300e-13
       4148.40   5.15400e-13
       4149.80   5.10800e-13
       4151.20   5.08200e-13
       4152.60   5.12900e-13
       4154.00   5.10400e-13
       4155.40   5.05400e-13
       4156.80   5.10500e-13
       4158.20   5.07000e-13
       4159.60   5.03800e-13
       4161.00   5.03300e-13
       4162.40   5.11700e-13
       4163.80   5.12400e-13
       4165.20   5.09500e-13
       4166.60   5.08600e-13
       4168.00   5.02600e-13
       4169.40   5.03600e-13
       4170.80   5.08200e-13
       4172.20   5.06900e-13
       4173.60   5.04600e-13
       4175.00   5.06500e-13
       4176.40   4.99000e-13
       4177.80   4.94200e-13
       4179.20   4.95900e-13
       4180.60   4.99000e-13
       4182.00   4.96500e-13
       4183.40   4.88000e-13
       4184.80   4.87000e-13
       4186.20   4.93400e-13
       4187.60   4.92900e-13
       4189.00   4.87800e-13
       4190.40   4.87000e-13
       4191.80   4.85900e-13
       4193.20   4.90700e-13
       4194.60   4.94400e-13
       4196.00   4.91600e-13
       4197.40   4.85500e-13
       4198.80   4.79200e-13
       4200.20   4.85400e-13
       4201.60   4.96500e-13
       4203.00   5.05600e-13
       4204.40   5.12600e-13
       4205.80   5.12300e-13
       4207.20   5.13800e-13
       4208.60   5.01200e-13
       4210.00   4.92200e-13
       4211.40   4.90700e-13
       4212.80   4.83000e-13
       4214.20   4.88900e-13
       4215.60   4.93800e-13
       4217.00   4.89500e-13
       4218.40   4.81700e-13
       4219.80   4.89500e-13
       4221.20   4.96100e-13
       4222.60   4.99500e-13
       4224.00   4.95500e-13
       4225.40   4.79100e-13
       4226.80   4.74500e-13
       4228.20   4.79300e-13
       4229.60   4.89200e-13
       4231.00   4.87600e-13
       4232.40   4.82400e-13
       4233.80   4.82600e-13
       4235.20   4.90700e-13
       4236.60   5.03700e-13
       4238.00   5.01800e-13
       4239.40   4.98900e-13
       4240.80   4.94800e-13
       4242.20   4.80300e-13
       4243.60   4.72300e-13
       4245.00   4.61900e-13
       4246.40   4.61400e-13
       4247.80   4.58500e-13
       4249.20   4.60600e-13
       4250.60   4.70900e-13
       4252.00   4.76200e-13
       4253.40   4.67100e-13
       4254.80   4.64600e-13
       4256.20   4.60100e-13
       4257.60   4.55000e-13
       4259.00   4.58400e-13
       4260.40   4.58400e-13
       4261.80   4.67800e-13
       4263.20   4.72900e-13
       4264.60   4.71300e-13
       4266.00   4.61900e-13
       4267.40   4.62000e-13
       4268.80   4.63500e-13
       4270.20   4.63700e-13
       4271.60   4.64800e-13
       4273.00   4.71400e-13
       4274.40   4.75200e-13
       4275.80   4.76100e-13
       4277.20   4.77100e-13
       4278.60   4.80600e-13
       4280.00   4.91100e-13
       4281.40   5.04800e-13
       4282.80   5.05800e-13
       4284.20   4.98800e-13
       4285.60   4.91400e-13
       4287.00   4.81100e-13
       4288.40   4.69600e-13
       4289.80   4.64000e-13
       4291.20   4.60700e-13
       4292.60   4.59300e-13
       4294.00   4.58600e-13
       4295.40   4.56100e-13
       4296.80   4.53300e-13
       4298.20   4.44600e-13
       4299.60   4.35100e-13
       4301.00   4.32700e-13
       4302.40   4.35600e-13
       4303.80   4.37700e-13
       4305.20   4.33300e-13
       4306.60   4.28600e-13
       4308.00   4.25600e-13
       4309.40   4.25600e-13
       4310.80   4.25300e-13
       4312.20   4.17500e-13
       4313.60   4.19100e-13
       4315.00   4.25700e-13
       4316.40   4.19400e-13
       4317.80   4.09500e-13
       4319.20   4.00400e-13
       4320.60   3.88100e-13
       4322.00   3.74500e-13
       4323.40   3.65600e-13
       4324.80   3.48600e-13
       4326.20   3.32700e-13
       4327.60   3.18500e-13
       4329.00   3.01900e-13
       4330.40   2.85100e-13
       4331.80   2.67300e-13
       4333.20   2.50200e-13
       4334.60   2.25900e-13
       4336.00   2.01600e-13
       4337.40   1.78000e-13
       4338.80   1.61800e-13
       4340.20   1.59700e-13
       4341.60   1.71400e-13
       4343.00   1.93400e-13
       4344.40   2.19600e-13
       4345.80   2.39000e-13
       4347.20   2.55200e-13
       4348.60   2.69300e-13
       4350.00   2.82600e-13
       4351.40   2.98900e-13
       4352.80   3.20900e-13
       4354.20   3.33800e-13
       4355.60   3.52000e-13
       4357.00   3.70100e-13
       4358.40   3.72100e-13
       4359.80   3.74300e-13
       4361.20   3.79200e-13
       4362.60   3.90300e-13
       4364.00   4.05500e-13
       4365.40   4.10800e-13
       4366.80   4.07600e-13
       4368.20   4.06900e-13
       4369.60   4.07600e-13
       4371.00   4.16100e-13
       4372.40   4.19200e-13
       4373.80   4.23300e-13
       4375.20   4.22700e-13
       4376.60   4.22900e-13
       4378.00   4.21000e-13
       4379.40   4.21100e-13
       4380.80   4.23900e-13
       4382.20   4.14600e-13
       4383.60   4.13300e-13
       4385.00   4.24700e-13
       4386.40   4.33300e-13
       4387.80   4.35400e-13
       4389.20   4.32500e-13
       4390.60   4.27700e-13
       4392.00   4.24400e-13
       4393.40   4.26300e-13
       4394.80   4.31000e-13
       4396.20   4.33800e-13
       4397.60   4.29100e-13
       4399.00   4.23200e-13
       4400.40   4.24500e-13
       4401.80   4.30000e-13
       4403.20   4.39000e-13
       4404.60   4.44900e-13
       4406.00   4.48800e-13
       4407.40   4.44300e-13
       4408.80   4.31200e-13
       4410.20   4.21200e-13
       4411.60   4.13700e-13
       4413.00   4.11300e-13
       4414.40   4.08300e-13
       4415.80   4.07600e-13
       4417.20   4.11700e-13
       4418.60   4.11400e-13
       4420.00   4.14600e-13
       4421.40   4.21100e-13
       4422.80   4.24300e-13
       4424.20   4.24700e-13
       4425.60   4.29400e-13
       4427.00   4.34800e-13
       4428.40   4.30600e-13
       4429.80   4.25200e-13
       4431.20   4.21800e-13
       4432.60   4.24400e-13
       4434.00   4.25600e-13
       4435.40   4.24400e-13
       4436.80   4.22000e-13
       4438.20   4.14300e-13
       4439.60   4.09700e-13
       4441.00   4.11100e-13
       4442.40   4.11900e-13
       4443.80   4.23200e-13
       4445.20   4.35600e-13
       4446.60   4.29600e-13
       4448.00   4.23700e-13
       4449.40   4.21900e-13
       4450.80   4.24100e-13
       4452.20   4.20200e-13
       4453.60   4.12400e-13
       4455.00   4.15100e-13
       4456.40   4.15200e-13
       4457.80   4.11700e-13
       4459.20   4.09800e-13
       4460.60   4.12800e-13
       4462.00   4.09500e-13
       4463.40   4.08300e-13
       4464.80   4.17400e-13
       4466.20   4.11200e-13
       4467.60   4.07100e-13
       4469.00   4.12600e-13
       4470.40   4.15900e-13
       4471.80   4.11400e-13
       4473.20   4.07900e-13
       4474.60   4.14100e-13
       4476.00   4.22100e-13
       4477.40   4.22800e-13
       4478.80   4.02300e-13
       4480.20   3.87600e-13
       4481.60   3.82100e-13
       4483.00   3.89400e-13
       4484.40   4.05500e-13
       4485.80   4.06500e-13
       4487.20   4.01700e-13
       4488.60   3.98600e-13
       4490.00   4.07700e-13
       4491.40   4.15500e-13
       4492.80   4.13300e-13
       4494.20   4.08700e-13
       4495.60   4.08500e-13
       4497.00   4.14800e-13
       4498.40   4.15200e-13
       4499.80   4.12600e-13
       4501.20   4.14600e-13
       4502.60   4.10700e-13
       4504.00   4.02300e-13
       4505.40   4.00000e-13
       4506.80   4.03000e-13
       4508.20   4.06000e-13
       4509.60   4.13400e-13
       4511.00   4.17900e-13
       4512.40   4.16600e-13
       4513.80   4.08000e-13
       4515.20   4.05900e-13
       4516.60   4.07000e-13
       4518.00   4.06500e-13
       4519.40   4.07100e-13
       4520.80   4.03600e-13
       4522.20   4.03100e-13
       4523.60   4.05500e-13
       4525.00   4.07600e-13
       4526.40   4.08700e-13
       4527.80   4.07600e-13
       4529.20   3.99100e-13
       4530.60   3.95100e-13
       4532.00   3.98700e-13
       4533.40   4.01000e-13
       4534.80   4.04700e-13
       4536.20   4.05700e-13
       4537.60   4.10000e-13
       4539.00   4.14000e-13
       4540.40   4.08700e-13
       4541.80   3.96700e-13
       4543.20   3.84200e-13
       4544.60   3.80100e-13
       4546.00   3.82000e-13
       4547.40   3.79900e-13
       4548.80   3.78200e-13
       4550.20   3.84500e-13
       4551.60   3.89600e-13
       4553.00   3.88800e-13
       4554.40   3.92000e-13
       4555.80   3.98400e-13
       4557.20   3.97700e-13
       4558.60   3.94100e-13
       4560.00   3.89300e-13
       4561.40   3.88500e-13
       4562.80   3.93500e-13
       4564.20   3.93200e-13
       4565.60   3.89300e-13
       4567.00   3.86700e-13
       4568.40   3.86600e-13
       4569.80   3.86500e-13
       4571.20   3.93300e-13
       4572.60   3.93400e-13
       4574.00   3.91500e-13
       4575.40   3.88900e-13
       4576.80   3.85900e-13
       4578.20   3.92700e-13
       4579.60   3.94200e-13
       4581.00   3.90300e-13
       4582.40   3.84800e-13
       4583.80   3.85500e-13
       4585.20   3.70200e-13
       4586.60   3.66800e-13
       4588.00   3.69300e-13
       4589.40   3.71000e-13
       4590.80   3.78800e-13
       4592.20   3.80700e-13
       4593.60   3.89500e-13
       4595.00   3.97200e-13
       4596.40   3.90800e-13
       4597.80   3.80000e-13
       4599.20   3.76300e-13
       4600.60   3.75900e-13
       4602.00   3.80600e-13
       4603.40   3.89300e-13
       4604.80   3.74800e-13
       4606.20   3.72000e-13
       4607.60   3.74700e-13
       4609.00   3.77000e-13
       4610.40   3.78400e-13
       4611.80   3.73300e-13
       4613.20   3.65400e-13
       4614.60   3.63500e-13
       4616.00   3.69100e-13
       4617.40   3.70600e-13
       4618.80   3.74900e-13
       4620.20   3.81300e-13
       4621.60   3.80600e-13
       4623.00   3.73200e-13
       4624.40   3.69100e-13
       4625.80   3.66500e-13
       4627.20   3.62900e-13
       4628.60   3.63300e-13
       4630.00   3.69200e-13
       4631.40   3.76200e-13
       4632.80   3.73600e-13
       4634.20   3.66700e-13
       4635.60   3.70600e-13
       4637.00   3.76900e-13
       4638.40   3.73100e-13
       4639.80   3.65200e-13
       4641.20   3.64400e-13
       4642.60   3.66100e-13
       4644.00   3.65600e-13
       4645.40   3.66500e-13
       4646.80   3.67600e-13
       4648.20   3.70300e-13
       4649.60   3.71600e-13
       4651.00   3.69000e-13
       4652.40   3.66700e-13
       4653.80   3.66300e-13
       4655.20   3.67800e-13
       4656.60   3.63700e-13
       4658.00   3.55800e-13
       4659.40   3.54500e-13
       4660.80   3.61400e-13
       4662.20   3.69300e-13
       4663.60   3.68200e-13
       4665.00   3.63800e-13
       4666.40   3.60900e-13
       4667.80   3.58000e-13
       4669.20   3.59500e-13
       4670.60   3.60800e-13
       4672.00   3.57200e-13
       4673.40   3.60800e-13
       4674.80   3.62800e-13
       4676.20   3.63000e-13
       4677.60   3.59300e-13
       4679.00   3.60800e-13
       4680.40   3.63000e-13
       4681.80   3.72600e-13
       4683.20   3.75800e-13
       4684.60   3.70800e-13
       4686.00   3.69300e-13
       4687.40   3.60700e-13
       4688.80   3.49700e-13
       4690.20   3.48400e-13
       4691.60   3.48700e-13
       4693.00   3.48200e-13
       4694.40   3.48400e-13
       4695.80   3.46800e-13
       4697.20   3.55200e-13
       4698.60   3.60800e-13
       4700.00   3.62900e-13
       4701.40   3.66000e-13
       4702.80   3.60400e-13
       4704.20   3.58700e-13
       4705.60   3.61000e-13
       4707.00   3.72500e-13
       4708.40   3.82900e-13
       4709.80   3.80300e-13
       4711.20   3.72500e-13
       4712.60   3.64400e-13
       4714.00   3.59800e-13
       4715.40   3.56500e-13
       4716.80   3.56300e-13
       4718.20   3.59800e-13
       4719.60   3.57000e-13
       4721.00   3.53100e-13
       4722.40   3.53600e-13
       4723.80   3.59500e-13
       4725.20   3.61100e-13
       4726.60   3.54400e-13
       4728.00   3.56800e-13
       4729.40   3.59900e-13
       4730.80   3.62100e-13
       4732.20   3.59300e-13
       4733.60   3.49900e-13
       4735.00   3.38000e-13
       4736.40   3.31200e-13
       4737.80   3.34900e-13
       4739.20   3.40200e-13
       4740.60   3.45100e-13
       4742.00   3.47700e-13
       4743.40   3.51500e-13
       4744.80   3.59100e-13
       4746.20   3.54500e-13
       4747.60   3.41300e-13
       4749.00   3.44600e-13
       4750.40   3.51000e-13
       4751.80   3.55100e-13
       4753.20   3.54600e-13
       4754.60   3.48200e-13
       4756.00   3.43200e-13
       4757.40   3.41100e-13
       4758.80   3.37500e-13
       4760.20   3.30400e-13
       4761.60   3.28500e-13
       4763.00   3.32600e-13
       4764.40   3.36100e-13
       4765.80   3.37600e-13
       4767.20   3.42600e-13
       4768.60   3.42700e-13
       4770.00   3.37700e-13
       4771.40   3.40400e-13
       4772.80   3.41300e-13
       4774.20   3.42200e-13
       4775.60   3.49600e-13
       4777.00   3.47900e-13
       4778.40   3.35100e-13
       4779.80   3.33100e-13
       4781.20   3.40600e-13
       4782.60   3.48100e-13
       4784.00   3.40900e-13
       4785.40   3.36900e-13
       4786.80   3.33500e-13
       4788.20   3.34000e-13
       4789.60   3.40000e-13
       4791.00   3.45800e-13
       4792.40   3.55800e-13
       4793.80   3.58000e-13
       4795.20   3.45500e-13
       4796.60   3.39800e-13
       4798.00   3.38800e-13
       4799.40   3.35500e-13
       4800.80   3.23800e-13
       4802.20   3.22500e-13
       4803.60   3.23200e-13
       4805.00   3.18800e-13
       4806.40   3.17900e-13
       4807.80   3.24800e-13
       4809.20   3.31000e-13
       4810.60   3.19000e-13
       4812.00   3.11200e-13
       4813.40   3.16600e-13
       4814.80   3.24300e-13
       4816.20   3.26100e-13
       4817.60   3.27800e-13
       4819.00   3.25800e-13
       4820.40   3.20000e-13
       4821.80   3.15300e-13
       4823.20   3.15900e-13
       4824.60   3.19000e-13
       4826.00   3.22100e-13
       4827.40   3.14200e-13
       4828.80   3.07800e-13
       4830.20   3.00400e-13
       4831.60   2.94600e-13
       4833.00   2.87700e-13
       4834.40   2.76300e-13
       4835.80   2.74000e-13
       4837.20   2.76600e-13
       4838.60   2.79500e-13
       4840.00   2.75300e-13
       4841.40   2.66500e-13
       4842.80   2.63700e-13
       4844.20   2.62500e-13
       4845.60   2.59500e-13
       4847.00   2.57700e-13
       4848.40   2.49800e-13
       4849.80   2.27400e-13
       4851.20   2.09700e-13
       4852.60   1.98200e-13
       4854.00   1.87500e-13
       4855.40   1.77000e-13
       4856.80   1.61400e-13
       4858.20   1.46100e-13
       4859.60   1.38400e-13
       4861.00   1.37400e-13
       4862.40   1.40700e-13
       4863.80   1.51400e-13
       4865.20   1.65700e-13
       4866.60   1.78600e-13
       4868.00   1.93600e-13
       4869.40   2.10500e-13
       4870.80   2.22200e-13
       4872.20   2.25200e-13
       4873.60   2.32000e-13
       4875.00   2.45000e-13
       4876.40   2.53600e-13
       4877.80   2.56100e-13
       4879.20   2.56000e-13
       4880.60   2.56200e-13
       4882.00   2.62500e-13
       4883.40   2.74700e-13
       4884.80   2.82100e-13
       4886.20   2.83300e-13
       4887.60   2.83400e-13
       4889.00   2.87900e-13
       4890.40   2.91300e-13
       4891.80   2.93800e-13
       4893.20   2.99900e-13
       4894.60   3.06700e-13
       4896.00   3.07400e-13
       4897.40   3.00600e-13
       4898.80   2.96300e-13
       4900.20   2.98200e-13
       4901.60   2.98200e-13
       4903.00   2.94600e-13
       4904.40   2.95100e-13
       4905.80   3.01500e-13
       4907.20   3.04900e-13
       4908.60   3.00500e-13
       4910.00   3.15700e-13
       4911.40   3.15200e-13
       4912.80   3.05700e-13
       4914.20   3.03300e-13
       4915.60   3.09800e-13
       4917.00   3.13100e-13
       4918.40   3.04700e-13
       4919.80   2.98100e-13
       4921.20   3.02600e-13
       4922.60   3.07000e-13
       4924.00   3.04800e-13
       4925.40   3.01100e-13
       4926.80   3.10000e-13
       4928.20   3.12500e-13
       4929.60   3.15200e-13
       4931.00   3.15900e-13
       4932.40   3.07900e-13
       4933.80   3.05100e-13
       4935.20   3.01100e-13
       4936.60   2.97800e-13
       4938.00   3.03000e-13
       4939.40   3.05000e-13
       4940.80   3.05500e-13
       4942.20   3.05000e-13
       4943.60   3.14800e-13
       4945.00   3.15800e-13
       4946.40   3.17200e-13
       4947.80   3.09700e-13
       4949.20   3.08000e-13
       4950.60   3.09600e-13
       4952.00   3.10500e-13
       4953.40   3.04400e-13
       4954.80   2.97400e-13
       4956.20   3.00300e-13
       4957.60   2.97600e-13
       4959.00   3.05800e-13
       4960.40   3.14100e-13
       4961.80   3.12800e-13
       4963.20   3.12300e-13
       4964.60   3.06000e-13
       4966.00   3.05700e-13
       4967.40   3.07500e-13
       4968.80   3.05500e-13
       4970.20   3.09900e-13
       4971.60   3.13100e-13
       4973.00   3.12200e-13
       4974.40   3.02600e-13
       4975.80   3.03800e-13
       4977.20   3.14300e-13
       4978.60   3.16200e-13
       4980.00   3.12400e-13
       4981.40   3.04400e-13
       4982.80   3.01500e-13
       4984.20   3.01600e-13
       4985.60   3.02900e-13
       4987.00   3.09300e-13
       4988.40   3.14500e-13
       4989.80   3.13700e-13
       4991.20   3.06400e-13
       4992.60   3.04000e-13
       4994.00   3.08800e-13
       4995.40   3.06500e-13
       4996.80   2.98800e-13
       4998.20   2.91800e-13
       4999.60   2.88400e-13
       5001.00   2.90100e-13
       5002.40   2.99600e-13
       5003.80   3.08000e-13
       5005.20   3.07100e-13
       5006.60   3.13800e-13
       5008.00   3.11400e-13
       5009.40   3.04700e-13
       5010.80   2.95300e-13
       5012.20   2.86100e-13
       5013.60   2.90000e-13
       5015.00   2.89700e-13
       5016.40   2.86100e-13
       5017.80   2.84100e-13
       5019.20   2.84800e-13
       5020.60   2.87800e-13
       5022.00   2.90300e-13
       5023.40   2.98300e-13
       5024.80   3.03400e-13
       5026.20   3.05100e-13
       5027.60   3.01700e-13
       5029.00   2.94200e-13
       5030.40   2.94500e-13
       5031.80   2.83100e-13
       5033.20   2.87800e-13
       5034.60   2.93700e-13
       5036.00   2.99100e-13
       5037.40   3.04700e-13
       5038.80   3.00400e-13
       5040.20   2.95800e-13
       5041.60   2.97500e-13
       5043.00   2.97200e-13
       5044.40   2.98200e-13
       5045.80   2.93100e-13
       5047.20   2.92900e-13
       5048.60   2.96500e-13
       5050.00   2.91500e-13
       5051.40   2.91900e-13
       5052.80   2.90400e-13
       5054.20   2.90000e-13
       5055.60   2.92800e-13
       5057.00   2.94900e-13
       5058.40   3.00200e-13
       5059.80   3.06900e-13
       5061.20   3.07200e-13
       5062.60   2.98400e-13
       5064.00   2.93500e-13
       5065.40   2.86700e-13
       5066.80   2.86900e-13
       5068.20   2.93100e-13
       5069.60   2.96600e-13
       5071.00   2.96800e-13
       5072.40   2.97600e-13
       5073.80   2.92300e-13
       5075.20   2.82100e-13
       5076.60   2.76500e-13
       5078.00   2.74600e-13
       5079.40   2.77500e-13
       5080.80   2.92500e-13
       5082.20   2.99500e-13
       5083.60   2.95500e-13
       5085.00   2.97200e-13
       5086.40   2.99100e-13
       5087.80   2.98200e-13
       5089.20   2.94600e-13
       5090.60   2.94600e-13
       5092.00   2.96100e-13
       5093.40   2.92500e-13
       5094.80   2.87400e-13
       5096.20   2.81200e-13
       5097.60   2.77800e-13
       5099.00   2.82300e-13
       5100.40   2.85800e-13
       5101.80   2.92100e-13
       5103.20   2.94700e-13
       5104.60   2.90700e-13
       5106.00   2.83900e-13
       5107.40   2.82000e-13
       5108.80   2.82600e-13
       5110.20   2.85100e-13
       5111.60   2.89700e-13
       5113.00   2.94500e-13
       5114.40   2.92100e-13
       5115.80   2.96100e-13
       5117.20   2.97700e-13
       5118.60   2.93300e-13
       5120.00   2.85600e-13
       5121.40   2.83400e-13
       5122.80   2.85400e-13
       5124.20   2.80700e-13
       5125.60   2.77600e-13
       5127.00   2.83900e-13
       5128.40   2.82400e-13
       5129.80   2.80600e-13
       5131.20   2.79200e-13
       5132.60   2.84900e-13
       5134.00   2.92300e-13
       5135.40   2.86600e-13
       5136.80   2.83500e-13
       5138.20   2.80400e-13
       5139.60   2.78600e-13
       5141.00   2.82600e-13
       5142.40   2.84500e-13
       5143.80   2.86300e-13
       5145.20   2.80900e-13
       5146.60   2.77800e-13
       5148.00   2.74300e-13
       5149.40   2.80300e-13
       5150.80   2.80100e-13
       5152.20   2.73100e-13
       5153.60   2.68200e-13
       5155.00   2.71900e-13
       5156.40   2.74900e-13
       5157.80   2.76000e-13
       5159.20   2.79200e-13
       5160.60   2.82300e-13
       5162.00   2.78800e-13
       5163.40   2.72400e-13
       5164.80   2.76300e-13
       5166.20   2.77100e-13
       5167.60   2.70900e-13
       5169.00   2.69500e-13
       5170.40   2.67000e-13
       5171.80   2.65200e-13
       5173.20   2.68300e-13
       5174.60   2.71100e-13
       5176.00   2.74100e-13
       5177.40   2.72000e-13
       5178.80   2.68200e-13
       5180.20   2.66800e-13
       5181.60   2.61200e-13
       5183.00   2.62900e-13
       5184.40   2.67000e-13
       5185.80   2.64600e-13
       5187.20   2.64000e-13
       5188.60   2.67000e-13
       5190.00   2.73100e-13
       5191.40   2.72900e-13
       5192.80   2.65900e-13
       5194.20   2.73400e-13
       5195.60   2.76700e-13
       5197.00   2.75700e-13
       5198.40   2.69700e-13
       5199.80   2.66700e-13
       5201.20   2.68400e-13
       5202.60   2.67200e-13
       5204.00   2.63900e-13
       5205.40   2.66700e-13
       5206.80   2.66400e-13
       5208.20   2.63300e-13
       5209.60   2.66400e-13
       5211.00   2.71600e-13
       5212.40   2.68400e-13
       5213.80   2.68300e-13
       5215.20   2.69800e-13
       5216.60   2.71000e-13
       5218.00   2.72200e-13
       5219.40   2.68400e-13
       5220.80   2.68100e-13
       5222.20   2.66000e-13
       5223.60   2.62500e-13
       5225.00   2.56900e-13
       5226.40   2.58500e-13
       5227.80   2.59600e-13
       5229.20   2.60400e-13
       5230.60   2.66900e-13
       5232.00   2.66400e-13
       5233.40   2.59200e-13
       5234.80   2.58600e-13
       5236.20   2.61100e-13
       5237.60   2.65300e-13
       5239.00   2.59000e-13
       5240.40   2.53100e-13
       5241.80   2.48300e-13
       5243.20   2.45800e-13
       5244.60   2.55300e-13
       5246.00   2.62400e-13
       5247.40   2.59000e-13
       5248.80   2.51800e-13
       5250.20   2.47600e-13
       5251.60   2.47300e-13
       5253.00   2.53100e-13
       5254.40   2.60000e-13
       5255.80   2.64800e-13
       5257.20   2.67400e-13
       5258.60   2.62200e-13
       5260.00   2.55100e-13
       5261.40   2.54900e-13
       5262.80   2.58800e-13
       5264.20   2.54500e-13
       5265.60   2.48700e-13
       5267.00   2.52000e-13
       5268.40   2.56200e-13
       5269.80   2.58300e-13
       5271.20   2.59600e-13
       5272.60   2.61900e-13
       5274.00   2.61300e-13
       5275.40   2.55600e-13
       5276.80   2.50600e-13
       5278.20   2.50000e-13
       5279.60   2.48700e-13
       5281.00   2.52900e-13
       5282.40   2.52600e-13
       5283.80   2.47800e-13
       5285.20   2.42700e-13
       5286.60   2.41600e-13
       5288.00   2.42600e-13
       5289.40   2.46900e-13
       5290.80   2.53400e-13
       5292.20   2.59300e-13
       5293.60   2.62200e-13
       5295.00   2.60100e-13
       5296.40   2.52600e-13
       5297.80   2.51400e-13
       5299.20   2.53900e-13
       5300.60   2.58100e-13
       5302.00   2.61000e-13
       5303.40   2.61900e-13
       5304.80   2.57300e-13
       5306.20   2.56100e-13
       5307.60   2.57900e-13
       5309.00   2.56700e-13
       5310.40   2.54600e-13
       5311.80   2.53300e-13
       5313.20   2.51500e-13
       5314.60   2.46300e-13
       5316.00   2.50300e-13
       5317.40   2.51700e-13
       5318.80   2.51400e-13
       5320.20   2.50000e-13
       5321.60   2.52200e-13
       5323.00   2.50000e-13
       5324.40   2.46700e-13
       5325.80   2.48300e-13
       5327.20   2.45800e-13
       5328.60   2.41300e-13
       5330.00   2.39800e-13
       5331.40   2.42600e-13
       5332.80   2.47200e-13
       5334.20   2.49200e-13
       5335.60   2.47300e-13
       5337.00   2.45700e-13
       5338.40   2.44300e-13
       5339.80   2.49900e-13
       5341.20   2.53600e-13
       5342.60   2.49800e-13
       5344.00   2.46600e-13
       5345.40   2.43000e-13
       5346.80   2.40300e-13
       5348.20   2.44000e-13
       5349.60   2.51700e-13
       5351.00   2.54400e-13
       5352.40   2.55700e-13
       5353.80   2.54700e-13
       5355.20   2.50200e-13
       5356.60   2.48900e-13
       5358.00   2.51900e-13
       5359.40   2.51400e-13
       5360.80   2.44600e-13
       5362.20   2.44500e-13
       5363.60   2.49200e-13
       5365.00   2.52000e-13
       5366.40   2.49200e-13
       5367.80   2.41600e-13
       5369.20   2.36700e-13
       5370.60   2.35900e-13
       5372.00   2.36600e-13
       5373.40   2.44300e-13
       5374.80   2.44000e-13
       5376.20   2.36200e-13
       5377.60   2.38800e-13
       5379.00   2.39900e-13
       5380.40   2.41400e-13
       5381.80   2.43200e-13
       5383.20   2.41500e-13
       5384.60   2.39800e-13
       5386.00   2.43000e-13
       5387.40   2.47100e-13
       5388.80   2.51900e-13
       5390.20   2.49200e-13
       5391.60   2.44000e-13
       5393.00   2.38900e-13
       5394.40   2.35200e-13
       5395.80   2.38800e-13
       5397.20   2.39700e-13
       5398.60   2.39000e-13
       5400.00   2.38600e-13
       5401.40   2.36200e-13
       5402.80   2.34900e-13
       5404.20   2.32700e-13
       5405.60   2.30300e-13
       5407.00   2.31700e-13
       5408.40   2.35300e-13
       5409.80   2.38800e-13
       5411.20   2.41200e-13
       5412.60   2.38200e-13
       5414.00   2.35600e-13
       5415.40   2.38300e-13
       5416.80   2.40300e-13
       5418.20   2.42400e-13
       5419.60   2.42700e-13
       5421.00   2.36900e-13
       5422.40   2.33600e-13
       5423.80   2.28200e-13
       5425.20   2.32300e-13
       5426.60   2.35400e-13
       5428.00   2.33700e-13
       5429.40   2.33600e-13
       5430.80   2.25700e-13
       5432.20   2.29500e-13
       5433.60   2.38400e-13
       5435.00   2.35600e-13
       5436.40   2.30700e-13
       5437.80   2.27800e-13
       5439.20   2.27000e-13
       5440.60   2.31300e-13
       5442.00   2.34900e-13
       5443.40   2.38400e-13
       5444.80   2.40100e-13
       5446.20   2.34200e-13
       5447.60   2.31400e-13
       5449.00   2.34600e-13
       5450.40   2.35900e-13
       5451.80   2.35100e-13
       5453.20   2.33600e-13
       5454.60   2.29800e-13
       5456.00   2.28900e-13
       5457.40   2.30800e-13
       5458.80   2.33200e-13
       5460.20   2.34300e-13
       5461.60   2.31500e-13
       5463.00   2.34100e-13
       5464.40   2.33800e-13
       5465.80   2.34700e-13
       5467.20   2.35400e-13
       5468.60   2.27900e-13
       5470.00   2.29400e-13
       5471.40   2.37500e-13
       5472.80   2.41800e-13
       5474.20   2.44000e-13
       5475.60   2.35400e-13
       5477.00   2.26400e-13
       5478.40   2.26900e-13
       5479.80   2.32000e-13
       5481.20   2.33200e-13
       5482.60   2.35100e-13
       5484.00   2.33100e-13
       5485.40   2.31700e-13
       5486.80   2.28400e-13
       5488.20   2.25200e-13
       5489.60   2.22000e-13
       5491.00   2.24500e-13
       5492.40   2.24200e-13
       5493.80   2.26700e-13
       5495.20   2.28200e-13
       5496.60   2.30900e-13
       5498.00   2.29900e-13
       5499.40   2.30900e-13
       5500.80   2.32100e-13
       5502.20   2.31500e-13
       5503.60   2.33100e-13
       5505.00   2.32700e-13
       5506.40   2.30700e-13
       5507.80   2.22400e-13
       5509.20   2.21600e-13
       5510.60   2.21200e-13
       5512.00   2.22800e-13
       5513.40   2.28400e-13
       5514.80   2.27400e-13
       5516.20   2.24200e-13
       5517.60   2.22700e-13
       5519.00   2.23000e-13
       5520.40   2.20800e-13
       5521.80   2.23000e-13
       5523.20   2.30200e-13
       5524.60   2.29700e-13
       5526.00   2.24300e-13
       5527.40   2.21400e-13
       5528.80   2.22700e-13
       5530.20   2.25500e-13
       5531.60   2.28100e-13
       5533.00   2.31300e-13
       5534.40   2.33200e-13
       5535.80   2.32500e-13
       5537.20   2.30500e-13
       5538.60   2.29000e-13
       5540.00   2.25900e-13
       5541.40   2.22200e-13
       5542.80   2.18600e-13
       5544.20   2.17400e-13
       5545.60   2.20000e-13
       5547.00   2.21300e-13
       5548.40   2.23500e-13
       5549.80   2.25900e-13
       5551.20   2.24100e-13
       5552.60   2.24800e-13
       5554.00   2.26000e-13
       5555.40   2.27100e-13
       5556.80   2.27600e-13
       5558.20   2.28400e-13
       5559.60   2.27300e-13
       5561.00   2.25300e-13
       5562.40   2.21000e-13
       5563.80   2.16300e-13
       5565.20   2.19200e-13
       5566.60   2.21800e-13
       5568.00   2.23400e-13
       5569.40   2.19700e-13
       5570.80   2.17100e-13
       5572.20   2.18900e-13
       5573.60   2.21200e-13
       5575.00   2.21600e-13
       5576.40   2.17700e-13
       5577.80   2.16500e-13
       5579.20   2.19600e-13
       5580.60   2.19200e-13
       5582.00   2.18500e-13
       5583.40   2.20300e-13
       5584.80   2.21700e-13
       5586.20   2.23300e-13
       5587.60   2.24000e-13
       5589.00   2.22500e-13
       5590.40   2.22200e-13
       5591.80   2.18100e-13
       5593.20   2.12800e-13
       5594.60   2.10500e-13
       5596.00   2.08300e-13
       5597.40   2.07900e-13
       5598.80   2.14300e-13
       5600.20   2.21600e-13
       5601.60   2.22700e-13
       5603.00   2.16400e-13
       5604.40   2.15200e-13
       5605.80   2.15300e-13
       5607.20   2.14100e-13
       5608.60   2.18000e-13
       5610.00   2.21200e-13
       5611.40   2.18700e-13
       5612.80   2.16700e-13
       5614.20   2.12900e-13
       5615.60   2.08700e-13
       5617.00   2.07200e-13
       5618.40   2.06300e-13
       5619.80   2.07600e-13
       5621.20   2.11400e-13
       5622.60   2.11000e-13
       5624.00   2.09200e-13
       5625.40   2.08300e-13
       5626.80   2.04700e-13
       5628.20   2.04400e-13
       5629.60   2.07400e-13
       5631.00   2.09900e-13
       5632.40   2.11500e-13
       5633.80   2.13700e-13
       5635.20   2.15200e-13
       5636.60   2.13200e-13
       5638.00   2.13200e-13
       5639.40   2.17400e-13
       5640.80   2.17600e-13
       5642.20   2.14600e-13
       5643.60   2.12700e-13
       5645.00   2.11200e-13
       5646.40   2.10800e-13
       5647.80   2.06500e-13
       5649.20   2.07100e-13
       5650.60   2.09600e-13
       5652.00   2.10500e-13
       5653.40   2.12500e-13
       5654.80   2.09800e-13
       5656.20   2.05000e-13
       5657.60   2.05300e-13
       5659.00   2.08400e-13
       5660.40   2.02900e-13
       5661.80   2.01600e-13
       5663.20   2.01000e-13
       5664.60   2.05600e-13
       5666.00   2.04100e-13
       5667.40   2.04400e-13
       5668.80   2.06600e-13
       5670.20   2.05700e-13
       5671.60   2.07200e-13
       5673.00   2.09900e-13
       5674.40   2.09900e-13
       5675.80   2.13200e-13
       5677.20   2.13400e-13
       5678.60   2.11700e-13
       5680.00   2.09800e-13
       5681.40   2.08300e-13
       5682.80   2.03900e-13
       5684.20   2.01400e-13
       5685.60   2.05300e-13
       5687.00   2.13200e-13
       5688.40   2.13800e-13
       5689.80   2.09800e-13
       5691.20   2.10100e-13
       5692.60   2.13300e-13
       5694.00   2.15000e-13
       5695.40   2.09300e-13
       5696.80   2.04200e-13
       5698.20   2.04600e-13
       5699.60   2.05400e-13
       5701.00   2.05500e-13
       5702.40   2.04600e-13
       5703.80   2.02300e-13
       5705.20   2.02200e-13
       5706.60   2.01400e-13
       5708.00   1.95500e-13
       5709.40   1.95700e-13
       5710.80   2.00700e-13
       5712.20   2.04000e-13
       5713.60   2.04300e-13
       5715.00   2.01400e-13
       5716.40   2.01900e-13
       5717.80   2.01900e-13
       5719.20   2.01500e-13
       5720.60   2.01100e-13
       5722.00   1.98700e-13
       5723.40   1.99500e-13
       5724.80   1.99800e-13
       5726.20   1.99500e-13
       5727.60   1.98300e-13
       5729.00   1.98800e-13
       5730.40   1.99100e-13
       5731.80   2.01800e-13
       5733.20   2.01600e-13
       5734.60   2.03800e-13
       5736.00   2.03000e-13
       5737.40   1.97900e-13
       5738.80   1.96400e-13
       5740.20   1.99600e-13
       5741.60   2.00000e-13
       5743.00   1.98200e-13
       5744.40   1.94500e-13
       5745.80   1.95900e-13
       5747.20   1.97700e-13
       5748.60   1.95700e-13
       5750.00   1.95700e-13
       5751.40   1.96500e-13
       5752.80   1.91800e-13
       5754.20   1.91600e-13
       5755.60   1.95700e-13
       5757.00   2.01300e-13
       5758.40   2.04600e-13
       5759.80   2.10400e-13
       5761.20   2.13200e-13
       5762.60   2.13200e-13
       5764.00   2.15500e-13
       5765.40   2.07200e-13
       5766.80   2.04200e-13
       5768.20   2.04000e-13
       5769.60   1.99900e-13
       5771.00   1.96600e-13
       5772.40   1.98900e-13
       5773.80   1.97600e-13
       5775.20   1.96000e-13
       5776.60   1.94400e-13
       5778.00   1.95500e-13
       5779.40   1.87400e-13
       5780.80   1.81500e-13
       5782.20   1.83400e-13
       5783.60   1.88700e-13
       5785.00   1.97600e-13
       5786.40   2.03000e-13
       5787.80   2.00900e-13
       5789.20   1.98400e-13
       5790.60   1.99700e-13
       5792.00   1.94800e-13
       5793.40   1.88000e-13
       5794.80   1.86400e-13
       5796.20   1.84000e-13
       5797.60   1.83600e-13
       5799.00   1.84200e-13
       5800.40   1.87800e-13
       5801.80   1.93100e-13
       5803.20   1.98100e-13
       5804.60   2.01000e-13
       5806.00   1.99600e-13
       5807.40   1.99700e-13
       5808.80   1.97100e-13
       5810.20   1.93500e-13
       5811.60   1.95900e-13
       5813.00   1.97200e-13
       5814.40   1.94700e-13
       5815.80   1.91800e-13
       5817.20   1.90800e-13
       5818.60   1.93000e-13
       5820.00   1.95100e-13
       5821.40   1.94400e-13
       5822.80   1.94000e-13
       5824.20   1.92000e-13
       5825.60   1.92400e-13
       5827.00   1.97700e-13
       5828.40   1.99900e-13
       5829.80   2.00400e-13
       5831.20   1.98400e-13
       5832.60   1.98100e-13
       5834.00   1.94700e-13
       5835.40   1.93600e-13
       5836.80   1.93500e-13
       5838.20   1.96600e-13
       5839.60   1.97600e-13
       5841.00   1.91000e-13
       5842.40   1.88500e-13
       5843.80   1.94000e-13
       5845.20   1.96800e-13
       5846.60   1.97000e-13
       5848.00   2.01600e-13
       5849.40   2.01000e-13
       5850.80   1.98900e-13
       5852.20   1.94100e-13
       5853.60   1.92100e-13
       5855.00   1.92000e-13
       5856.40   1.91100e-13
       5857.80   1.94100e-13
       5859.20   1.99500e-13
       5860.60   1.99200e-13
       5862.00   1.99000e-13
       5863.40   1.92800e-13
       5864.80   1.90300e-13
       5866.20   1.94200e-13
       5867.60   1.92600e-13
       5869.00   1.92800e-13
       5870.40   1.91600e-13
       5871.80   1.85600e-13
       5873.20   1.85400e-13
       5874.60   1.89900e-13
       5876.00   1.93400e-13
       5877.40   1.94000e-13
       5878.80   1.92700e-13
       5880.20   1.88100e-13
       5881.60   1.87600e-13
       5883.00   1.90800e-13
       5884.40   1.87600e-13
       5885.80   1.80100e-13
       5887.20   1.74800e-13
       5888.60   1.70900e-13
       5890.00   1.72100e-13
       5891.40   1.75300e-13
       5892.80   1.75900e-13
       5894.20   1.67200e-13
       5895.60   1.64600e-13
       5897.00   1.76800e-13
       5898.40   1.85700e-13
       5899.80   1.88100e-13
       5901.20   1.86100e-13
       5902.60   1.84200e-13
       5904.00   1.87400e-13
       5905.40   1.90200e-13
       5906.80   1.85700e-13
       5908.20   1.82700e-13
       5909.60   1.82900e-13
       5911.00   1.83100e-13
       5912.40   1.86700e-13
       5913.80   1.85900e-13
       5915.20   1.88400e-13
       5916.60   1.93800e-13
       5918.00   1.95100e-13
       5919.40   1.89100e-13
       5920.80   1.85900e-13
       5922.20   1.87900e-13
       5923.60   1.88900e-13
       5925.00   1.88600e-13
       5926.40   1.87100e-13
       5927.80   1.86300e-13
       5929.20   1.86400e-13
       5930.60   1.85300e-13
       5932.00   1.84400e-13
       5933.40   1.78500e-13
       5934.80   1.83300e-13
       5936.20   1.84600e-13
       5937.60   1.84700e-13
       5939.00   1.86100e-13
       5940.40   1.81400e-13
       5941.80   1.80100e-13
       5943.20   1.78900e-13
       5944.60   1.75500e-13
       5946.00   1.73300e-13
       5947.40   1.74200e-13
       5948.80   1.75900e-13
       5950.20   1.82500e-13
       5951.60   1.84400e-13
       5953.00   1.83600e-13
       5954.40   1.79700e-13
       5955.80   1.83700e-13
       5957.20   1.79300e-13
       5958.60   1.72900e-13
       5960.00   1.72600e-13
       5961.40   1.74600e-13
       5962.80   1.78700e-13
       5964.20   1.83600e-13
       5965.60   1.83400e-13
       5967.00   1.81300e-13
       5968.40   1.79700e-13
       5969.80   1.79200e-13
       5971.20   1.79400e-13
       5972.60   1.81700e-13
       5974.00   1.84700e-13
       5975.40   1.83600e-13
       5976.80   1.77600e-13
       5978.20   1.76400e-13
       5979.60   1.80300e-13
       5981.00   1.83200e-13
       5982.40   1.84000e-13
       5983.80   1.85500e-13
       5985.20   1.86700e-13
       5986.60   1.81400e-13
       5988.00   1.77400e-13
       5989.40   1.79900e-13
       5990.80   1.82000e-13
       5992.20   1.80200e-13
       5993.60   1.79500e-13
       5995.00   1.81700e-13
       5996.40   1.80000e-13
       5997.80   1.80300e-13
       5999.20   1.80000e-13
       6000.60   1.80100e-13
       6002.00   1.79700e-13
       6003.40   1.77000e-13
       6004.80   1.76300e-13
       6006.20   1.77800e-13
       6007.60   1.80200e-13
       6009.00   1.78500e-13
       6010.40   1.76000e-13
       6011.80   1.78800e-13
       6013.20   1.77300e-13
       6014.60   1.76200e-13
       6016.00   1.77300e-13
       6017.40   1.78200e-13
       6018.80   1.79400e-13
       6020.20   1.80000e-13
       6021.60   1.79300e-13
       6023.00   1.84400e-13
       6024.40   1.84300e-13
       6025.80   1.81200e-13
       6027.20   1.74600e-13
       6028.60   1.78400e-13
       6030.00   1.79400e-13
       6031.40   1.76800e-13
       6032.80   1.77300e-13
       6034.20   1.77700e-13
       6035.60   1.79200e-13
       6037.00   1.70900e-13
       6038.40   1.70700e-13
       6039.80   1.68400e-13
       6041.20   1.67300e-13
       6042.60   1.70700e-13
       6044.00   1.71400e-13
       6045.40   1.72300e-13
       6046.80   1.68400e-13
       6048.20   1.69100e-13
       6049.60   1.66900e-13
       6051.00   1.67100e-13
       6052.40   1.71800e-13
       6053.80   1.75000e-13
       6055.20   1.76600e-13
       6056.60   1.76700e-13
       6058.00   1.75800e-13
       6059.40   1.73300e-13
       6060.80   1.71300e-13
       6062.20   1.70300e-13
       6063.60   1.68700e-13
       6065.00   1.70100e-13
       6066.40   1.69900e-13
       6067.80   1.73300e-13
       6069.20   1.77200e-13
       6070.60   1.74000e-13
       6072.00   1.71500e-13
       6073.40   1.71800e-13
       6074.80   1.71400e-13
       6076.20   1.69500e-13
       6077.60   1.65900e-13
       6079.00   1.64600e-13
       6080.40   1.62400e-13
       6081.80   1.65700e-13
       6083.20   1.67500e-13
       6084.60   1.66900e-13
       6086.00   1.68000e-13
       6087.40   1.70200e-13
       6088.80   1.68100e-13
       6090.20   1.66200e-13
       6091.60   1.68000e-13
       6093.00   1.68100e-13
       6094.40   1.68000e-13
       6095.80   1.68500e-13
       6097.20   1.70200e-13
       6098.60   1.74000e-13
       6100.00   1.71100e-13
       6101.40   1.67400e-13
       6102.80   1.65900e-13
       6104.20   1.65400e-13
       6105.60   1.66400e-13
       6107.00   1.66700e-13
       6108.40   1.70100e-13
       6109.80   1.74800e-13
       6111.20   1.74100e-13
       6112.60   1.69300e-13
       6114.00   1.67100e-13
       6115.40   1.69000e-13
       6116.80   1.68700e-13
       6118.20   1.68100e-13
       6119.60   1.67000e-13
       6121.00   1.66300e-13
       6122.40   1.68500e-13
       6123.80   1.67500e-13
       6125.20   1.64100e-13
       6126.60   1.64000e-13
       6128.00   1.67800e-13
       6129.40   1.69300e-13
       6130.80   1.67100e-13
       6132.20   1.68500e-13
       6133.60   1.72600e-13
       6135.00   1.78600e-13
       6136.40   1.79000e-13
       6137.80   1.75900e-13
       6139.20   1.74900e-13
       6140.60   1.67300e-13
       6142.00   1.69600e-13
       6143.40   1.69000e-13
       6144.80   1.64300e-13
       6146.20   1.58800e-13
       6147.60   1.56600e-13
       6149.00   1.63900e-13
       6150.40   1.65600e-13
       6151.80   1.68800e-13
       6153.20   1.65100e-13
       6154.60   1.60500e-13
       6156.00   1.59700e-13
       6157.40   1.61700e-13
       6158.80   1.61200e-13
       6160.20   1.61900e-13
       6161.60   1.63000e-13
       6163.00   1.65000e-13
       6164.40   1.66700e-13
       6165.80   1.68700e-13
       6167.20   1.63800e-13
       6168.60   1.61800e-13
       6170.00   1.60900e-13
       6171.40   1.66800e-13
       6172.80   1.70900e-13
       6174.20   1.71800e-13
       6175.60   1.71700e-13
       6177.00   1.72000e-13
       6178.40   1.72400e-13
       6179.80   1.65600e-13
       6181.20   1.62700e-13
       6182.60   1.62000e-13
       6184.00   1.59900e-13
       6185.40   1.59900e-13
       6186.80   1.55800e-13
       6188.20   1.55100e-13
       6189.60   1.63700e-13
       6191.00   1.69100e-13
       6192.40   1.69100e-13
       6193.80   1.69400e-13
       6195.20   1.72700e-13
       6196.60   1.77200e-13
       6198.00   1.74800e-13
       6199.40   1.69000e-13
       6200.80   1.66800e-13
       6202.20   1.65700e-13
       6203.60   1.65000e-13
       6205.00   1.62200e-13
       6206.40   1.61100e-13
       6207.80   1.63500e-13
       6209.20   1.62500e-13
       6210.60   1.59100e-13
       6212.00   1.60700e-13
       6213.40   1.67300e-13
       6214.80   1.72700e-13
       6216.20   1.67800e-13
       6217.60   1.62300e-13
       6219.00   1.60000e-13
       6220.40   1.56900e-13
       6221.80   1.55500e-13
       6223.20   1.54000e-13
       6224.60   1.49900e-13
       6226.00   1.51900e-13
       6227.40   1.54200e-13
       6228.80   1.57500e-13
       6230.20   1.60000e-13
       6231.60   1.58200e-13
       6233.00   1.54400e-13
       6234.40   1.59200e-13
       6235.80   1.61200e-13
       6237.20   1.61200e-13
       6238.60   1.58800e-13
       6240.00   1.57300e-13
       6241.40   1.57700e-13
       6242.80   1.58000e-13
       6244.20   1.57300e-13
       6245.60   1.55600e-13
       6247.00   1.54900e-13
       6248.40   1.55800e-13
       6249.80   1.62900e-13
       6251.20   1.63800e-13
       6252.60   1.61600e-13
       6254.00   1.60500e-13
       6255.40   1.56800e-13
       6256.80   1.54900e-13
       6258.20   1.58200e-13
       6259.60   1.65700e-13
       6261.00   1.67500e-13
       6262.40   1.62500e-13
       6263.80   1.59900e-13
       6265.20   1.60400e-13
       6266.60   1.58200e-13
       6268.00   1.54500e-13
       6269.40   1.52400e-13
       6270.80   1.52300e-13
       6272.20   1.54900e-13
       6273.60   1.58200e-13
       6275.00   1.56700e-13
       6276.40   1.48100e-13
       6277.80   1.44100e-13
       6279.20   1.46000e-13
       6280.60   1.45400e-13
       6282.00   1.46400e-13
       6283.40   1.47800e-13
       6284.80   1.50100e-13
       6286.20   1.57100e-13
       6287.60   1.59200e-13
       6289.00   1.59600e-13
       6290.40   1.58800e-13
       6291.80   1.58900e-13
       6293.20   1.55700e-13
       6294.60   1.56700e-13
       6296.00   1.56800e-13
       6297.40   1.54300e-13
       6298.80   1.52200e-13
       6300.20   1.50300e-13
       6301.60   1.48700e-13
       6303.00   1.49400e-13
       6304.40   1.51200e-13
       6305.80   1.53500e-13
       6307.20   1.51500e-13
       6308.60   1.54800e-13
       6310.00   1.51700e-13
       6311.40   1.49100e-13
       6312.80   1.48200e-13
       6314.20   1.49000e-13
       6315.60   1.49100e-13
       6317.00   1.49400e-13
       6318.40   1.49500e-13
       6319.80   1.50000e-13
       6321.20   1.50000e-13
       6322.60   1.51600e-13
       6324.00   1.51400e-13
       6325.40   1.50100e-13
       6326.80   1.49400e-13
       6328.20   1.48800e-13
       6329.60   1.48300e-13
       6331.00   1.46200e-13
       6332.40   1.47000e-13
       6333.80   1.49900e-13
       6335.20   1.50500e-13
       6336.60   1.49400e-13
       6338.00   1.48300e-13
       6339.40   1.49700e-13
       6340.80   1.52000e-13
       6342.20   1.51500e-13
       6343.60   1.49900e-13
       6345.00   1.51400e-13
       6346.40   1.52000e-13
       6347.80   1.47900e-13
       6349.20   1.45600e-13
       6350.60   1.47600e-13
       6352.00   1.50300e-13
       6353.40   1.50100e-13
       6354.80   1.50600e-13
       6356.20   1.50300e-13
       6357.60   1.48800e-13
       6359.00   1.48600e-13
       6360.40   1.49100e-13
       6361.80   1.50100e-13
       6363.20   1.48900e-13
       6364.60   1.49600e-13
       6366.00   1.53100e-13
       6367.40   1.53600e-13
       6368.80   1.51600e-13
       6370.20   1.46000e-13
       6371.60   1.44800e-13
       6373.00   1.46700e-13
       6374.40   1.45900e-13
       6375.80   1.48700e-13
       6377.20   1.50300e-13
       6378.60   1.50400e-13
       6380.00   1.51900e-13
       6381.40   1.50900e-13
       6382.80   1.46700e-13
       6384.20   1.46400e-13
       6385.60   1.46500e-13
       6387.00   1.45000e-13
       6388.40   1.44500e-13
       6389.80   1.45800e-13
       6391.20   1.45500e-13
       6392.60   1.42200e-13
       6394.00   1.39100e-13
       6395.40   1.41300e-13
       6396.80   1.44800e-13
       6398.20   1.46300e-13
       6399.60   1.45400e-13
       6401.00   1.46000e-13
       6402.40   1.49300e-13
       6403.80   1.49600e-13
       6405.20   1.48600e-13
       6406.60   1.47600e-13
       6408.00   1.46500e-13
       6409.40   1.48400e-13
       6410.80   1.49500e-13
       6412.20   1.51000e-13
       6413.60   1.53000e-13
       6415.00   1.47300e-13
       6416.40   1.44600e-13
       6417.80   1.47800e-13
       6419.20   1.46100e-13
       6420.60   1.43300e-13
       6422.00   1.43400e-13
       6423.40   1.49200e-13
       6424.80   1.51900e-13
       6426.20   1.48500e-13
       6427.60   1.42900e-13
       6429.00   1.40700e-13
       6430.40   1.43900e-13
       6431.80   1.44200e-13
       6433.20   1.46600e-13
       6434.60   1.46900e-13
       6436.00   1.42000e-13
       6437.40   1.45300e-13
       6438.80   1.48700e-13
       6440.20   1.48900e-13
       6441.60   1.48100e-13
       6443.00   1.44900e-13
       6444.40   1.42500e-13
       6445.80   1.38900e-13
       6447.20   1.34200e-13
       6448.60   1.35400e-13
       6450.00   1.39800e-13
       6451.40   1.42900e-13
       6452.80   1.44900e-13
       6454.20   1.45400e-13
       6455.60   1.44100e-13
       6457.00   1.43000e-13
       6458.40   1.41900e-13
       6459.80   1.41900e-13
       6461.20   1.43400e-13
       6462.60   1.46800e-13
       6464.00   1.45900e-13
       6465.40   1.44900e-13
       6466.80   1.44800e-13
       6468.20   1.42000e-13
       6469.60   1.38300e-13
       6471.00   1.37000e-13
       6472.40   1.38200e-13
       6473.80   1.40200e-13
       6475.20   1.39400e-13
       6476.60   1.38000e-13
       6478.00   1.38300e-13
       6479.40   1.37900e-13
       6480.80   1.37100e-13
       6482.20   1.38200e-13
       6483.60   1.41400e-13
       6485.00   1.44500e-13
       6486.40   1.44600e-13
       6487.80   1.41600e-13
       6489.20   1.40500e-13
       6490.60   1.40800e-13
       6492.00   1.38200e-13
       6493.40   1.33800e-13
       6494.80   1.32200e-13
       6496.20   1.36500e-13
       6497.60   1.40500e-13
       6499.00   1.43300e-13
       6500.40   1.46700e-13
       6501.80   1.46900e-13
       6503.20   1.42900e-13
       6504.60   1.40200e-13
       6506.00   1.39500e-13
       6507.40   1.40200e-13
       6508.80   1.38100e-13
       6510.20   1.38500e-13
       6511.60   1.37700e-13
       6513.00   1.34800e-13
       6514.40   1.35200e-13
       6515.80   1.35000e-13
       6517.20   1.33300e-13
       6518.60   1.33600e-13
       6520.00   1.36800e-13
       6521.40   1.35000e-13
       6522.80   1.33700e-13
       6524.20   1.33600e-13
       6525.60   1.34100e-13
       6527.00   1.30400e-13
       6528.40   1.28900e-13
       6529.80   1.28700e-13
       6531.20   1.24900e-13
       6532.60   1.27700e-13
       6534.00   1.32600e-13
       6535.40   1.33700e-13
       6536.80   1.32800e-13
       6538.20   1.31000e-13
       6539.60   1.28400e-13
       6541.00   1.27300e-13
       6542.40   1.25900e-13
       6543.80   1.20000e-13
       6545.20   1.16300e-13
       6546.60   1.16500e-13
       6548.00   1.16500e-13
       6549.40   1.12300e-13
       6550.80   1.11100e-13
       6552.20   1.10400e-13
       6553.60   1.06200e-13
       6555.00   1.02500e-13
       6556.40   9.75400e-14
       6557.80   9.43100e-14
       6559.20   8.96800e-14
       6560.60   8.13500e-14
       6562.00   7.59400e-14
       6563.40   7.87500e-14
       6564.80   8.85100e-14
       6566.20   9.60200e-14
       6567.60   9.97100e-14
       6569.00   9.97900e-14
       6570.40   1.03000e-13
       6571.80   1.08300e-13
       6573.20   1.11300e-13
       6574.60   1.14600e-13
       6576.00   1.17100e-13
       6577.40   1.17700e-13
       6578.80   1.21400e-13
       6580.20   1.24500e-13
       6581.60   1.26700e-13
       6583.00   1.25700e-13
       6584.40   1.25800e-13
       6585.80   1.25500e-13
       6587.20   1.24200e-13
       6588.60   1.30600e-13
       6590.00   1.33700e-13
       6591.40   1.33100e-13
       6592.80   1.34700e-13
       6594.20   1.31200e-13
       6595.60   1.32900e-13
       6597.00   1.34700e-13
       6598.40   1.36700e-13
       6599.80   1.37000e-13
       6601.20   1.34100e-13
       6602.60   1.30900e-13
       6604.00   1.31300e-13
       6605.40   1.33500e-13
       6606.80   1.33400e-13
       6608.20   1.31800e-13
       6609.60   1.30300e-13
       6611.00   1.32500e-13
       6612.40   1.33300e-13
       6613.80   1.35500e-13
       6615.20   1.38100e-13
       6616.60   1.38700e-13
       6618.00   1.37300e-13
       6619.40   1.35500e-13
       6620.80   1.35400e-13
       6622.20   1.39200e-13
       6623.60   1.40400e-13
       6625.00   1.37400e-13
       6626.40   1.37600e-13
       6627.80   1.36900e-13
       6629.20   1.32800e-13
       6630.60   1.29100e-13
       6632.00   1.28500e-13
       6633.40   1.31100e-13
       6634.80   1.30000e-13
       6636.20   1.26900e-13
       6637.60   1.27800e-13
       6639.00   1.29600e-13
       6640.40   1.33400e-13
       6641.80   1.35200e-13
       6643.20   1.31000e-13
       6644.60   1.30200e-13
       6646.00   1.30000e-13
       6647.40   1.30200e-13
       6648.80   1.31000e-13
       6650.20   1.29600e-13
       6651.60   1.27500e-13
       6653.00   1.27400e-13
       6654.40   1.27500e-13
       6655.80   1.31300e-13
       6657.20   1.31100e-13
       6658.60   1.28500e-13
       6660.00   1.26600e-13
       6661.40   1.29500e-13
       6662.80   1.26200e-13
       6664.20   1.22900e-13
       6665.60   1.19900e-13
       6667.00   1.25000e-13
       6668.40   1.26600e-13
       6669.80   1.26300e-13
       6671.20   1.23300e-13
       6672.60   1.20200e-13
       6674.00   1.22300e-13
       6675.40   1.26100e-13
       6676.80   1.27000e-13
       6678.20   1.28500e-13
       6679.60   1.26800e-13
       6681.00   1.25500e-13
       6682.40   1.26500e-13
       6683.80   1.25500e-13
       6685.20   1.26400e-13
       6686.60   1.28100e-13
       6688.00   1.27100e-13
       6689.40   1.25100e-13
       6690.80   1.27800e-13
       6692.20   1.28700e-13
       6693.60   1.26800e-13
       6695.00   1.26500e-13
       6696.40   1.24700e-13
       6697.80   1.23300e-13
       6699.20   1.24000e-13
       6700.60   1.24500e-13
       6702.00   1.26000e-13
       6703.40   1.28000e-13
       6704.80   1.30400e-13
       6706.20   1.33200e-13
       6707.60   1.29800e-13
       6709.00   1.25000e-13
       6710.40   1.26200e-13
       6711.80   1.28300e-13
       6713.20   1.29900e-13
       6714.60   1.27300e-13
       6716.00   1.22900e-13
       6717.40   1.22500e-13
       6718.80   1.22500e-13
       6720.20   1.22700e-13
       6721.60   1.26000e-13
       6723.00   1.28200e-13
       6724.40   1.28800e-13
       6725.80   1.27800e-13
       6727.20   1.25700e-13
       6728.60   1.21200e-13
       6730.00   1.19800e-13
       6731.40   1.22500e-13
       6732.80   1.22400e-13
       6734.20   1.25400e-13
       6735.60   1.25200e-13
       6737.00   1.24700e-13
       6738.40   1.22600e-13
       6739.80   1.23100e-13
       6741.20   1.21400e-13
       6742.60   1.21600e-13
       6744.00   1.23100e-13
       6745.40   1.22900e-13
       6746.80   1.25400e-13
       6748.20   1.26900e-13
       6749.60   1.27000e-13
       6751.00   1.26300e-13
       6752.40   1.25800e-13
       6753.80   1.26400e-13
       6755.20   1.25100e-13
       6756.60   1.26100e-13
       6758.00   1.27400e-13
       6759.40   1.23700e-13
       6760.80   1.17800e-13
       6762.20   1.17600e-13
       6763.60   1.20000e-13
       6765.00   1.18900e-13
       6766.40   1.16500e-13
       6767.80   1.21800e-13
       6769.20   1.24500e-13
       6770.60   1.21700e-13
       6772.00   1.20400e-13
       6773.40   1.19300e-13
       6774.80   1.18600e-13
       6776.20   1.19600e-13
       6777.60   1.20200e-13
       6779.00   1.22300e-13
       6780.40   1.23700e-13
       6781.80   1.21900e-13
       6783.20   1.21000e-13
       6784.60   1.20400e-13
       6786.00   1.19600e-13
       6787.40   1.20100e-13
       6788.80   1.20100e-13
       6790.20   1.19900e-13
       6791.60   1.21900e-13
       6793.00   1.24700e-13
       6794.40   1.25300e-13
       6795.80   1.25300e-13
       6797.20   1.23000e-13
       6798.60   1.21800e-13
       6800.00   1.23300e-13
       6801.40   1.26100e-13
       6802.80   1.26500e-13
       6804.20   1.25900e-13
       6805.60   1.28700e-13
       6807.00   1.28900e-13
       6808.40   1.26300e-13
       6809.80   1.22100e-13
       6811.20   1.20400e-13
       6812.60   1.17600e-13
       6814.00   1.19700e-13
       6815.40   1.22500e-13
       6816.80   1.26200e-13
       6818.20   1.25600e-13
       6819.60   1.23400e-13
       6821.00   1.22700e-13
       6822.40   1.22700e-13
       6823.80   1.23500e-13
       6825.20   1.20300e-13
       6826.60   1.17500e-13
       6828.00   1.17400e-13
       6829.40   1.21100e-13
       6830.80   1.22400e-13
       6832.20   1.22500e-13
       6833.60   1.21200e-13
       6835.00   1.16000e-13
       6836.40   1.17800e-13
       6837.80   1.19400e-13
       6839.20   1.18000e-13
       6840.60   1.17700e-13
       6842.00   1.22700e-13
       6843.40   1.23700e-13
       6844.80   1.19100e-13
       6846.20   1.18000e-13
       6847.60   1.19100e-13
       6849.00   1.18300e-13
       6850.40   1.17800e-13
       6851.80   1.19400e-13
       6853.20   1.24600e-13
       6854.60   1.29100e-13
       6856.00   1.25900e-13
       6857.40   1.20900e-13
       6858.80   1.17800e-13
       6860.20   1.16800e-13
       6861.60   1.18300e-13
       6863.00   1.18400e-13
       6864.40   1.16700e-13
       6865.80   1.12100e-13
       6867.20   1.00300e-13
       6868.60   8.89600e-14
       6870.00   8.63100e-14
       6871.40   8.58800e-14
       6872.80   8.50200e-14
       6874.20   8.31300e-14
       6875.60   8.32900e-14
       6877.00   8.68300e-14
       6878.40   9.24900e-14
       6879.80   1.00200e-13
       6881.20   1.04300e-13
       6882.60   1.06600e-13
       6884.00   1.08100e-13
       6885.40   1.05100e-13
       6886.80   1.01900e-13
       6888.20   1.00800e-13
       6889.60   1.01600e-13
       6891.00   1.02400e-13
       6892.40   1.03900e-13
       6893.80   1.06600e-13
       6895.20   1.10200e-13
       6896.60   1.12000e-13
       6898.00   1.11500e-13
       6899.40   1.10300e-13
       6900.80   1.09500e-13
       6902.20   1.08800e-13
       6903.60   1.05300e-13
       6905.00   1.04700e-13
       6906.40   1.07200e-13
       6907.80   1.09500e-13
       6909.20   1.11200e-13
       6910.60   1.12300e-13
       6912.00   1.11600e-13
       6913.40   1.10200e-13
       6914.80   1.08700e-13
       6916.20   1.10800e-13
       6917.60   1.11400e-13
       6919.00   1.10000e-13
       6920.40   1.10900e-13
       6921.80   1.10500e-13
       6923.20   1.11500e-13
       6924.60   1.12100e-13
       6926.00   1.09500e-13
       6927.40   1.10100e-13
       6928.80   1.10400e-13
       6930.20   1.09100e-13
       6931.60   1.10800e-13
       6933.00   1.11900e-13
       6934.40   1.11600e-13
       6935.80   1.11200e-13
       6937.20   1.12200e-13
       6938.60   1.12000e-13
       6940.00   1.09800e-13
       6941.40   1.04200e-13
       6942.80   1.03500e-13
       6944.20   1.08900e-13
       6945.60   1.09300e-13
       6947.00   1.07900e-13
       6948.40   1.07900e-13
       6949.80   1.13600e-13
       6951.20   1.12500e-13
       6952.60   1.09600e-13
       6954.00   1.09100e-13
       6955.40   1.13000e-13
       6956.80   1.11700e-13
       6958.20   1.12500e-13
       6959.60   1.13600e-13
       6961.00   1.14500e-13
       6962.40   1.15000e-13
       6963.80   1.14000e-13
       6965.20   1.14800e-13
       6966.60   1.15200e-13
       6968.00   1.16300e-13
       6969.40   1.20800e-13
       6970.80   1.25300e-13
       6972.20   1.26300e-13
       6973.60   1.20600e-13
       6975.00   1.12300e-13
       6976.40   1.13900e-13
       6977.80   1.15500e-13
       6979.20   1.14900e-13
       6980.60   1.14500e-13
       6982.00   1.16100e-13
       6983.40   1.18300e-13
       6984.80   1.17100e-13
       6986.20   1.15100e-13
       6987.60   1.12900e-13
       6989.00   1.14200e-13
       6990.40   1.16600e-13
       6991.80   1.15800e-13
       6993.20   1.14700e-13
       6994.60   1.13000e-13
       6996.00   1.12800e-13
       6997.40   1.15400e-13
       6998.80   1.17800e-13
       7000.20   1.18700e-13
       7001.60   1.16600e-13
       7003.00   1.13400e-13
       7004.40   1.12000e-13
       7005.80   1.11700e-13
       7007.20   1.12400e-13
       7008.60   1.14400e-13
       7010.00   1.15000e-13
       7011.40   1.13100e-13
       7012.80   1.11600e-13
       7014.20   1.10500e-13
       7015.60   1.11500e-13
       7017.00   1.10000e-13
       7018.40   1.06200e-13
       7019.80   1.05100e-13
       7021.20   1.05200e-13
       7022.60   1.05900e-13
       7024.00   1.08300e-13
       7025.40   1.07900e-13
       7026.80   1.07800e-13
       7028.20   1.07400e-13
       7029.60   1.08000e-13
       7031.00   1.08700e-13
       7032.40   1.08000e-13
       7033.80   1.08400e-13
       7035.20   1.08000e-13
       7036.60   1.11900e-13
       7038.00   1.11500e-13
       7039.40   1.09800e-13
       7040.80   1.10300e-13
       7042.20   1.12800e-13
       7043.60   1.07700e-13
       7045.00   1.05900e-13
       7046.40   1.07900e-13
       7047.80   1.10900e-13
       7049.20   1.10800e-13
       7050.60   1.16700e-13
       7052.00   1.15500e-13
       7053.40   1.11800e-13
       7054.80   1.12300e-13
       7056.20   1.15000e-13
       7057.60   1.18800e-13
       7059.00   1.18900e-13
       7060.40   1.15800e-13
       7061.80   1.12500e-13
       7063.20   1.10700e-13
       7064.60   1.11900e-13
       7066.00   1.15500e-13
       7067.40   1.16900e-13
       7068.80   1.18500e-13
       7070.20   1.20700e-13
       7071.60   1.16200e-13
       7073.00   1.09700e-13
       7074.40   1.08100e-13
       7075.80   1.09300e-13
       7077.20   1.13100e-13
       7078.60   1.15100e-13
       7080.00   1.14900e-13
       7081.40   1.17400e-13
       7082.80   1.13700e-13
       7084.20   1.11700e-13
       7085.60   1.14200e-13
       7087.00   1.16200e-13
       7088.40   1.12000e-13
       7089.80   1.09200e-13
       7091.20   1.10200e-13
       7092.60   1.11600e-13
       7094.00   1.16300e-13
       7095.40   1.11000e-13
       7096.80   1.09100e-13
       7098.20   1.09500e-13
       7099.60   1.13100e-13
       7101.00   1.16200e-13
       7102.40   1.11200e-13
       7103.80   1.06000e-13
       7105.20   1.03500e-13
       7106.60   1.04000e-13
       7108.00   1.06500e-13
       7109.40   1.12100e-13
       7110.80   1.14800e-13
       7112.20   1.11800e-13
       7113.60   1.06900e-13
       7115.00   1.05100e-13
       7116.40   1.09200e-13
       7117.80   1.08100e-13
       7119.20   1.06400e-13
       7120.60   1.07100e-13
       7122.00   1.10700e-13
       7123.40   1.17600e-13
       7124.80   1.17000e-13
       7126.20   1.12000e-13
       7127.60   1.07300e-13
       7129.00   1.04600e-13
       7130.40   1.04200e-13
       7131.80   1.06200e-13
       7133.20   1.09900e-13
       7134.60   1.12100e-13
       7136.00   1.13600e-13
       7137.40   1.14000e-13
       7138.80   1.11600e-13
       7140.20   1.07600e-13
       7141.60   1.06800e-13
       7143.00   1.10100e-13
       7144.40   1.13200e-13
       7145.80   1.11300e-13
       7147.20   1.04400e-13
       7148.60   1.00800e-13
       7150.00   1.03600e-13
       7151.40   1.08000e-13
       7152.80   1.09200e-13
       7154.20   1.07800e-13
       7155.60   1.09800e-13
       7157.00   1.11700e-13
       7158.40   1.11000e-13
       7159.80   1.10300e-13
       7161.20   1.12400e-13
       7162.60   1.13700e-13
       7164.00   1.14800e-13
       7165.40   1.13400e-13
       7166.80   1.09000e-13
       7168.20   1.04600e-13
       7169.60   1.01300e-13
       7171.00   1.01100e-13
       7172.40   1.03700e-13
       7173.80   1.01200e-13
       7175.20   9.85400e-14
       7176.60   9.52500e-14
       7178.00   9.56300e-14
       7179.40   1.00500e-13
       7180.80   1.01300e-13
       7182.20   9.84900e-14
       7183.60   9.35000e-14
       7185.00   9.09700e-14
       7186.40   9.40400e-14
       7187.80   1.03600e-13
       7189.20   1.01400e-13
       7190.60   1.01900e-13
       7192.00   1.03000e-13
       7193.40   9.89800e-14
       7194.80   9.84100e-14
       7196.20   9.98600e-14
       7197.60   1.00900e-13
       7199.00   1.01200e-13
       7200.40   9.53600e-14
       7201.80   9.22700e-14
       7203.20   9.20500e-14
       7204.60   9.17500e-14
       7206.00   9.62000e-14
       7207.40   1.02600e-13
       7208.80   1.07500e-13
       7210.20   1.10200e-13
       7211.60   1.12100e-13
       7213.00   1.14000e-13
       7214.40   1.16100e-13
       7215.80   1.16100e-13
       7217.20   1.12300e-13
       7218.60   1.13100e-13
       7220.00   1.15700e-13
       7221.40   1.12300e-13
       7222.80   1.09700e-13
       7224.20   1.10100e-13
       7225.60   1.10200e-13
       7227.00   1.09400e-13
       7228.40   1.08400e-13
       7229.80   1.05900e-13
       7231.20   9.91500e-14
       7232.60   9.45700e-14
       7234.00   9.34400e-14
       7235.40   9.76700e-14
       7236.80   1.07200e-13
       7238.20   1.09700e-13
       7239.60   1.05400e-13
       7241.00   1.02700e-13
       7242.40   1.00400e-13
       7243.80   9.98900e-14
       7245.20   1.00100e-13
       7246.60   1.06000e-13
       7248.00   1.02000e-13
       7249.40   9.95500e-14
       7250.80   9.74700e-14
       7252.20   9.17800e-14
       7253.60   9.18100e-14
       7255.00   9.80900e-14
       7256.40   9.56500e-14
       7257.80   9.53900e-14
       7259.20   9.59300e-14
       7260.60   9.89700e-14
       7262.00   9.81700e-14
       7263.40   9.77700e-14
       7264.80   1.00500e-13
       7266.20   1.05700e-13
       7267.60   1.11200e-13
       7269.00   1.11600e-13
       7270.40   1.11100e-13
       7271.80   1.08400e-13
       7273.20   1.06600e-13
       7274.60   1.01800e-13
       7276.00   9.51500e-14
       7277.40   9.52000e-14
       7278.80   1.01000e-13
       7280.20   1.02300e-13
       7281.60   1.01900e-13
       7283.00   1.05100e-13
       7284.40   1.08100e-13
       7285.80   1.06300e-13
       7287.20   1.03200e-13
       7288.60   1.02700e-13
       7290.00   1.02300e-13
       7291.40   1.01300e-13
       7292.80   1.00400e-13
       7294.20   1.01800e-13
       7295.60   1.00800e-13
       7297.00   9.75700e-14
       7298.40   9.94300e-14
       7299.80   9.98300e-14
       7301.20   1.01100e-13
       7302.60   1.01700e-13
       7304.00   1.01800e-13
       7305.40   1.03600e-13
       7306.80   1.05600e-13
       7308.20   1.02500e-13
       7309.60   9.68600e-14
       7311.00   9.26500e-14
       7312.40   9.37700e-14
       7313.80   9.59200e-14
       7315.20   1.07000e-13
       7316.60   1.09600e-13
       7318.00   1.05600e-13
       7319.40   1.01700e-13
       7320.80   9.84500e-14
       7322.20   1.05000e-13
       7323.60   1.04000e-13
       7325.00   9.95400e-14
       7326.40   9.70000e-14
       7327.80   9.43300e-14
       7329.20   9.23800e-14
       7330.60   8.93200e-14
       7332.00   9.06800e-14
       7333.40   9.40800e-14
       7334.80   9.55600e-14
       7336.20   9.37300e-14
       7337.60   9.33000e-14
       7339.00   9.40900e-14
       7340.40   9.55300e-14
       7341.80   9.67400e-14
       7343.20   9.53000e-14
       7344.60   9.93100e-14
       7346.00   9.81300e-14
       7347.40   9.47900e-14
       7348.80   9.51600e-14
       7350.20   9.56000e-14
       7351.60   9.47300e-14
       7353.00   9.61200e-14
       7354.40   9.82900e-14
       7355.80   9.73500e-14
       7357.20   9.57100e-14
       7358.60   9.73500e-14
       7360.00   9.83000e-14
       7361.40   9.77400e-14
       7362.80   9.72600e-14
       7364.20   9.56000e-14
       7365.60   9.79900e-14
       7367.00   1.02100e-13
       7368.40   1.01400e-13
       7369.80   9.91200e-14
       7371.20   9.75600e-14
       7372.60   9.64300e-14
       7374.00   9.75400e-14
       7375.40   1.00400e-13
       7376.80   1.01100e-13
       7378.20   1.01400e-13
       7379.60   1.00400e-13
       7381.00   1.00100e-13
       7382.40   9.88800e-14
       7383.80   1.01700e-13
       7385.20   1.04300e-13
       7386.60   1.06000e-13
       7388.00   1.11100e-13
       7389.40   1.07600e-13
       7390.80   1.06200e-13
       7392.20   1.03300e-13
       7393.60   1.03000e-13
       7395.00   9.89800e-14
       7396.40   9.24400e-14
       7397.80   9.09000e-14
       7399.20   9.51700e-14
       7400.60   1.00200e-13
       7402.00   9.94000e-14
       7403.40   9.47400e-14
       7404.80   9.47100e-14
       7406.20   9.39000e-14
       7407.60   9.03100e-14
       7409.00   8.90100e-14
       7410.40   9.11600e-14
       7411.80   9.40500e-14
       7413.20   9.35400e-14
       7414.60   9.34300e-14
       7416.00   9.76200e-14
       7417.40   1.01000e-13
       7418.80   1.05100e-13
       7420.20   1.08400e-13
       7421.60   1.06700e-13
       7423.00   1.04100e-13
       7424.40   1.01200e-13
       7425.80   9.97900e-14
       7427.20   1.00200e-13
