       3510.00   1.93600e-12
       3511.40   1.94500e-12
       3512.80   1.96000e-12
       3514.20   1.96900e-12
       3515.60   1.90900e-12
       3517.00   1.90500e-12
       3518.40   1.90700e-12
       3519.80   1.90300e-12
       3521.20   1.93200e-12
       3522.60   2.03900e-12
       3524.00   2.10400e-12
       3525.40   2.06800e-12
       3526.80   2.03100e-12
       3528.20   2.04500e-12
       3529.60   2.03400e-12
       3531.00   2.00800e-12
       3532.40   2.00500e-12
       3533.80   2.03600e-12
       3535.20   2.03000e-12
       3536.60   2.04900e-12
       3538.00   2.10800e-12
       3539.40   2.13600e-12
       3540.80   2.11500e-12
       3542.20   2.09300e-12
       3543.60   2.08200e-12
       3545.00   2.04500e-12
       3546.40   1.97200e-12
       3547.80   1.96700e-12
       3549.20   1.96400e-12
       3550.60   1.93600e-12
       3552.00   1.91900e-12
       3553.40   1.93600e-12
       3554.80   1.98400e-12
       3556.20   1.98200e-12
       3557.60   1.94100e-12
       3559.00   1.93200e-12
       3560.40   1.93400e-12
       3561.80   1.93300e-12
       3563.20   1.92400e-12
       3564.60   1.86900e-12
       3566.00   1.83100e-12
       3567.40   1.84600e-12
       3568.80   1.86800e-12
       3570.20   1.84300e-12
       3571.60   1.81700e-12
       3573.00   1.81900e-12
       3574.40   1.83700e-12
       3575.80   1.82700e-12
       3577.20   1.81700e-12
       3578.60   1.84100e-12
       3580.00   1.85700e-12
       3581.40   1.86200e-12
       3582.80   1.91600e-12
       3584.20   1.92600e-12
       3585.60   1.90200e-12
       3587.00   1.85100e-12
       3588.40   1.81900e-12
       3589.80   1.86000e-12
       3591.20   1.90200e-12
       3592.60   1.86000e-12
       3594.00   1.88600e-12
       3595.40   1.90800e-12
       3596.80   1.86900e-12
       3598.20   1.81800e-12
       3599.60   1.78300e-12
       3601.00   1.83100e-12
       3602.40   1.84900e-12
       3603.80   1.81200e-12
       3605.20   1.76700e-12
       3606.60   1.74900e-12
       3608.00   1.76700e-12
       3609.40   1.80200e-12
       3610.80   1.80100e-12
       3612.20   1.79700e-12
       3613.60   1.78500e-12
       3615.00   1.75900e-12
       3616.40   1.72600e-12
       3617.80   1.75000e-12
       3619.20   1.82300e-12
       3620.60   1.82500e-12
       3622.00   1.77600e-12
       3623.40   1.75300e-12
       3624.80   1.78800e-12
       3626.20   1.82000e-12
       3627.60   1.79300e-12
       3629.00   1.74600e-12
       3630.40   1.72400e-12
       3631.80   1.75000e-12
       3633.20   1.80800e-12
       3634.60   1.88700e-12
       3636.00   1.95200e-12
       3637.40   1.93700e-12
       3638.80   1.88600e-12
       3640.20   1.84800e-12
       3641.60   1.81000e-12
       3643.00   1.80100e-12
       3644.40   1.80700e-12
       3645.80   1.79200e-12
       3647.20   1.79600e-12
       3648.60   1.83100e-12
       3650.00   1.85400e-12
       3651.40   1.88500e-12
       3652.80   1.90900e-12
       3654.20   1.91600e-12
       3655.60   1.92200e-12
       3657.00   1.93100e-12
       3658.40   1.96700e-12
       3659.80   1.97200e-12
       3661.20   1.96600e-12
       3662.60   1.97200e-12
       3664.00   1.98400e-12
       3665.40   1.98400e-12
       3666.80   1.92200e-12
       3668.20   1.88800e-12
       3669.60   1.89700e-12
       3671.00   1.89700e-12
       3672.40   1.89600e-12
       3673.80   1.88600e-12
       3675.20   1.86500e-12
       3676.60   1.83100e-12
       3678.00   1.80500e-12
       3679.40   1.80600e-12
       3680.80   1.79200e-12
       3682.20   1.78100e-12
       3683.60   1.78800e-12
       3685.00   1.82000e-12
       3686.40   1.87500e-12
       3687.80   1.86800e-12
       3689.20   1.88000e-12
       3690.60   1.88500e-12
       3692.00   1.87500e-12
       3693.40   1.87300e-12
       3694.80   1.85000e-12
       3696.20   1.86300e-12
       3697.60   1.94300e-12
       3699.00   2.03200e-12
       3700.40   2.05500e-12
       3701.80   2.01700e-12
       3703.20   1.96300e-12
       3704.60   1.90000e-12
       3706.00   1.92900e-12
       3707.40   2.01900e-12
       3708.80   2.03200e-12
       3710.20   2.01600e-12
       3711.60   2.01600e-12
       3713.00   2.01900e-12
       3714.40   2.11000e-12
       3715.80   2.31400e-12
       3717.20   2.43200e-12
       3718.60   2.35500e-12
       3720.00   2.16500e-12
       3721.40   1.97800e-12
       3722.80   1.96400e-12
       3724.20   2.15100e-12
       3725.60   2.42400e-12
       3727.00   2.57200e-12
       3728.40   2.60400e-12
       3729.80   2.53500e-12
       3731.20   2.36300e-12
       3732.60   2.15100e-12
       3734.00   1.97300e-12
       3735.40   1.93300e-12
       3736.80   2.18000e-12
       3738.20   2.51000e-12
       3739.60   2.81000e-12
       3741.00   2.99800e-12
       3742.40   3.05900e-12
       3743.80   2.98100e-12
       3745.20   2.78000e-12
       3746.60   2.59000e-12
       3748.00   2.28200e-12
       3749.40   1.99600e-12
       3750.80   1.91900e-12
       3752.20   2.12600e-12
       3753.60   2.46200e-12
       3755.00   2.78000e-12
       3756.40   2.95900e-12
       3757.80   3.15200e-12
       3759.20   3.26300e-12
       3760.60   3.29800e-12
       3762.00   3.29200e-12
       3763.40   3.17100e-12
       3764.80   3.02800e-12
       3766.20   2.79800e-12
       3767.60   2.47900e-12
       3769.00   2.17200e-12
       3770.40   1.98700e-12
       3771.80   2.05200e-12
       3773.20   2.31600e-12
       3774.60   2.69300e-12
       3776.00   3.15900e-12
       3777.40   3.57900e-12
       3778.80   3.91400e-12
       3780.20   4.17700e-12
       3781.60   4.43600e-12
       3783.00   4.58100e-12
       3784.40   4.61500e-12
       3785.80   4.59100e-12
       3787.20   4.44900e-12
       3788.60   4.24800e-12
       3790.00   4.00700e-12
       3791.40   3.63300e-12
       3792.80   3.18500e-12
       3794.20   2.77600e-12
       3795.60   2.41300e-12
       3797.00   2.20400e-12
       3798.40   2.15700e-12
       3799.80   2.33000e-12
       3801.20   2.73100e-12
       3802.60   3.16300e-12
       3804.00   3.60500e-12
       3805.40   3.99600e-12
       3806.80   4.32100e-12
       3808.20   4.56300e-12
       3809.60   4.77500e-12
       3811.00   5.00800e-12
       3812.40   5.15000e-12
       3813.80   5.24500e-12
       3815.20   5.29700e-12
       3816.60   5.36600e-12
       3818.00   5.36600e-12
       3819.40   5.26400e-12
       3820.80   5.07100e-12
       3822.20   4.91300e-12
       3823.60   4.71500e-12
       3825.00   4.44600e-12
       3826.40   4.03800e-12
       3827.80   3.72600e-12
       3829.20   3.39700e-12
       3830.60   3.02200e-12
       3832.00   2.64700e-12
       3833.40   2.30300e-12
       3834.80   2.08600e-12
       3836.20   2.09300e-12
       3837.60   2.30100e-12
       3839.00   2.61500e-12
       3840.40   2.99800e-12
       3841.80   3.45400e-12
       3843.20   3.89300e-12
       3844.60   4.31000e-12
       3846.00   4.65500e-12
       3847.40   4.92700e-12
       3848.80   5.11100e-12
       3850.20   5.31600e-12
       3851.60   5.42500e-12
       3853.00   5.44800e-12
       3854.40   5.50200e-12
       3855.80   5.64500e-12
       3857.20   5.78500e-12
       3858.60   5.87600e-12
       3860.00   5.85700e-12
       3861.40   5.79100e-12
       3862.80   5.78700e-12
       3864.20   5.83900e-12
       3865.60   5.90300e-12
       3867.00   5.95300e-12
       3868.40   5.96100e-12
       3869.80   5.87000e-12
       3871.20   5.74700e-12
       3872.60   5.59000e-12
       3874.00   5.37900e-12
       3875.40   5.14100e-12
       3876.80   4.82600e-12
       3878.20   4.50700e-12
       3879.60   4.20800e-12
       3881.00   3.91700e-12
       3882.40   3.57200e-12
       3883.80   3.23200e-12
       3885.20   2.82900e-12
       3886.60   2.43000e-12
       3888.00   2.14100e-12
       3889.40   2.10400e-12
       3890.80   2.28500e-12
       3892.20   2.62100e-12
       3893.60   3.00500e-12
       3895.00   3.38700e-12
       3896.40   3.75500e-12
       3897.80   4.09400e-12
       3899.20   4.32200e-12
       3900.60   4.59800e-12
       3902.00   4.92700e-12
       3903.40   5.20900e-12
       3904.80   5.34900e-12
       3906.20   5.54400e-12
       3907.60   5.73400e-12
       3909.00   5.89700e-12
       3910.40   5.93400e-12
       3911.80   5.85200e-12
       3913.20   5.83300e-12
       3914.60   5.90500e-12
       3916.00   6.04600e-12
       3917.40   6.07600e-12
       3918.80   6.14700e-12
       3920.20   6.18700e-12
       3921.60   6.23100e-12
       3923.00   6.26900e-12
       3924.40   6.20200e-12
       3925.80   6.11600e-12
       3927.20   5.99400e-12
       3928.60   5.82500e-12
       3930.00   5.53000e-12
       3931.40   4.97200e-12
       3932.80   4.45000e-12
       3934.20   4.40300e-12
       3935.60   4.78600e-12
       3937.00   5.37500e-12
       3938.40   5.87900e-12
       3939.80   6.09300e-12
       3941.20   6.15100e-12
       3942.60   6.18100e-12
       3944.00   6.18900e-12
       3945.40   6.04100e-12
       3946.80   5.86400e-12
       3948.20   5.82100e-12
       3949.60   5.73600e-12
       3951.00   5.65800e-12
       3952.40   5.53000e-12
       3953.80   5.36400e-12
       3955.20   5.18000e-12
       3956.60   4.98200e-12
       3958.00   4.73200e-12
       3959.40   4.44200e-12
       3960.80   4.12700e-12
       3962.20   3.81800e-12
       3963.60   3.49000e-12
       3965.00   3.08900e-12
       3966.40   2.64900e-12
       3967.80   2.23400e-12
       3969.20   1.95700e-12
       3970.60   1.89300e-12
       3972.00   2.07800e-12
       3973.40   2.43900e-12
       3974.80   2.83500e-12
       3976.20   3.24600e-12
       3977.60   3.62900e-12
       3979.00   3.98700e-12
       3980.40   4.29400e-12
       3981.80   4.54400e-12
       3983.20   4.88300e-12
       3984.60   5.09500e-12
       3986.00   5.20500e-12
       3987.40   5.30800e-12
       3988.80   5.43300e-12
       3990.20   5.52200e-12
       3991.60   5.62500e-12
       3993.00   5.69200e-12
       3994.40   5.83400e-12
       3995.80   5.80900e-12
       3997.20   5.79500e-12
       3998.60   5.87200e-12
       4000.00   5.94800e-12
       4001.40   5.96600e-12
       4002.80   5.97700e-12
       4004.20   5.95600e-12
       4005.60   5.94400e-12
       4007.00   6.02600e-12
       4008.40   6.10800e-12
       4009.80   6.11000e-12
       4011.20   6.07900e-12
       4012.60   6.02300e-12
       4014.00   6.00000e-12
       4015.40   6.08200e-12
       4016.80   6.16300e-12
       4018.20   6.11600e-12
       4019.60   6.11300e-12
       4021.00   6.09800e-12
       4022.40   5.99400e-12
       4023.80   5.97200e-12
       4025.20   5.96200e-12
       4026.60   5.96700e-12
       4028.00   5.98200e-12
       4029.40   6.01600e-12
       4030.80   6.04700e-12
       4032.20   6.03900e-12
       4033.60   6.04900e-12
       4035.00   6.10100e-12
       4036.40   6.08400e-12
       4037.80   6.04900e-12
       4039.20   6.04300e-12
       4040.60   6.11900e-12
       4042.00   6.06100e-12
       4043.40   5.97500e-12
       4044.80   5.91900e-12
       4046.20   5.89100e-12
       4047.60   5.94000e-12
       4049.00   5.98700e-12
       4050.40   5.96800e-12
       4051.80   5.94300e-12
       4053.20   5.88900e-12
       4054.60   5.86600e-12
       4056.00   5.87600e-12
       4057.40   5.90000e-12
       4058.80   5.91100e-12
       4060.20   5.87300e-12
       4061.60   5.87300e-12
       4063.00   5.83600e-12
       4064.40   5.75700e-12
       4065.80   5.68500e-12
       4067.20   5.75000e-12
       4068.60   5.71700e-12
       4070.00   5.61200e-12
       4071.40   5.57300e-12
       4072.80   5.51200e-12
       4074.20   5.47800e-12
       4075.60   5.47500e-12
       4077.00   5.45700e-12
       4078.40   5.36700e-12
       4079.80   5.30200e-12
       4081.20   5.27200e-12
       4082.60   5.20900e-12
       4084.00   5.09400e-12
       4085.40   4.97100e-12
       4086.80   4.80500e-12
       4088.20   4.61100e-12
       4089.60   4.42400e-12
       4091.00   4.19100e-12
       4092.40   3.93800e-12
       4093.80   3.68500e-12
       4095.20   3.38100e-12
       4096.60   3.01200e-12
       4098.00   2.65500e-12
       4099.40   2.35200e-12
       4100.80   2.10000e-12
       4102.20   1.96300e-12
       4103.60   2.05100e-12
       4105.00   2.34000e-12
       4106.40   2.64800e-12
       4107.80   2.96200e-12
       4109.20   3.24500e-12
       4110.60   3.55700e-12
       4112.00   3.92100e-12
       4113.40   4.19600e-12
       4114.80   4.42700e-12
       4116.20   4.59500e-12
       4117.60   4.73000e-12
       4119.00   4.94800e-12
       4120.40   5.07400e-12
       4121.80   5.09800e-12
       4123.20   5.12700e-12
       4124.60   5.19600e-12
       4126.00   5.28800e-12
       4127.40   5.30600e-12
       4128.80   5.20500e-12
       4130.20   5.20100e-12
       4131.60   5.22600e-12
       4133.00   5.27000e-12
       4134.40   5.32200e-12
       4135.80   5.37500e-12
       4137.20   5.51400e-12
       4138.60   5.62600e-12
       4140.00   5.65000e-12
       4141.40   5.57300e-12
       4142.80   5.52600e-12
       4144.20   5.49200e-12
       4145.60   5.48900e-12
       4147.00   5.54400e-12
       4148.40   5.55300e-12
       4149.80   5.51200e-12
       4151.20   5.46800e-12
       4152.60   5.45700e-12
       4154.00   5.50300e-12
       4155.40   5.55900e-12
       4156.80   5.58800e-12
       4158.20   5.53500e-12
       4159.60   5.54700e-12
       4161.00   5.55200e-12
       4162.40   5.51500e-12
       4163.80   5.55400e-12
       4165.20   5.54400e-12
       4166.60   5.55300e-12
       4168.00   5.58500e-12
       4169.40   5.57000e-12
       4170.80   5.54400e-12
       4172.20   5.41200e-12
       4173.60   5.30100e-12
       4175.00   5.30400e-12
       4176.40   5.32900e-12
       4177.80   5.34900e-12
       4179.20   5.33600e-12
       4180.60   5.33500e-12
       4182.00   5.35800e-12
       4183.40   5.37500e-12
       4184.80   5.40600e-12
       4186.20   5.46900e-12
       4187.60   5.43300e-12
       4189.00   5.43500e-12
       4190.40   5.45300e-12
       4191.80   5.38300e-12
       4193.20   5.39800e-12
       4194.60   5.41900e-12
       4196.00   5.37200e-12
       4197.40   5.33400e-12
       4198.80   5.29000e-12
       4200.20   5.27300e-12
       4201.60   5.29700e-12
       4203.00   5.30100e-12
       4204.40   5.33500e-12
       4205.80   5.36500e-12
       4207.20   5.41100e-12
       4208.60   5.46300e-12
       4210.00   5.43900e-12
       4211.40   5.45400e-12
       4212.80   5.45500e-12
       4214.20   5.37700e-12
       4215.60   5.28800e-12
       4217.00   5.26700e-12
       4218.40   5.28700e-12
       4219.80   5.37200e-12
       4221.20   5.36500e-12
       4222.60   5.36200e-12
       4224.00   5.32800e-12
       4225.40   5.23700e-12
       4226.80   5.14900e-12
       4228.20   5.13800e-12
       4229.60   5.15500e-12
       4231.00   5.20000e-12
       4232.40   5.18000e-12
       4233.80   5.11700e-12
       4235.20   5.14400e-12
       4236.60   5.24900e-12
       4238.00   5.36700e-12
       4239.40   5.37400e-12
       4240.80   5.37700e-12
       4242.20   5.38500e-12
       4243.60   5.30400e-12
       4245.00   5.22300e-12
       4246.40   5.15000e-12
       4247.80   5.08000e-12
       4249.20   5.07800e-12
       4250.60   5.20200e-12
       4252.00   5.26800e-12
       4253.40   5.22600e-12
       4254.80   5.21800e-12
       4256.20   5.21300e-12
       4257.60   5.22200e-12
       4259.00   5.18500e-12
       4260.40   5.14800e-12
       4261.80   5.13100e-12
       4263.20   5.17600e-12
       4264.60   5.22000e-12
       4266.00   5.21500e-12
       4267.40   5.25500e-12
       4268.80   5.22100e-12
       4270.20   5.08400e-12
       4271.60   5.00200e-12
       4273.00   4.96300e-12
       4274.40   4.95300e-12
       4275.80   5.03700e-12
       4277.20   5.06400e-12
       4278.60   5.13500e-12
       4280.00   5.17300e-12
       4281.40   5.15000e-12
       4282.80   5.09200e-12
       4284.20   5.07400e-12
       4285.60   5.06600e-12
       4287.00   5.03600e-12
       4288.40   4.93500e-12
       4289.80   4.96000e-12
       4291.20   4.97100e-12
       4292.60   4.98900e-12
       4294.00   5.04800e-12
       4295.40   5.06900e-12
       4296.80   5.04200e-12
       4298.20   4.96500e-12
       4299.60   4.85700e-12
       4301.00   4.78000e-12
       4302.40   4.70600e-12
       4303.80   4.66100e-12
       4305.20   4.73000e-12
       4306.60   4.73700e-12
       4308.00   4.74200e-12
       4309.40   4.73500e-12
       4310.80   4.69800e-12
       4312.20   4.70900e-12
       4313.60   4.63800e-12
       4315.00   4.55300e-12
       4316.40   4.52400e-12
       4317.80   4.55300e-12
       4319.20   4.57400e-12
       4320.60   4.48100e-12
       4322.00   4.34100e-12
       4323.40   4.23400e-12
       4324.80   4.14300e-12
       4326.20   4.02600e-12
       4327.60   3.87300e-12
       4329.00   3.69800e-12
       4330.40   3.51700e-12
       4331.80   3.32700e-12
       4333.20   3.11700e-12
       4334.60   2.88200e-12
       4336.00   2.62300e-12
       4337.40   2.34100e-12
       4338.80   2.06100e-12
       4340.20   1.86800e-12
       4341.60   1.81700e-12
       4343.00   1.93900e-12
       4344.40   2.19500e-12
       4345.80   2.49100e-12
       4347.20   2.76400e-12
       4348.60   3.00400e-12
       4350.00   3.22700e-12
       4351.40   3.39500e-12
       4352.80   3.59500e-12
       4354.20   3.79500e-12
       4355.60   3.95800e-12
       4357.00   4.11200e-12
       4358.40   4.21800e-12
       4359.80   4.34600e-12
       4361.20   4.44900e-12
       4362.60   4.50800e-12
       4364.00   4.55400e-12
       4365.40   4.60300e-12
       4366.80   4.61900e-12
       4368.20   4.65400e-12
       4369.60   4.67400e-12
       4371.00   4.71800e-12
       4372.40   4.77200e-12
       4373.80   4.80500e-12
       4375.20   4.78200e-12
       4376.60   4.79700e-12
       4378.00   4.85300e-12
       4379.40   4.95800e-12
       4380.80   4.89400e-12
       4382.20   4.81600e-12
       4383.60   4.78800e-12
       4385.00   4.75700e-12
       4386.40   4.77700e-12
       4387.80   4.76000e-12
       4389.20   4.78200e-12
       4390.60   4.80300e-12
       4392.00   4.74300e-12
       4393.40   4.76700e-12
       4394.80   4.78300e-12
       4396.20   4.75100e-12
       4397.60   4.76900e-12
       4399.00   4.75800e-12
       4400.40   4.72800e-12
       4401.80   4.74200e-12
       4403.20   4.77600e-12
       4404.60   4.80500e-12
       4406.00   4.82900e-12
       4407.40   4.82700e-12
       4408.80   4.79900e-12
       4410.20   4.74500e-12
       4411.60   4.73600e-12
       4413.00   4.77300e-12
       4414.40   4.71300e-12
       4415.80   4.65200e-12
       4417.20   4.60100e-12
       4418.60   4.63400e-12
       4420.00   4.72600e-12
       4421.40   4.79700e-12
       4422.80   4.82700e-12
       4424.20   4.83500e-12
       4425.60   4.86100e-12
       4427.00   4.83300e-12
       4428.40   4.80700e-12
       4429.80   4.77000e-12
       4431.20   4.72200e-12
       4432.60   4.70600e-12
       4434.00   4.67700e-12
       4435.40   4.68100e-12
       4436.80   4.71500e-12
       4438.20   4.79200e-12
       4439.60   4.72100e-12
       4441.00   4.66300e-12
       4442.40   4.61700e-12
       4443.80   4.60500e-12
       4445.20   4.64000e-12
       4446.60   4.65300e-12
       4448.00   4.65900e-12
       4449.40   4.70500e-12
       4450.80   4.70400e-12
       4452.20   4.68100e-12
       4453.60   4.66300e-12
       4455.00   4.68100e-12
       4456.40   4.73200e-12
       4457.80   4.69700e-12
       4459.20   4.66000e-12
       4460.60   4.63500e-12
       4462.00   4.60100e-12
       4463.40   4.63300e-12
       4464.80   4.62900e-12
       4466.20   4.56400e-12
       4467.60   4.49200e-12
       4469.00   4.49900e-12
       4470.40   4.56700e-12
       4471.80   4.57900e-12
       4473.20   4.56600e-12
       4474.60   4.57000e-12
       4476.00   4.55600e-12
       4477.40   4.53200e-12
       4478.80   4.45900e-12
       4480.20   4.32100e-12
       4481.60   4.24900e-12
       4483.00   4.32100e-12
       4484.40   4.45100e-12
       4485.80   4.53300e-12
       4487.20   4.54200e-12
       4488.60   4.47300e-12
       4490.00   4.41500e-12
       4491.40   4.45300e-12
       4492.80   4.49300e-12
       4494.20   4.52100e-12
       4495.60   4.53900e-12
       4497.00   4.56400e-12
       4498.40   4.53800e-12
       4499.80   4.49100e-12
       4501.20   4.47400e-12
       4502.60   4.50500e-12
       4504.00   4.54800e-12
       4505.40   4.55400e-12
       4506.80   4.55000e-12
       4508.20   4.51500e-12
       4509.60   4.54200e-12
       4511.00   4.54600e-12
       4512.40   4.52000e-12
       4513.80   4.43400e-12
       4515.20   4.31300e-12
       4516.60   4.34300e-12
       4518.00   4.37500e-12
       4519.40   4.35300e-12
       4520.80   4.30200e-12
       4522.20   4.35700e-12
       4523.60   4.35700e-12
       4525.00   4.36800e-12
       4526.40   4.37900e-12
       4527.80   4.39400e-12
       4529.20   4.38100e-12
       4530.60   4.35200e-12
       4532.00   4.34100e-12
       4533.40   4.34800e-12
       4534.80   4.35900e-12
       4536.20   4.36900e-12
       4537.60   4.38900e-12
       4539.00   4.41500e-12
       4540.40   4.43000e-12
       4541.80   4.37800e-12
       4543.20   4.41600e-12
       4544.60   4.40800e-12
       4546.00   4.33400e-12
       4547.40   4.25400e-12
       4548.80   4.14100e-12
       4550.20   4.12600e-12
       4551.60   4.14700e-12
       4553.00   4.17000e-12
       4554.40   4.21700e-12
       4555.80   4.23100e-12
       4557.20   4.24800e-12
       4558.60   4.27500e-12
       4560.00   4.28200e-12
       4561.40   4.30300e-12
       4562.80   4.33700e-12
       4564.20   4.33100e-12
       4565.60   4.31500e-12
       4567.00   4.35100e-12
       4568.40   4.39100e-12
       4569.80   4.38900e-12
       4571.20   4.35300e-12
       4572.60   4.31300e-12
       4574.00   4.30300e-12
       4575.40   4.28800e-12
       4576.80   4.30600e-12
       4578.20   4.32000e-12
       4579.60   4.30100e-12
       4581.00   4.29600e-12
       4582.40   4.26600e-12
       4583.80   4.21300e-12
       4585.20   4.14200e-12
       4586.60   4.13400e-12
       4588.00   4.16600e-12
       4589.40   4.18500e-12
       4590.80   4.21400e-12
       4592.20   4.21400e-12
       4593.60   4.26000e-12
       4595.00   4.25900e-12
       4596.40   4.26100e-12
       4597.80   4.26800e-12
       4599.20   4.27600e-12
       4600.60   4.24400e-12
       4602.00   4.23300e-12
       4603.40   4.27900e-12
       4604.80   4.36700e-12
       4606.20   4.36000e-12
       4607.60   4.36000e-12
       4609.00   4.36100e-12
       4610.40   4.30800e-12
       4611.80   4.23100e-12
       4613.20   4.24000e-12
       4614.60   4.25500e-12
       4616.00   4.22500e-12
       4617.40   4.18000e-12
       4618.80   4.17700e-12
       4620.20   4.21600e-12
       4621.60   4.23500e-12
       4623.00   4.16500e-12
       4624.40   4.13700e-12
       4625.80   4.16700e-12
       4627.20   4.11600e-12
       4628.60   4.07200e-12
       4630.00   4.13200e-12
       4631.40   4.17400e-12
       4632.80   4.13300e-12
       4634.20   4.03500e-12
       4635.60   4.05300e-12
       4637.00   4.14800e-12
       4638.40   4.16100e-12
       4639.80   4.17000e-12
       4641.20   4.19400e-12
       4642.60   4.19800e-12
       4644.00   4.14700e-12
       4645.40   4.11700e-12
       4646.80   4.13000e-12
       4648.20   4.17300e-12
       4649.60   4.20100e-12
       4651.00   4.18300e-12
       4652.40   4.11400e-12
       4653.80   4.10000e-12
       4655.20   4.09700e-12
       4656.60   4.10600e-12
       4658.00   4.14400e-12
       4659.40   4.13600e-12
       4660.80   4.16000e-12
       4662.20   4.14900e-12
       4663.60   4.12300e-12
       4665.00   4.08500e-12
       4666.40   4.04000e-12
       4667.80   4.05100e-12
       4669.20   4.06900e-12
       4670.60   4.07300e-12
       4672.00   4.06900e-12
       4673.40   4.06000e-12
       4674.80   4.17400e-12
       4676.20   4.19500e-12
       4677.60   4.17700e-12
       4679.00   4.15000e-12
       4680.40   4.15400e-12
       4681.80   4.16200e-12
       4683.20   4.12300e-12
       4684.60   4.15900e-12
       4686.00   4.16600e-12
       4687.40   4.12200e-12
       4688.80   4.05500e-12
       4690.20   4.05100e-12
       4691.60   4.09800e-12
       4693.00   4.08600e-12
       4694.40   4.03300e-12
       4695.80   4.03700e-12
       4697.20   4.01500e-12
       4698.60   3.94900e-12
       4700.00   3.93400e-12
       4701.40   3.97400e-12
       4702.80   4.02600e-12
       4704.20   4.08500e-12
       4705.60   4.07200e-12
       4707.00   3.99100e-12
       4708.40   3.96500e-12
       4709.80   3.99000e-12
       4711.20   4.01000e-12
       4712.60   3.99900e-12
       4714.00   3.98600e-12
       4715.40   3.97100e-12
       4716.80   3.94100e-12
       4718.20   3.94600e-12
       4719.60   3.97000e-12
       4721.00   3.99400e-12
       4722.40   3.97600e-12
       4723.80   3.92100e-12
       4725.20   3.90400e-12
       4726.60   3.94700e-12
       4728.00   4.00900e-12
       4729.40   4.02200e-12
       4730.80   3.93500e-12
       4732.20   3.87100e-12
       4733.60   3.87000e-12
       4735.00   3.88300e-12
       4736.40   3.89300e-12
       4737.80   3.87700e-12
       4739.20   3.81300e-12
       4740.60   3.84100e-12
       4742.00   3.87100e-12
       4743.40   3.90500e-12
       4744.80   3.94400e-12
       4746.20   3.90200e-12
       4747.60   3.89200e-12
       4749.00   3.87100e-12
       4750.40   3.88900e-12
       4751.80   3.88500e-12
       4753.20   3.86700e-12
       4754.60   3.86500e-12
       4756.00   3.88000e-12
       4757.40   3.89900e-12
       4758.80   3.87300e-12
       4760.20   3.81800e-12
       4761.60   3.73100e-12
       4763.00   3.78300e-12
       4764.40   3.79400e-12
       4765.80   3.72400e-12
       4767.20   3.69000e-12
       4768.60   3.75000e-12
       4770.00   3.77800e-12
       4771.40   3.71800e-12
       4772.80   3.64900e-12
       4774.20   3.66200e-12
       4775.60   3.70500e-12
       4777.00   3.65400e-12
       4778.40   3.67100e-12
       4779.80   3.71000e-12
       4781.20   3.71700e-12
       4782.60   3.73900e-12
       4784.00   3.75900e-12
       4785.40   3.79300e-12
       4786.80   3.77600e-12
       4788.20   3.77600e-12
       4789.60   3.79900e-12
       4791.00   3.77300e-12
       4792.40   3.79100e-12
       4793.80   3.80500e-12
       4795.20   3.78200e-12
       4796.60   3.77200e-12
       4798.00   3.77100e-12
       4799.40   3.78200e-12
       4800.80   3.74200e-12
       4802.20   3.65300e-12
       4803.60   3.61500e-12
       4805.00   3.64800e-12
       4806.40   3.65900e-12
       4807.80   3.63800e-12
       4809.20   3.60700e-12
       4810.60   3.62200e-12
       4812.00   3.65400e-12
       4813.40   3.63400e-12
       4814.80   3.59800e-12
       4816.20   3.63100e-12
       4817.60   3.67700e-12
       4819.00   3.62800e-12
       4820.40   3.54800e-12
       4821.80   3.50100e-12
       4823.20   3.49500e-12
       4824.60   3.47900e-12
       4826.00   3.44700e-12
       4827.40   3.46600e-12
       4828.80   3.44100e-12
       4830.20   3.44800e-12
       4831.60   3.42200e-12
       4833.00   3.37900e-12
       4834.40   3.35700e-12
       4835.80   3.37200e-12
       4837.20   3.31600e-12
       4838.60   3.26900e-12
       4840.00   3.23700e-12
       4841.40   3.13800e-12
       4842.80   3.05200e-12
       4844.20   3.00800e-12
       4845.60   2.91500e-12
       4847.00   2.82200e-12
       4848.40   2.76400e-12
       4849.80   2.67100e-12
       4851.20   2.55500e-12
       4852.60   2.45800e-12
       4854.00   2.35200e-12
       4855.40   2.20600e-12
       4856.80   2.03300e-12
       4858.20   1.86800e-12
       4859.60   1.68800e-12
       4861.00   1.54200e-12
       4862.40   1.49400e-12
       4863.80   1.53800e-12
       4865.20   1.69000e-12
       4866.60   1.87600e-12
       4868.00   2.02200e-12
       4869.40   2.15800e-12
       4870.80   2.31100e-12
       4872.20   2.44100e-12
       4873.60   2.53500e-12
       4875.00   2.63600e-12
       4876.40   2.72400e-12
       4877.80   2.80900e-12
       4879.20   2.89100e-12
       4880.60   2.94800e-12
       4882.00   2.98600e-12
       4883.40   3.00700e-12
       4884.80   3.06400e-12
       4886.20   3.15600e-12
       4887.60   3.20000e-12
       4889.00   3.14600e-12
       4890.40   3.13600e-12
       4891.80   3.12600e-12
       4893.20   3.11400e-12
       4894.60   3.13400e-12
       4896.00   3.19900e-12
       4897.40   3.23000e-12
       4898.80   3.24400e-12
       4900.20   3.24500e-12
       4901.60   3.27900e-12
       4903.00   3.30400e-12
       4904.40   3.32500e-12
       4905.80   3.32500e-12
       4907.20   3.30800e-12
       4908.60   3.30900e-12
       4910.00   3.57100e-12
       4911.40   3.54300e-12
       4912.80   3.53800e-12
       4914.20   3.53500e-12
       4915.60   3.51200e-12
       4917.00   3.48900e-12
       4918.40   3.50500e-12
       4919.80   3.50900e-12
       4921.20   3.48100e-12
       4922.60   3.42800e-12
       4924.00   3.42300e-12
       4925.40   3.42600e-12
       4926.80   3.41300e-12
       4928.20   3.43200e-12
       4929.60   3.45700e-12
       4931.00   3.44300e-12
       4932.40   3.43000e-12
       4933.80   3.45400e-12
       4935.20   3.47400e-12
       4936.60   3.49100e-12
       4938.00   3.48900e-12
       4939.40   3.48100e-12
       4940.80   3.50500e-12
       4942.20   3.53100e-12
       4943.60   3.50300e-12
       4945.00   3.50500e-12
       4946.40   3.47600e-12
       4947.80   3.44800e-12
       4949.20   3.47700e-12
       4950.60   3.47500e-12
       4952.00   3.43600e-12
       4953.40   3.47900e-12
       4954.80   3.49600e-12
       4956.20   3.40300e-12
       4957.60   3.35400e-12
       4959.00   3.36800e-12
       4960.40   3.40300e-12
       4961.80   3.46500e-12
       4963.20   3.47700e-12
       4964.60   3.48800e-12
       4966.00   3.43200e-12
       4967.40   3.36400e-12
       4968.80   3.31000e-12
       4970.20   3.30400e-12
       4971.60   3.35400e-12
       4973.00   3.37600e-12
       4974.40   3.37700e-12
       4975.80   3.39300e-12
       4977.20   3.40300e-12
       4978.60   3.39000e-12
       4980.00   3.34500e-12
       4981.40   3.30100e-12
       4982.80   3.28400e-12
       4984.20   3.27800e-12
       4985.60   3.28900e-12
       4987.00   3.30800e-12
       4988.40   3.33600e-12
       4989.80   3.33400e-12
       4991.20   3.33400e-12
       4992.60   3.34500e-12
       4994.00   3.37800e-12
       4995.40   3.40000e-12
       4996.80   3.38400e-12
       4998.20   3.30700e-12
       4999.60   3.30900e-12
       5001.00   3.26700e-12
       5002.40   3.23900e-12
       5003.80   3.22200e-12
       5005.20   3.22700e-12
       5006.60   3.22400e-12
       5008.00   3.24900e-12
       5009.40   3.31100e-12
       5010.80   3.24200e-12
       5012.20   3.20800e-12
       5013.60   3.19500e-12
       5015.00   3.18400e-12
       5016.40   3.18300e-12
       5017.80   3.19700e-12
       5019.20   3.17400e-12
       5020.60   3.16600e-12
       5022.00   3.17300e-12
       5023.40   3.17000e-12
       5024.80   3.19700e-12
       5026.20   3.23400e-12
       5027.60   3.26400e-12
       5029.00   3.26000e-12
       5030.40   3.21600e-12
       5031.80   3.19200e-12
       5033.20   3.19400e-12
       5034.60   3.18500e-12
       5036.00   3.21200e-12
       5037.40   3.20600e-12
       5038.80   3.18900e-12
       5040.20   3.17400e-12
       5041.60   3.15100e-12
       5043.00   3.21100e-12
       5044.40   3.26700e-12
       5045.80   3.27100e-12
       5047.20   3.24300e-12
       5048.60   3.17700e-12
       5050.00   3.23000e-12
       5051.40   3.23000e-12
       5052.80   3.20500e-12
       5054.20   3.17400e-12
       5055.60   3.16400e-12
       5057.00   3.18500e-12
       5058.40   3.21600e-12
       5059.80   3.18300e-12
       5061.20   3.12200e-12
       5062.60   3.11300e-12
       5064.00   3.15100e-12
       5065.40   3.19100e-12
       5066.80   3.21000e-12
       5068.20   3.19000e-12
       5069.60   3.15300e-12
       5071.00   3.14300e-12
       5072.40   3.16500e-12
       5073.80   3.19300e-12
       5075.20   3.22000e-12
       5076.60   3.24000e-12
       5078.00   3.21500e-12
       5079.40   3.19700e-12
       5080.80   3.20600e-12
       5082.20   3.19600e-12
       5083.60   3.15100e-12
       5085.00   3.11200e-12
       5086.40   3.15300e-12
       5087.80   3.15800e-12
       5089.20   3.15300e-12
       5090.60   3.14900e-12
       5092.00   3.14800e-12
       5093.40   3.08500e-12
       5094.80   3.09800e-12
       5096.20   3.07300e-12
       5097.60   3.09200e-12
       5099.00   3.13100e-12
       5100.40   3.12200e-12
       5101.80   3.12800e-12
       5103.20   3.13000e-12
       5104.60   3.15100e-12
       5106.00   3.19100e-12
       5107.40   3.21100e-12
       5108.80   3.17200e-12
       5110.20   3.15200e-12
       5111.60   3.14600e-12
       5113.00   3.13400e-12
       5114.40   3.14500e-12
       5115.80   3.15600e-12
       5117.20   3.12800e-12
       5118.60   3.10400e-12
       5120.00   3.11700e-12
       5121.40   3.12600e-12
       5122.80   3.13100e-12
       5124.20   3.12800e-12
       5125.60   3.14700e-12
       5127.00   3.13400e-12
       5128.40   3.02800e-12
       5129.80   3.03900e-12
       5131.20   3.08900e-12
       5132.60   3.12600e-12
       5134.00   3.11800e-12
       5135.40   3.07700e-12
       5136.80   3.06700e-12
       5138.20   3.06900e-12
       5139.60   3.08900e-12
       5141.00   3.11300e-12
       5142.40   3.08900e-12
       5143.80   3.08500e-12
       5145.20   3.09900e-12
       5146.60   3.11500e-12
       5148.00   3.08800e-12
       5149.40   3.09800e-12
       5150.80   3.10900e-12
       5152.20   3.04600e-12
       5153.60   3.01900e-12
       5155.00   3.09000e-12
       5156.40   3.07100e-12
       5157.80   3.03700e-12
       5159.20   3.05000e-12
       5160.60   3.05300e-12
       5162.00   3.01600e-12
       5163.40   2.98000e-12
       5164.80   2.99300e-12
       5166.20   2.97300e-12
       5167.60   2.90100e-12
       5169.00   2.86000e-12
       5170.40   2.88500e-12
       5171.80   2.95300e-12
       5173.20   2.98900e-12
       5174.60   2.99200e-12
       5176.00   3.02200e-12
       5177.40   3.05900e-12
       5178.80   3.05400e-12
       5180.20   3.00300e-12
       5181.60   2.97300e-12
       5183.00   2.93800e-12
       5184.40   2.92100e-12
       5185.80   2.92100e-12
       5187.20   2.90700e-12
       5188.60   2.89700e-12
       5190.00   2.90300e-12
       5191.40   2.93000e-12
       5192.80   3.01000e-12
       5194.20   3.00300e-12
       5195.60   2.98500e-12
       5197.00   2.98400e-12
       5198.40   2.96800e-12
       5199.80   2.98000e-12
       5201.20   3.00400e-12
       5202.60   2.99100e-12
       5204.00   2.98600e-12
       5205.40   3.03300e-12
       5206.80   2.98100e-12
       5208.20   2.89200e-12
       5209.60   2.90500e-12
       5211.00   2.96300e-12
       5212.40   2.96000e-12
       5213.80   2.93000e-12
       5215.20   2.97300e-12
       5216.60   3.03400e-12
       5218.00   3.04900e-12
       5219.40   3.02100e-12
       5220.80   2.99100e-12
       5222.20   3.00400e-12
       5223.60   2.96000e-12
       5225.00   2.91100e-12
       5226.40   2.89900e-12
       5227.80   2.92900e-12
       5229.20   2.85900e-12
       5230.60   2.90400e-12
       5232.00   2.91300e-12
       5233.40   2.89300e-12
       5234.80   2.89600e-12
       5236.20   2.86700e-12
       5237.60   2.89300e-12
       5239.00   2.92500e-12
       5240.40   2.89000e-12
       5241.80   2.94200e-12
       5243.20   2.94000e-12
       5244.60   2.92600e-12
       5246.00   2.92300e-12
       5247.40   2.94500e-12
       5248.80   2.91500e-12
       5250.20   2.90100e-12
       5251.60   2.92300e-12
       5253.00   2.96300e-12
       5254.40   2.96800e-12
       5255.80   2.95900e-12
       5257.20   2.95500e-12
       5258.60   2.93800e-12
       5260.00   2.88100e-12
       5261.40   2.82800e-12
       5262.80   2.84000e-12
       5264.20   2.83900e-12
       5265.60   2.85200e-12
       5267.00   2.86500e-12
       5268.40   2.84600e-12
       5269.80   2.82300e-12
       5271.20   2.82700e-12
       5272.60   2.82700e-12
       5274.00   2.79700e-12
       5275.40   2.78500e-12
       5276.80   2.78000e-12
       5278.20   2.80300e-12
       5279.60   2.82100e-12
       5281.00   2.79800e-12
       5282.40   2.82000e-12
       5283.80   2.84400e-12
       5285.20   2.86200e-12
       5286.60   2.84900e-12
       5288.00   2.86700e-12
       5289.40   2.91000e-12
       5290.80   2.92000e-12
       5292.20   2.89700e-12
       5293.60   2.88500e-12
       5295.00   2.85900e-12
       5296.40   2.83600e-12
       5297.80   2.82100e-12
       5299.20   2.82000e-12
       5300.60   2.84300e-12
       5302.00   2.84000e-12
       5303.40   2.82200e-12
       5304.80   2.81500e-12
       5306.20   2.82200e-12
       5307.60   2.86600e-12
       5309.00   2.88600e-12
       5310.40   2.84700e-12
       5311.80   2.81500e-12
       5313.20   2.80500e-12
       5314.60   2.78900e-12
       5316.00   2.77800e-12
       5317.40   2.76300e-12
       5318.80   2.75200e-12
       5320.20   2.77000e-12
       5321.60   2.78400e-12
       5323.00   2.79100e-12
       5324.40   2.79100e-12
       5325.80   2.78100e-12
       5327.20   2.78000e-12
       5328.60   2.72400e-12
       5330.00   2.72000e-12
       5331.40   2.76100e-12
       5332.80   2.78200e-12
       5334.20   2.78600e-12
       5335.60   2.78000e-12
       5337.00   2.77000e-12
       5338.40   2.76000e-12
       5339.80   2.75400e-12
       5341.20   2.76800e-12
       5342.60   2.78400e-12
       5344.00   2.82100e-12
       5345.40   2.85200e-12
       5346.80   2.83600e-12
       5348.20   2.81100e-12
       5349.60   2.79200e-12
       5351.00   2.79800e-12
       5352.40   2.80400e-12
       5353.80   2.79300e-12
       5355.20   2.79700e-12
       5356.60   2.78000e-12
       5358.00   2.76900e-12
       5359.40   2.78900e-12
       5360.80   2.78900e-12
       5362.20   2.77300e-12
       5363.60   2.75500e-12
       5365.00   2.76200e-12
       5366.40   2.75800e-12
       5367.80   2.74900e-12
       5369.20   2.71900e-12
       5370.60   2.72600e-12
       5372.00   2.77100e-12
       5373.40   2.74400e-12
       5374.80   2.73800e-12
       5376.20   2.76600e-12
       5377.60   2.75700e-12
       5379.00   2.79000e-12
       5380.40   2.76000e-12
       5381.80   2.69700e-12
       5383.20   2.66500e-12
       5384.60   2.67100e-12
       5386.00   2.75000e-12
       5387.40   2.82600e-12
       5388.80   2.81100e-12
       5390.20   2.77300e-12
       5391.60   2.75800e-12
       5393.00   2.75900e-12
       5394.40   2.75000e-12
       5395.80   2.71300e-12
       5397.20   2.69200e-12
       5398.60   2.68800e-12
       5400.00   2.66000e-12
       5401.40   2.64100e-12
       5402.80   2.66100e-12
       5404.20   2.68900e-12
       5405.60   2.68600e-12
       5407.00   2.67100e-12
       5408.40   2.66900e-12
       5409.80   2.65400e-12
       5411.20   2.63900e-12
       5412.60   2.64700e-12
       5414.00   2.66100e-12
       5415.40   2.68500e-12
       5416.80   2.67400e-12
       5418.20   2.64800e-12
       5419.60   2.66100e-12
       5421.00   2.68400e-12
       5422.40   2.67500e-12
       5423.80   2.66000e-12
       5425.20   2.63900e-12
       5426.60   2.62600e-12
       5428.00   2.68100e-12
       5429.40   2.68700e-12
       5430.80   2.66200e-12
       5432.20   2.64400e-12
       5433.60   2.63300e-12
       5435.00   2.68000e-12
       5436.40   2.70400e-12
       5437.80   2.70800e-12
       5439.20   2.74400e-12
       5440.60   2.76200e-12
       5442.00   2.74900e-12
       5443.40   2.73400e-12
       5444.80   2.69700e-12
       5446.20   2.67300e-12
       5447.60   2.65600e-12
       5449.00   2.64800e-12
       5450.40   2.69900e-12
       5451.80   2.72200e-12
       5453.20   2.68700e-12
       5454.60   2.65900e-12
       5456.00   2.61500e-12
       5457.40   2.59500e-12
       5458.80   2.60900e-12
       5460.20   2.62400e-12
       5461.60   2.64800e-12
       5463.00   2.63500e-12
       5464.40   2.60300e-12
       5465.80   2.63900e-12
       5467.20   2.65700e-12
       5468.60   2.66600e-12
       5470.00   2.68700e-12
       5471.40   2.66900e-12
       5472.80   2.65600e-12
       5474.20   2.60900e-12
       5475.60   2.58500e-12
       5477.00   2.60100e-12
       5478.40   2.56600e-12
       5479.80   2.54500e-12
       5481.20   2.55400e-12
       5482.60   2.56700e-12
       5484.00   2.60900e-12
       5485.40   2.61200e-12
       5486.80   2.59400e-12
       5488.20   2.59300e-12
       5489.60   2.60200e-12
       5491.00   2.61700e-12
       5492.40   2.63500e-12
       5493.80   2.62200e-12
       5495.20   2.58500e-12
       5496.60   2.59300e-12
       5498.00   2.62700e-12
       5499.40   2.62400e-12
       5500.80   2.61400e-12
       5502.20   2.60800e-12
       5503.60   2.60200e-12
       5505.00   2.60000e-12
       5506.40   2.59200e-12
       5507.80   2.58000e-12
       5509.20   2.56400e-12
       5510.60   2.59900e-12
       5512.00   2.66100e-12
       5513.40   2.64400e-12
       5514.80   2.60300e-12
       5516.20   2.58800e-12
       5517.60   2.59000e-12
       5519.00   2.59400e-12
       5520.40   2.56900e-12
       5521.80   2.54200e-12
       5523.20   2.52900e-12
       5524.60   2.54700e-12
       5526.00   2.53700e-12
       5527.40   2.47700e-12
       5528.80   2.49500e-12
       5530.20   2.50800e-12
       5531.60   2.49000e-12
       5533.00   2.47900e-12
       5534.40   2.48900e-12
       5535.80   2.52300e-12
       5537.20   2.55000e-12
       5538.60   2.56100e-12
       5540.00   2.58600e-12
       5541.40   2.59400e-12
       5542.80   2.57800e-12
       5544.20   2.56900e-12
       5545.60   2.56100e-12
       5547.00   2.56000e-12
       5548.40   2.54400e-12
       5549.80   2.51800e-12
       5551.20   2.54300e-12
       5552.60   2.55400e-12
       5554.00   2.55600e-12
       5555.40   2.53700e-12
       5556.80   2.54100e-12
       5558.20   2.54500e-12
       5559.60   2.52700e-12
       5561.00   2.50600e-12
       5562.40   2.51500e-12
       5563.80   2.52600e-12
       5565.20   2.52200e-12
       5566.60   2.49400e-12
       5568.00   2.45500e-12
       5569.40   2.46500e-12
       5570.80   2.48300e-12
       5572.20   2.49000e-12
       5573.60   2.49700e-12
       5575.00   2.48500e-12
       5576.40   2.48200e-12
       5577.80   2.48700e-12
       5579.20   2.50400e-12
       5580.60   2.53800e-12
       5582.00   2.52900e-12
       5583.40   2.50000e-12
       5584.80   2.50700e-12
       5586.20   2.52000e-12
       5587.60   2.49500e-12
       5589.00   2.45000e-12
       5590.40   2.43000e-12
       5591.80   2.42000e-12
       5593.20   2.41700e-12
       5594.60   2.44200e-12
       5596.00   2.44800e-12
       5597.40   2.44300e-12
       5598.80   2.44600e-12
       5600.20   2.48500e-12
       5601.60   2.48800e-12
       5603.00   2.50400e-12
       5604.40   2.49800e-12
       5605.80   2.46600e-12
       5607.20   2.47600e-12
       5608.60   2.45800e-12
       5610.00   2.44200e-12
       5611.40   2.47900e-12
       5612.80   2.45300e-12
       5614.20   2.44800e-12
       5615.60   2.44500e-12
       5617.00   2.42400e-12
       5618.40   2.43500e-12
       5619.80   2.44200e-12
       5621.20   2.46000e-12
       5622.60   2.45700e-12
       5624.00   2.44300e-12
       5625.40   2.43500e-12
       5626.80   2.43000e-12
       5628.20   2.42600e-12
       5629.60   2.44000e-12
       5631.00   2.42800e-12
       5632.40   2.41800e-12
       5633.80   2.42600e-12
       5635.20   2.40400e-12
       5636.60   2.38500e-12
       5638.00   2.38300e-12
       5639.40   2.40500e-12
       5640.80   2.44700e-12
       5642.20   2.45600e-12
       5643.60   2.44400e-12
       5645.00   2.44400e-12
       5646.40   2.44800e-12
       5647.80   2.43500e-12
       5649.20   2.41100e-12
       5650.60   2.38100e-12
       5652.00   2.45100e-12
       5653.40   2.41700e-12
       5654.80   2.39200e-12
       5656.20   2.39000e-12
       5657.60   2.35000e-12
       5659.00   2.32900e-12
       5660.40   2.34700e-12
       5661.80   2.38800e-12
       5663.20   2.36700e-12
       5664.60   2.35600e-12
       5666.00   2.36500e-12
       5667.40   2.36700e-12
       5668.80   2.36400e-12
       5670.20   2.35600e-12
       5671.60   2.35800e-12
       5673.00   2.37600e-12
       5674.40   2.40000e-12
       5675.80   2.38300e-12
       5677.20   2.38500e-12
       5678.60   2.37000e-12
       5680.00   2.33000e-12
       5681.40   2.34300e-12
       5682.80   2.37900e-12
       5684.20   2.38700e-12
       5685.60   2.36900e-12
       5687.00   2.35800e-12
       5688.40   2.34500e-12
       5689.80   2.33800e-12
       5691.20   2.33200e-12
       5692.60   2.34000e-12
       5694.00   2.36600e-12
       5695.40   2.38000e-12
       5696.80   2.35100e-12
       5698.20   2.33500e-12
       5699.60   2.32600e-12
       5701.00   2.32500e-12
       5702.40   2.29800e-12
       5703.80   2.29100e-12
       5705.20   2.28200e-12
       5706.60   2.28900e-12
       5708.00   2.29300e-12
       5709.40   2.29600e-12
       5710.80   2.31900e-12
       5712.20   2.34700e-12
       5713.60   2.38400e-12
       5715.00   2.41300e-12
       5716.40   2.38000e-12
       5717.80   2.34200e-12
       5719.20   2.32500e-12
       5720.60   2.32600e-12
       5722.00   2.38200e-12
       5723.40   2.37600e-12
       5724.80   2.32900e-12
       5726.20   2.32700e-12
       5727.60   2.33800e-12
       5729.00   2.33800e-12
       5730.40   2.32800e-12
       5731.80   2.32600e-12
       5733.20   2.32300e-12
       5734.60   2.28600e-12
       5736.00   2.26200e-12
       5737.40   2.29100e-12
       5738.80   2.27200e-12
       5740.20   2.29900e-12
       5741.60   2.31700e-12
       5743.00   2.29000e-12
       5744.40   2.26600e-12
       5745.80   2.22200e-12
       5747.20   2.20300e-12
       5748.60   2.22400e-12
       5750.00   2.19300e-12
       5751.40   2.17400e-12
       5752.80   2.19500e-12
       5754.20   2.22500e-12
       5755.60   2.23200e-12
       5757.00   2.19200e-12
       5758.40   2.22200e-12
       5759.80   2.26200e-12
       5761.20   2.27000e-12
       5762.60   2.27600e-12
       5764.00   2.27500e-12
       5765.40   2.28400e-12
       5766.80   2.29700e-12
       5768.20   2.26600e-12
       5769.60   2.29300e-12
       5771.00   2.31100e-12
       5772.40   2.29300e-12
       5773.80   2.29500e-12
       5775.20   2.27300e-12
       5776.60   2.24900e-12
       5778.00   2.25200e-12
       5779.40   2.25600e-12
       5780.80   2.25000e-12
       5782.20   2.22700e-12
       5783.60   2.22600e-12
       5785.00   2.29700e-12
       5786.40   2.29300e-12
       5787.80   2.31200e-12
       5789.20   2.30900e-12
       5790.60   2.25400e-12
       5792.00   2.24700e-12
       5793.40   2.21500e-12
       5794.80   2.21900e-12
       5796.20   2.24300e-12
       5797.60   2.26200e-12
       5799.00   2.22000e-12
       5800.40   2.24600e-12
       5801.80   2.27700e-12
       5803.20   2.27900e-12
       5804.60   2.21700e-12
       5806.00   2.25800e-12
       5807.40   2.26300e-12
       5808.80   2.23600e-12
       5810.20   2.22900e-12
       5811.60   2.21700e-12
       5813.00   2.25600e-12
       5814.40   2.27900e-12
       5815.80   2.25800e-12
       5817.20   2.26000e-12
       5818.60   2.25500e-12
       5820.00   2.25200e-12
       5821.40   2.26200e-12
       5822.80   2.24500e-12
       5824.20   2.24400e-12
       5825.60   2.23500e-12
       5827.00   2.19300e-12
       5828.40   2.17900e-12
       5829.80   2.17000e-12
       5831.20   2.17500e-12
       5832.60   2.17600e-12
       5834.00   2.18100e-12
       5835.40   2.18300e-12
       5836.80   2.19700e-12
       5838.20   2.21000e-12
       5839.60   2.22600e-12
       5841.00   2.24600e-12
       5842.40   2.18300e-12
       5843.80   2.20100e-12
       5845.20   2.23100e-12
       5846.60   2.26600e-12
       5848.00   2.24400e-12
       5849.40   2.24400e-12
       5850.80   2.25900e-12
       5852.20   2.26700e-12
       5853.60   2.28800e-12
       5855.00   2.26100e-12
       5856.40   2.26100e-12
       5857.80   2.27500e-12
       5859.20   2.29300e-12
       5860.60   2.29900e-12
       5862.00   2.28600e-12
       5863.40   2.25200e-12
       5864.80   2.20900e-12
       5866.20   2.20200e-12
       5867.60   2.25100e-12
       5869.00   2.29200e-12
       5870.40   2.31700e-12
       5871.80   2.33300e-12
       5873.20   2.30200e-12
       5874.60   2.26200e-12
       5876.00   2.27600e-12
       5877.40   2.31000e-12
       5878.80   2.25700e-12
       5880.20   2.23900e-12
       5881.60   2.23700e-12
       5883.00   2.22200e-12
       5884.40   2.18200e-12
       5885.80   2.22300e-12
       5887.20   2.13900e-12
       5888.60   2.09700e-12
       5890.00   2.06200e-12
       5891.40   1.98900e-12
       5892.80   2.04700e-12
       5894.20   2.06100e-12
       5895.60   2.02700e-12
       5897.00   2.06400e-12
       5898.40   2.11500e-12
       5899.80   2.17300e-12
       5901.20   2.19000e-12
       5902.60   2.20100e-12
       5904.00   2.20000e-12
       5905.40   2.20600e-12
       5906.80   2.20900e-12
       5908.20   2.20700e-12
       5909.60   2.17300e-12
       5911.00   2.15300e-12
       5912.40   2.14300e-12
       5913.80   2.13800e-12
       5915.20   2.15300e-12
       5916.60   2.17100e-12
       5918.00   2.18800e-12
       5919.40   2.17300e-12
       5920.80   2.13300e-12
       5922.20   2.11000e-12
       5923.60   2.11900e-12
       5925.00   2.14000e-12
       5926.40   2.14500e-12
       5927.80   2.15200e-12
       5929.20   2.16400e-12
       5930.60   2.12200e-12
       5932.00   2.08400e-12
       5933.40   2.09500e-12
       5934.80   2.08300e-12
       5936.20   2.04100e-12
       5937.60   2.04000e-12
       5939.00   2.11100e-12
       5940.40   2.11200e-12
       5941.80   2.11000e-12
       5943.20   2.10900e-12
       5944.60   2.10800e-12
       5946.00   2.10600e-12
       5947.40   2.10500e-12
       5948.80   2.10400e-12
       5950.20   2.10300e-12
       5951.60   2.10200e-12
       5953.00   2.10100e-12
       5954.40   2.09900e-12
       5955.80   2.09800e-12
       5957.20   2.09700e-12
       5958.60   2.09600e-12
       5960.00   2.09500e-12
       5961.40   2.09300e-12
       5962.80   2.09200e-12
       5964.20   2.09100e-12
       5965.60   2.09000e-12
       5967.00   2.08900e-12
       5968.40   2.08800e-12
       5969.80   2.08600e-12
       5971.20   2.08500e-12
       5972.60   2.08400e-12
       5974.00   2.08300e-12
       5975.40   2.08200e-12
       5976.80   2.08000e-12
       5978.20   2.07900e-12
       5979.60   2.07800e-12
       5981.00   2.07700e-12
       5982.40   2.07600e-12
       5983.80   2.07500e-12
       5985.20   2.07300e-12
       5986.60   2.07200e-12
       5988.00   2.07100e-12
       5989.40   2.07000e-12
       5990.80   2.06900e-12
       5992.20   2.06800e-12
       5993.60   2.06600e-12
       5995.00   2.06600e-12
       5996.40   2.05100e-12
       5997.80   2.04900e-12
       5999.20   2.02300e-12
       6000.60   2.04900e-12
       6002.00   2.07000e-12
       6003.40   2.07600e-12
       6004.80   2.07000e-12
       6006.20   2.07000e-12
       6007.60   2.09500e-12
       6009.00   2.07500e-12
       6010.40   2.08200e-12
       6011.80   2.10600e-12
       6013.20   2.06000e-12
       6014.60   2.04600e-12
       6016.00   2.03700e-12
       6017.40   2.01500e-12
       6018.80   2.04100e-12
       6020.20   2.06800e-12
       6021.60   2.09000e-12
       6023.00   2.07000e-12
       6024.40   2.08200e-12
       6025.80   2.07100e-12
       6027.20   2.07500e-12
       6028.60   2.03500e-12
       6030.00   1.96700e-12
       6031.40   1.97400e-12
       6032.80   1.97700e-12
       6034.20   1.96900e-12
       6035.60   1.96200e-12
       6037.00   1.97800e-12
       6038.40   2.03100e-12
       6039.80   2.00400e-12
       6041.20   2.00400e-12
       6042.60   2.03300e-12
       6044.00   2.04300e-12
       6045.40   2.04800e-12
       6046.80   2.01800e-12
       6048.20   1.99400e-12
       6049.60   2.00500e-12
       6051.00   1.99500e-12
       6052.40   1.96400e-12
       6053.80   1.95300e-12
       6055.20   1.95800e-12
       6056.60   1.97200e-12
       6058.00   1.98300e-12
       6059.40   1.99800e-12
       6060.80   2.01400e-12
       6062.20   2.02200e-12
       6063.60   2.01700e-12
       6065.00   2.02000e-12
       6066.40   2.01600e-12
       6067.80   2.01600e-12
       6069.20   2.02600e-12
       6070.60   2.03700e-12
       6072.00   2.01500e-12
       6073.40   1.99400e-12
       6074.80   2.00800e-12
       6076.20   2.02900e-12
       6077.60   2.02300e-12
       6079.00   1.99700e-12
       6080.40   1.98300e-12
       6081.80   1.96100e-12
       6083.20   1.95200e-12
       6084.60   1.95700e-12
       6086.00   1.94100e-12
       6087.40   1.94100e-12
       6088.80   1.97700e-12
       6090.20   1.99600e-12
       6091.60   1.93800e-12
       6093.00   1.89100e-12
       6094.40   1.91300e-12
       6095.80   1.94300e-12
       6097.20   1.96000e-12
       6098.60   1.94800e-12
       6100.00   1.93400e-12
       6101.40   1.95100e-12
       6102.80   1.92900e-12
       6104.20   1.93100e-12
       6105.60   1.93000e-12
       6107.00   1.94100e-12
       6108.40   1.95800e-12
       6109.80   1.96500e-12
       6111.20   1.96600e-12
       6112.60   1.95900e-12
       6114.00   1.95200e-12
       6115.40   1.94300e-12
       6116.80   1.94700e-12
       6118.20   1.96500e-12
       6119.60   1.98600e-12
       6121.00   1.98800e-12
       6122.40   1.96500e-12
       6123.80   1.94900e-12
       6125.20   1.93400e-12
       6126.60   1.92900e-12
       6128.00   1.92800e-12
       6129.40   1.94300e-12
       6130.80   1.94600e-12
       6132.20   1.92900e-12
       6133.60   1.91600e-12
       6135.00   1.91500e-12
       6136.40   1.91600e-12
       6137.80   1.92900e-12
       6139.20   1.94600e-12
       6140.60   1.94800e-12
       6142.00   1.93400e-12
       6143.40   1.91900e-12
       6144.80   1.92000e-12
       6146.20   1.93200e-12
       6147.60   1.95400e-12
       6149.00   1.96500e-12
       6150.40   1.94600e-12
       6151.80   1.94600e-12
       6153.20   1.94000e-12
       6154.60   1.92300e-12
       6156.00   1.89800e-12
       6157.40   1.87500e-12
       6158.80   1.87700e-12
       6160.20   1.91900e-12
       6161.60   1.92800e-12
       6163.00   1.91300e-12
       6164.40   1.91300e-12
       6165.80   1.92300e-12
       6167.20   1.88000e-12
       6168.60   1.87200e-12
       6170.00   1.88100e-12
       6171.40   1.87100e-12
       6172.80   1.86400e-12
       6174.20   1.86600e-12
       6175.60   1.87300e-12
       6177.00   1.88900e-12
       6178.40   1.92400e-12
       6179.80   1.93600e-12
       6181.20   1.94100e-12
       6182.60   1.93200e-12
       6184.00   1.89800e-12
       6185.40   1.87500e-12
       6186.80   1.87500e-12
       6188.20   1.87600e-12
       6189.60   1.88800e-12
       6191.00   1.90300e-12
       6192.40   1.90000e-12
       6193.80   1.87700e-12
       6195.20   1.87500e-12
       6196.60   1.88800e-12
       6198.00   1.88100e-12
       6199.40   1.87900e-12
       6200.80   1.88500e-12
       6202.20   1.88800e-12
       6203.60   1.88400e-12
       6205.00   1.90200e-12
       6206.40   1.92500e-12
       6207.80   1.91900e-12
       6209.20   1.91100e-12
       6210.60   1.89700e-12
       6212.00   1.89200e-12
       6213.40   1.90400e-12
       6214.80   1.91200e-12
       6216.20   1.89100e-12
       6217.60   1.88100e-12
       6219.00   1.88900e-12
       6220.40   1.89000e-12
       6221.80   1.87900e-12
       6223.20   1.86500e-12
       6224.60   1.88600e-12
       6226.00   1.87900e-12
       6227.40   1.86500e-12
       6228.80   1.85800e-12
       6230.20   1.85800e-12
       6231.60   1.85900e-12
       6233.00   1.83800e-12
       6234.40   1.82500e-12
       6235.80   1.80800e-12
       6237.20   1.80000e-12
       6238.60   1.82100e-12
       6240.00   1.84700e-12
       6241.40   1.85800e-12
       6242.80   1.87100e-12
       6244.20   1.86200e-12
       6245.60   1.83000e-12
       6247.00   1.82400e-12
       6248.40   1.83900e-12
       6249.80   1.85400e-12
       6251.20   1.86700e-12
       6252.60   1.87900e-12
       6254.00   1.88700e-12
       6255.40   1.86600e-12
       6256.80   1.85100e-12
       6258.20   1.85100e-12
       6259.60   1.82200e-12
       6261.00   1.80800e-12
       6262.40   1.80800e-12
       6263.80   1.80800e-12
       6265.20   1.81900e-12
       6266.60   1.84400e-12
       6268.00   1.80100e-12
       6269.40   1.80000e-12
       6270.80   1.81300e-12
       6272.20   1.81600e-12
       6273.60   1.78500e-12
       6275.00   1.77300e-12
       6276.40   1.74700e-12
       6277.80   1.73400e-12
       6279.20   1.74900e-12
       6280.60   1.77900e-12
       6282.00   1.79100e-12
       6283.40   1.80200e-12
       6284.80   1.80000e-12
       6286.20   1.80900e-12
       6287.60   1.82200e-12
       6289.00   1.82800e-12
       6290.40   1.80900e-12
       6291.80   1.76900e-12
       6293.20   1.75100e-12
       6294.60   1.75200e-12
       6296.00   1.76100e-12
       6297.40   1.76900e-12
       6298.80   1.76600e-12
       6300.20   1.75500e-12
       6301.60   1.75100e-12
       6303.00   1.75800e-12
       6304.40   1.74700e-12
       6305.80   1.75300e-12
       6307.20   1.78100e-12
       6308.60   1.78100e-12
       6310.00   1.77100e-12
       6311.40   1.78000e-12
       6312.80   1.79200e-12
       6314.20   1.79900e-12
       6315.60   1.81000e-12
       6317.00   1.79700e-12
       6318.40   1.77400e-12
       6319.80   1.75800e-12
       6321.20   1.76400e-12
       6322.60   1.78700e-12
       6324.00   1.80300e-12
       6325.40   1.78900e-12
       6326.80   1.77200e-12
       6328.20   1.78100e-12
       6329.60   1.81700e-12
       6331.00   1.78800e-12
       6332.40   1.76000e-12
       6333.80   1.75000e-12
       6335.20   1.76000e-12
       6336.60   1.74800e-12
       6338.00   1.78100e-12
       6339.40   1.79000e-12
       6340.80   1.77700e-12
       6342.20   1.75600e-12
       6343.60   1.72700e-12
       6345.00   1.72300e-12
       6346.40   1.72700e-12
       6347.80   1.72900e-12
       6349.20   1.74200e-12
       6350.60   1.76400e-12
       6352.00   1.76500e-12
       6353.40   1.77400e-12
       6354.80   1.78000e-12
       6356.20   1.77400e-12
       6357.60   1.76500e-12
       6359.00   1.77000e-12
       6360.40   1.76200e-12
       6361.80   1.74900e-12
       6363.20   1.75600e-12
       6364.60   1.75500e-12
       6366.00   1.74500e-12
       6367.40   1.73000e-12
       6368.80   1.71100e-12
       6370.20   1.69500e-12
       6371.60   1.69200e-12
       6373.00   1.70400e-12
       6374.40   1.72100e-12
       6375.80   1.72000e-12
       6377.20   1.72000e-12
       6378.60   1.72500e-12
       6380.00   1.72700e-12
       6381.40   1.71900e-12
       6382.80   1.70800e-12
       6384.20   1.73200e-12
       6385.60   1.75000e-12
       6387.00   1.75300e-12
       6388.40   1.72700e-12
       6389.80   1.72800e-12
       6391.20   1.74800e-12
       6392.60   1.76900e-12
       6394.00   1.76400e-12
       6395.40   1.75200e-12
       6396.80   1.75100e-12
       6398.20   1.75700e-12
       6399.60   1.75600e-12
       6401.00   1.75600e-12
       6402.40   1.75000e-12
       6403.80   1.72600e-12
       6405.20   1.71000e-12
       6406.60   1.72000e-12
       6408.00   1.73000e-12
       6409.40   1.73400e-12
       6410.80   1.72800e-12
       6412.20   1.73000e-12
       6413.60   1.74200e-12
       6415.00   1.70900e-12
       6416.40   1.68600e-12
       6417.80   1.70400e-12
       6419.20   1.70800e-12
       6420.60   1.69500e-12
       6422.00   1.67400e-12
       6423.40   1.68300e-12
       6424.80   1.71700e-12
       6426.20   1.72900e-12
       6427.60   1.72000e-12
       6429.00   1.70900e-12
       6430.40   1.70900e-12
       6431.80   1.68600e-12
       6433.20   1.69100e-12
       6434.60   1.71000e-12
       6436.00   1.72500e-12
       6437.40   1.71500e-12
       6438.80   1.73400e-12
       6440.20   1.74000e-12
       6441.60   1.73600e-12
       6443.00   1.70500e-12
       6444.40   1.68900e-12
       6445.80   1.69100e-12
       6447.20   1.68100e-12
       6448.60   1.65000e-12
       6450.00   1.67000e-12
       6451.40   1.67500e-12
       6452.80   1.66800e-12
       6454.20   1.65000e-12
       6455.60   1.63400e-12
       6457.00   1.60100e-12
       6458.40   1.61200e-12
       6459.80   1.63500e-12
       6461.20   1.64800e-12
       6462.60   1.65000e-12
       6464.00   1.65500e-12
       6465.40   1.67100e-12
       6466.80   1.69200e-12
       6468.20   1.70400e-12
       6469.60   1.70700e-12
       6471.00   1.70800e-12
       6472.40   1.70400e-12
       6473.80   1.69900e-12
       6475.20   1.69700e-12
       6476.60   1.68900e-12
       6478.00   1.67500e-12
       6479.40   1.67900e-12
       6480.80   1.67500e-12
       6482.20   1.66900e-12
       6483.60   1.66700e-12
       6485.00   1.64800e-12
       6486.40   1.65800e-12
       6487.80   1.68200e-12
       6489.20   1.69700e-12
       6490.60   1.69400e-12
       6492.00   1.69600e-12
       6493.40   1.69900e-12
       6494.80   1.69600e-12
       6496.20   1.69500e-12
       6497.60   1.69000e-12
       6499.00   1.68500e-12
       6500.40   1.68200e-12
       6501.80   1.68100e-12
       6503.20   1.66700e-12
       6504.60   1.67000e-12
       6506.00   1.66800e-12
       6507.40   1.66000e-12
       6508.80   1.67800e-12
       6510.20   1.68400e-12
       6511.60   1.67600e-12
       6513.00   1.66200e-12
       6514.40   1.65800e-12
       6515.80   1.66700e-12
       6517.20   1.67800e-12
       6518.60   1.68800e-12
       6520.00   1.68500e-12
       6521.40   1.67600e-12
       6522.80   1.67200e-12
       6524.20   1.67900e-12
       6525.60   1.69300e-12
       6527.00   1.69600e-12
       6528.40   1.68200e-12
       6529.80   1.66500e-12
       6531.20   1.65200e-12
       6532.60   1.64200e-12
       6534.00   1.64000e-12
       6535.40   1.62900e-12
       6536.80   1.59100e-12
       6538.20   1.57400e-12
       6539.60   1.57300e-12
       6541.00   1.56300e-12
       6542.40   1.52600e-12
       6543.80   1.49800e-12
       6545.20   1.48800e-12
       6546.60   1.48800e-12
       6548.00   1.43800e-12
       6549.40   1.40800e-12
       6550.80   1.38200e-12
       6552.20   1.33600e-12
       6553.60   1.28100e-12
       6555.00   1.23900e-12
       6556.40   1.19300e-12
       6557.80   1.13400e-12
       6559.20   1.07200e-12
       6560.60   1.01300e-12
       6562.00   9.64200e-13
       6563.40   9.37800e-13
       6564.80   9.61800e-13
       6566.20   1.02400e-12
       6567.60   1.09800e-12
       6569.00   1.17100e-12
       6570.40   1.23300e-12
       6571.80   1.30300e-12
       6573.20   1.35100e-12
       6574.60   1.37800e-12
       6576.00   1.40500e-12
       6577.40   1.43400e-12
       6578.80   1.47500e-12
       6580.20   1.50700e-12
       6581.60   1.52100e-12
       6583.00   1.53600e-12
       6584.40   1.53100e-12
       6585.80   1.52500e-12
       6587.20   1.54000e-12
       6588.60   1.53100e-12
       6590.00   1.51300e-12
       6591.40   1.50900e-12
       6592.80   1.51500e-12
       6594.20   1.53300e-12
       6595.60   1.54300e-12
       6597.00   1.53200e-12
       6598.40   1.54000e-12
       6599.80   1.56000e-12
       6601.20   1.57300e-12
       6602.60   1.55600e-12
       6604.00   1.55900e-12
       6605.40   1.57200e-12
       6606.80   1.58100e-12
       6608.20   1.58700e-12
       6609.60   1.60700e-12
       6611.00   1.60000e-12
       6612.40   1.58600e-12
       6613.80   1.57100e-12
       6615.20   1.55000e-12
       6616.60   1.55000e-12
       6618.00   1.55200e-12
       6619.40   1.54800e-12
       6620.80   1.54700e-12
       6622.20   1.56400e-12
       6623.60   1.57700e-12
       6625.00   1.58100e-12
       6626.40   1.58100e-12
       6627.80   1.59300e-12
       6629.20   1.59100e-12
       6630.60   1.57500e-12
       6632.00   1.59100e-12
       6633.40   1.57800e-12
       6634.80   1.55500e-12
       6636.20   1.55400e-12
       6637.60   1.55400e-12
       6639.00   1.54500e-12
       6640.40   1.54900e-12
       6641.80   1.57900e-12
       6643.20   1.59800e-12
       6644.60   1.58000e-12
       6646.00   1.54400e-12
       6647.40   1.54100e-12
       6648.80   1.54300e-12
       6650.20   1.54400e-12
       6651.60   1.54400e-12
       6653.00   1.55500e-12
       6654.40   1.55800e-12
       6655.80   1.54400e-12
       6657.20   1.53300e-12
       6658.60   1.55700e-12
       6660.00   1.57300e-12
       6661.40   1.58300e-12
       6662.80   1.58300e-12
       6664.20   1.55900e-12
       6665.60   1.55500e-12
       6667.00   1.55300e-12
       6668.40   1.54800e-12
       6669.80   1.55500e-12
       6671.20   1.54100e-12
       6672.60   1.52600e-12
       6674.00   1.51800e-12
       6675.40   1.52700e-12
       6676.80   1.53400e-12
       6678.20   1.51400e-12
       6679.60   1.49400e-12
       6681.00   1.51100e-12
       6682.40   1.52000e-12
       6683.80   1.52400e-12
       6685.20   1.51900e-12
       6686.60   1.49600e-12
       6688.00   1.49000e-12
       6689.40   1.50000e-12
       6690.80   1.50700e-12
       6692.20   1.52100e-12
       6693.60   1.53400e-12
       6695.00   1.53700e-12
       6696.40   1.53000e-12
       6697.80   1.51500e-12
       6699.20   1.50600e-12
       6700.60   1.51500e-12
       6702.00   1.52900e-12
       6703.40   1.52400e-12
       6704.80   1.52300e-12
       6706.20   1.51800e-12
       6707.60   1.50400e-12
       6709.00   1.50000e-12
       6710.40   1.50500e-12
       6711.80   1.50500e-12
       6713.20   1.50800e-12
       6714.60   1.50100e-12
       6716.00   1.48700e-12
       6717.40   1.47200e-12
       6718.80   1.48000e-12
       6720.20   1.51100e-12
       6721.60   1.50900e-12
       6723.00   1.50600e-12
       6724.40   1.50100e-12
       6725.80   1.49800e-12
       6727.20   1.49300e-12
       6728.60   1.49200e-12
       6730.00   1.50400e-12
       6731.40   1.48700e-12
       6732.80   1.46800e-12
       6734.20   1.46000e-12
       6735.60   1.46500e-12
       6737.00   1.49300e-12
       6738.40   1.50200e-12
       6739.80   1.49200e-12
       6741.20   1.46900e-12
       6742.60   1.46000e-12
       6744.00   1.46500e-12
       6745.40   1.47200e-12
       6746.80   1.47400e-12
       6748.20   1.47700e-12
       6749.60   1.47100e-12
       6751.00   1.46800e-12
       6752.40   1.47900e-12
       6753.80   1.47400e-12
       6755.20   1.47100e-12
       6756.60   1.47700e-12
       6758.00   1.48300e-12
       6759.40   1.51500e-12
       6760.80   1.54500e-12
       6762.20   1.53500e-12
       6763.60   1.50100e-12
       6765.00   1.48500e-12
       6766.40   1.49100e-12
       6767.80   1.49900e-12
       6769.20   1.50000e-12
       6770.60   1.49100e-12
       6772.00   1.47200e-12
       6773.40   1.45600e-12
       6774.80   1.46700e-12
       6776.20   1.45900e-12
       6777.60   1.44600e-12
       6779.00   1.44000e-12
       6780.40   1.44800e-12
       6781.80   1.46200e-12
       6783.20   1.45600e-12
       6784.60   1.44500e-12
       6786.00   1.43600e-12
       6787.40   1.42800e-12
       6788.80   1.44900e-12
       6790.20   1.47800e-12
       6791.60   1.46800e-12
       6793.00   1.46800e-12
       6794.40   1.46900e-12
       6795.80   1.46500e-12
       6797.20   1.47900e-12
       6798.60   1.47700e-12
       6800.00   1.45900e-12
       6801.40   1.45500e-12
       6802.80   1.47000e-12
       6804.20   1.45000e-12
       6805.60   1.41700e-12
       6807.00   1.42200e-12
       6808.40   1.43800e-12
       6809.80   1.43900e-12
       6811.20   1.43100e-12
       6812.60   1.43000e-12
       6814.00   1.41900e-12
       6815.40   1.42300e-12
       6816.80   1.42900e-12
       6818.20   1.41700e-12
       6819.60   1.42500e-12
       6821.00   1.41900e-12
       6822.40   1.39600e-12
       6823.80   1.40200e-12
       6825.20   1.42600e-12
       6826.60   1.43800e-12
       6828.00   1.44400e-12
       6829.40   1.43200e-12
       6830.80   1.42500e-12
       6832.20   1.41100e-12
       6833.60   1.40600e-12
       6835.00   1.41600e-12
       6836.40   1.42600e-12
       6837.80   1.41600e-12
       6839.20   1.41900e-12
       6840.60   1.42400e-12
       6842.00   1.38800e-12
       6843.40   1.35800e-12
       6844.80   1.35000e-12
       6846.20   1.37200e-12
       6847.60   1.39600e-12
       6849.00   1.41400e-12
       6850.40   1.42600e-12
       6851.80   1.42300e-12
       6853.20   1.40900e-12
       6854.60   1.39800e-12
       6856.00   1.40700e-12
       6857.40   1.41900e-12
       6858.80   1.40400e-12
       6860.20   1.41000e-12
       6861.60   1.40200e-12
       6863.00   1.35300e-12
       6864.40   1.31000e-12
       6865.80   1.21300e-12
       6867.20   1.07400e-12
       6868.60   9.89100e-13
       6870.00   9.76200e-13
       6871.40   9.89200e-13
       6872.80   1.01100e-12
       6874.20   1.05100e-12
       6875.60   1.09900e-12
       6877.00   1.14800e-12
       6878.40   1.20200e-12
       6879.80   1.25500e-12
       6881.20   1.29100e-12
       6882.60   1.27400e-12
       6884.00   1.23800e-12
       6885.40   1.20600e-12
       6886.80   1.21600e-12
       6888.20   1.20800e-12
       6889.60   1.21200e-12
       6891.00   1.22300e-12
       6892.40   1.20200e-12
       6893.80   1.21600e-12
       6895.20   1.21800e-12
       6896.60   1.22700e-12
       6898.00   1.27300e-12
       6899.40   1.26100e-12
       6900.80   1.26000e-12
       6902.20   1.26800e-12
       6903.60   1.26300e-12
       6905.00   1.26200e-12
       6906.40   1.26200e-12
       6907.80   1.27000e-12
       6909.20   1.29300e-12
       6910.60   1.31000e-12
       6912.00   1.31000e-12
       6913.40   1.29900e-12
       6914.80   1.28500e-12
       6916.20   1.29100e-12
       6917.60   1.29800e-12
       6919.00   1.30300e-12
       6920.40   1.31500e-12
       6921.80   1.31800e-12
       6923.20   1.31700e-12
       6924.60   1.32900e-12
       6926.00   1.34200e-12
       6927.40   1.33900e-12
       6928.80   1.32800e-12
       6930.20   1.31800e-12
       6931.60   1.33200e-12
       6933.00   1.33600e-12
       6934.40   1.32800e-12
       6935.80   1.31700e-12
       6937.20   1.31400e-12
       6938.60   1.31500e-12
       6940.00   1.32800e-12
       6941.40   1.34200e-12
       6942.80   1.35400e-12
       6944.20   1.34900e-12
       6945.60   1.34100e-12
       6947.00   1.32500e-12
       6948.40   1.31900e-12
       6949.80   1.33200e-12
       6951.20   1.35500e-12
       6952.60   1.35000e-12
       6954.00   1.35800e-12
       6955.40   1.37900e-12
       6956.80   1.38100e-12
       6958.20   1.35500e-12
       6959.60   1.32300e-12
       6961.00   1.32600e-12
       6962.40   1.36200e-12
       6963.80   1.37200e-12
       6965.20   1.37700e-12
       6966.60   1.39000e-12
       6968.00   1.39100e-12
       6969.40   1.39200e-12
       6970.80   1.40100e-12
       6972.20   1.41200e-12
       6973.60   1.41800e-12
       6975.00   1.42000e-12
       6976.40   1.39800e-12
       6977.80   1.36400e-12
       6979.20   1.35000e-12
       6980.60   1.35000e-12
       6982.00   1.36000e-12
       6983.40   1.35100e-12
       6984.80   1.34600e-12
       6986.20   1.36400e-12
       6987.60   1.36800e-12
       6989.00   1.36100e-12
       6990.40   1.35100e-12
       6991.80   1.33100e-12
       6993.20   1.34000e-12
       6994.60   1.34400e-12
       6996.00   1.34200e-12
       6997.40   1.32200e-12
       6998.80   1.30500e-12
       7000.20   1.31200e-12
       7001.60   1.30300e-12
       7003.00   1.29000e-12
       7004.40   1.29100e-12
       7005.80   1.31600e-12
       7007.20   1.31200e-12
       7008.60   1.30200e-12
       7010.00   1.29700e-12
       7011.40   1.29300e-12
       7012.80   1.29900e-12
       7014.20   1.30800e-12
       7015.60   1.31200e-12
       7017.00   1.31100e-12
       7018.40   1.28700e-12
       7019.80   1.28200e-12
       7021.20   1.29700e-12
       7022.60   1.30300e-12
       7024.00   1.31700e-12
       7025.40   1.31100e-12
       7026.80   1.30000e-12
       7028.20   1.30100e-12
       7029.60   1.29800e-12
       7031.00   1.30300e-12
       7032.40   1.31200e-12
       7033.80   1.31700e-12
       7035.20   1.31800e-12
       7036.60   1.32000e-12
       7038.00   1.30100e-12
       7039.40   1.28700e-12
       7040.80   1.29500e-12
       7042.20   1.28600e-12
       7043.60   1.27600e-12
       7045.00   1.27800e-12
       7046.40   1.28800e-12
       7047.80   1.30100e-12
       7049.20   1.30500e-12
       7050.60   1.29700e-12
       7052.00   1.29900e-12
       7053.40   1.31700e-12
       7054.80   1.33700e-12
       7056.20   1.32900e-12
       7057.60   1.31100e-12
       7059.00   1.30600e-12
       7060.40   1.32000e-12
       7061.80   1.32700e-12
       7063.20   1.29900e-12
       7064.60   1.28300e-12
       7066.00   1.26400e-12
       7067.40   1.25800e-12
       7068.80   1.26600e-12
       7070.20   1.29300e-12
       7071.60   1.29600e-12
       7073.00   1.28800e-12
       7074.40   1.26500e-12
       7075.80   1.26900e-12
       7077.20   1.27300e-12
       7078.60   1.28700e-12
       7080.00   1.31100e-12
       7081.40   1.32600e-12
       7082.80   1.31400e-12
       7084.20   1.30700e-12
       7085.60   1.31600e-12
       7087.00   1.31300e-12
       7088.40   1.32000e-12
       7089.80   1.32100e-12
       7091.20   1.30600e-12
       7092.60   1.28500e-12
       7094.00   1.27400e-12
       7095.40   1.25800e-12
       7096.80   1.25600e-12
       7098.20   1.26900e-12
       7099.60   1.25200e-12
       7101.00   1.26200e-12
       7102.40   1.26900e-12
       7103.80   1.26200e-12
       7105.20   1.25500e-12
       7106.60   1.25400e-12
       7108.00   1.26500e-12
       7109.40   1.26500e-12
       7110.80   1.26800e-12
       7112.20   1.27300e-12
       7113.60   1.29500e-12
       7115.00   1.28000e-12
       7116.40   1.26500e-12
       7117.80   1.25600e-12
       7119.20   1.27200e-12
       7120.60   1.29400e-12
       7122.00   1.29600e-12
       7123.40   1.29100e-12
       7124.80   1.29700e-12
       7126.20   1.30600e-12
       7127.60   1.28900e-12
       7129.00   1.27800e-12
       7130.40   1.28600e-12
       7131.80   1.30300e-12
       7133.20   1.31100e-12
       7134.60   1.29200e-12
       7136.00   1.27300e-12
       7137.40   1.26300e-12
       7138.80   1.25200e-12
       7140.20   1.26100e-12
       7141.60   1.28700e-12
       7143.00   1.30900e-12
       7144.40   1.30700e-12
       7145.80   1.30000e-12
       7147.20   1.31200e-12
       7148.60   1.31400e-12
       7150.00   1.31400e-12
       7151.40   1.30400e-12
       7152.80   1.30500e-12
       7154.20   1.31000e-12
       7155.60   1.30400e-12
       7157.00   1.29200e-12
       7158.40   1.27600e-12
       7159.80   1.27900e-12
       7161.20   1.29100e-12
       7162.60   1.25700e-12
       7164.00   1.26500e-12
       7165.40   1.26600e-12
       7166.80   1.25700e-12
       7168.20   1.27000e-12
       7169.60   1.21900e-12
       7171.00   1.19100e-12
       7172.40   1.18800e-12
       7173.80   1.20800e-12
       7175.20   1.20400e-12
       7176.60   1.20700e-12
       7178.00   1.21200e-12
       7179.40   1.20300e-12
       7180.80   1.18500e-12
       7182.20   1.17000e-12
       7183.60   1.13600e-12
       7185.00   1.11500e-12
       7186.40   1.17300e-12
       7187.80   1.22700e-12
       7189.20   1.21900e-12
       7190.60   1.17700e-12
       7192.00   1.13800e-12
       7193.40   1.17100e-12
       7194.80   1.22200e-12
       7196.20   1.21800e-12
       7197.60   1.19400e-12
       7199.00   1.17400e-12
       7200.40   1.17700e-12
       7201.80   1.19200e-12
       7203.20   1.18600e-12
       7204.60   1.16600e-12
       7206.00   1.18300e-12
       7207.40   1.20900e-12
       7208.80   1.20800e-12
       7210.20   1.25300e-12
       7211.60   1.28900e-12
       7213.00   1.31300e-12
       7214.40   1.31200e-12
       7215.80   1.28900e-12
       7217.20   1.24700e-12
       7218.60   1.27600e-12
       7220.00   1.31400e-12
       7221.40   1.29900e-12
       7222.80   1.24900e-12
       7224.20   1.22300e-12
       7225.60   1.25000e-12
       7227.00   1.23800e-12
       7228.40   1.23700e-12
       7229.80   1.25300e-12
       7231.20   1.25700e-12
       7232.60   1.24200e-12
       7234.00   1.21400e-12
       7235.40   1.24100e-12
       7236.80   1.26000e-12
       7238.20   1.25600e-12
       7239.60   1.22800e-12
       7241.00   1.20800e-12
       7242.40   1.20900e-12
       7243.80   1.20500e-12
       7245.20   1.20700e-12
       7246.60   1.22500e-12
       7248.00   1.22200e-12
       7249.40   1.16700e-12
       7250.80   1.15200e-12
       7252.20   1.16000e-12
       7253.60   1.14000e-12
       7255.00   1.14500e-12
       7256.40   1.15100e-12
       7257.80   1.15800e-12
       7259.20   1.15800e-12
       7260.60   1.14000e-12
       7262.00   1.14000e-12
       7263.40   1.14900e-12
       7264.80   1.18200e-12
       7266.20   1.20500e-12
       7267.60   1.19500e-12
       7269.00   1.20400e-12
       7270.40   1.20100e-12
       7271.80   1.18900e-12
       7273.20   1.18400e-12
       7274.60   1.16800e-12
       7276.00   1.10800e-12
       7277.40   1.13600e-12
       7278.80   1.17500e-12
       7280.20   1.20800e-12
       7281.60   1.22000e-12
       7283.00   1.20000e-12
       7284.40   1.18900e-12
       7285.80   1.17900e-12
       7287.20   1.16900e-12
       7288.60   1.17100e-12
       7290.00   1.17300e-12
       7291.40   1.16900e-12
       7292.80   1.18600e-12
       7294.20   1.18100e-12
       7295.60   1.16400e-12
       7297.00   1.16800e-12
       7298.40   1.16500e-12
       7299.80   1.15200e-12
       7301.20   1.14300e-12
       7302.60   1.14400e-12
       7304.00   1.15000e-12
       7305.40   1.15100e-12
       7306.80   1.17400e-12
       7308.20   1.17400e-12
       7309.60   1.15500e-12
       7311.00   1.17100e-12
       7312.40   1.18300e-12
       7313.80   1.18000e-12
       7315.20   1.16100e-12
       7316.60   1.14000e-12
       7318.00   1.13600e-12
       7319.40   1.15700e-12
       7320.80   1.18300e-12
       7322.20   1.18800e-12
       7323.60   1.18000e-12
       7325.00   1.18900e-12
       7326.40   1.15800e-12
       7327.80   1.14700e-12
       7329.20   1.15800e-12
       7330.60   1.16300e-12
       7332.00   1.16600e-12
       7333.40   1.12100e-12
       7334.80   1.12100e-12
       7336.20   1.12200e-12
       7337.60   1.12300e-12
       7339.00   1.12500e-12
       7340.40   1.11500e-12
       7341.80   1.11100e-12
       7343.20   1.11700e-12
       7344.60   1.11400e-12
       7346.00   1.11800e-12
       7347.40   1.09600e-12
       7348.80   1.07400e-12
       7350.20   1.08400e-12
       7351.60   1.10200e-12
       7353.00   1.12200e-12
       7354.40   1.11500e-12
       7355.80   1.10300e-12
       7357.20   1.10800e-12
       7358.60   1.12100e-12
       7360.00   1.13700e-12
       7361.40   1.11700e-12
       7362.80   1.10900e-12
       7364.20   1.12200e-12
       7365.60   1.11000e-12
       7367.00   1.11100e-12
       7368.40   1.12800e-12
       7369.80   1.14200e-12
       7371.20   1.11800e-12
       7372.60   1.10300e-12
       7374.00   1.11100e-12
       7375.40   1.12900e-12
       7376.80   1.14200e-12
       7378.20   1.15200e-12
       7379.60   1.16000e-12
       7381.00   1.15500e-12
       7382.40   1.13800e-12
       7383.80   1.14500e-12
       7385.20   1.13000e-12
       7386.60   1.12000e-12
       7388.00   1.12400e-12
       7389.40   1.12000e-12
       7390.80   1.14600e-12
       7392.20   1.15600e-12
       7393.60   1.13700e-12
       7395.00   1.13200e-12
       7396.40   1.11500e-12
       7397.80   1.10200e-12
       7399.20   1.11000e-12
       7400.60   1.10300e-12
       7402.00   1.13400e-12
       7403.40   1.18400e-12
       7404.80   1.21000e-12
       7406.20   1.21000e-12
       7407.60   1.17600e-12
       7409.00   1.13600e-12
       7410.40   1.11500e-12
       7411.80   1.10600e-12
       7413.20   1.11200e-12
       7414.60   1.13100e-12
       7416.00   1.15200e-12
       7417.40   1.16300e-12
       7418.80   1.18100e-12
       7420.20   1.21000e-12
       7421.60   1.22800e-12
       7423.00   1.22600e-12
       7424.40   1.19900e-12
       7425.80   1.16800e-12
       7427.20   1.14800e-12
