Wave Flux FluxNorm
3600 7.47428926394e-12 2.63046808551
3605 7.47235988253e-12 2.62978906761
3610 7.50921680757e-12 2.64276032971
3615 7.594e-12 2.67259854897
3620 7.23811925112e-12 2.54735146271
3625 7.71227240303e-12 2.7142228119
3630 7.29003976395e-12 2.56562413682
3635 6.88959348753e-12 2.42469285722
3640 7.25049540319e-12 2.55170707056
3645 7.63063019321e-12 2.68549001608
3650 7.299e-12 2.56877756241
3655 7.60430389339e-12 2.67622485533
3660 7.25349608348e-12 2.55276311663
3665 7.22215347384e-12 2.54173253813
3670 7.20968434396e-12 2.53734420808
3675 7.21747102961e-12 2.54008461956
3680 7.36950147533e-12 2.59358953774
3685 7.12e-12 2.50578109937
3690 7.41385317417e-12 2.60919847716
3695 7.62586711195e-12 2.68381371846
3700 7.21155818821e-12 2.53800368048
3705 6.97582730109e-12 2.45504160162
3710 6.96989876131e-12 2.45295513773
3715 7.11846219808e-12 2.50523989221
3720 7.287e-12 2.56455433583
3725 7.24733109727e-12 2.55059343883
3730 7.65329690791e-12 2.69346723873
3735 6.72814893752e-12 2.3678747811
3740 8.05031043423e-12 2.83319041154
3745 7.91158643981e-12 2.78436850659
3750 6.25580794613e-12 2.20164119561
3755 7.636e-12 2.68737984197
3760 8.49895584574e-12 2.99108468015
3765 7.79114367321e-12 2.74198041557
3770 5.9792124118e-12 2.10429739475
3775 7.72149331747e-12 2.71746797947
3780 9.38905827442e-12 3.30434336586
3785 9.61552929159e-12 3.38404656732
3790 8.936e-12 3.14489605393
3795 6.67776857201e-12 2.35014413957
3800 6.79006924209e-12 2.3896667374
3805 9.15267704802e-12 3.22115240949
3810 1.03428507813e-11 3.64001685412
3815 9.63216130032e-12 3.38989996242
3820 8.79804342984e-12 3.09634423286
3825 9.367e-12 3.29658027498
3830 7.69738508131e-12 2.70898343418
3835 6.09140726852e-12 2.1437827531
3840 7.82819215251e-12 2.75501909242
3845 9.59238042076e-12 3.37589965679
3850 9.86323068455e-12 3.47122149271
3855 9.82059779029e-12 3.45621746172
3860 9.865e-12 3.47184417771
3865 9.48097470866e-12 3.33669202649
3870 9.22880209571e-12 3.24794351984
3875 9.12737639187e-12 3.21224820922
3880 8.40918187914e-12 2.95949003005
3885 6.38853556922e-12 2.24835276433
3890 6.13471085654e-12 2.15902282506
3895 8.289e-12 2.91719375459
3900 9.14891718174e-12 3.2198291789
3905 9.69582804574e-12 3.41230655334
3910 9.48848384687e-12 3.33933475916
3915 9.56061481321e-12 3.3647202103
3920 9.32518356141e-12 3.28186358376
3925 9.09500949881e-12 3.20085714898
3930 9.389e-12 3.30432285703
3935 9.2736077544e-12 3.26371222387
3940 9.6371795841e-12 3.39166607487
3945 9.38986237937e-12 3.30462635898
3950 9.33826220019e-12 3.28646642166
3955 9.00610539803e-12 3.16956863558
3960 8.25321398486e-12 2.90459938376
3965 6.417e-12 2.25837040937
3970 5.30242257239e-12 1.86611099197
3975 7.29982616911e-12 2.56906832069
3980 8.40126584412e-12 2.95670409593
3985 8.76291636434e-12 3.08398176983
3990 8.82385654024e-12 3.10542878401
3995 8.81378643206e-12 3.10188475497
4000 8.838e-12 3.11040637026
4005 8.5150907234e-12 2.99676311716
4010 8.11192400018e-12 2.85487441562
4015 8.42818246223e-12 2.96617701066
4020 8.21414732841e-12 2.89085043862
4025 7.05456655236e-12 2.48275274314
4030 8.13320323289e-12 2.86236333404
4035 8.594e-12 3.02453409663
4040 8.43815027179e-12 2.96968503718
4045 8.58162954236e-12 3.02018049285
4050 8.47525864205e-12 2.98274479179
4055 8.41037330496e-12 2.95990933515
4060 8.32752031527e-12 2.93075042285
4065 8.27315189583e-12 2.91161624337
4070 8.157e-12 2.8707382623
4075 8.16884648791e-12 2.87490746251
4080 8.16063516008e-12 2.87201760436
4085 7.82672700774e-12 2.75450345589
4090 7.63669466387e-12 2.68762431888
4095 6.5244089594e-12 2.29617144032
4100 4.80553660576e-12 1.69123915717
4105 5.729e-12 2.01623875257
4110 6.97601486828e-12 2.45510761318
4115 7.68191127443e-12 2.70353765148
4120 7.67174044568e-12 2.69995817529
4125 7.68438481703e-12 2.70440817905
4130 7.81315722474e-12 2.74972776688
4135 7.83927143445e-12 2.75891828558
4140 7.349e-12 2.58637433979
4145 7.07990997424e-12 2.4916719942
4150 7.60737118069e-12 2.67730434277
4155 7.74689824345e-12 2.72640887601
4160 7.67492459574e-12 2.70107879089
4165 7.73162013975e-12 2.72103196822
4170 7.61874563527e-12 2.68130741767
4175 7.713e-12 2.71447887914
4180 7.69793377445e-12 2.7091765388
4185 7.47883498146e-12 2.6320678851
4190 7.41655188225e-12 2.61014824846
4195 7.59218883181e-12 2.6719611345
4200 7.28921336648e-12 2.56533329818
4205 7.24116067478e-12 2.54842184781
4210 7.357e-12 2.58918982417
4215 7.525177567e-12 2.64837748832
4220 7.09285856449e-12 2.4962290634
4225 7.21656667154e-12 2.53976634381
4230 7.30042199469e-12 2.56927801289
4235 7.20737388223e-12 2.53653107447
4240 7.27137530269e-12 2.55905544943
4245 7.189e-12 2.53006465216
4250 7.13840057953e-12 2.51225691741
4255 7.04869228924e-12 2.48068538113
4260 7.00775816847e-12 2.46627920892
4265 6.87642654199e-12 2.42005894103
4270 6.95156245795e-12 2.44650194077
4275 6.93796400294e-12 2.44171616105
4280 7.093e-12 2.49627883959
4285 6.93829946047e-12 2.44183422048
4290 6.83775359231e-12 2.40644855531
4295 7.00300701361e-12 2.46460710864
4300 6.99655823223e-12 2.46233755323
4305 6.87200569725e-12 2.41850308862
4310 6.68599761991e-12 2.35304023405
4315 6.694e-12 2.35585655607
4320 6.64766102964e-12 2.33954822516
4325 6.60035373158e-12 2.3228991053
4330 6.11080914817e-12 2.15061096424
4335 5.0607278007e-12 1.78105001012
4340 4.15165959359e-12 1.46111659279
4345 4.96891156398e-12 1.74873661257
4350 5.859e-12 2.06199037377
4355 6.3070487949e-12 2.21967467178
4360 6.60869030272e-12 2.32583304104
4365 6.52148307227e-12 2.29514171663
4370 6.50382020689e-12 2.28892552642
4375 6.49195589115e-12 2.28475005197
4380 6.49999319047e-12 2.28757866331
4385 6.099e-12 2.14645490521
4390 6.13956828122e-12 2.16073232548
4395 6.46336775141e-12 2.27468886935
4400 6.4709591364e-12 2.27736054759
4405 6.36181516102e-12 2.23894890283
4410 6.32278864998e-12 2.2252140863
4415 6.31977039294e-12 2.22415185436
4420 6.147e-12 2.1633478115
4425 6.08850060344e-12 2.14275979433
4430 5.95879188991e-12 2.0971106872
4435 5.89107473895e-12 2.07327861459
4440 6.07912914033e-12 2.13946164333
4445 6.11691957817e-12 2.15276144177
4450 6.19731080164e-12 2.18105397103
4455 6.22e-12 2.18903910648
4460 6.1405993444e-12 2.16109519326
4465 5.8717987938e-12 2.06649472427
4470 5.11978728852e-12 1.80183514331
4475 5.75332858417e-12 2.02480084616
4480 5.8633932499e-12 2.06353651458
4485 5.89747120717e-12 2.07552975913
4490 6.001e-12 2.11196522154
4495 5.90589168569e-12 2.07849322485
4500 5.82256884296e-12 2.04916895456
4505 5.97819132664e-12 2.10393803859
4510 5.88313339465e-12 2.07048377323
4515 5.91250693302e-12 2.08082136554
4520 5.86155464513e-12 2.0628894442
4525 5.907e-12 2.07888328006
4530 5.71959472665e-12 2.01292870255
4535 5.86396589066e-12 2.06373804722
4540 5.72972500991e-12 2.01649390933
4545 5.74636322035e-12 2.02234948704
4550 5.58960133637e-12 1.96717940754
4555 5.71568518152e-12 2.01155279464
4560 5.753e-12 2.02468520572
4565 5.77945356564e-12 2.03399515583
4570 5.73897944803e-12 2.01975087508
4575 5.64335228826e-12 1.98609627824
4580 5.57830573743e-12 1.96320408474
4585 5.57766713471e-12 1.96297933775
4590 5.59841090179e-12 1.97027980678
4595 5.492e-12 1.93283002778
4600 5.50557563044e-12 1.93760777471
4605 5.40117898102e-12 1.90086688272
4610 5.58099445722e-12 1.96415034081
4615 5.53053589068e-12 1.94639217757
4620 5.4843726313e-12 1.9301456856
4625 5.4455031865e-12 1.91646614625
4630 5.375e-12 1.8916535687
4635 5.32400726761e-12 1.8737074135
4640 5.38164573697e-12 1.89399243978
4645 5.3867035149e-12 1.89577245162
4650 5.42111561257e-12 1.90788329206
4655 5.48728709317e-12 1.93117138833
4660 5.27792178754e-12 1.85748829483
4665 5.304e-12 1.86666614481
4670 5.40197920167e-12 1.90114850882
4675 5.18851299446e-12 1.82602216227
4680 5.27905057978e-12 1.85788555694
4685 5.25080452787e-12 1.8479447672
4690 5.2239266439e-12 1.83848548438
4695 5.24330451419e-12 1.84530524578
4700 5.154e-12 1.81387581266
4705 5.19213011438e-12 1.82729515535
4710 4.95943988162e-12 1.74540319085
4715 5.00161604234e-12 1.76024648107
4720 5.12823810679e-12 1.80480928667
4725 5.0130007341e-12 1.7642531588
4730 5.06789082429e-12 1.78357093275
4735 4.951e-12 1.74243289649
4740 4.9765134035e-12 1.75141197012
4745 5.02117734816e-12 1.76713079995
4750 5.02036182843e-12 1.76684378956
4755 4.92339046604e-12 1.73271612003
4760 4.81632437261e-12 1.69503575581
4765 4.83568813805e-12 1.7018505532
4770 4.735e-12 1.66641481819
4775 4.85819304894e-12 1.70977083134
4780 4.67244855487e-12 1.6444007411
4785 4.67956225208e-12 1.64690430402
4790 4.73824882378e-12 1.66755819477
4795 4.89337231221e-12 1.72215166462
4800 4.68662717446e-12 1.64939070134
4805 4.609e-12 1.62207093919
4810 4.65432720672e-12 1.63802319451
4815 4.69824570551e-12 1.65347967543
4820 4.53422422759e-12 1.59575468677
4825 4.60096644601e-12 1.61924364596
4830 4.62569040633e-12 1.62794488648
4835 4.57578238846e-12 1.61038048088
4840 4.481e-12 1.57702318909
4845 4.40077199627e-12 1.54878810266
4850 4.20707482821e-12 1.48061918373
4855 3.69029966897e-12 1.29874763505
4860 2.91534185643e-12 1.02601243287
4865 3.27285554798e-12 1.15183420971
4870 3.81052139036e-12 1.3410579324
4875 4.076e-12 1.43448929228
4880 4.16988484308e-12 1.46753070595
4885 4.30031526859e-12 1.51343380918
4890 4.24702926255e-12 1.49468056946
4895 4.26317225267e-12 1.50036186153
4900 4.26614007106e-12 1.50140634232
4905 4.24913702969e-12 1.49542236765
4910 4.392e-12 1.54570092534
4915 4.43630407468e-12 1.56129310413
4920 4.04629395703e-12 1.42403467978
4925 4.04862150337e-12 1.42485382608
4930 4.39691009615e-12 1.54742896272
4935 4.38486587384e-12 1.54319017275
4940 4.2726790524e-12 1.5037076423
4945 4.358e-12 1.53373511672
4950 4.34034532249e-12 1.52752180812
4955 4.35150294396e-12 1.53144857175
4960 4.30589512698e-12 1.5153975597
4965 4.21338773939e-12 1.48284092159
4970 4.26311381202e-12 1.50034129419
4975 4.05402917553e-12 1.42675697814
4980 4.249e-12 1.49537414203
4985 4.09224755516e-12 1.44020738451
4990 4.18395232602e-12 1.47248155326
4995 4.17423578554e-12 1.46906195727
5000 3.94855448668e-12 1.38963668575
5005 4.04136119661e-12 1.42229866604
5010 4.02450545477e-12 1.41636653131
5015 3.794e-12 1.33524346784
5020 3.99883679352e-12 1.40733281695
5025 3.87910913237e-12 1.36519639695
5030 3.93714460993e-12 1.38562114453
5035 3.92764800048e-12 1.38227895008
5040 3.9045026161e-12 1.37413326656
5045 3.87932782484e-12 1.36527336261
5050 3.876e-12 1.36410218275
5055 3.91349547937e-12 1.37729817482
5060 3.9646454403e-12 1.39529966433
5065 3.84776534447e-12 1.35416540379
5070 3.82984249939e-12 1.34785771749
5075 3.82498856979e-12 1.34614944712
5080 3.80970353688e-12 1.34077010069
5085 3.882e-12 1.36621379603
5090 3.82538101632e-12 1.34628756301
5095 3.88171288108e-12 1.36611274868
5100 3.81696353147e-12 1.34332515087
5105 3.80912414826e-12 1.34056619324
5110 3.66186830073e-12 1.28874162589
5115 3.79252645652e-12 1.33472487551
5120 3.726e-12 1.3113118506
5125 3.72195890262e-12 1.30988964478
5130 3.66795604034e-12 1.29088411787
5135 3.73836400684e-12 1.31566318412
5140 3.62408866853e-12 1.27544563034
5145 3.62843847886e-12 1.27697648323
5150 3.62238757979e-12 1.27484695675
5155 3.563e-12 1.25394635633
5160 3.62201480799e-12 1.2747157651
5165 3.59206009875e-12 1.2641736381
5170 3.58080406961e-12 1.26021224132
5175 3.58193706965e-12 1.26061098431
5180 3.57773142257e-12 1.2591308676
5185 3.50438223381e-12 1.23331668068
5190 3.595e-12 1.26520829386
5195 3.59804355592e-12 1.26627942937
5200 3.61103249983e-12 1.27085070046
5205 3.52846981179e-12 1.24179395563
5210 3.58881582314e-12 1.26303186219
5215 3.49885421119e-12 1.23137117302
5220 3.56143905367e-12 1.25339700383
5225 3.564e-12 1.25429829188
5230 3.51281378735e-12 1.23628404409
5235 3.49785244587e-12 1.23101861619
5240 3.44650223576e-12 1.21294665187
5245 3.42345924108e-12 1.20483700292
5250 3.42990674934e-12 1.20710611027
5255 3.42786371187e-12 1.20638709276
5260 3.498e-12 1.23107054573
5265 3.36668277076e-12 1.18485534474
5270 3.38416264449e-12 1.19100713368
5275 3.39959935159e-12 1.19643985964
5280 3.3491358626e-12 1.17867996401
5285 3.32719084695e-12 1.17095673291
5290 3.34167867519e-12 1.17605551467
5295 3.364e-12 1.18391118234
5300 3.33244206307e-12 1.17280482253
5305 3.25006493552e-12 1.14381338303
5310 3.32636339834e-12 1.17066552433
5315 3.3231423376e-12 1.16953191855
5320 3.22718174675e-12 1.13575997546
5325 3.26858941608e-12 1.15033280624
5330 3.232e-12 1.13745569005
5335 3.22146065032e-12 1.13374651825
5340 3.27645035759e-12 1.153099351
5345 3.16467743875e-12 1.11376248759
5350 3.20592658378e-12 1.12827952803
5355 3.21842410888e-12 1.13267785138
5360 3.23627739336e-12 1.13896105683
5365 3.181e-12 1.11950697712
5370 3.2039443476e-12 1.12758190866
5375 3.19283098265e-12 1.12367072048
5380 3.21212936701e-12 1.13046250795
5385 3.15951582592e-12 1.11194593255
5390 3.13275504314e-12 1.10252786181
5395 3.17651115829e-12 1.11792719416
5400 3.144e-12 1.10648536186
5405 3.10091180069e-12 1.09132109284
5410 3.11988577528e-12 1.09799870898
5415 2.98785938069e-12 1.05153392749
5420 3.07551920213e-12 1.08238453476
5425 3.13105898208e-12 1.10193095763
5430 3.08425289177e-12 1.0854582306
5435 2.982e-12 1.04947180314
5440 3.04401490186e-12 1.07129705159
5445 3.0593054255e-12 1.0766783304
5450 3.06671587132e-12 1.07928632971
5455 2.95848291232e-12 1.041195304
5460 2.98315878392e-12 1.04987962039
5465 2.96550443984e-12 1.04366642914
5470 3.006e-12 1.05791825628
5475 3.0026861558e-12 1.05675199671
5480 2.90225224081e-12 1.02140573183
5485 2.91476728291e-12 1.02581022003
5490 2.84421676958e-12 1.00098098648
5495 2.90006870078e-12 1.02063726647
5500 2.97803700002e-12 1.04807708257
5505 2.878e-12 1.01287050618
5510 2.86381894376e-12 1.00787968838
5515 2.94302382609e-12 1.03575470202
5520 2.8769795956e-12 1.0125113896
5525 2.82629660321e-12 0.994674242913
5530 2.83779093286e-12 0.998719506116
5535 2.84139674799e-12 0.999988520638
5540 2.796e-12 0.984011791271
5545 2.83982726971e-12 0.999436165439
5550 2.84142936579e-12 1.0
5555 2.77924078252e-12 0.97811362689
5560 2.86754252279e-12 1.00919014821
5565 2.85071051691e-12 1.003266367
5570 2.75860171491e-12 0.970850005327
5575 2.716e-12 0.955856947458
5580 2.76664418493e-12 0.973680436416
5585 2.7608377259e-12 0.971636937078
5590 2.86403854751e-12 1.00795697475
5595 2.76414817183e-12 0.97280200068
5600 2.75187553033e-12 0.968482821871
5605 2.72834723457e-12 0.96020237822
5610 2.724e-12 0.958672431839
5615 2.68825906644e-12 0.946093926813
5620 2.74151398148e-12 0.964836224504
5625 2.73422372839e-12 0.962270525289
5630 2.68403317742e-12 0.944606686247
5635 2.68309910792e-12 0.944277953986
5640 2.69840797541e-12 0.949665688649
5645 2.653e-12 0.933685007955
5650 2.70911270744e-12 0.953433064378
5655 2.64564474506e-12 0.93109643228
5660 2.65215149388e-12 0.933386388489
5665 2.60816173266e-12 0.917904827781
5670 2.5815485278e-12 0.908538694953
5675 2.57707868907e-12 0.906965599813
5680 2.656e-12 0.934740814598
5685 2.576386044e-12 0.906721833392
5690 2.58917369982e-12 0.911222264046
5695 2.55114102459e-12 0.89783721366
5700 2.53272658434e-12 0.891356517545
5705 2.5065026319e-12 0.882127376482
5710 2.5746391214e-12 0.906107029228
5715 2.566e-12 0.903066615308
5720 2.55266464283e-12 0.898373429079
5725 2.54730087686e-12 0.896485729163
5730 2.5075065083e-12 0.882480676273
5735 2.54826359802e-12 0.896824544965
5740 2.42149123321e-12 0.852208843325
5745 2.49124369831e-12 0.87675721533
5750 2.371e-12 0.834439183513
5755 2.43868636315e-12 0.858260420798
5760 2.46321346012e-12 0.866892378101
5765 2.44212345269e-12 0.859470054789
5770 2.44209745113e-12 0.859460903914
5775 2.47460038249e-12 0.870899840863
5780 2.28036354543e-12 0.802540993237
5785 2.424e-12 0.85309176754
5790 2.49089517118e-12 0.876634556244
5795 2.40223488076e-12 0.845431848379
5800 2.43061513232e-12 0.855419867755
5805 2.48677383568e-12 0.87518411178
5810 2.43421194201e-12 0.856685712944
5815 2.3928387155e-12 0.842125003813
5820 2.394e-12 0.84253370111
5825 2.35985890626e-12 0.830518236585
5830 2.35772379431e-12 0.829766814792
5835 2.36335159855e-12 0.831747439161
5840 2.33869605008e-12 0.823070275207
5845 2.33708504723e-12 0.822503306035
5850 2.38706436027e-12 0.840092802943
5855 2.415e-12 0.849924347611
5860 2.4470614257e-12 0.861207903024
5865 2.45997139863e-12 0.865751381415
5870 2.37131684011e-12 0.834550690813
5875 2.1645780341e-12 0.761791955894
5880 2.36796624693e-12 0.833371497966
5885 2.40878982793e-12 0.847738767303
5890 2.1e-12 0.739064650096
5895 2.13549776097e-12 0.751557574045
5900 2.29324562744e-12 0.807074655825
5905 2.34181697963e-12 0.824168641255
5910 2.37382532913e-12 0.835433517267
5915 2.33885403549e-12 0.823125875887
5920 2.35033649505e-12 0.827166961581
5925 2.312e-12 0.813674986201
5930 2.26389638761e-12 0.796745615031
5935 2.22930391402e-12 0.784571293892
5940 2.2695177391e-12 0.798723968447
5945 2.26379289188e-12 0.796709191203
5950 2.25922037907e-12 0.795099961405
5955 2.25465470387e-12 0.793493138003
5960 2.25e-12 0.791854982246
5965 2.2454243858e-12 0.790244660957
5970 2.24087795183e-12 0.788644609227
5975 2.23653712568e-12 0.787116918198
5980 2.23246246726e-12 0.785682901057
5985 2.22814567305e-12 0.784163667721
5990 2.22344271577e-12 0.782508529878
5995 2.221e-12 0.781648851364
6000 2.23014661264e-12 0.784867869492
6005 2.26237411279e-12 0.796209872409
6010 2.2405591444e-12 0.788532409559
6015 2.30881669899e-12 0.812554669418
6020 2.25161817048e-12 0.792424473961
6025 2.18414827697e-12 0.768679420038
6030 2.23e-12 0.784816271293
6035 2.13352856298e-12 0.75086454327
6040 2.21631955589e-12 0.780001636704
6045 2.12088553674e-12 0.746415012906
6050 2.17654682986e-12 0.766004200584
6055 2.18776811564e-12 0.76995336994
6060 2.12975293359e-12 0.749535765073
6065 2.146e-12 0.755253685289
6070 2.20678456757e-12 0.776645935365
6075 2.15742360423e-12 0.759274057698
6080 2.1132281411e-12 0.743720103178
6085 2.02794649241e-12 0.71370645944
6090 2.14120159957e-12 0.753564957605
6095 2.1087833225e-12 0.742155813511
6100 2.129e-12 0.749270780978
6105 2.05142882127e-12 0.721970725708
6110 2.03504341377e-12 0.716204118346
6115 2.08992170672e-12 0.735517740431
6120 2.08889495261e-12 0.735156389162
6125 2.1186737931e-12 0.745636621698
6130 2.08288586376e-12 0.733041577186
6135 2.051e-12 0.721819808261
6140 2.11770462401e-12 0.745295536642
6145 1.97914459173e-12 0.696531335798
6150 2.0189168552e-12 0.710528609126
6155 2.05321262937e-12 0.722598511189
6160 1.98378902086e-12 0.698165875508
6165 2.10433550995e-12 0.740590470164
6170 2.041e-12 0.718300452784
6175 1.99298419071e-12 0.701401982646
6180 1.97724444753e-12 0.695862607508
6185 2.03966539513e-12 0.717830757888
6190 2.00591035005e-12 0.70595115761
6195 2.04263789182e-12 0.718876885139
6200 2.05265705406e-12 0.722402984487
6205 1.992e-12 0.701055610948
6210 2.04147893005e-12 0.718469005293
6215 2.07036421835e-12 0.728634765052
6220 1.99435512167e-12 0.701884461984
6225 2.05538998243e-12 0.723364799131
6230 2.08738635012e-12 0.734625458316
6235 1.99420905379e-12 0.701833055505
6240 2.034e-12 0.71583690395
6245 2.00087788722e-12 0.704180055048
6250 2.03916919158e-12 0.717656126222
6255 2.02472668162e-12 0.712573293568
6260 2.01045758263e-12 0.7075514904
6265 1.97747322069e-12 0.695943120916
6270 1.91786965578e-12 0.674966507658
6275 1.9e-12 0.668677540563
6280 1.81683726134e-12 0.639409616589
6285 1.76693724051e-12 0.621848025427
6290 1.83872090156e-12 0.647111247492
6295 1.90863925611e-12 0.671718001895
6300 1.85043939766e-12 0.651235402837
6305 1.87019611591e-12 0.658188494295
6310 1.836e-12 0.646153665513
6315 1.85449027769e-12 0.652661051517
6320 1.88713116954e-12 0.664148541668
6325 1.8715729036e-12 0.658673034824
6330 1.83337143039e-12 0.645228578428
6335 1.81446260981e-12 0.638573892302
6340 1.88162437526e-12 0.662210505007
6345 1.82e-12 0.64052269675
6350 1.81358033271e-12 0.638263387626
6355 1.73252924115e-12 0.609738627329
6360 1.80820360686e-12 0.636371126668
6365 1.79519889888e-12 0.631794307646
6370 1.81524553602e-12 0.638849431866
6375 1.73979074438e-12 0.612294208444
6380 1.738e-12 0.611663981842
6385 1.80842252307e-12 0.636448171067
6390 1.78087468197e-12 0.626753106522
6395 1.82349015996e-12 0.641751008107
6400 1.75675764536e-12 0.618265464033
6405 1.80917178891e-12 0.636711864349
6410 1.77821970265e-12 0.625818724919
6415 1.774e-12 0.624333661557
6420 1.76117605561e-12 0.619820459665
6425 1.75826304777e-12 0.618795268656
6430 1.77824393981e-12 0.625827254839
6435 1.78330744783e-12 0.627609283308
6440 1.75260953183e-12 0.616805595426
6445 1.82501059462e-12 0.64228610311
6450 1.715e-12 0.603569464245
6455 1.77190088466e-12 0.62359490825
6460 1.75111491618e-12 0.616279587051
6465 1.75525450866e-12 0.617736456795
6470 1.78626475266e-12 0.628650064
6475 1.70304671195e-12 0.59936267727
6480 1.70721851468e-12 0.600830882948
6485 1.7e-12 0.59829043103
6490 1.72269360865e-12 0.60627711862
6495 1.65712936253e-12 0.583202729753
6500 1.75093302904e-12 0.616215574498
6505 1.74443551065e-12 0.613928866808
6510 1.75200352455e-12 0.616592319925
6515 1.71290505859e-12 0.602832179893
6520 1.754e-12 0.617294950604
6525 1.71730481127e-12 0.604380609262
6530 1.71836661479e-12 0.604754295664
6535 1.69518719731e-12 0.596596634681
6540 1.71460797746e-12 0.603431497579
6545 1.60708837674e-12 0.565591528015
6550 1.56131474377e-12 0.549482159426
6555 1.488e-12 0.523680094925
6560 1.27135722049e-12 0.447435799669
6565 1.26025543166e-12 0.443528685537
6570 1.49066329527e-12 0.524617403205
6575 1.54670941375e-12 0.544342024606
6580 1.61583278168e-12 0.568668994956
6585 1.61373274195e-12 0.567929916322
6590 1.647e-12 0.579637847004
6595 1.6374140481e-12 0.576264209773
6600 1.6706882541e-12 0.587974585685
6605 1.64109960338e-12 0.577561287686
6610 1.64823923019e-12 0.580073976158
6615 1.61525753129e-12 0.568466543894
6620 1.64739380175e-12 0.57977643984
6625 1.625e-12 0.571895264955
6630 1.55192686997e-12 0.546178232919
6635 1.58133639761e-12 0.556528491137
6640 1.61236293443e-12 0.567447832363
6645 1.61283257883e-12 0.567613116921
6650 1.64542098218e-12 0.579082134501
6655 1.65521578701e-12 0.582529274505
6660 1.554e-12 0.546907841071
6665 1.52576368994e-12 0.536970479825
6670 1.51669986047e-12 0.533780596037
6675 1.46636941847e-12 0.51606752437
6680 1.4187235044e-12 0.499299233508
6685 1.50078702725e-12 0.528180304364
6690 1.51855421143e-12 0.53443320806
6695 1.487e-12 0.523328159378
6700 1.51480835491e-12 0.533114907993
6705 1.57982196651e-12 0.555995508997
6710 1.58401206462e-12 0.55747015347
6715 1.512214006e-12 0.53220186439
6720 1.54473591124e-12 0.54364747892
6725 1.51291217771e-12 0.532447575832
6730 1.481e-12 0.521216546092
6735 1.50868248434e-12 0.530958996377
6740 1.47884044927e-12 0.520456523422
6745 1.50719329075e-12 0.530434896216
6750 1.43840987256e-12 0.506227566265
6755 1.4917920086e-12 0.525014637547
6760 1.48580325987e-12 0.522906983984
6765 1.482e-12 0.521568481639
6770 1.4763897785e-12 0.519594045265
6775 1.54428958372e-12 0.5434904004
6780 1.43845837614e-12 0.506244636401
6785 1.4711441758e-12 0.517747931206
6790 1.45173708254e-12 0.510917885208
6795 1.44954413938e-12 0.510146110556
6800 1.439e-12 0.50643525309
6805 1.45773368262e-12 0.513028301942
6810 1.47542974382e-12 0.519256174932
6815 1.47341283368e-12 0.518546352558
6820 1.47953816486e-12 0.520702074341
6825 1.41697225958e-12 0.498682908202
6830 1.48408095524e-12 0.52230084376
6835 1.425e-12 0.501508155422
6840 1.43226099508e-12 0.504063557702
6845 1.40323323205e-12 0.493847656023
6850 1.43875236968e-12 0.506348103176
6855 1.4228173142e-12 0.5007399907
6860 1.45737009866e-12 0.512900343821
6865 1.32227907625e-12 0.465357010865
6870 1.021e-12 0.359326194166
6875 1.14765632593e-12 0.403901057598
6880 1.28987300401e-12 0.453952162086
6885 1.28799437654e-12 0.453291006298
6890 1.23098791764e-12 0.433228406962
6895 1.26860801151e-12 0.446468255303
6900 1.25997560396e-12 0.443430204225
6905 1.278e-12 0.449773629916
6910 1.28180151865e-12 0.451111519463
6915 1.28254548893e-12 0.451373349053
6920 1.3917370422e-12 0.489801738153
6925 1.39268317499e-12 0.490134715912
6930 1.30950399363e-12 0.460861005167
6935 1.34041198451e-12 0.471738625865
6940 1.285e-12 0.452237178749
6945 1.30365306311e-12 0.458801854731
6950 1.35174787387e-12 0.475728128296
6955 1.34547745689e-12 0.473521345663
6960 1.31204517192e-12 0.46175533614
6965 1.37279327043e-12 0.483134751458
6970 1.3508800105e-12 0.475422696324
6975 1.413e-12 0.49728492885
6980 1.33047996557e-12 0.468243195339
6985 1.34718453208e-12 0.474122126103
6990 1.38392919701e-12 0.487053879879
6995 1.36945648739e-12 0.481960418891
7000 1.29241196908e-12 0.454845714147
7005 1.24048506408e-12 0.436570790396
7010 1.326e-12 0.466666536204
7015 1.31844471714e-12 0.464007563591
7020 1.27713870832e-12 0.449470510756
7025 1.32870213603e-12 0.467617513926
7030 1.34893303364e-12 0.474737485957
7035 1.28470970186e-12 0.452135012515
7040 1.24307013425e-12 0.437480568482
7045 1.352e-12 0.475816860443
7050 1.29015838928e-12 0.454052599304
7055 1.27979529173e-12 0.450405456893
7060 1.28407308923e-12 0.451910965901
7065 1.26236110797e-12 0.444269747885
7070 1.40236255937e-12 0.493541235356
7075 1.30190452549e-12 0.458186482186
7080 1.201e-12 0.422674592745
7085 1.27343748299e-12 0.448167917994
7090 1.33867863318e-12 0.471128597916
7095 1.33237823701e-12 0.468911264538
7100 1.2995811615e-12 0.457368807806
7105 1.28767236869e-12 0.453177680288
7110 1.29747246733e-12 0.456626683369
7115 1.282e-12 0.451181372106
7120 1.27478506645e-12 0.448642180517
7125 1.34141789472e-12 0.472092641424
7130 1.34213605874e-12 0.472345388874
7135 1.3815188439e-12 0.486205590938
7140 1.2962016063e-12 0.456179422199
7145 1.35083180586e-12 0.4754057314
7150 1.321e-12 0.464906858465
7155 1.30876936443e-12 0.460602463039
7160 1.30821822968e-12 0.460408499128
7165 1.29023611265e-12 0.454079952923
7170 1.23416075438e-12 0.434345040999
7175 1.15932446462e-12 0.408007490376
7180 1.20421100785e-12 0.423804660551
7185 1.047e-12 0.368476518405
7190 1.20069682241e-12 0.422567893774
7195 1.20401287752e-12 0.423734931445
7200 1.11494577981e-12 0.392389053634
7205 1.19053572555e-12 0.418991842587
7210 1.23226085017e-12 0.43367639717
7215 1.31123557897e-12 0.461470411603
7220 1.334e-12 0.469482020585
7225 1.25225880623e-12 0.440714388789
7230 1.27184988803e-12 0.447609186891
7235 1.17971701168e-12 0.415184352595
7240 1.23428171051e-12 0.434387609762
7245 1.21103201092e-12 0.426205214003
7250 1.20129425577e-12 0.422778151809
7255 1.265e-12 0.445198467796
7260 1.2721666703e-12 0.447720673832
7265 1.21350243877e-12 0.42707464538
7270 1.28422666602e-12 0.451965015031
7275 1.14902173406e-12 0.404381593254
7280 1.23999784401e-12 0.436399320334
7285 1.18184232085e-12 0.415932324443
7290 1.196e-12 0.420914915007
7295 1.25525399366e-12 0.441768501718
7300 1.16264639741e-12 0.409176596614
7305 1.1301296127e-12 0.397732784177
7310 1.09577143104e-12 0.385640918699
7315 1.14676355024e-12 0.403586858095
7320 1.23419614558e-12 0.43435749642
7325 1.19e-12 0.418803301721
7330 1.20177607573e-12 0.422947721381
7335 1.1493693204e-12 0.404503921244
7340 1.2045190812e-12 0.423913082516
7345 1.11674139389e-12 0.393020994058
7350 1.15845281616e-12 0.4077007263
7355 1.18933044789e-12 0.418567662532
7360 1.177e-12 0.414228139602
7365 1.18066618454e-12 0.415518400264
7370 1.22563233142e-12 0.431343585794
7375 1.17211568271e-12 0.412509174722
7380 1.06149342771e-12 0.373577270825
7385 1.10470016564e-12 0.388783257798
7390 1.07083539542e-12 0.376865041346
7395 1.199e-12 0.42197072165
7400 1.13461670872e-12 0.399311952772
