Wave Flux FluxNorm
3600 6.35687801398e-13 0.713089958172
3605 5.86941133688e-13 0.658407834084
3610 5.6462880633e-13 0.633378729313
3615 5.676e-13 0.63671169931
3620 5.64499319794e-13 0.633233476331
3625 6.04047076031e-13 0.677596617764
3630 6.41716594419e-13 0.719852824715
3635 5.42218705365e-13 0.608239945896
3640 6.01384454525e-13 0.674609792071
3645 5.82203110294e-13 0.653092902923
3650 5.639e-13 0.632561182595
3655 6.66489434741e-13 0.747642037643
3660 6.90238949791e-13 0.77428332391
3665 6.49663613329e-13 0.728767482774
3670 6.35805284193e-13 0.713221745823
3675 6.61128985389e-13 0.741628893147
3680 6.30069145376e-13 0.706787167434
3685 6.16e-13 0.691004944988
3690 6.35330377205e-13 0.712689013555
3695 6.63212174681e-13 0.743965734221
3700 7.03410959097e-13 0.789059173855
3705 6.11409942634e-13 0.685855996388
3710 6.28037004937e-13 0.704507590985
3715 7.15419175034e-13 0.802529525467
3720 6.469e-13 0.725667368365
3725 6.21937299701e-13 0.697665177867
3730 7.21185145651e-13 0.808997568014
3735 5.23800574133e-13 0.587579199534
3740 6.64906322491e-13 0.745866163629
3745 6.28690438222e-13 0.70524058714
3750 5.1944465568e-13 0.5826928989
3755 7.228e-13 0.810809049086
3760 6.69075717753e-13 0.750543229771
3765 7.41791212467e-13 0.832112655784
3770 6.27466598691e-13 0.703867731347
3775 7.14772142797e-13 0.80180370976
3780 8.6125876781e-13 0.966126732907
3785 9.0713974553e-13 1.01759423694
3790 8.149e-13 0.914123262452
3795 6.98127059039e-13 0.783131899392
3800 6.42264767606e-13 0.720467744167
3805 8.57287018379e-13 0.961671378204
3810 9.21569174083e-13 1.0337806111
3815 8.71105335718e-13 0.977172231471
3820 8.38911849614e-13 0.941058825474
3825 7.844e-13 0.879909543585
3830 6.71012511547e-13 0.752715850044
3835 5.10797923431e-13 0.572993329513
3840 5.79287875712e-13 0.649822705663
3845 8.11738821035e-13 0.910577174308
3850 9.14579637984e-13 1.02594002018
3855 9.43782490238e-13 1.05869864894
3860 8.701e-13 0.976044484795
3865 9.68590610556e-13 1.0865274376
3870 9.54354848372e-13 1.07055831087
3875 8.80419379941e-13 0.987620365588
3880 8.38953174453e-13 0.941105182078
3885 7.5575222957e-13 0.847773584121
3890 5.70119717522e-13 0.639538220849
3895 7.325e-13 0.821690133447
3900 8.53646227365e-13 0.957587279836
3905 8.57011845328e-13 0.961362699732
3910 9.20930734656e-13 1.03306443448
3915 9.33707773667e-13 1.04739722204
3920 8.54834507137e-13 0.958920246067
3925 8.37710298381e-13 0.939710971832
3930 5.481e-13 0.614837354461
3935 2.81731876874e-13 0.316035909222
3940 6.1084456213e-13 0.685221774433
3945 7.71998897075e-13 0.865998466565
3950 8.76194716004e-13 0.982881301187
3955 8.93398865396e-13 1.00218024973
3960 8.42252864864e-13 0.944806646999
3965 5.587e-13 0.626728023969
3970 3.15203784234e-13 0.353583398677
3975 6.27673175824e-13 0.704099461576
3980 8.47764110993e-13 0.950988949479
3985 9.2692666705e-13 1.03979043924
3990 9.91997186516e-13 1.11278402808
3995 1.02258870176e-12 1.1471004052
4000 1.008e-12 1.13073536453
4005 9.83182162762e-13 1.1028956758
4010 1.02957808e-12 1.15494081904
4015 1.03683681384e-12 1.16308338556
4020 1.04826522335e-12 1.17590333278
4025 1.08367665758e-12 1.21562650837
4030 1.02294359761e-12 1.14749851362
4035 1.005e-12 1.1273700807
4040 1.08196338302e-12 1.21370462331
4045 9.99425215373e-13 1.12111650319
4050 1.04201848632e-12 1.16889598509
4055 1.01137866332e-12 1.1345254182
4060 1.02541518145e-12 1.15027104066
4065 9.78212167888e-13 1.09732052802
4070 1.03e-12 1.15541411256
4075 9.87056363877e-13 1.10724160458
4080 9.48140997791e-13 1.06358785393
4085 9.63981005991e-13 1.08135656171
4090 1.03314944355e-12 1.15894703637
4095 9.18023370926e-13 1.02980306644
4100 7.28506369812e-13 0.817210233759
4105 7.655e-13 0.8587082555
4110 9.16253234495e-13 1.02781739594
4115 1.01356420092e-12 1.13697706964
4120 1.00644337468e-12 1.12898920252
4125 1.01470185459e-12 1.13825324547
4130 1.00325042288e-12 1.12540747284
4135 9.84692900646e-13 1.10459036305
4140 1.117e-12 1.25300734343
4145 1.04648497201e-12 1.17390631577
4150 1.06307241212e-12 1.19251346372
4155 1.00832067104e-12 1.13109508088
4160 1.03611714313e-12 1.16227608684
4165 1.12878893696e-12 1.26623171637
4170 1.06330023627e-12 1.19276902804
4175 9.547e-13 1.0709454886
4180 1.03725447358e-12 1.16355190009
4185 1.0316062262e-12 1.15721591491
4190 1.00333735932e-12 1.12550499477
4195 1.05342475223e-12 1.18169109247
4200 9.85056680549e-13 1.10499843726
4205 1.00130999465e-12 1.12323077559
4210 1.059e-12 1.18794518952
4215 1.07047618685e-12 1.2008187315
4220 1.07274088723e-12 1.20335918468
4225 1.00474612655e-12 1.1270852953
4230 9.90467442332e-13 1.11106802029
4235 1.01322999662e-12 1.1366021722
4240 1.01030556238e-12 1.13332165511
4245 1.017e-12 1.14083121599
4250 9.87055648879e-13 1.10724080252
4255 1.0412044046e-12 1.16798277974
4260 9.88282434714e-13 1.10861696336
4265 1.05165336163e-12 1.17970401509
4270 1.01052673016e-12 1.13356975257
4275 9.68845411648e-13 1.0868132636
4280 1.042e-12 1.16887524785
4285 9.97575207299e-13 1.11904123578
4290 9.16275199161e-13 1.02784203505
4295 9.64772333738e-13 1.08224424253
4300 8.42472507133e-13 0.945053033191
4305 8.49481230461e-13 0.952915147602
4310 8.32455549057e-13 0.933816397533
4315 9.14e-13 1.02528980474
4320 1.06766604005e-12 1.19766641764
4325 9.29329698832e-13 1.04248606724
4330 9.52347801379e-13 1.06830688328
4335 9.34685420088e-13 1.04849390794
4340 6.6928720418e-13 0.750780467054
4345 7.78343909058e-13 0.873116055293
4350 9.644e-13 1.08182657296
4355 9.72180911537e-13 1.09055489821
4360 1.03612189897e-12 1.16228142175
4365 1.07740015246e-12 1.20858576799
4370 1.04882861697e-12 1.17653532592
4375 1.03341972899e-12 1.15925023211
4380 1.03732652786e-12 1.16363272779
4385 9.209e-13 1.03302995753
4390 1.03684206401e-12 1.16308927501
4395 1.03762639417e-12 1.16396910621
4400 1.04576940375e-12 1.173103619
4405 1.05079222265e-12 1.17873802273
4410 1.03829620261e-12 1.16472047137
4415 1.04486980713e-12 1.17209448635
4420 1.076e-12 1.20701513118
4425 1.04260246185e-12 1.16955106623
4430 1.07914079757e-12 1.21053835626
4435 1.02116837567e-12 1.1455071384
4440 1.08051619189e-12 1.21208122035
4445 1.0099234802e-12 1.13289305013
4450 1.06205347184e-12 1.19137045597
4455 1.02e-12 1.14419649982
4460 1.01041438223e-12 1.13344372502
4465 1.01375027575e-12 1.13718580117
4470 1.01067052974e-12 1.13373106137
4475 1.07340032871e-12 1.2040989206
4480 1.06192439314e-12 1.19122566049
4485 1.07297895368e-12 1.20362623841
4490 1.051e-12 1.17897109932
4495 1.04761747896e-12 1.17517671821
4500 1.07447007778e-12 1.20529892368
4505 1.13812203822e-12 1.27670122794
4510 1.12064387543e-12 1.25709490177
4515 1.11006499592e-12 1.24522792441
4520 1.07804574408e-12 1.20930996766
4525 1.055e-12 1.18345814442
4530 1.01579968027e-12 1.1394847438
4535 9.75308037565e-13 1.09406278708
4540 1.061810536e-12 1.19109793996
4545 1.0313293636e-12 1.15690534117
4550 9.85285399025e-13 1.10525500479
4555 9.99976601228e-13 1.12173502649
4560 1.087e-12 1.2193545052
4565 1.05038724009e-12 1.17828372898
4570 1.10651180804e-12 1.24124209585
4575 1.08284336228e-12 1.21469174997
4580 1.04017816174e-12 1.16683158025
4585 1.0056845362e-12 1.1281379669
4590 1.04678346969e-12 1.17424115891
4595 1.023e-12 1.14756178364
4600 1.04958663358e-12 1.17738563961
4605 1.06115967035e-12 1.19036782408
4610 1.0638319201e-12 1.19336545037
4615 1.04051345746e-12 1.167207702
4620 1.05433891316e-12 1.1827165628
4625 1.07937827051e-12 1.21080474421
4630 1.049e-12 1.17672757677
4635 1.0453128604e-12 1.17259148635
4640 1.04680397831e-12 1.17426416468
4645 1.05689068444e-12 1.185579041
4650 1.00735077455e-12 1.13000708856
4655 1.03395106099e-12 1.15984625977
4660 1.08614806567e-12 1.21839883826
4665 1.037e-12 1.16326644148
4670 9.99251258691e-13 1.12092136533
4675 1.07651494045e-12 1.20759277144
4680 1.04148649331e-12 1.16829921594
4685 1.05923737105e-12 1.18821146316
4690 1.05282411622e-12 1.18101732225
4695 1.08755275589e-12 1.21997456535
4700 1.04e-12 1.1666317253
4705 1.01202350347e-12 1.1352487749
4710 1.00501732024e-12 1.12738950988
4715 1.03310452704e-12 1.15889665077
4720 1.03073230139e-12 1.15623557991
4725 1.05123121429e-12 1.17923046656
4730 1.01729812881e-12 1.14116564534
4735 1.03e-12 1.15541411256
4740 1.01041122862e-12 1.13344018742
4745 1.05728221032e-12 1.18601823958
4750 1.03039814031e-12 1.15586073094
4755 1.01389140609e-12 1.13734411573
4760 1.0347748711e-12 1.16077037805
4765 9.80056685534e-13 1.09938963648
4770 1.024e-12 1.14868354491
4775 1.03927088808e-12 1.16581383578
4780 1.04030192235e-12 1.1669704101
4785 1.01082239676e-12 1.13390141991
4790 9.98054039331e-13 1.11957837101
4795 1.0324886464e-12 1.15820577972
4800 1.00938783879e-12 1.13229218833
4805 1.019e-12 1.14307473854
4810 1.03064932612e-12 1.15614250145
4815 1.0007265034e-12 1.12257623771
4820 1.0472867301e-12 1.17480569695
4825 9.91906173239e-13 1.11268193291
4830 9.86394866361e-13 1.10649956228
4835 1.01197605752e-12 1.13519555188
4840 9.94e-13 1.11503070668
4845 9.91630117362e-13 1.11237226412
4850 9.2803009547e-13 1.04102822251
4855 8.83038841308e-13 0.99055877591
4860 7.30813289627e-13 0.81979804707
4865 7.24435685956e-13 0.812643898248
4870 8.85878254141e-13 0.993743919267
4875 9.059e-13 1.01620353842
4880 9.42437612693e-13 1.05719001739
4885 9.66846885474e-13 1.08457139433
4890 9.52788524866e-13 1.06880126982
4895 9.69623440099e-13 1.08768602579
4900 1.009995583e-12 1.13297393225
4905 1.01073476644e-12 1.13380311961
4910 9.661e-13 1.08373356713
4915 1.00008557555e-12 1.12185726967
4920 9.62660907565e-13 1.07987572642
4925 9.49901726594e-13 1.06556297131
4930 1.00694259386e-12 1.12954920727
4935 9.8942428075e-13 1.10989784203
4940 9.44051312481e-13 1.05900020332
4945 9.928e-13 1.11368459316
4950 9.96177026282e-13 1.11747281046
4955 1.00500326293e-12 1.12737374093
4960 9.47483341687e-13 1.06285012078
4965 1.01600930803e-12 1.1397198961
4970 9.70575368701e-13 1.08875386243
4975 9.89270562805e-13 1.10972540719
4980 9.733e-13 1.09181024831
4985 9.13217885644e-13 1.02441245914
4990 9.91415896761e-13 1.11213195974
4995 9.98752840549e-13 1.12036225916
5000 1.00108159662e-12 1.12297456753
5005 9.456084167e-13 1.06074690254
5010 9.52317726004e-13 1.06827314589
5015 9.157e-13 1.0271967989
5020 9.11536444952e-13 1.02252628409
5025 9.32213820236e-13 1.04572136294
5030 9.64057745855e-13 1.08144264552
5035 9.72320201146e-13 1.09071114789
5040 9.54381825287e-13 1.07058857253
5045 9.32822477102e-13 1.04640413064
5050 9.63e-13 1.08025610718
5055 9.45828239049e-13 1.06099349073
5060 9.97587592132e-13 1.11905512861
5065 9.74099629006e-13 1.09270724116
5070 9.52993783195e-13 1.06903152067
5075 9.61201997133e-13 1.07823917719
5080 9.44890646392e-13 1.0599417356
5085 9.168e-13 1.02843073631
5090 9.86759451925e-13 1.10690854025
5095 9.72393909643e-13 1.09079383123
5100 9.32838668982e-13 1.04642229406
5105 9.66534663127e-13 1.08422115539
5110 9.48880819992e-13 1.06441775782
5115 9.87137313209e-13 1.1073324104
5120 9.607e-13 1.07767605625
5125 9.3697661319e-13 1.05106407963
5130 9.27866574324e-13 1.04084479082
5135 9.33955464624e-13 1.04767507217
5140 9.12496344063e-13 1.02360306174
5145 9.08893913116e-13 1.01956199421
5150 9.5014221327e-13 1.06583273995
5155 9.09e-13 1.01968099837
5160 9.46125345829e-13 1.06132677361
5165 8.95823412689e-13 1.00490001299
5170 7.92800887651e-13 0.889333334022
5175 8.29731785015e-13 0.930760984512
5180 9.30711533283e-13 1.04403615561
5185 8.17687452257e-13 0.917250118448
5190 8.834e-13 0.990963909744
5195 9.00657527406e-13 1.01032273568
5200 8.94329901571e-13 1.00322465006
5205 8.82594565312e-13 0.990060404302
5210 9.06489718369e-13 1.01686506165
5215 9.34628220214e-13 1.04842974333
5220 9.16565135431e-13 1.02816727433
5225 9.087e-13 1.01934446998
5230 8.52170017975e-13 0.95593132531
5235 9.07330318202e-13 1.01780801399
5240 9.30796236811e-13 1.04413117275
5245 9.28862173987e-13 1.04196161597
5250 9.11217079764e-13 1.02216803259
5255 9.10514876584e-13 1.02138032825
5260 9.506e-13 1.06634626738
5265 8.43281764246e-13 0.945960826481
5270 8.39279943616e-13 0.941471739071
5275 8.54235933503e-13 0.958248789345
5280 8.94811267309e-13 1.0037646275
5285 8.66339337398e-13 0.971825919122
5290 9.43523245265e-13 1.05840783797
5295 9.147e-13 1.02607503763
5300 8.93691502328e-13 1.00250851851
5305 8.98605256938e-13 1.00802057814
5310 9.02815152105e-13 1.01274307551
5315 9.0771165866e-13 1.01823578694
5320 8.92121504632e-13 1.00074735589
5325 8.76569358323e-13 0.983301560432
5330 8.303e-13 0.931398386077
5335 8.95088997016e-13 1.00407617393
5340 8.73683504264e-13 0.980064321105
5345 8.80381552245e-13 0.987577931943
5350 8.83413934562e-13 0.990979540996
5355 9.0693504034e-13 1.01736460659
5360 9.4214530731e-13 1.05686212053
5365 8.621e-13 0.967070394601
5370 8.88847502565e-13 0.997074707163
5375 8.75801608677e-13 0.98244032861
5380 9.01777879729e-13 1.01157950353
5385 8.76478329325e-13 0.983199447627
5390 8.94092960709e-13 1.00295885897
5395 8.92590768612e-13 1.00127375805
5400 8.605e-13 0.965275576562
5405 8.68226251378e-13 0.973942586153
5410 8.65937757071e-13 0.971375441863
5415 8.63186921392e-13 0.968289660927
5420 9.12592324697e-13 1.0237107291
5425 8.98852078487e-13 1.008297453
5430 9.00782104479e-13 1.01046248142
5435 8.79e-13 0.986028160137
5440 9.17902451869e-13 1.02966742412
5445 9.09753646783e-13 1.02052641014
5450 8.81139595182e-13 0.988428275155
5455 8.68347041662e-13 0.974078084016
5460 9.11411657911e-13 1.02238630282
5465 8.77630690975e-13 0.984492122299
5470 8.917e-13 1.00027452832
5475 8.89354150856e-13 0.997643045596
5480 8.5105851773e-13 0.954684487379
5485 8.87134696177e-13 0.995153347287
5490 8.60588780054e-13 0.965375166588
5495 8.72135893242e-13 0.978328270993
5500 8.79057743917e-13 0.986092935027
5505 8.792e-13 0.986252512392
5510 8.65360528426e-13 0.970727929122
5515 8.66222506982e-13 0.971694863287
5520 8.97380138685e-13 1.00664628793
5525 8.59663033087e-13 0.964336699491
5530 8.46858025448e-13 0.949972537804
5535 8.48612847594e-13 0.951941029331
5540 8.794e-13 0.986476864646
5545 8.56674541426e-13 0.960984325277
5550 8.91455270282e-13 1.0
5555 8.82734826111e-13 0.990217743434
5560 8.54379791666e-13 0.958410163862
5565 8.64135155711e-13 0.969353353464
5570 8.55082131504e-13 0.959198021494
5575 8.577e-13 0.962134644993
5580 8.64730256333e-13 0.970020914297
5585 8.7045652913e-13 0.976444425366
5590 8.18279366619e-13 0.917914105057
5595 8.36350732509e-13 0.938185863486
5600 8.15530600396e-13 0.914830645556
5605 8.10263277263e-13 0.908921966446
5610 8.558e-13 0.960003298572
5615 8.57297772405e-13 0.961683441654
5620 8.30694620031e-13 0.931841055546
5625 8.54194942212e-13 0.958202806903
5630 8.37745812281e-13 0.939750809949
5635 8.48657503853e-13 0.951991122993
5640 8.51593584872e-13 0.955284704978
5645 8.308e-13 0.931959266714
5650 8.50159304455e-13 0.953675784749
5655 8.29763318519e-13 0.930796357575
5660 8.01708506773e-13 0.899325556199
5665 8.04528407636e-13 0.902488811786
5670 8.36293710011e-13 0.938121897857
5675 8.53912156262e-13 0.957885588574
5680 8.457e-13 0.948673509701
5685 8.25352813497e-13 0.92584882384
5690 8.35556138167e-13 0.937294518325
5695 8.23888185007e-13 0.92420586032
5700 8.34757198027e-13 0.936398298215
5705 8.33886935987e-13 0.935422071961
5710 7.93399461207e-13 0.890004790657
5715 8.095e-13 0.908065751571
5720 7.97704011852e-13 0.894833468874
5725 8.45720204008e-13 0.948696173776
5730 8.19674970729e-13 0.919479639702
5735 8.28693849476e-13 0.929596668618
5740 8.29661415532e-13 0.93068204675
5745 8.20203438438e-13 0.920072454313
5750 8.307e-13 0.931847090587
5755 8.33317121033e-13 0.934782875612
5760 8.17656462403e-13 0.91721535523
5765 8.12657951349e-13 0.9116082191
5770 8.4063277385e-13 0.942989291638
5775 8.27993436788e-13 0.928810972789
5780 8.07834885404e-13 0.9061978905
5785 7.955e-13 0.89236109373
5790 8.21334366828e-13 0.921341085984
5795 8.11205463686e-13 0.909978874688
5800 8.13280953294e-13 0.912307078556
5805 8.19933411577e-13 0.919769548637
5810 8.07978225241e-13 0.906358683578
5815 8.25671513686e-13 0.926206329371
5820 8.302e-13 0.931286209949
5825 8.45712056233e-13 0.948687033917
5830 8.36463036429e-13 0.938311841675
5835 8.32995541022e-13 0.934422139609
5840 8.30264244657e-13 0.931358277117
5845 8.15104744504e-13 0.914352936907
5850 8.19965335765e-13 0.919805359954
5855 7.848e-13 0.880358248095
5860 7.97674409397e-13 0.894800261987
5865 8.03155256867e-13 0.900948464429
5870 8.22983846681e-13 0.923191408606
5875 8.27995431554e-13 0.92881321044
5880 8.14635814481e-13 0.913826909367
5885 7.96269504008e-13 0.893224293527
5890 7.259e-13 0.814286509037
5895 7.72021649797e-13 0.866023989688
5900 7.76175453085e-13 0.870683565356
5905 8.1962518712e-13 0.919423794377
5910 8.24116386355e-13 0.924461847754
5915 8.09114175502e-13 0.90763294859
5920 7.98395592764e-13 0.895609257558
5925 7.979e-13 0.895053320788
5930 7.97703374476e-13 0.89483275389
5935 8.0104010646e-13 0.898575770613
5940 7.87835093613e-13 0.883762898574
5945 7.87059528457e-13 0.882892899616
5950 7.66551663936e-13 0.859887971377
5955 7.74539416922e-13 0.868848323346
5960 7.817e-13 0.876880788144
5965 7.82946360906e-13 0.878278907543
5970 7.90097074265e-13 0.886300300872
5975 7.93746772819e-13 0.890394391373
5980 7.86899765796e-13 0.88271368405
5985 7.56366801054e-13 0.848462986612
5990 7.65248270954e-13 0.858425875605
5995 7.874e-13 0.883274827408
6000 7.9527426654e-13 0.892107874676
6005 7.63383225012e-13 0.856333739293
6010 7.69226844913e-13 0.862888885799
6015 7.64117893606e-13 0.85715786207
6020 7.51518054398e-13 0.843023850384
6025 7.5534899179e-13 0.847321247595
6030 7.425e-13 0.832907746191
6035 7.62595030335e-13 0.855449573026
6040 7.67489427953e-13 0.860939918736
6045 7.58010201044e-13 0.850306489079
6050 7.5426569767e-13 0.846106050203
6055 7.54553104486e-13 0.846428452039
6060 7.69993862876e-13 0.863749296846
6065 7.587e-13 0.851080278835
6070 7.59930075819e-13 0.852460130253
6075 7.55474752927e-13 0.847462321568
6080 7.42181168785e-13 0.83255009368
6085 7.41587995217e-13 0.831884694543
6090 7.43954993111e-13 0.834539901117
6095 7.5072872173e-13 0.842138407565
6100 7.433e-13 0.83380515521
6105 7.31918320453e-13 0.821037627857
6110 7.59105953005e-13 0.851535661195
6115 7.43634304358e-13 0.834180164892
6120 7.37544197356e-13 0.827348518701
6125 7.29852715285e-13 0.818720511971
6130 7.26556335285e-13 0.815022760543
6135 7.209e-13 0.808677702665
6140 7.24357749313e-13 0.812556471941
6145 7.18066115489e-13 0.805498760765
6150 7.32205141663e-13 0.821359372784
6155 7.28017494793e-13 0.816661832694
6160 7.39370476802e-13 0.82939716826
6165 7.03051406203e-13 0.788655841342
6170 7.005e-13 0.785793772669
6175 7.12001375403e-13 0.798695570197
6180 7.36232704681e-13 0.825877337007
6185 7.37704518598e-13 0.827528360862
6190 7.30961835477e-13 0.819964680052
6195 7.29573545574e-13 0.818407350201
6200 7.55804017396e-13 0.847831677698
6205 7.287e-13 0.817427440605
6210 7.50423323146e-13 0.84179582326
6215 7.36722988616e-13 0.826427318539
6220 7.15087667894e-13 0.802157653595
6225 7.40439810493e-13 0.830596705384
6230 7.2390134584e-13 0.812044496199
6235 7.2046192658e-13 0.808186288868
6240 7.066e-13 0.792636516442
6245 7.20033885864e-13 0.807706129368
6250 7.1233387544e-13 0.799068555862
6255 7.02298737586e-13 0.787811526835
6260 7.11829143883e-13 0.798502367547
6265 6.44011595809e-13 0.722427268399
6270 7.18721598162e-13 0.806234055843
6275 7.099e-13 0.796338328647
6280 6.93435121317e-13 0.777868665355
6285 7.00590505465e-13 0.785895298194
6290 7.15301378553e-13 0.802397385936
6295 7.08234851308e-13 0.794470429329
6300 7.08853035509e-13 0.795163884425
6305 7.02680613135e-13 0.788239900038
6310 7.069e-13 0.792973044824
6315 7.06766523624e-13 0.792823316195
6320 6.84228534549e-13 0.76754107285
6325 6.88850786148e-13 0.772726135693
6330 7.13710493768e-13 0.800612792992
6335 7.16282966169e-13 0.803498492911
6340 7.06519162396e-13 0.792545835948
6345 7.038e-13 0.789495584874
6350 6.8582396693e-13 0.76933076711
6355 7.02943131199e-13 0.788534382636
6360 6.94433334171e-13 0.778988421877
6365 6.81944292167e-13 0.764978698204
6370 6.9688353056e-13 0.781736957301
6375 6.90165719488e-13 0.774201176992
6380 6.929e-13 0.777268386984
6385 6.92261631061e-13 0.776552289429
6390 6.8838988398e-13 0.77220911349
6395 6.79664469804e-13 0.762421281765
6400 6.76682097308e-13 0.759075771793
6405 6.89013418496e-13 0.772908570364
6410 6.77566995019e-13 0.760068415777
6415 6.781e-13 0.760666320124
6420 6.63202620701e-13 0.743955016937
6425 6.78115609108e-13 0.760683829817
6430 6.9004243249e-13 0.774062878413
6435 6.90577394002e-13 0.77466297752
6440 6.74125109053e-13 0.756207441389
6445 6.84368351233e-13 0.767697913791
6450 6.813e-13 0.764255956202
6455 6.90461846364e-13 0.774533360654
6460 6.66365653558e-13 0.747503184705
6465 6.52817916963e-13 0.732305858438
6470 6.77122542967e-13 0.759569846677
6475 6.65303077582e-13 0.746311228125
6480 6.79150963851e-13 0.761845250672
6485 6.772e-13 0.759656734977
6490 6.74700830398e-13 0.7568532633
6495 6.30239200585e-13 0.706977928781
6500 6.64522586405e-13 0.745435703347
6505 6.90392531621e-13 0.77445560606
6510 6.95363942904e-13 0.780032342715
6515 6.68482182495e-13 0.749877424903
6520 6.774e-13 0.759881087232
6525 6.87629092346e-13 0.771355686897
6530 6.7916708105e-13 0.761863330322
6535 6.72603989445e-13 0.75450110832
6540 6.72188895794e-13 0.754035472336
6545 6.56610876214e-13 0.736560653242
6550 6.3614618636e-13 0.713604156672
6555 6.239e-13 0.699866859055
6560 5.47407787984e-13 0.614060857827
6565 4.52256510596e-13 0.507323839651
6570 5.91630998417e-13 0.663668742718
6575 6.27824993428e-13 0.704269764685
6580 6.58951825034e-13 0.739186638972
6585 6.57865852128e-13 0.737968436622
6590 6.662e-13 0.747317360959
6595 6.55809076452e-13 0.735661225319
6600 6.78979432378e-13 0.761652833309
6605 6.76155169632e-13 0.758484684732
6610 6.72449348798e-13 0.754327638431
6615 6.64013190216e-13 0.744864282429
6620 6.58147968823e-13 0.738284904205
6625 6.767e-13 0.75909585434
6630 6.62213581412e-13 0.742845550964
6635 6.50203612812e-13 0.729373233282
6640 6.59856693012e-13 0.740201684829
6645 6.61743826473e-13 0.742318598064
6650 6.6154575832e-13 0.742096412881
6655 6.60175477702e-13 0.740559285149
6660 6.436e-13 0.721965556159
6665 6.36167240037e-13 0.713627773872
6670 6.60865508956e-13 0.741333335488
6675 6.52331570623e-13 0.731760293948
6680 6.52573757958e-13 0.732031970322
6685 6.5439469354e-13 0.734074625341
6690 6.45362769424e-13 0.723942962634
6695 6.394e-13 0.717254158807
6700 6.49665901244e-13 0.728770049269
6705 6.4249958139e-13 0.720731149177
6710 6.38449899481e-13 0.716188372838
6715 6.35101221517e-13 0.712431955578
6720 6.31857639443e-13 0.708793430818
6725 6.50755283978e-13 0.729992076632
6730 6.292e-13 0.705812193809
6735 6.40205671681e-13 0.718157930098
6740 6.36311794438e-13 0.7137899294
6745 6.29253640306e-13 0.705872365427
6750 6.3350011156e-13 0.710635892432
6755 6.3545051917e-13 0.712823784158
6760 6.28583393592e-13 0.705120508619
6765 6.455e-13 0.72409690258
6770 6.28199647843e-13 0.704690037498
6775 6.38502523643e-13 0.716247404585
6780 6.27681986788e-13 0.704109345373
6785 6.15074929801e-13 0.689967237063
6790 6.23836705693e-13 0.699795857952
6795 6.29879370723e-13 0.706574285576
6800 6.252e-13 0.701325148712
6805 6.36262623275e-13 0.713734771094
6810 6.36260408418e-13 0.713732286553
6815 6.35139634727e-13 0.712475046029
6820 6.14946884565e-13 0.689823600875
6825 6.3174666639e-13 0.708668945543
6830 6.1339629625e-13 0.688084210952
6835 6.275e-13 0.703905199643
6840 6.20104557467e-13 0.695609278603
6845 6.07467204969e-13 0.68143318596
6850 6.33864853843e-13 0.7110450462
6855 6.20057425901e-13 0.695556408237
6860 6.06821321685e-13 0.680708659104
6865 5.84636287725e-13 0.655822347138
6870 4.631e-13 0.519487646143
6875 4.965632307e-13 0.557025402455
6880 5.64194394855e-13 0.632891423343
6885 5.65546332684e-13 0.634407974845
6890 5.4692978418e-13 0.613524651671
6895 5.60583245957e-13 0.628840576353
6900 6.11985572436e-13 0.686501715608
6905 5.775e-13 0.647817135926
6910 5.82533066519e-13 0.653463035038
6915 5.84768930171e-13 0.655971140298
6920 5.77102308219e-13 0.647371020687
6925 5.88180484621e-13 0.659798089965
6930 5.80137992462e-13 0.650776333712
6935 5.9232409684e-13 0.664446233688
6940 5.917e-13 0.663746146021
6945 5.9491593372e-13 0.667353655929
6950 5.88621262524e-13 0.660292537548
6955 5.93076008767e-13 0.66528969937
6960 5.88398206042e-13 0.660042321424
6965 6.05787120869e-13 0.679548532679
6970 6.13447181348e-13 0.688141291883
6975 6.231e-13 0.698969450035
6980 5.89549349267e-13 0.661333629314
6985 5.97966965226e-13 0.67077618492
6990 5.8507420013e-13 0.656313580316
6995 5.92131177144e-13 0.664229823844
7000 5.90542112396e-13 0.662447272548
7005 5.76169817999e-13 0.646324989269
7010 5.912e-13 0.663185265384
7015 5.97053706752e-13 0.66975172693
7020 5.8165290574e-13 0.652475704761
7025 5.7655431716e-13 0.646756305538
7030 5.89373007861e-13 0.661135816354
7035 5.81522006541e-13 0.652328867109
7040 5.93864438706e-13 0.666174129543
7045 5.804e-13 0.651070243622
7050 5.85821871608e-13 0.657152289225
7055 5.90815142823e-13 0.662753547507
7060 5.65407295248e-13 0.634252008033
7065 5.68149487365e-13 0.637328092957
7070 5.74951236549e-13 0.644958031789
7075 5.82539346599e-13 0.653470079788
7080 5.931e-13 0.665316611806
7085 5.9285088576e-13 0.665037165098
7090 5.80187378411e-13 0.650831732957
7095 5.84280025597e-13 0.65542270608
7100 5.7557206048e-13 0.645654448033
7105 5.88813722591e-13 0.660508431797
7110 5.78760417084e-13 0.649231023
7115 5.929e-13 0.665092259551
7120 5.84092786293e-13 0.655212668279
7125 5.83521311162e-13 0.654571609608
7130 5.87554750617e-13 0.659096165792
7135 5.93394965092e-13 0.665647492223
7140 5.95601888485e-13 0.668123133421
7145 5.89781011272e-13 0.661593498781
7150 5.681e-13 0.637272579947
7155 5.84904412116e-13 0.656123118697
7160 5.94535783127e-13 0.666927217715
7165 5.73341627336e-13 0.643152434508
7170 5.55238107869e-13 0.62284460744
7175 5.37371190386e-13 0.602802191316
7180 5.36689254007e-13 0.602037221494
7185 5.039e-13 0.565255506135
7190 5.16143323804e-13 0.578989592648
7195 5.25143736827e-13 0.58908590743
7200 5.36867181196e-13 0.602236813325
7205 5.39273757129e-13 0.60493641701
7210 5.75836050505e-13 0.645950581821
7215 5.92368772368e-13 0.664496348965
7220 6.046e-13 0.67821686646
7225 5.78243499809e-13 0.648651165219
7230 5.79538779441e-13 0.65010415975
7235 5.37156896152e-13 0.602561804343
7240 5.4253425468e-13 0.608593916898
7245 5.42244160205e-13 0.60826850015
7250 5.54835705159e-13 0.622393207663
7255 5.35e-13 0.600142281767
7260 5.65144024632e-13 0.633956681251
7265 5.40446732112e-13 0.606252214922
7270 5.6346179364e-13 0.63206961967
7275 5.19339672328e-13 0.582575132642
7280 5.29699876442e-13 0.594196808411
7285 5.48499561316e-13 0.615285566871
7290 5.226e-13 0.586232441965
7295 5.12997721493e-13 0.575460977791
7300 5.39831849631e-13 0.605562463566
7305 5.26694736851e-13 0.590825759193
7310 5.33536039708e-13 0.598500067804
7315 5.31009714727e-13 0.595666134274
7320 5.25396224435e-13 0.58936913825
7325 5.263e-13 0.59038295868
7330 5.32135557106e-13 0.596929060656
7335 5.28027125454e-13 0.592320381131
7340 5.54301295263e-13 0.621793727338
7345 5.5149103928e-13 0.618641291004
7350 5.34934790502e-13 0.600069132278
7355 5.25948231046e-13 0.58998835789
7360 5.314e-13 0.596103941179
7365 5.29653043804e-13 0.594144273371
7370 5.21006328024e-13 0.584444722459
7375 5.31177721485e-13 0.595854597749
7380 5.10864046954e-13 0.573067504321
7385 5.10845191481e-13 0.573046352981
7390 5.05234256786e-13 0.566752223728
7395 5.17e-13 0.579950578829
7400 5.18257321799e-13 0.581360993732
