Wave Flux FluxNorm
3600 7.36551593818e-13 0.772648134428
3605 6.58484163423e-13 0.690754815669
3610 6.62953136949e-13 0.695442802345
3615 6.42e-13 0.673462804868
3620 6.42737824834e-13 0.67423678864
3625 6.85895993775e-13 0.719510030865
3630 7.01806264708e-13 0.736200024149
3635 6.26242830002e-13 0.65693341561
3640 7.25868577074e-13 0.761441569909
3645 6.72377430673e-13 0.705328956995
3650 6.902e-13 0.724024965607
3655 7.54659895747e-13 0.791643878678
3660 7.86818798256e-13 0.825378808094
3665 7.88410809081e-13 0.827048839364
3670 7.62758685435e-13 0.800139569673
3675 7.69345130859e-13 0.807048800217
3680 7.0593878375e-13 0.740535067553
3685 7.302e-13 0.765985264976
3690 7.59232299488e-13 0.796440364422
3695 7.91395064036e-13 0.830179345146
3700 7.9075311732e-13 0.829505938237
3705 7.16906857213e-13 0.752040658703
3710 7.35822224286e-13 0.77188302033
3715 8.09797784686e-13 0.849483936839
3720 7.638e-13 0.801231916445
3725 7.54688603219e-13 0.79167399303
3730 8.01227104789e-13 0.840493229482
3735 6.43331634806e-13 0.674859699746
3740 8.37497183258e-13 0.878540813249
3745 7.86256360543e-13 0.824788806723
3750 6.17187900169e-13 0.647434726446
3755 8.868e-13 0.930259837004
3760 8.02899307786e-13 0.84224738294
3765 8.55648008647e-13 0.897581164926
3770 6.87653339231e-13 0.7213534994
3775 8.85822089237e-13 0.929234001294
3780 1.03691666111e-12 1.08773333802
3785 1.0161130548e-12 1.06591019929
3790 9.071e-13 0.951554688934
3795 7.40406195529e-13 0.776691640471
3800 7.97192571222e-13 0.836260973575
3805 1.01579578207e-12 1.06557737782
3810 1.12792147206e-12 1.1831980658
3815 1.01051388922e-12 1.0600366327
3820 1.0364051143e-12 1.08719672158
3825 9.135e-13 0.958268336833
3830 8.07639897465e-13 0.847220296994
3835 6.23339963633e-13 0.653888287063
3840 8.34610298072e-13 0.875512449082
3845 1.0531374418e-12 1.10474905836
3850 1.14473837436e-12 1.20083912217
3855 1.15211557732e-12 1.2085778633
3860 1.114e-12 1.16859433742
3865 1.19714111523e-12 1.25580998954
3870 1.1186649999e-12 1.17348795723
3875 1.06303966274e-12 1.11513656224
3880 1.01431357624e-12 1.06402253282
3885 7.93380160352e-13 0.832261726039
3890 7.34818242931e-13 0.770829836374
3895 9.554e-13 1.00222175042
3900 1.05356961301e-12 1.10520240919
3905 1.03514557383e-12 1.0858754542
3910 1.13351473164e-12 1.18906543696
3915 1.10597681494e-12 1.16017795625
3920 1.09758678268e-12 1.15137674961
3925 1.0114460815e-12 1.06101450937
3930 6.216e-13 0.65206305219
3935 5.30101810729e-13 0.556080766852
3940 9.3517940265e-13 0.981010192466
3945 1.02864001593e-12 1.07905107528
3950 1.07921333493e-12 1.13210286541
3955 1.0400775691e-12 1.09104915416
3960 9.75902604595e-13 1.02372913609
3965 6.263e-13 0.656993387365
3970 5.21247879427e-13 0.546792926651
3975 8.7567321629e-13 0.918587757617
3980 1.07186506498e-12 1.12439447523
3985 1.08535867601e-12 1.13854937419
3990 1.19701529863e-12 1.25567800699
3995 1.18828031335e-12 1.24651494205
4000 1.21e-12 1.2692990559
4005 1.17464954632e-12 1.23221616542
4010 1.25938854596e-12 1.32110801025
4015 1.26938038896e-12 1.33158952834
4020 1.23540464524e-12 1.2959487189
4025 1.24682097436e-12 1.30792453358
4030 1.17749995041e-12 1.23520626065
4035 1.224e-12 1.28398516068
4040 1.24786001608e-12 1.30901449612
4045 1.17637129814e-12 1.23402229597
4050 1.24693279874e-12 1.30804183819
4055 1.18909369495e-12 1.24736818544
4060 1.19514106908e-12 1.25371192616
4065 1.18771222576e-12 1.24591901392
4070 1.185e-12 1.2430738688
4075 1.14814932722e-12 1.20441723725
4080 1.14651495089e-12 1.20270276425
4085 1.13085328765e-12 1.1862735623
4090 1.15454438921e-12 1.21112570514
4095 1.03138493492e-12 1.08193051584
4100 7.61497080188e-13 0.798816136327
4105 8.859e-13 0.929315730268
4110 1.04082445694e-12 1.09183264509
4115 1.18846098832e-12 1.24670447145
4120 1.16380597297e-12 1.22084117582
4125 1.19174232889e-12 1.25014662227
4130 1.1938752787e-12 1.25238410258
4135 1.2458973148e-12 1.30695560779
4140 1.281e-12 1.34377858728
4145 1.23083470989e-12 1.29115482251
4150 1.23522733097e-12 1.2957627149
4155 1.18186311946e-12 1.23978325764
4160 1.23662013668e-12 1.29722377851
4165 1.26005842501e-12 1.32181071839
4170 1.23553320229e-12 1.2960835762
4175 1.155e-12 1.21160364427
4180 1.20337178028e-12 1.26234600381
4185 1.18784682605e-12 1.24606021063
4190 1.20990496524e-12 1.26919936373
4195 1.22586608751e-12 1.28594270044
4200 1.14531235569e-12 1.20144123288
4205 1.20593548287e-12 1.26503534702
4210 1.248e-12 1.3091613403
4215 1.25021072166e-12 1.31148040387
4220 1.21393318832e-12 1.27342499989
4225 1.12056592299e-12 1.17548203978
4230 1.21707451856e-12 1.27672027882
4235 1.18442526403e-12 1.24247096647
4240 1.17631209459e-12 1.233960191
4245 1.183e-12 1.24097585383
4250 1.16636307774e-12 1.22352359786
4255 1.22263670729e-12 1.28255505642
4260 1.15804368365e-12 1.2147964912
4265 1.23842517067e-12 1.29911727268
4270 1.17323030898e-12 1.23072737483
4275 1.17999578122e-12 1.23782440584
4280 1.223e-12 1.2829361532
4285 1.18322225678e-12 1.24120900285
4290 1.10866961531e-12 1.16300272399
4295 1.15589598192e-12 1.21254353601
4300 1.03629343475e-12 1.08707956889
4305 1.06786123376e-12 1.12019442632
4310 1.0901658135e-12 1.1435920974
4315 1.132e-12 1.18747647213
4320 1.16230274383e-12 1.2192642772
4325 1.04681140428e-12 1.09811299766
4330 1.08884902006e-12 1.14221077123
4335 9.56264156787e-13 1.00312825736
4340 7.16135622957e-13 0.751231628196
4345 9.09898834105e-13 0.954490686856
4350 1.043e-12 1.09411480604
4355 1.14122216554e-12 1.1971505928
4360 1.18600880192e-12 1.24413210957
4365 1.21725499458e-12 1.27690959951
4370 1.20350029982e-12 1.26248082177
4375 1.18472022792e-12 1.2427803858
4380 1.22567337573e-12 1.28574054434
4385 1.14e-12 1.19586853201
4390 1.2104711078e-12 1.26979325152
4395 1.19472131631e-12 1.25327160237
4400 1.19510597466e-12 1.25367511185
4405 1.18617570515e-12 1.2443071923
4410 1.20779189995e-12 1.26698274242
4415 1.18288525302e-12 1.24085548339
4420 1.231e-12 1.29132821307
4425 1.23297658167e-12 1.29340166204
4430 1.21781700381e-12 1.2774991514
4435 1.183012147e-12 1.24098859612
4440 1.21074093893e-12 1.27007630638
4445 1.18775194938e-12 1.24596068429
4450 1.20648379685e-12 1.26561053249
4455 1.184e-12 1.24202486131
4460 1.16716397282e-12 1.2243637428
4465 1.16071764989e-12 1.2176015018
4470 1.18569321308e-12 1.24380105451
4475 1.22799551835e-12 1.28817648934
4480 1.17456797077e-12 1.23213059206
4485 1.20032779201e-12 1.25915283734
4490 1.161e-12 1.21789768918
4495 1.19554300251e-12 1.25413355733
4500 1.22164708875e-12 1.28151693917
4505 1.27997969175e-12 1.3427082763
4510 1.24589564613e-12 1.30695385735
4515 1.200482507e-12 1.25931513451
4520 1.19871563155e-12 1.25746166894
4525 1.19e-12 1.24831890622
4530 1.12144305578e-12 1.17640215864
4535 1.13754796415e-12 1.19329632805
4540 1.19758076443e-12 1.25627118484
4545 1.16660966972e-12 1.2237822747
4550 1.12898716811e-12 1.18431598893
4555 1.13823976153e-12 1.19402202868
4560 1.19e-12 1.24831890622
4565 1.20361458996e-12 1.26260071298
4570 1.22221898227e-12 1.28211685976
4575 1.22522974223e-12 1.28527516949
4580 1.16947134379e-12 1.22678419222
4585 1.14649575564e-12 1.20268262829
4590 1.17457355274e-12 1.23213644759
4595 1.191e-12 1.2493679137
4600 1.18680193908e-12 1.24496411638
4605 1.15905315872e-12 1.21585543811
4610 1.20114795767e-12 1.26001319724
4615 1.21291138026e-12 1.27235311559
4620 1.20539616456e-12 1.26446959807
4625 1.18894487556e-12 1.24721207279
4630 1.176e-12 1.23363280144
4635 1.17852776067e-12 1.2362844413
4640 1.19425565062e-12 1.25278311557
4645 1.16073473366e-12 1.21761942281
4650 1.15393520902e-12 1.21048667056
4655 1.17315993718e-12 1.23065355429
4660 1.18548748838e-12 1.24358524776
4665 1.143e-12 1.19901555446
4670 1.12713371478e-12 1.18237170251
4675 1.16839828561e-12 1.22565854615
4680 1.16417516889e-12 1.22122846511
4685 1.2151202201e-12 1.27467020511
4690 1.17590194417e-12 1.23352994014
4695 1.19328254481e-12 1.25176232029
4700 1.13e-12 1.18537845717
4705 1.13973630663e-12 1.19559191569
4710 1.16615940499e-12 1.22330994363
4715 1.15355575093e-12 1.21008861619
4720 1.17823171998e-12 1.2359738924
4725 1.15289060243e-12 1.20939087044
4730 1.12526632092e-12 1.18041279239
4735 1.114e-12 1.16859433742
4740 1.16298820834e-12 1.2199833346
4745 1.16936671165e-12 1.22667443232
4750 1.1651814705e-12 1.22228408302
4755 1.13540494998e-12 1.19104829014
4760 1.15368972124e-12 1.21022915204
4765 1.08835345635e-12 1.14169092118
4770 1.121e-12 1.17593738981
4775 1.15448512265e-12 1.21106353408
4780 1.10701036374e-12 1.16126215667
4785 1.11099075535e-12 1.16543761726
4790 1.13701257128e-12 1.19273469692
4795 1.16399847241e-12 1.22104310918
4800 1.11616558605e-12 1.17086605339
4805 1.116e-12 1.17069235239
4810 1.11962298402e-12 1.17449288974
4815 1.15424573845e-12 1.21081241826
4820 1.12957879623e-12 1.18493661126
4825 1.09397231902e-12 1.14758515018
4830 1.09092046919e-12 1.14438373687
4835 1.07160879752e-12 1.12412564875
4840 1.076e-12 1.12873205302
4845 1.07380053309e-12 1.12642479577
4850 1.01824025089e-12 1.06814164391
4855 8.85977449602e-13 0.92939697548
4860 6.86597377849e-13 0.720245788008
4865 7.73141714854e-13 0.811031445242
4870 9.14969834653e-13 0.959810204385
4875 9.853e-13 1.0335870742
4880 1.00856088363e-12 1.05798791521
4885 1.03075704611e-12 1.08127185578
4890 9.86304878442e-13 1.03464119921
4895 1.09609551931e-12 1.14981240317
4900 1.0528945505e-12 1.10449426356
4905 1.05829736929e-12 1.11016186091
4910 1.073e-12 1.12558503057
4915 1.07063398694e-12 1.12310306516
4920 1.02687230792e-12 1.07719673634
4925 1.04492271371e-12 1.09613174711
4930 1.07879651838e-12 1.13166562173
4935 1.04128496113e-12 1.09231571742
4940 1.04274525663e-12 1.09384757833
4945 1.093e-12 1.14656518025
4950 1.0992447206e-12 1.1531159389
4955 1.05217265014e-12 1.10373698468
4960 1.06751714136e-12 1.11983347082
4965 1.0909986084e-12 1.14446570548
4970 1.06214539293e-12 1.11419846651
4975 1.07231963564e-12 1.12487132326
4980 1.05e-12 1.10145785843
4985 1.01875494314e-12 1.06868155994
4990 1.04284989808e-12 1.093957348
4995 1.07868541364e-12 1.13154907203
5000 1.0340088068e-12 1.08468297708
5005 1.02126464301e-12 1.07131425388
5010 1.02122824137e-12 1.07127606829
5015 9.78e-13 1.02592931956
5020 1.01230059189e-12 1.06191089717
5025 1.03713841669e-12 1.08796596128
5030 1.03988478283e-12 1.09084691991
5035 1.03611887366e-12 1.08689645301
5040 1.00193713185e-12 1.05103955003
5045 1.06653956271e-12 1.11880798349
5050 1.044e-12 1.09516381352
5055 1.04655746082e-12 1.09784660906
5060 1.07902411116e-12 1.13190436826
5065 1.05866373611e-12 1.11054618245
5070 1.02908185442e-12 1.07951456716
5075 1.05435158636e-12 1.10602270508
5080 9.74663294056e-13 1.02242909006
5085 1.027e-12 1.07733068629
5090 1.03786533255e-12 1.08872850146
5095 1.07711510259e-12 1.12990180398
5100 1.01263733018e-12 1.06226413816
5105 1.04468706586e-12 1.09588455075
5110 1.04338505027e-12 1.09451872665
5115 1.09050072111e-12 1.14394341799
5120 1.064e-12 1.11614396321
5125 1.0059643591e-12 1.05526414155
5130 1.02648963291e-12 1.07679530739
5135 1.0208079814e-12 1.07083521244
5140 9.77121385429e-13 1.0250076463
5145 9.87277468253e-13 1.0356614532
5150 1.01246242821e-12 1.06208066468
5155 1.013e-12 1.06264458151
5160 1.02946690522e-12 1.07991848833
5165 9.46475699648e-13 0.99286009256
5170 9.10160168652e-13 0.954764828753
5175 9.89357994769e-13 1.03784394108
5180 1.0307038972e-12 1.08121610218
5185 9.44073472638e-13 0.990340138448
5190 9.801e-13 1.02813223528
5195 9.71744142515e-13 1.01936687824
5200 1.02203511557e-12 1.07212248536
5205 1.00675424174e-12 1.05609273435
5210 9.94057598288e-13 1.04277386035
5215 9.97632036785e-13 1.04652347308
5220 1.03655489595e-12 1.08735384365
5225 9.795e-13 1.02750283079
5230 9.72322998365e-13 1.01997410236
5235 9.95315030159e-13 1.04409291579
5240 1.01077970852e-12 1.06031547913
5245 1.00382385477e-12 1.05301873648
5250 9.93864168895e-13 1.04257095147
5255 9.88233539279e-13 1.03666437886
5260 9.992e-13 1.04816827823
5265 9.02717396998e-13 0.946957305585
5270 9.2595378383e-13 0.971332449277
5275 9.46475143779e-13 0.99285950945
5280 9.80191192982e-13 1.0282278974
5285 9.87813605273e-13 1.03622386494
5290 1.01120266273e-12 1.06075916126
5295 1.023e-12 1.07313465635
5300 9.77825815876e-13 1.02574659911
5305 9.76509353159e-13 1.02436561987
5310 9.95551900285e-13 1.04434139433
5315 9.99587600409e-13 1.04857487396
5320 9.67288680129e-13 1.01469306485
5325 9.49328343665e-13 0.995852537484
5330 9.423e-13 0.988479752378
5335 9.88556740567e-13 1.03700341943
5340 9.68485434353e-13 1.01594846899
5345 9.58921530288e-13 1.00591586205
5350 9.61619561377e-13 1.00874611685
5355 1.01511761015e-12 1.0648659704
5360 9.89680141135e-13 1.03818187503
5365 9.545e-13 1.00127764369
5370 9.67431303328e-13 1.01484267766
5375 9.65001897496e-13 1.01229421276
5380 9.44972548179e-13 0.991283275419
5385 9.53536369227e-13 1.00026678779
5390 9.646687488e-13 1.01194473728
5395 9.67603049859e-13 1.01502284105
5400 9.423e-13 0.988479752378
5405 9.20646281452e-13 0.96576483956
5410 9.37318967908e-13 0.983254612434
5415 9.45909441167e-13 0.992266083176
5420 9.65451457895e-13 1.01276580498
5425 9.56334304235e-13 1.00320184256
5430 9.61298016154e-13 1.00840881351
5435 9.354e-13 0.981241600737
5440 9.82148744015e-13 1.03028138309
5445 9.4130469371e-13 0.987435668631
5450 9.47205781094e-13 0.993625953462
5455 9.46503958778e-13 0.9928897366
5460 9.46484602422e-13 0.992869431637
5465 9.43250344792e-13 0.989476671177
5470 9.487e-13 0.995193400277
5475 9.35553695212e-13 0.981402828164
5480 9.19621125963e-13 0.96468944378
5485 9.54913997763e-13 1.00171193044
5490 9.53677894443e-13 1.0004152488
5495 9.58698730809e-13 1.00568214373
5500 9.3591442559e-13 0.981781237031
5505 9.246e-13 0.969912319908
5510 9.17786735539e-13 0.962765154496
5515 9.44993438183e-13 0.991305189191
5520 9.47632003059e-13 0.994073063493
5525 9.30358482145e-13 0.975953010775
5530 9.1616425476e-13 0.961063160016
5535 9.19485230559e-13 0.964546888484
5540 9.352e-13 0.98103179924
5545 9.39691365568e-13 0.985743275335
5550 9.53282045214e-13 1.0
5555 9.35241705597e-13 0.981075548724
5560 9.33872934839e-13 0.979639697954
5565 9.2664482478e-13 0.972057356406
5570 8.93471489259e-13 0.937258279168
5575 9.205e-13 0.965611389222
5580 9.22274586765e-13 0.96747294402
5585 9.050307899e-13 0.949384072052
5590 9.04622646138e-13 0.948955926191
5595 8.96481309275e-13 0.94041560289
5600 8.9881569882e-13 0.942864394994
5605 9.3233796184e-13 0.978029499791
5610 9.426e-13 0.988794454623
5615 8.99440962635e-13 0.943520301416
5620 9.07350686377e-13 0.951817660819
5625 9.0334348843e-13 0.947614080182
5630 9.05133799679e-13 0.949492130081
5635 9.16197182961e-13 0.961097701945
5640 9.05708212674e-13 0.950094693612
5645 9.193e-13 0.964352580241
5650 9.01895934139e-13 0.946095584897
5655 9.00818897369e-13 0.944965765264
5660 8.85636763373e-13 0.929039593077
5665 8.96866879552e-13 0.940820068997
5670 9.07971588293e-13 0.952468991576
5675 9.18321925608e-13 0.963326572884
5680 8.979e-13 0.941903820079
5685 8.65022440352e-13 0.907415013946
5690 8.84845647933e-13 0.928209707059
5695 8.94452888096e-13 0.938287773893
5700 9.02179103599e-13 0.94639263178
5705 8.65696168671e-13 0.908121759994
5710 8.53560520273e-13 0.895391373999
5715 8.863e-13 0.929735333262
5720 9.05059402368e-13 0.949414086745
5725 9.14135150681e-13 0.958934614651
5730 8.90405299947e-13 0.934041823631
5735 9.23761022501e-13 0.969032226232
5740 8.94803400816e-13 0.938655464359
5745 9.04480643137e-13 0.948806963981
5750 8.816e-13 0.924804998086
5755 8.72185873215e-13 0.914929508632
5760 8.90151343752e-13 0.933775421682
5765 8.84525227051e-13 0.927873583156
5770 8.83566435567e-13 0.926867803713
5775 8.80340826064e-13 0.923484115203
5780 8.68531667165e-13 0.911096219136
5785 8.639e-13 0.906237565616
5790 8.72085053384e-13 0.914823747875
5795 8.64472915356e-13 0.906838558112
5800 8.78800764242e-13 0.921868578826
5805 8.72360546483e-13 0.915112742197
5810 8.6584135326e-13 0.908274059715
5815 8.79188658053e-13 0.922275482337
5820 8.802e-13 0.923336387608
5825 8.78248962814e-13 0.921289734998
5830 8.7759045937e-13 0.920598959957
5835 8.90338915376e-13 0.933972185719
5840 8.81526882482e-13 0.924728297262
5845 9.05527719549e-13 0.949905354973
5850 8.91347757788e-13 0.93503046896
5855 8.592e-13 0.90130723044
5860 8.46290765675e-13 0.887765347018
5865 8.91358005635e-13 0.935041219029
5870 8.88861281277e-13 0.932422136491
5875 8.64197619139e-13 0.90654977032
5880 8.6780241954e-13 0.910331232919
5885 8.37591926235e-13 0.878640199341
5890 7.827e-13 0.821058157897
5895 7.5931512003e-13 0.796527243791
5900 8.20118829073e-13 0.860310789645
5905 8.61291635481e-13 0.903501371713
5910 8.64628961795e-13 0.907002251994
5915 8.61891958692e-13 0.904131115255
5920 8.48617591007e-13 0.890206204205
5925 8.475e-13 0.889033842874
5930 8.2446739724e-13 0.864872470198
5935 8.43507978116e-13 0.884846182041
5940 8.32730266115e-13 0.873540281489
5945 8.31476299305e-13 0.87222486092
5950 8.29860081644e-13 0.870529436498
5955 8.28195516966e-13 0.868783295692
5960 8.265e-13 0.867004685706
5965 8.24772549224e-13 0.865192576913
5970 8.23029211898e-13 0.86336380301
5975 8.21349032364e-13 0.861601282105
5980 8.19557195338e-13 0.859721631654
5985 8.17771444843e-13 0.85784836602
5990 8.15989887832e-13 0.855979499382
5995 8.14e-13 0.853892092153
6000 7.8875296131e-13 0.827407759613
6005 7.95310878504e-13 0.834287063831
6010 8.01177054301e-13 0.840440726145
6015 7.95824733169e-13 0.83482610122
6020 7.90019976749e-13 0.828736868291
6025 7.94833915155e-13 0.833786725708
6030 8.042e-13 0.843611818808
6035 8.21492781156e-13 0.861752075663
6040 7.84260119764e-13 0.822694735205
6045 7.63759264792e-13 0.801189184907
6050 8.37317324283e-13 0.878352139837
6055 8.08422493826e-13 0.848041246433
6060 8.051753464e-13 0.844634964481
6065 8.166e-13 0.856619511612
6070 8.3573704411e-13 0.876694414109
6075 8.23029078982e-13 0.863363663581
6080 8.09285053261e-13 0.848946077736
6085 8.02497925325e-13 0.841826329735
6090 8.11570544572e-13 0.851343575226
6095 7.84668189055e-13 0.823122802946
6100 8.047e-13 0.84413632255
6105 7.9455805365e-13 0.833497344924
6110 8.074971749e-13 0.847070579954
6115 8.09883560234e-13 0.84957391603
6120 8.08385129342e-13 0.84800205081
6125 7.95026803493e-13 0.833989067017
6130 7.77893428166e-13 0.81601602807
6135 8.133e-13 0.853157786914
6140 7.76535211215e-13 0.814591248323
6145 7.73513151776e-13 0.811421085353
6150 7.97593808577e-13 0.836681874562
6155 8.0409088423e-13 0.843497355549
6160 7.99763078523e-13 0.838957454972
6165 7.83934254971e-13 0.822352900599
6170 7.716e-13 0.809414174822
6175 7.90742933604e-13 0.829495255443
6180 7.92371776026e-13 0.831203923334
6185 7.97139661463e-13 0.836205470842
6190 7.81275765349e-13 0.819564125088
6195 7.79509145503e-13 0.817710927648
6200 7.93464046837e-13 0.832349723589
6205 7.949e-13 0.833856049205
6210 7.91768954246e-13 0.830571558775
6215 7.75135327547e-13 0.813122759878
6220 7.85516409389e-13 0.824012592425
6225 7.92980726364e-13 0.831842716796
6230 7.6278444272e-13 0.800166589258
6235 7.7807239443e-13 0.81620376502
6240 7.617e-13 0.799029000728
6245 7.70666850282e-13 0.808435293784
6250 7.60065563911e-13 0.797314465038
6255 7.65386531529e-13 0.802896199893
6260 7.71324481563e-13 0.80912515392
6265 7.77993876372e-13 0.81612139899
6270 7.74036828974e-13 0.811970426654
6275 7.544e-13 0.791371246094
6280 7.27797411904e-13 0.763464932081
6285 7.76611909674e-13 0.814671705581
6290 7.60654243305e-13 0.797931994129
6295 7.49381148515e-13 0.786106433324
6300 7.50454364423e-13 0.787232244843
6305 7.56594251942e-13 0.793673032803
6310 7.587e-13 0.795881978276
6315 7.49564192105e-13 0.78629844742
6320 7.50425640964e-13 0.78720211372
6325 7.58872277551e-13 0.796062698717
6330 7.56914732745e-13 0.794009219564
6335 7.44779311597e-13 0.781279071956
6340 7.42982693866e-13 0.77939440651
6345 7.339e-13 0.769866592667
6350 7.54993878646e-13 0.791994229238
6355 7.72625893158e-13 0.810490344423
6360 7.52085816848e-13 0.788943650647
6365 7.532855068e-13 0.790202134386
6370 7.48654437946e-13 0.785344108498
6375 7.68044720275e-13 0.805684659782
6380 7.513e-13 0.788119322893
6385 7.56746114606e-13 0.793832337874
6390 7.5224100784e-13 0.78910644716
6395 7.53310146134e-13 0.790227981231
6400 7.36462194801e-13 0.77255435419
6405 7.47632968317e-13 0.784272579213
6410 7.31169779154e-13 0.767002570566
6415 7.443e-13 0.780776270503
6420 7.48453881333e-13 0.78513372311
6425 7.45421122791e-13 0.781952336702
6430 7.38655659489e-13 0.774855315064
6435 7.35442919859e-13 0.771485127147
6440 7.47712596564e-13 0.784356109839
6445 7.38685188995e-13 0.774886291736
6450 7.122e-13 0.74710313026
6455 7.16334087187e-13 0.751439818659
6460 7.1098793405e-13 0.745831664007
6465 7.26704085788e-13 0.762318024803
6470 7.32827988806e-13 0.768742044901
6475 7.46550361982e-13 0.783136917065
6480 7.43985358771e-13 0.7804462095
6485 7.428e-13 0.779202759277
6490 7.11436406905e-13 0.746302115389
6495 7.0169628643e-13 0.736084656113
6500 7.4540739332e-13 0.781937934384
6505 7.50240583088e-13 0.787007986623
6510 7.5184943441e-13 0.788695683701
6515 7.3788553892e-13 0.774047452823
6520 7.516e-13 0.788434025138
6525 7.56755829371e-13 0.793842528735
6530 7.31239483319e-13 0.767075690757
6535 7.44356785919e-13 0.780835839358
6540 7.3684538448e-13 0.772956323031
6545 7.2363805306e-13 0.759101733525
6550 6.91361559984e-13 0.725243450723
6555 6.515e-13 0.683428375968
6560 5.48646967405e-13 0.575534775001
6565 5.05209400801e-13 0.529968442538
6570 6.40059432299e-13 0.671427134826
6575 6.70210456517e-13 0.703055784887
6580 6.94454690267e-13 0.72848816754
6585 7.10935204129e-13 0.745776349926
6590 7.116e-13 0.746473725769
6595 7.00557429405e-13 0.73488998657
6600 7.22113164202e-13 0.7575021137
6605 7.09279420954e-13 0.744039420982
6610 6.98105917012e-13 0.732318331723
6615 7.14985677595e-13 0.750025326905
6620 7.04474770462e-13 0.738999306657
6625 7.021e-13 0.736508154669
6630 7.07347043879e-13 0.742012342968
6635 7.04738742304e-13 0.739276215095
6640 7.07647400125e-13 0.742327418919
6645 7.11305874232e-13 0.746165185637
6650 7.07753034194e-13 0.742438229847
6655 6.9666154137e-13 0.730803170863
6660 6.966e-13 0.730738613506
6665 6.84520579781e-13 0.718067211292
6670 6.84146777376e-13 0.717675089771
6675 6.79587459115e-13 0.712892330792
6680 6.70773945238e-13 0.703646888773
6685 6.90049642174e-13 0.723867239122
6690 6.76759466252e-13 0.709925745113
6695 6.982e-13 0.732417025481
6700 6.8196892366e-13 0.715390504924
6705 6.73153944008e-13 0.706143525295
6710 6.81857959265e-13 0.715274102442
6715 6.82128972163e-13 0.715558397001
6720 6.61131059867e-13 0.693531429849
6725 6.79624162246e-13 0.712930832651
6730 6.644e-13 0.696960572514
6735 6.7257619066e-13 0.705537457708
6740 6.68149868596e-13 0.700894212736
6745 6.79812196811e-13 0.713128082318
6750 6.69682077177e-13 0.702501511005
6755 6.61345808707e-13 0.693756702989
6760 6.67200884291e-13 0.699898721097
6765 6.64e-13 0.69654096952
6770 6.91293950437e-13 0.725172527803
6775 6.8212166434e-13 0.715550731039
6780 6.66091650965e-13 0.698735127037
6785 6.70714970579e-13 0.703585023914
6790 6.83008031313e-13 0.716480536628
6795 6.6787259968e-13 0.700603355568
6800 6.745e-13 0.707555548105
6805 6.56322794928e-13 0.688487523942
6810 6.65692991441e-13 0.698316930213
6815 6.67741647309e-13 0.700465985551
6820 6.57274830078e-13 0.68948621594
6825 6.7035281942e-13 0.703205124637
6830 6.61883558002e-13 0.694320806025
6835 6.58e-13 0.690246924615
6840 6.37144632839e-13 0.668369488378
6845 6.47702553368e-13 0.67944482603
6850 6.44190277828e-13 0.675760422701
6855 6.54649657463e-13 0.686732390219
6860 6.47412319724e-13 0.679140368765
6865 6.10703353068e-13 0.640632388005
6870 4.636e-13 0.486319869683
6875 5.05045199427e-13 0.529796194067
6880 5.72809237351e-13 0.60088117701
6885 5.79743854594e-13 0.608155642398
6890 5.51853614872e-13 0.578898572193
6895 5.67999320373e-13 0.595835538102
6900 5.87701949077e-13 0.616503743071
6905 6.055e-13 0.635174031694
6910 5.98768231816e-13 0.628112356486
6915 5.95918094682e-13 0.625122541302
6920 6.16646774858e-13 0.646867081945
6925 6.37026377416e-13 0.668245437553
6930 6.11337178542e-13 0.641297275671
6935 6.29849513131e-13 0.660716853205
6940 6.328e-13 0.663811936013
6945 6.33249464299e-13 0.664283427426
6950 6.29796474267e-13 0.66066121504
6955 6.39673872872e-13 0.671022680101
6960 6.34862478961e-13 0.665975491879
6965 6.37954680047e-13 0.669219233961
6970 6.60681859424e-13 0.693060215223
6975 6.564e-13 0.68856851264
6980 6.40636787692e-13 0.672032784954
6985 6.53984851808e-13 0.686035004112
6990 6.21820535493e-13 0.652294395572
6995 6.45126333789e-13 0.67674235241
7000 6.31906504795e-13 0.662874652856
7005 6.06530262352e-13 0.636254784612
7010 6.108e-13 0.64073377136
7015 6.24111752549e-13 0.654697899412
7020 6.19698077426e-13 0.650067921176
7025 6.07400228889e-13 0.63716738602
7030 6.31855381781e-13 0.662821024431
7035 6.31668425235e-13 0.662624905615
7040 6.2400188653e-13 0.654582649136
7045 6.308e-13 0.661713921044
7050 6.09564871187e-13 0.639438111991
7055 6.21984586231e-13 0.652466486024
7060 6.33426125882e-13 0.66446874675
7065 6.03265743565e-13 0.632830279972
7070 6.14266202908e-13 0.644369844153
7075 6.33768640182e-13 0.664828046813
7080 6.289e-13 0.659720806824
7085 6.20836395573e-13 0.65126202543
7090 6.27814828136e-13 0.658582453417
7095 6.14879465282e-13 0.645013160972
7100 6.2183333438e-13 0.6523078217
7105 6.19225244719e-13 0.649571916127
7110 5.93995433754e-13 0.623105655599
7115 6.114e-13 0.641363175851
7120 6.1574431141e-13 0.645920391034
7125 6.04719019842e-13 0.634354777662
7130 6.21804561077e-13 0.652277638291
7135 6.30106038098e-13 0.660985949815
7140 6.1551666457e-13 0.645681587794
7145 6.1360599822e-13 0.643677284494
7150 6.098e-13 0.639684763876
7155 6.29490551032e-13 0.660340299277
7160 6.32939193039e-13 0.663957950552
7165 6.20059850549e-13 0.650447423888
7170 6.15633998146e-13 0.645804671594
7175 6.0131818105e-13 0.630787272317
7180 6.00275678029e-13 0.629693678846
7185 5.453e-13 0.572023781144
7190 5.89844540535e-13 0.618751337546
7195 5.84987604478e-13 0.613656375272
7200 5.64469060354e-13 0.59213226892
7205 5.71850665399e-13 0.599875627859
7210 5.92939127453e-13 0.621997582383
7215 6.29535889356e-13 0.660387859518
7220 6.079e-13 0.637691649656
7225 6.06599542234e-13 0.636327459726
7230 5.83392048836e-13 0.611982625462
7235 5.83556415822e-13 0.612155047661
7240 6.02393585163e-13 0.631915379281
7245 6.21351996866e-13 0.651802895046
7250 5.86967857966e-13 0.615733676001
7255 5.844e-13 0.613039973777
7260 5.76718387477e-13 0.604981904749
7265 5.63291379161e-13 0.590896872535
7270 5.98921176066e-13 0.62827279615
7275 5.85838466998e-13 0.614548936423
7280 5.67094859271e-13 0.594886751636
7285 5.84660225216e-13 0.613312951976
7290 5.713e-13 0.599297975733
7295 5.81841362178e-13 0.610355943553
7300 6.22319555502e-13 0.652817871297
7305 5.69177479522e-13 0.597071435867
7310 5.57809429181e-13 0.585146265978
7315 5.71865025852e-13 0.599890692081
7320 5.74276315869e-13 0.602420153355
7325 5.705e-13 0.598458769746
7330 5.64497763962e-13 0.59216237922
7335 5.5552024837e-13 0.582744898175
7340 5.88284932596e-13 0.617115297146
7345 5.69986665513e-13 0.597920278027
7350 5.59506958757e-13 0.586926987208
7355 5.50656143056e-13 0.577642415296
7360 5.382e-13 0.564575828006
7365 5.1627215483e-13 0.54157335431
7370 5.45240515054e-13 0.57196138099
7375 5.68090988265e-13 0.595931698406
7380 5.68671226614e-13 0.596540372777
7385 5.52075332445e-13 0.579131155587
7390 5.52174047917e-13 0.579234708855
7395 5.59e-13 0.586395183678
7400 5.62258008738e-13 0.589812859227
