Wave Flux FluxNorm
3600 3.28135315436e-11 4.62386254521
3605 3.31082496019e-11 4.66539223516
3610 3.34637775636e-11 4.7154908484
3615 3.248e-11 4.57686351952
3620 3.26980097537e-11 4.60758399023
3625 3.25885837304e-11 4.59216440974
3630 3.27229154473e-11 4.61109353335
3635 3.18602072298e-11 4.48952648381
3640 3.29865664187e-11 4.648245458
3645 3.28843268164e-11 4.63383853971
3650 3.334e-11 4.69804894522
3655 3.32814775167e-11 4.68980234981
3660 3.32662997607e-11 4.68766360235
3665 3.15313366109e-11 4.44318424434
3670 3.10431593775e-11 4.37439358638
3675 3.27478027392e-11 4.61460048342
3680 3.23910344147e-11 4.56432708657
3685 3.101e-11 4.36972098954
3690 3.27027894356e-11 4.60825751091
3695 3.17694828565e-11 4.47674221428
3700 3.07817308622e-11 4.33755483531
3705 3.04119023663e-11 4.28544108681
3710 3.08173600806e-11 4.34257546553
3715 3.05137818916e-11 4.29979726546
3720 3.043e-11 4.28799128383
3725 3.11057711216e-11 4.38321641296
3730 3.06850495804e-11 4.32393115822
3735 2.89363093943e-11 4.07751043276
3740 3.06863090374e-11 4.32410863244
3745 2.98862526576e-11 4.21137005922
3750 2.76047451383e-11 3.88987533833
3755 2.814e-11 3.96529985958
3760 2.7769216202e-11 3.91305149631
3765 2.88704698757e-11 4.06823276986
3770 2.60417986941e-11 3.6696354195
3775 3.00082614163e-11 4.2285627143
3780 3.16744149411e-11 4.46334588196
3785 3.27448943793e-11 4.61419065687
3790 3.12e-11 4.39649451382
3795 2.75054238827e-11 3.87587965386
3800 2.77088290821e-11 3.90454214883
3805 3.09120902508e-11 4.35592420507
3810 3.2424153258e-11 4.5689939716
3815 3.13450902643e-11 4.41693965969
3820 3.05408453877e-11 4.30361087162
3825 3.089e-11 4.35281139525
3830 2.86527273159e-11 4.03754995034
3835 2.4907799936e-11 3.50983992852
3840 2.93340323397e-11 4.1335548798
3845 3.05806164547e-11 4.30921514335
3850 2.98688794677e-11 4.20892194595
3855 2.9926703992e-11 4.21707018966
3860 2.994e-11 4.21894377384
3865 2.99729231976e-11 4.22358308979
3870 2.90120543995e-11 4.08818391032
3875 2.94062539755e-11 4.1437318678
3880 2.7625984847e-11 3.89286829547
3885 2.42534120655e-11 3.41762798357
3890 2.39826968556e-11 3.37948061385
3895 2.83e-11 3.98784598529
3900 2.87914806585e-11 4.05710213973
3905 2.95466655211e-11 4.16351772003
3910 2.95363241612e-11 4.16206048504
3915 2.87501853379e-11 4.05128308042
3920 2.73386967893e-11 3.85238559131
3925 2.72389531569e-11 3.83833038834
3930 2.769e-11 3.90188888102
3935 2.75674691028e-11 3.8846226497
3940 2.84623083243e-11 4.01071738457
3945 2.82915994386e-11 3.98666223459
3950 2.77676598154e-11 3.91283218078
3955 2.73809858585e-11 3.85834468301
3960 2.63953662559e-11 3.71945778636
3965 2.279e-11 3.21141378109
3970 1.96940583422e-11 2.77515446975
3975 2.52487268793e-11 3.55788106429
3980 2.64204851981e-11 3.72299737904
3985 2.63570620013e-11 3.71406020798
3990 2.65245179729e-11 3.73765697915
3995 2.61270014643e-11 3.68164162181
4000 2.612e-11 3.68065502247
4005 2.54701262589e-11 3.58907917832
4010 2.57211548064e-11 3.62445243575
4015 2.57648577152e-11 3.63061075622
4020 2.45767983825e-11 3.46319741204
4025 2.19600122983e-11 3.09445748695
4030 2.44528170778e-11 3.44572679903
4035 2.492e-11 3.51155907963
4040 2.4869492261e-11 3.50444186817
4045 2.47700006187e-11 3.49042217396
4050 2.52010437037e-11 3.55116187134
4055 2.44646529503e-11 3.44739463072
4060 2.4311704745e-11 3.42584219657
4065 2.3846485556e-11 3.36028663208
4070 2.299e-11 3.23959643823
4075 2.33230273353e-11 3.28652441428
4080 2.38018552081e-11 3.35399762312
4085 2.3183829731e-11 3.26690962249
4090 2.28266971881e-11 3.21658490243
4095 2.12469136384e-11 2.99397241176
4100 1.71146565049e-11 2.41168248172
4105 2.064e-11 2.90845021683
4110 2.25894451304e-11 3.18315293546
4115 2.29192833234e-11 3.22963151897
4120 2.28004453382e-11 3.21288566802
4125 2.31951837934e-11 3.26850956073
4130 2.32071182931e-11 3.27019129029
4135 2.28089002814e-11 3.21407708184
4140 2.252e-11 3.17336719395
4145 2.19031768865e-11 3.08644862233
4150 2.20934645522e-11 3.11326268253
4155 2.2042303912e-11 3.10605346863
4160 2.20079809015e-11 3.10121690043
4165 2.2099015337e-11 3.11404486186
4170 2.20581806794e-11 3.10829071608
4175 2.185e-11 3.07895529253
4180 2.17815231478e-11 3.06930599429
4185 2.12145354027e-11 2.98940988819
4190 2.06732846502e-11 2.91314046626
4195 2.09341862809e-11 2.94990497229
4200 1.92511801733e-11 2.71274705181
4205 2.04639663184e-11 2.88364473237
4210 2.118e-11 2.98454339111
4215 2.13763636018e-11 3.01221363144
4220 2.05762026296e-11 2.89946031976
4225 2.06948757031e-11 2.91618293246
4230 2.09422951577e-11 2.95104762076
4235 2.05364606494e-11 2.89386014674
4240 2.04588200077e-11 2.88291954882
4245 2.034e-11 2.86617623112
4250 1.98277089925e-11 2.79398762203
4255 2.05435239378e-11 2.89485545793
4260 1.99310928391e-11 2.80855577954
4265 1.95533784908e-11 2.75533080966
4270 1.95214447249e-11 2.75083091779
4275 1.95938152599e-11 2.76102888766
4280 1.945e-11 2.74076340685
4285 1.97865116044e-11 2.78818236271
4290 1.97302418089e-11 2.78025320093
4295 2.00259607358e-11 2.82192392657
4300 1.9907474295e-11 2.80522761289
4305 1.92898962335e-11 2.71820265906
4310 1.95826307303e-11 2.75945283884
4315 1.924e-11 2.71117161686
4320 1.93527002683e-11 2.72705258196
4325 1.91215623934e-11 2.69448218456
4330 1.86622555637e-11 2.62975975005
4335 1.70312041569e-11 2.39992293716
4340 1.40875021732e-11 1.98511621853
4345 1.71239613689e-11 2.41299366067
4350 1.844e-11 2.5984409883
4355 1.86173279924e-11 2.62342885835
4360 1.89594873709e-11 2.67164366061
4365 1.88064296449e-11 2.65007579354
4370 1.88970630332e-11 2.66284724208
4375 1.87416393535e-11 2.6409459807
4380 1.82204605063e-11 2.5675049569
4385 1.787e-11 2.51812041545
4390 1.78812594387e-11 2.51970701994
4395 1.84220749324e-11 2.59591510812
4400 1.81676194904e-11 2.56005895572
4405 1.79040090595e-11 2.52291274377
4410 1.76668674851e-11 2.48949634534
4415 1.74114547425e-11 2.45350529657
4420 1.725e-11 2.43075417831
4425 1.68833691519e-11 2.37909102087
4430 1.66574793483e-11 2.34726014644
4435 1.71612434912e-11 2.41824720704
4440 1.73338179237e-11 2.44256523735
4445 1.72172784574e-11 2.42614327824
4450 1.73220205418e-11 2.44090282949
4455 1.747e-11 2.46175510117
4460 1.72094942955e-11 2.42504638641
4465 1.69793229375e-11 2.39261218407
4470 1.53847577671e-11 2.16791676665
4475 1.63710351076e-11 2.30689634731
4480 1.64866002083e-11 2.32318100537
4485 1.66323362385e-11 2.34371714823
4490 1.664e-11 2.34479707404
4495 1.69536368127e-11 2.38899266783
4500 1.66665519139e-11 2.34853859147
4505 1.67572184447e-11 2.36131471023
4510 1.64294583954e-11 2.31512896476
4515 1.62941645502e-11 2.2960642645
4520 1.64785043501e-11 2.32204019139
4525 1.654e-11 2.33070574547
4530 1.61495668911e-11 2.27568853324
4535 1.59516759141e-11 2.24780306547
4540 1.4816822068e-11 2.08788708122
4545 1.56911361992e-11 2.21108955819
4550 1.62337472245e-11 2.28755066061
4555 1.59831731871e-11 2.2522414497
4560 1.594e-11 2.24615777405
4565 1.57670398131e-11 2.22178538582
4570 1.57212681326e-11 2.21533554792
4575 1.57521977124e-11 2.21969393664
4580 1.5657066805e-11 2.20628872791
4585 1.54920116492e-11 2.18303026359
4590 1.58074289648e-11 2.22747675389
4595 1.54e-11 2.17006459977
4600 1.54196643833e-11 2.17283557263
4605 1.51579911203e-11 2.13596233336
4610 1.55972990051e-11 2.19786665084
4615 1.56054956897e-11 2.1990216726
4620 1.54742982691e-11 2.18053421299
4625 1.49283960489e-11 2.10360933747
4630 1.483e-11 2.08974402692
4635 1.47314620136e-11 2.0758587155
4640 1.53787328598e-11 2.16706777716
4645 1.48097727357e-11 2.08689373664
4650 1.44277621664e-11 2.03306337216
4655 1.49093708413e-11 2.10092843295
4660 1.48451721606e-11 2.09188198592
4665 1.518e-11 2.13906367692
4670 1.48480765585e-11 2.09229125417
4675 1.45399387736e-11 2.04887054645
4680 1.43224493653e-11 2.01822339933
4685 1.32466034458e-11 1.86662241591
4690 1.45205889801e-11 2.04614390347
4695 1.45012092734e-11 2.04341304533
4700 1.434e-11 2.02069651693
4705 1.45430616859e-11 2.04931060628
4710 1.41340978674e-11 1.99168217089
4715 1.39399111419e-11 1.96431868136
4720 1.41053085861e-11 1.98762537868
4725 1.37466716942e-11 1.93708867586
4730 1.43441015886e-11 2.02127448526
4735 1.419e-11 1.99955952407
4740 1.38801801746e-11 1.9559017945
4745 1.43863173866e-11 2.02722325206
4750 1.41850113093e-11 1.99885655128
4755 1.29315898714e-11 1.82223281809
4760 1.3258767654e-11 1.86833651445
4765 1.31697850144e-11 1.85579767833
4770 1.343e-11 1.89246542694
4775 1.33804853191e-11 1.88548815056
4780 1.32453951619e-11 1.86645215266
4785 1.32221549026e-11 1.86317729136
4790 1.32514557597e-11 1.86730617141
4795 1.32059887333e-11 1.86089926332
4800 1.34681131597e-11 1.8978360775
4805 1.301e-11 1.83328184695
4810 1.31132662182e-11 1.84783342906
4815 1.30360379776e-11 1.83695094393
4820 1.29277259989e-11 1.82168834713
4825 1.24782866596e-11 1.7583563731
4830 1.26200982652e-11 1.7783395124
4835 1.28637787305e-11 1.81267732743
4840 1.247e-11 1.75718867267
4845 1.27207360389e-11 1.79252071176
4850 1.22198095709e-11 1.72193351725
4855 1.12531567702e-11 1.58571929499
4860 8.94776559679e-12 1.26085904991
4865 1.04423385813e-11 1.47146423988
4870 1.14058070497e-11 1.60722974742
4875 1.19e-11 1.67686809982
4880 1.19176344968e-11 1.6793530347
4885 1.19636264703e-11 1.68583391481
4890 1.18823372728e-11 1.6743791869
4895 1.20566520688e-11 1.69894245755
4900 1.19109502168e-11 1.67841113085
4905 1.19124066515e-11 1.67861636184
4910 1.236e-11 1.74168821124
4915 1.20727559318e-11 1.7012117058
4920 1.16973082224e-11 1.64830613546
4925 1.17478695173e-11 1.65543089365
4930 1.23353611263e-11 1.7382162666
4935 1.18550667649e-11 1.67053641002
4940 1.17678158829e-11 1.65824160157
4945 1.19e-11 1.67686809982
4950 1.20604918292e-11 1.69948353081
4955 1.17528702957e-11 1.65613556976
4960 1.17970363211e-11 1.66235914952
4965 1.15693308059e-11 1.6302724172
4970 1.13538275545e-11 1.59990514597
4975 1.1325810127e-11 1.5959571182
4980 1.132e-11 1.59513839412
4985 1.14003354132e-11 1.60645872115
4990 1.12163342655e-11 1.58053051485
4995 1.12591778863e-11 1.58656775023
5000 1.15324613859e-11 1.62507702608
5005 1.10671296579e-11 1.55950560335
5010 1.1248580506e-11 1.58507443856
5015 1.052e-11 1.48240776556
5020 1.0968432795e-11 1.54559790411
5025 1.08210020601e-11 1.52482295485
5030 1.07747456957e-11 1.51830481855
5035 1.09951730985e-11 1.54936596815
5040 1.08603071187e-11 1.5303615598
5045 1.08706735584e-11 1.53182232888
5050 1.082e-11 1.52468175127
5055 1.06739528954e-11 1.50410177388
5060 1.04392516078e-11 1.47102924429
5065 1.02483594405e-11 1.44413000178
5070 1.04236007411e-11 1.46882382925
5075 1.03459007196e-11 1.45787486391
5080 1.02605827329e-11 1.44585242609
5085 1.023e-11 1.4415429127
5090 1.01676652856e-11 1.43275912328
5095 1.02951942714e-11 1.45072965169
5100 1.0390279685e-11 1.46412844975
5105 1.02432900055e-11 1.44341565104
5110 9.73135337538e-12 1.37127697843
5115 1.01940961177e-11 1.43648357867
5120 1.001e-11 1.41054198985
5125 1.01318194405e-11 1.42770796748
5130 1.0082732858e-11 1.42079101586
5135 9.90630614933e-12 1.39593014865
5140 9.93304090145e-12 1.39969743041
5145 9.95612456065e-12 1.40295022467
5150 9.95250695823e-12 1.40244045643
5155 9.953e-12 1.40250993257
5160 9.83778689066e-12 1.38627487477
5165 9.80469158944e-12 1.38161130714
5170 9.43650632637e-12 1.32972911197
5175 9.61202737298e-12 1.35446235936
5180 9.65998777165e-12 1.36122061672
5185 9.64569820638e-12 1.35920702713
5190 9.562e-12 1.34741283786
5195 9.70301004374e-12 1.36728302644
5200 9.45604264507e-12 1.33248203883
5205 9.53499812645e-12 1.34360791513
5210 9.38132729456e-12 1.3219536533
5215 9.52633157971e-12 1.34238668356
5220 9.4776081233e-12 1.33552090122
5225 9.482e-12 1.336139775
5230 9.42678862812e-12 1.32835975918
5235 9.21068449789e-12 1.29790781614
5240 9.30783213394e-12 1.31159720873
5245 9.15006023911e-12 1.28936505264
5250 9.11385833617e-12 1.28426372355
5255 9.04129364985e-12 1.27403839517
5260 9.093e-12 1.28132450686
5265 8.96078112321e-12 1.2626931105
5270 9.10228248345e-12 1.28263253211
5275 9.01316094909e-12 1.27007412387
5280 8.93627401977e-12 1.25923973404
5285 8.68875988677e-12 1.2243617043
5290 8.70732770993e-12 1.22697815727
5295 8.915e-12 1.25624194201
5300 8.88120992924e-12 1.25148047211
5305 8.82591352798e-12 1.24368847453
5310 8.77978870128e-12 1.23718887364
5315 8.68068197234e-12 1.22322341883
5320 8.43882917852e-12 1.189143147
5325 8.54270053537e-12 1.20378000118
5330 8.449e-12 1.19057635087
5335 8.35154866954e-12 1.1768441637
5340 8.63369937155e-12 1.21660294619
5345 8.33961183588e-12 1.17516210525
5350 8.42218027826e-12 1.18679709576
5355 8.30633084164e-12 1.170472371
5360 8.41278206259e-12 1.18547276231
5365 8.134e-12 1.14618866588
5370 8.3193386186e-12 1.17230533959
5375 8.32935349862e-12 1.17371656924
5380 8.33406500212e-12 1.17438048268
5385 8.21500526754e-12 1.15760338429
5390 8.10418184961e-12 1.14198689233
5395 8.09646643133e-12 1.14089968739
5400 7.916e-12 1.1154695696
5405 7.86331574267e-12 1.10804565779
5410 7.48533332604e-12 1.05478291353
5415 7.41643611215e-12 1.04507438074
5420 7.91864603006e-12 1.11584243039
5425 8.02430116153e-12 1.13073064211
5430 8.19746252556e-12 1.15513137887
5435 7.923e-12 1.1164559626
5440 7.90407201943e-12 1.11378875866
5445 7.89809125011e-12 1.11294598881
5450 7.76230176628e-12 1.09381144648
5455 7.80569163773e-12 1.09992565583
5460 7.54098735125e-12 1.06262530508
5465 7.59475940928e-12 1.07020250246
5470 7.565e-12 1.06600900632
5475 7.587730008e-12 1.06921196643
5480 7.36222131884e-12 1.03743479608
5485 7.44200961428e-12 1.04867802695
5490 7.47054590355e-12 1.05269916924
5495 7.51850481699e-12 1.05945721731
5500 7.509021752e-12 1.05812092746
5505 7.49e-12 1.05544050989
5510 7.2383411042e-12 1.01997842801
5515 7.52111970026e-12 1.0598256891
5520 7.36481959043e-12 1.03780092707
5525 7.1926880695e-12 1.01354530888
5530 7.18483132887e-12 1.01243818975
5535 7.04909195931e-12 0.993310709183
5540 7.077e-12 0.997243322894
5545 7.10130650019e-12 1.0006684317
5550 7.09656293256e-12 1.0
5555 7.05483385641e-12 0.99411981877
5560 7.0827094887e-12 0.998047865706
5565 7.2356771828e-12 1.01960304609
5570 6.97551879594e-12 0.982943272994
5575 6.958e-12 0.980474641896
5580 6.88531300267e-12 0.970232078274
5585 6.90661479122e-12 0.97323378329
5590 6.88614576593e-12 0.970349425682
5595 6.69996878155e-12 0.944114615091
5600 6.81868862956e-12 0.960843818952
5605 6.84876073779e-12 0.96508137853
5610 6.798e-12 0.957928516184
5615 6.69879288413e-12 0.943948915523
5620 6.63945614254e-12 0.935587580302
5625 6.77387835866e-12 0.954529456446
5630 6.48733069569e-12 0.914151083748
5635 6.59653392181e-12 0.929539269149
5640 6.59010798995e-12 0.928633769978
5645 6.662e-12 0.938764309329
5650 6.43777675889e-12 0.907168275694
5655 6.63365782935e-12 0.934770520939
5660 6.48800253628e-12 0.914245755013
5665 6.44938328576e-12 0.90880378953
5670 6.36727445461e-12 0.897233564349
5675 6.59229576582e-12 0.928942056663
5680 6.412e-12 0.903535987904
5685 6.35649186788e-12 0.895714154624
5690 6.27264018587e-12 0.883898338601
5695 6.46203238569e-12 0.910586215763
5700 6.2872285915e-12 0.885954038771
5705 6.28607755974e-12 0.885791843104
5710 6.31642182532e-12 0.890067753269
5715 6.216e-12 0.875916983907
5720 6.26502059372e-12 0.882824636836
5725 6.32126563941e-12 0.890750311028
5730 6.26305369118e-12 0.882547474136
5735 6.18216509574e-12 0.871149196377
5740 6.15860842067e-12 0.867829747893
5745 6.12189108865e-12 0.862655787995
5750 6.147e-12 0.866193967194
5755 6.1563762719e-12 0.867515208475
5760 6.07994516409e-12 0.856745049944
5765 5.94824220408e-12 0.838186353112
5770 5.93847031482e-12 0.836809364089
5775 5.95537931493e-12 0.839192066853
5780 5.64485613623e-12 0.795435225456
5785 5.782e-12 0.814760617914
5790 5.79669945652e-12 0.81683196663
5795 5.89075932802e-12 0.830086252176
5800 5.6770936891e-12 0.799977924954
5805 5.76860556343e-12 0.812873163847
5810 5.70856964629e-12 0.804413305502
5815 5.64534180456e-12 0.795503662577
5820 5.81e-12 0.818706189913
5825 5.72678666119e-12 0.806980324928
5830 5.82701605697e-12 0.821103978411
5835 5.68453885867e-12 0.801027048262
5840 5.79499214803e-12 0.816591384181
5845 5.73874004221e-12 0.808664715122
5850 5.72668842481e-12 0.806966482116
5855 5.769e-12 0.8129287452
5860 5.77056499376e-12 0.813149273612
5865 5.68998131175e-12 0.801793962207
5870 5.7861203986e-12 0.815341236819
5875 5.08335030404e-12 0.716311593703
5880 5.83306966254e-12 0.821957011862
5885 5.7280430908e-12 0.807157372552
5890 4.85e-12 0.683429435642
5895 5.1379958193e-12 0.724011872807
5900 5.49513012097e-12 0.774336840691
5905 5.8152978755e-12 0.819452730957
5910 5.79910621853e-12 0.817171111373
5915 5.63778451394e-12 0.794438739925
5920 5.56544621003e-12 0.784245311838
5925 5.576e-12 0.78573248106
5930 5.62293630031e-12 0.792346429354
5935 5.5559679848e-12 0.782909703978
5940 5.52560958882e-12 0.778631802652
5945 5.41035806831e-12 0.762391332216
5950 5.5563281468e-12 0.782960455589
5955 5.28675789713e-12 0.744974425981
5960 5.361e-12 0.755436124634
5965 5.30124843914e-12 0.747016335868
5970 5.39587949339e-12 0.760351108651
5975 5.50314313741e-12 0.775465981166
5980 5.28244649818e-12 0.74436689259
5985 5.35754435596e-12 0.754949178479
5990 5.35119932527e-12 0.754055079357
5995 5.437e-12 0.766145534347
6000 5.23904779996e-12 0.738251439428
6005 5.26204304169e-12 0.741491774497
6010 5.36929126162e-12 0.756604473551
6015 5.28820837669e-12 0.745178817823
6020 5.22552224906e-12 0.736345509611
6025 5.09906863057e-12 0.71852651474
6030 5.31e-12 0.748249547064
6035 5.11585101079e-12 0.720891375079
6040 5.20733709298e-12 0.733782979516
6045 5.08139438225e-12 0.716035978338
6050 5.01981984123e-12 0.707359307446
6055 5.04634158793e-12 0.711096573917
6060 5.05236051546e-12 0.711944720772
6065 5.109e-12 0.719925976638
6070 5.1469651745e-12 0.725275774119
6075 5.10050969834e-12 0.718729580335
6080 4.98647997151e-12 0.702661276859
6085 4.90626286683e-12 0.69135762107
6090 5.092348164e-12 0.717579511715
6095 4.90545345097e-12 0.691243563622
6100 4.854e-12 0.683993088785
6105 4.92040726292e-12 0.693350754397
6110 4.9963931543e-12 0.704058176018
6115 4.94386656713e-12 0.696656482033
6120 4.93216250655e-12 0.695007224401
6125 4.81389460435e-12 0.678341705709
6130 4.78815009992e-12 0.674713963002
6135 4.977e-12 0.701325422926
6140 4.96497137773e-12 0.699630430239
6145 4.82219825339e-12 0.67951180018
6150 4.84897542591e-12 0.683285059541
6155 4.90768742895e-12 0.691558360799
6160 4.76608575991e-12 0.671604804354
6165 4.78996696128e-12 0.674969982905
6170 4.739e-12 0.667788060929
6175 4.70692755026e-12 0.663268626656
6180 4.65796147574e-12 0.656368656208
6185 4.6981378647e-12 0.662030043184
6190 4.74578879195e-12 0.668744691909
6195 4.64134263283e-12 0.654026840449
6200 4.68569487404e-12 0.660276660486
6205 4.708e-12 0.663419749073
6210 4.97648034369e-12 0.701252196448
6215 4.98114392261e-12 0.701909356677
6220 4.69446868993e-12 0.661513007711
6225 4.7119773653e-12 0.663980212686
6230 4.76016273226e-12 0.670770171067
6235 4.72260624327e-12 0.665477962803
6240 4.693e-12 0.661306049787
6245 4.77808394401e-12 0.673295507898
6250 4.80662224458e-12 0.6773169336
6255 4.80362805503e-12 0.676895012512
6260 4.81813527424e-12 0.678939272437
6265 4.68507523914e-12 0.660189345696
6270 4.61870648637e-12 0.650837106676
6275 4.384e-12 0.617763844506
6280 4.2801760505e-12 0.603133670648
6285 4.09984469152e-12 0.57772258634
6290 4.48388414728e-12 0.631838847888
6295 4.42916027862e-12 0.62412752775
6300 4.45532045987e-12 0.627813844844
6305 4.520765723e-12 0.637035951905
6310 4.42e-12 0.622836722791
6315 4.45138959965e-12 0.627259934414
6320 4.40498389433e-12 0.620720754003
6325 4.4866032155e-12 0.632222000726
6330 4.48057074996e-12 0.631371946186
6335 4.47036146145e-12 0.629933321797
6340 4.41517872839e-12 0.622157341567
6345 4.418e-12 0.62255489622
6350 4.40366161102e-12 0.620534426717
6355 4.35960953392e-12 0.614326903791
6360 4.28745881345e-12 0.604159908704
6365 4.32469990265e-12 0.609407672945
6370 4.37242842654e-12 0.61613325607
6375 4.29534516409e-12 0.605271200285
6380 4.271e-12 0.601840643222
6385 4.23782409626e-12 0.597165717621
6390 4.40890549052e-12 0.621273359007
6395 4.19399759131e-12 0.590989980807
6400 4.1672018714e-12 0.587214107872
6405 4.28401841641e-12 0.603675111053
6410 4.15456381015e-12 0.585433237136
6415 4.189e-12 0.590285753795
6420 4.19915367318e-12 0.591716541244
6425 4.25533943574e-12 0.599633861656
6430 4.201373889e-12 0.59202939915
6435 4.14436503119e-12 0.583996093683
6440 4.18020210329e-12 0.589046013262
6445 4.05794201066e-12 0.5718179419
6450 4.014e-12 0.565625928797
6455 4.17475998641e-12 0.588279146692
6460 4.11732944625e-12 0.580186420578
6465 4.14341390784e-12 0.583862067767
6470 4.20200445863e-12 0.592118254789
6475 4.06518481903e-12 0.572838549825
6480 4.18313394527e-12 0.589459148749
6485 4.078e-12 0.574644379082
6490 4.00851711408e-12 0.564853317328
6495 4.03593177438e-12 0.568716407186
6500 4.19338017483e-12 0.590902978622
6505 3.95609335874e-12 0.557466113714
6510 4.06582181205e-12 0.572928310603
6515 4.0192657098e-12 0.566367937267
6520 4.145e-12 0.584085569224
6525 4.02668253853e-12 0.567413066973
6530 4.0068853813e-12 0.5646233845
6535 4.07476606248e-12 0.57418867432
6540 4.04917961857e-12 0.57058320444
6545 3.95151118887e-12 0.556820425101
6550 3.97298089534e-12 0.559845791982
6555 3.828e-12 0.539416057657
6560 3.27932033783e-12 0.462099803665
6565 3.07642946129e-12 0.433509783613
6570 3.59262815521e-12 0.506249037646
6575 3.80817870604e-12 0.536622973999
6580 3.90547600961e-12 0.550333456734
6585 3.90285980757e-12 0.549964799109
6590 3.943e-12 0.555621085513
6595 3.8851275732e-12 0.5474660917
6600 3.89692072247e-12 0.549127903114
6605 3.96794180458e-12 0.559135717147
6610 3.84554278266e-12 0.541888068801
6615 3.86588535267e-12 0.544754607182
6620 3.93629006603e-12 0.554675566671
6625 4.008e-12 0.564780449083
6630 3.90241231225e-12 0.549901741073
6635 3.88149467065e-12 0.546954167466
6640 3.76534235631e-12 0.53058676321
6645 3.79297422644e-12 0.53448046082
6650 3.73469527369e-12 0.526268182102
6655 3.76628436467e-12 0.530719504704
6660 3.734e-12 0.526170208801
6665 3.61875239315e-12 0.509930289851
6670 3.62959216765e-12 0.511457758092
6675 3.66979158548e-12 0.517122390142
6680 3.47569665182e-12 0.489771835303
6685 3.47019550942e-12 0.488996651252
6690 3.57903825334e-12 0.504334039922
6695 3.718e-12 0.52391559623
6700 3.50780377977e-12 0.494296156196
6705 3.66399150077e-12 0.516305081149
6710 3.61704748687e-12 0.509690045905
6715 3.60678242769e-12 0.508243562689
6720 3.79410089743e-12 0.534639223732
6725 3.67338118956e-12 0.517628213047
6730 3.767e-12 0.530820347229
6735 3.5345927443e-12 0.498071077208
6740 3.67156020754e-12 0.517371612487
6745 3.68978581768e-12 0.519939843097
6750 3.53799355812e-12 0.498550297058
6755 3.62271962531e-12 0.51048932557
6760 3.60424987832e-12 0.507886692836
6765 3.553e-12 0.50066490409
6770 3.5764677425e-12 0.503971820794
6775 3.48910527354e-12 0.491661288246
6780 3.55027050502e-12 0.500280281983
6785 3.55065589834e-12 0.500334589022
6790 3.57959270252e-12 0.504412169177
6795 3.53051988992e-12 0.497497157915
6800 3.515e-12 0.495310199233
6805 3.6366177446e-12 0.512447755224
6810 3.36797865426e-12 0.474592938337
6815 3.5399862286e-12 0.498831090802
6820 3.51468736353e-12 0.495266144601
6825 3.48077993016e-12 0.490488136755
6830 3.54308190878e-12 0.499267313268
6835 3.456e-12 0.486996315377
6840 3.58080955501e-12 0.50458363986
6845 3.43076492861e-12 0.483440358552
6850 3.49396517029e-12 0.492346112265
6855 3.47464987892e-12 0.489624331093
6860 3.49426717768e-12 0.492388669118
6865 3.16859406509e-12 0.446497000759
6870 2.391e-12 0.336923666107
6875 2.74232551312e-12 0.386430098511
6880 3.04373987902e-12 0.428903387167
6885 3.07107305056e-12 0.432754994178
6890 2.82910422428e-12 0.398658371829
6895 2.99838146362e-12 0.422511783819
6900 3.10180988989e-12 0.437086223199
6905 3.051e-12 0.429926434669
6910 3.2800705622e-12 0.462205520246
6915 3.10292925558e-12 0.437243956696
6920 3.1736666827e-12 0.447211799974
6925 3.19786785655e-12 0.450622066899
6930 3.10949689919e-12 0.438169424937
6935 3.22897429204e-12 0.455005376931
6940 3.215e-12 0.453036213523
6945 3.28570894462e-12 0.463000043239
6950 3.26896312727e-12 0.460640335094
6955 3.17024227276e-12 0.446729255117
6960 3.28266224716e-12 0.462570723089
6965 3.43254589789e-12 0.483691320786
6970 3.25374540424e-12 0.458495955741
6975 3.309e-12 0.466282062379
6980 3.34198655016e-12 0.470930305546
6985 3.23191485169e-12 0.455419740852
6990 3.16365709241e-12 0.445801315717
6995 3.35469963781e-12 0.472721748498
7000 3.20718339366e-12 0.451934749841
7005 3.1282504911e-12 0.440812055192
7010 3.196e-12 0.450358861095
7015 3.16990258602e-12 0.446681388742
7020 3.29357847914e-12 0.464108965205
7025 3.08199392218e-12 0.434293890079
7030 3.19797074979e-12 0.450636565923
7035 3.23783607883e-12 0.456254120423
7040 3.37240440444e-12 0.475216585337
7045 3.152e-12 0.444158676524
7050 3.34528165893e-12 0.47139463015
7055 3.25954399314e-12 0.459313053955
7060 3.27792749285e-12 0.461903533301
7065 2.87412614161e-12 0.405002558129
7070 3.20821548221e-12 0.45208018483
7075 3.26618857235e-12 0.460249363443
7080 3.206e-12 0.451767993952
7085 3.34488750312e-12 0.47133908836
7090 3.19349972366e-12 0.450006538941
7095 3.35643796571e-12 0.472966701994
7100 3.00195465287e-12 0.423015293657
7105 3.09121840473e-12 0.435593742224
7110 2.99618366768e-12 0.422202085172
7115 3.151e-12 0.444017763239
7120 3.23650369213e-12 0.456066369436
7125 3.28826093197e-12 0.463359652161
7130 3.27256035275e-12 0.461147231956
7135 3.40632517158e-12 0.479996472087
7140 3.35496998716e-12 0.472759844313
7145 3.17371103275e-12 0.447218049485
7150 3.222e-12 0.454022606523
7155 3.10674154294e-12 0.437781158634
7160 3.03803253762e-12 0.428099146938
7165 3.19517600745e-12 0.450242749597
7170 2.93548255432e-12 0.413648491842
7175 2.70246354075e-12 0.38081301701
7180 2.7099291691e-12 0.381865023231
7185 2.603e-12 0.366797282675
7190 2.83040993416e-12 0.398842363699
7195 2.91350611725e-12 0.410551719886
7200 2.71400152484e-12 0.382438872259
7205 2.80633896309e-12 0.395450444075
7210 3.13145426586e-12 0.44126350962
7215 3.081175956e-12 0.434178627778
7220 3.346e-12 0.47149585395
7225 3.21723022819e-12 0.453350482306
7230 3.10605758014e-12 0.437684779189
7235 2.82207502907e-12 0.397667864836
7240 2.94342479143e-12 0.414767658569
7245 2.86308843791e-12 0.403447199033
7250 2.98311298414e-12 0.420360252207
7255 3.033e-12 0.427389995526
7260 3.04683541123e-12 0.429339588781
7265 2.83871244415e-12 0.40001229766
7270 3.0071114731e-12 0.423741958139
7275 2.73067298786e-12 0.38478810289
7280 2.98982995946e-12 0.42130676327
7285 2.84299282611e-12 0.400615460346
7290 2.674e-12 0.37680212596
7295 2.98266802425e-12 0.420297551448
7300 2.94511295898e-12 0.415005543806
7305 2.76779690262e-12 0.390019355697
7310 2.81878272278e-12 0.397203935139
7315 3.07377579363e-12 0.433135846584
7320 3.09633391047e-12 0.436314584946
7325 2.938e-12 0.414003233385
7330 3.08140072399e-12 0.434210300574
7335 3.00231065441e-12 0.423065459003
7340 3.05598013203e-12 0.430628201437
7345 2.89235534638e-12 0.407571295269
7350 2.85357348563e-12 0.402106415845
7355 2.80525774943e-12 0.395298086705
7360 2.762e-12 0.389202495102
7365 2.92155240153e-12 0.411685548243
7370 2.93962375068e-12 0.414232041428
7375 2.72188252039e-12 0.383549409236
7380 2.68331240703e-12 0.378114367832
7385 2.79051742101e-12 0.393220978596
7390 2.79072523227e-12 0.393250261963
7395 2.811e-12 0.396107246101
7400 2.80202292022e-12 0.394842256293
