Wave Flux FluxNorm
3600 2.53111765987e-13 0.692692388901
3605 1.97604347821e-13 0.540784926436
3610 1.72183724586e-13 0.471216164322
3615 2.127e-13 0.582097282379
3620 1.95468208906e-13 0.534938943092
3625 2.28277719469e-13 0.624728914579
3630 2.04285820719e-13 0.559070150772
3635 2.11261635022e-13 0.578160900881
3640 2.21168176427e-13 0.605272188279
3645 2.10731896188e-13 0.576711161643
3650 2.027e-13 0.55473022632
3655 2.46698989345e-13 0.675142507114
3660 2.5888936845e-13 0.708503985951
3665 2.6501339115e-13 0.725263633203
3670 2.37153260506e-13 0.649018657489
3675 2.51841621742e-13 0.689216378026
3680 2.28601018412e-13 0.625613688607
3685 2.237e-13 0.612201044044
3690 2.45115597255e-13 0.670809229106
3695 2.41779180881e-13 0.661678439711
3700 2.53606334409e-13 0.694045877074
3705 2.10794976421e-13 0.576883793671
3710 2.1788842431e-13 0.596296472276
3715 2.70692082458e-13 0.740804539541
3720 1.943e-13 0.53174189923
3725 2.38748691359e-13 0.653384882048
3730 2.35722806821e-13 0.64510392687
3735 1.61542658108e-13 0.44209469804
3740 2.18347605501e-13 0.597553116013
3745 1.89691035964e-13 0.519128521514
3750 1.80921052101e-13 0.495127657513
3755 2.531e-13 0.692660188858
3760 2.18198329266e-13 0.597144590904
3765 2.4121914547e-13 0.660145787662
3770 2.32388762997e-13 0.635979630446
3775 2.71544497873e-13 0.743137349587
3780 2.89457260917e-13 0.792159308626
3785 2.7083366081e-13 0.74119199781
3790 2.399e-13 0.65653567486
3795 2.15455621351e-13 0.589638606778
3800 2.25109432039e-13 0.616058244605
3805 2.60262574541e-13 0.712262046759
3810 2.62339377762e-13 0.717945645774
3815 2.03835271697e-13 0.557837130736
3820 1.98771904417e-13 0.543980185117
3825 1.718e-13 0.470166023097
3830 1.5954338514e-13 0.436623276499
3835 1.48543951245e-13 0.406521064099
3840 1.59061159044e-13 0.43530356564
3845 2.42264133581e-13 0.663005612484
3850 2.47843245164e-13 0.678273998429
3855 2.39768454716e-13 0.656175674145
3860 2.143e-13 0.586476011349
3865 2.62207102746e-13 0.717583647997
3870 2.4200904339e-13 0.66230750573
3875 2.39967701243e-13 0.656720953231
3880 2.30449084223e-13 0.630671300672
3885 2.11381742808e-13 0.578489600531
3890 2.12282856006e-13 0.580955682074
3895 2.531e-13 0.692660188858
3900 2.51879071785e-13 0.689318867768
3905 2.31004768717e-13 0.632192045542
3910 2.77476917818e-13 0.759372636505
3915 2.67912084425e-13 0.733196503341
3920 2.35294852123e-13 0.643932740848
3925 1.99782074624e-13 0.546744723587
3930 1.063e-13 0.290911805909
3935 9.14014346648e-14 0.250138818636
3940 1.93116820033e-13 0.528503883982
3945 2.2432079259e-13 0.613899970605
3950 2.63304337971e-13 0.720586457787
3955 2.66139867356e-13 0.728346466952
3960 2.12732129485e-13 0.58218521132
3965 1.267e-13 0.34674060027
3970 1.08076037219e-13 0.295772296923
3975 2.18768021551e-13 0.598703670976
3980 2.86118270992e-13 0.783021476181
3985 2.9723848293e-13 0.813454222529
3990 3.20408558182e-13 0.876863897362
3995 3.13860409326e-13 0.858943541679
4000 3.336e-13 0.912964990135
4005 3.04362456972e-13 0.832950442227
4010 3.29454644054e-13 0.901620371278
4015 3.41092854344e-13 0.933470726624
4020 3.50804187141e-13 0.96004778553
4025 3.4333179972e-13 0.939598060984
4030 3.29590378023e-13 0.901991835193
4035 3.365e-13 0.920901436392
4040 3.51221240967e-13 0.961189139074
4045 2.90461153001e-13 0.79490666572
4050 3.47187333496e-13 0.950149521882
4055 3.30216036186e-13 0.903704077395
4060 3.25744204611e-13 0.891465990855
4065 3.08862989765e-13 0.845267075551
4070 3.285e-13 0.899007791545
4075 3.24823904059e-13 0.888947399175
4080 3.3248879851e-13 0.909923958789
4085 3.38128230279e-13 0.925357423323
4090 3.62604535497e-13 0.992341865026
4095 3.43412205307e-13 0.939818107406
4100 2.74436700332e-13 0.751052456269
4105 3.184e-13 0.871367064925
4110 3.48570215344e-13 0.953934062388
4115 3.62964578031e-13 0.993327195447
4120 3.56810474776e-13 0.976485226572
4125 3.46555138113e-13 0.948419389236
4130 3.31711690817e-13 0.907797243809
4135 3.42468858278e-13 0.937236444302
4140 3.653e-13 0.999718557843
4145 3.42088079884e-13 0.936194365937
4150 3.45146799955e-13 0.944565182301
4155 3.39357017243e-13 0.928720251497
4160 3.58843590528e-13 0.982049265846
4165 3.53505793334e-13 0.967441286342
4170 3.43440932496e-13 0.939896725264
4175 3.309e-13 0.905575884999
4180 3.42217041644e-13 0.93654729631
4185 3.33637884994e-13 0.91306867021
4190 3.34251283005e-13 0.914747359986
4195 3.42686944583e-13 0.937833282316
4200 3.13153365234e-13 0.85700857015
4205 3.43342836466e-13 0.939628265309
4210 3.552e-13 0.972077831223
4215 3.38107246157e-13 0.925299995959
4220 3.44532365087e-13 0.942883654954
4225 2.87171492776e-13 0.785903834142
4230 3.33169777544e-13 0.911787597928
4235 3.33983591656e-13 0.914014767572
4240 3.32190300213e-13 0.909107056825
4245 3.371e-13 0.922543459756
4250 3.14471310214e-13 0.860615397565
4255 3.13294880756e-13 0.85739585647
4260 3.0496281615e-13 0.834593448555
4265 3.40062394219e-13 0.930650660622
4270 3.02091977343e-13 0.826736807897
4275 2.96703497673e-13 0.811990125378
4280 3.254e-13 0.890524004167
4285 3.24973247064e-13 0.889356107013
4290 2.99660029265e-13 0.82008128196
4295 3.04170475245e-13 0.832425044757
4300 2.36696529937e-13 0.647768720379
4305 2.36108384919e-13 0.646159140613
4310 2.13977887331e-13 0.585594483801
4315 3.122e-13 0.854399490168
4320 3.77469372267e-13 1.03302254715
4325 2.92652379462e-13 0.800903407459
4330 3.51802672021e-13 0.962780344697
4335 3.52624755928e-13 0.965030146335
4340 2.58784222802e-13 0.708216233266
4345 3.18675049462e-13 0.872119794329
4350 3.458e-13 0.946352798527
4355 3.30108081673e-13 0.903408637674
4360 3.3812220546e-13 0.925340935169
4365 3.56072414601e-13 0.974465373152
4370 3.44759585772e-13 0.943505491077
4375 3.28204812349e-13 0.898199949847
4380 3.5217674847e-13 0.963804081812
4385 2.863e-13 0.783518814975
4390 3.22633104515e-13 0.882951825781
4395 3.39782269284e-13 0.929884041143
4400 3.46811619459e-13 0.949121303173
4405 3.17515444797e-13 0.868946297743
4410 3.70064180939e-13 1.01275671853
4415 3.507543082e-13 0.959911281551
4420 3.81e-13 1.04268483586
4425 3.74943566902e-13 1.02611016144
4430 3.70225744826e-13 1.01319887132
4435 3.46771058487e-13 0.949010299733
4440 3.68543018985e-13 1.00859374608
4445 3.7106232092e-13 1.01548833381
4450 3.73878349025e-13 1.02319497371
4455 3.41e-13 0.933216611619
4460 3.49509835231e-13 0.9565055254
4465 3.63207797118e-13 0.993992814486
4470 3.61354663543e-13 0.988921333443
4475 3.90274983555e-13 1.06806773535
4480 3.74609600032e-13 1.02519619244
4485 3.77970146845e-13 1.03439301974
4490 3.735e-13 1.02215954381
4495 3.76014324456e-13 1.02904050965
4500 3.84315816843e-13 1.0517592504
4505 3.83764658767e-13 1.050250893
4510 4.0532646338e-13 1.10925920456
4515 3.84401059325e-13 1.05199253398
4520 3.889585924e-13 1.06446516029
4525 3.652e-13 0.999444887282
4530 3.55493091119e-13 0.972879935332
4535 3.54161967417e-13 0.969237041633
4540 3.78719934239e-13 1.0364449671
4545 3.80036270556e-13 1.04004739208
4550 3.69197230275e-13 1.01038412979
4555 3.76262880828e-13 1.02972073526
4560 3.956e-13 1.0826407377
4565 3.82441306777e-13 1.04662926819
4570 3.76628579331e-13 1.0307215444
4575 3.89969374472e-13 1.06723137325
4580 3.82183076224e-13 1.04592256719
4585 3.84065029491e-13 1.05107291925
4590 3.81690292429e-13 1.04457396302
4595 3.758e-13 1.0284539667
4600 3.8384961364e-13 1.05048338948
4605 3.88782035288e-13 1.06398197545
4610 3.82749237691e-13 1.04747198445
4615 3.87230534652e-13 1.05973597496
4620 4.03015948074e-13 1.10293600437
4625 3.86750457076e-13 1.05842214397
4630 3.877e-13 1.06102076342
4635 3.78605907058e-13 1.03613290828
4640 3.81924738162e-13 1.04521557197
4645 3.69546079345e-13 1.01133882699
4650 3.81797669309e-13 1.04486782193
4655 3.77950385179e-13 1.03433893788
4660 3.85737089189e-13 1.0556488544
4665 3.599e-13 0.984940347571
4670 3.7084573915e-13 1.01489561326
4675 3.81713514726e-13 1.04463751561
4680 3.77742857873e-13 1.03377099674
4685 3.81755935725e-13 1.04475360939
4690 3.82733862563e-13 1.04742990725
4695 3.86047867039e-13 1.05649936188
4700 3.603e-13 0.986035029813
4705 3.76663755525e-13 1.03081781129
4710 3.79478478066e-13 1.03852087825
4715 3.73389858596e-13 1.02185811921
4720 3.86323559781e-13 1.05725385175
4725 3.82034777336e-13 1.04551671679
4730 3.65453829939e-13 1.0001395451
4735 3.796e-13 1.03885344801
4740 3.87451554402e-13 1.06034084096
4745 3.8831575029e-13 1.06270589069
4750 3.93671611007e-13 1.07736330474
4755 3.76732792065e-13 1.03100674398
4760 3.91959372317e-13 1.07267741151
4765 3.72519810475e-13 1.01947705364
4770 3.939e-13 1.07798833817
4775 3.94222377496e-13 1.07887059047
4780 3.96089845306e-13 1.0839813001
4785 3.92860069548e-13 1.07514235467
4790 3.88815744918e-13 1.06407422879
4795 4.0034746726e-13 1.09563315797
4800 3.95222534294e-13 1.08160772519
4805 3.923e-13 1.0736096092
4810 3.77724599587e-13 1.03372102918
4815 3.79752838787e-13 1.03927172277
4820 3.9015438269e-13 1.06773768628
4825 3.82014708556e-13 1.04546179445
4830 3.75260127578e-13 1.02697649482
4835 3.92499592078e-13 1.07415583396
4840 3.677e-13 1.0062866513
4845 3.78174256787e-13 1.03495160856
4850 3.64676458921e-13 0.998012109477
4855 3.3905920946e-13 0.927905239269
4860 2.86215952507e-13 0.783288801731
4865 3.40324636051e-13 0.931368339314
4870 3.47094340095e-13 0.949895026322
4875 3.702e-13 1.01312841531
4880 3.7793786344e-13 1.03430466957
4885 3.70139609419e-13 1.01296314407
4890 3.60818528704e-13 0.987454090225
4895 3.93669389736e-13 1.07735722577
4900 3.86803856966e-13 1.05856828375
4905 3.91507374824e-13 1.07144042744
4910 3.682e-13 1.0076550041
4915 3.84946531502e-13 1.05348533074
4920 3.42112436027e-13 0.936261021531
4925 3.73418789144e-13 1.02193729361
4930 3.84496391333e-13 1.05225342962
4935 3.73381740549e-13 1.02183590251
4940 3.59268425206e-13 0.983211913291
4945 3.902e-13 1.06786252743
4950 3.92083748937e-13 1.07301779371
4955 3.70230905675e-13 1.01321299505
4960 3.69323136295e-13 1.0107286975
4965 3.8352792802e-13 1.04960303064
4970 3.71942633068e-13 1.017897489
4975 3.81745656666e-13 1.04472547863
4980 3.707e-13 1.01449676811
4985 3.55363521507e-13 0.972525341447
4990 3.68186217153e-13 1.0076172845
4995 3.72081896089e-13 1.01827861089
5000 3.67856371649e-13 1.00671459446
5005 3.53190746363e-13 0.96657909553
5010 3.62541670231e-13 0.992169821302
5015 3.392e-13 0.928290541528
5020 3.40129510809e-13 0.93083433897
5025 3.60883225338e-13 0.987631145866
5030 3.59744973993e-13 0.984516087029
5035 3.58047035082e-13 0.979869328092
5040 3.41238702109e-13 0.933869869018
5045 3.72650653256e-13 1.01983513182
5050 3.566e-13 0.975909219071
5055 3.71812660023e-13 1.01754179104
5060 3.79792620905e-13 1.03938059472
5065 3.64904504454e-13 0.998636202964
5070 3.76408850553e-13 1.03012021143
5075 3.72146669954e-13 1.01845587789
5080 3.46143327005e-13 0.947292383465
5085 3.692e-13 1.01039170971
5090 3.71318985808e-13 1.01619075004
5095 3.64296774804e-13 0.996973025824
5100 3.69664660367e-13 1.01166334834
5105 3.60893532809e-13 0.987659354378
5110 3.66653711308e-13 1.00342326717
5115 3.70312495365e-13 1.01343628201
5120 3.737e-13 1.02270688493
5125 3.49645333468e-13 0.956876344186
5130 3.63625644043e-13 0.995136338508
5135 3.66073742642e-13 1.00183606367
5140 3.37001563833e-13 0.922274068945
5145 3.54756395081e-13 0.970863815154
5150 3.65216214583e-13 0.999489261823
5155 3.603e-13 0.986035029813
5160 3.50650328351e-13 0.959626719316
5165 3.07145218346e-13 0.840566040878
5170 2.87265101927e-13 0.78616001483
5175 3.20581111521e-13 0.877336125051
5180 3.20921569593e-13 0.878267858565
5185 3.03823815688e-13 0.831476339606
5190 3.413e-13 0.934037623301
5195 3.40735094056e-13 0.932491642037
5200 3.59008551562e-13 0.982500715634
5205 3.36305129919e-13 0.920368134349
5210 3.58819200371e-13 0.981982517167
5215 3.50306144319e-13 0.958684788946
5220 3.68731992609e-13 1.00911091126
5225 3.363e-13 0.920354095271
5230 3.49619242065e-13 0.956804939696
5235 3.51876836927e-13 0.96298331221
5240 3.67337304367e-13 1.00529406012
5245 3.60031956975e-13 0.985301474965
5250 3.55282210473e-13 0.972302817085
5255 3.66009316432e-13 1.0016597481
5260 3.551e-13 0.971804160662
5265 3.17222092357e-13 0.868143478474
5270 3.18249360764e-13 0.870954809685
5275 3.43422939172e-13 0.939847482833
5280 3.49986144478e-13 0.957809043587
5285 3.58875215982e-13 0.982135815403
5290 3.69335926387e-13 1.01076370021
5295 3.563e-13 0.975088207389
5300 3.47860780853e-13 0.95199254904
5305 3.67092455138e-13 1.00462397987
5310 3.64158712695e-13 0.996595190476
5315 3.60190724901e-13 0.985735976037
5320 3.55635948741e-13 0.973270894585
5325 3.34657979521e-13 0.91586036862
5330 3.495e-13 0.956478609269
5335 3.63157289383e-13 0.993854589685
5340 3.47796733793e-13 0.951817271091
5345 3.48471741233e-13 0.953664567736
5350 3.52009251199e-13 0.963345691091
5355 3.7191473108e-13 1.01782112947
5360 3.61874276778e-13 0.990343361897
5365 3.435e-13 0.940058375634
5370 3.3756652952e-13 0.923820213709
5375 3.50149544081e-13 0.958256220198
5380 3.59209802445e-13 0.983051480052
5385 3.56430403238e-13 0.975445082661
5390 3.53223772043e-13 0.966669477094
5395 3.49112024127e-13 0.955416833522
5400 3.543e-13 0.969614796178
5405 3.36564396165e-13 0.921077669739
5410 3.41487943395e-13 0.934551969043
5415 3.46443684297e-13 0.948114372951
5420 3.5583283838e-13 0.973809723565
5425 3.49800052426e-13 0.957299764425
5430 3.46513923978e-13 0.948306598281
5435 3.403e-13 0.931300917695
5440 3.71302732022e-13 1.01614626822
5445 3.45210789591e-13 0.944740303098
5450 3.58225384231e-13 0.980357417208
5455 3.34813004866e-13 0.916284627352
5460 3.51078142393e-13 0.960797520402
5465 3.52587032654e-13 0.964926908838
5470 3.593e-13 0.983298324207
5475 3.40465236205e-13 0.931753120544
5480 3.50545099035e-13 0.959338737656
5485 3.56667276104e-13 0.976093333962
5490 3.50741184962e-13 0.959875367112
5495 3.48530673774e-13 0.953825848753
5500 3.54013196595e-13 0.96882989969
5505 3.513e-13 0.96140467936
5510 3.49371265289e-13 0.956126300263
5515 3.4882955343e-13 0.954643794381
5520 3.56959508271e-13 0.976893087373
5525 3.42738672489e-13 0.937974846365
5530 3.43428865627e-13 0.939863701797
5535 3.51042838075e-13 0.960700902879
5540 3.426e-13 0.937595340588
5545 3.49417792428e-13 0.956253631347
5550 3.65402839763e-13 1.0
5555 3.54504950857e-13 0.970175686336
5560 3.40397864511e-13 0.93156874405
5565 3.47853474011e-13 0.951972552365
5570 3.41248423294e-13 0.93389647304
5575 3.477e-13 0.951552539179
5580 3.55412447671e-13 0.972659237954
5585 3.35015680327e-13 0.916839290422
5590 3.25077719872e-13 0.889642018334
5595 3.37309129399e-13 0.923115785355
5600 3.2849216438e-13 0.89898634776
5605 3.34469302765e-13 0.915344015885
5610 3.504e-13 0.958941644315
5615 3.29645729084e-13 0.902143314751
5620 3.46321468493e-13 0.947779904276
5625 3.39654747225e-13 0.929535050809
5630 3.40763132124e-13 0.932568373976
5635 3.41841500416e-13 0.935519550525
5640 3.45075613262e-13 0.944370365282
5645 3.382e-13 0.925553835922
5650 3.42893783304e-13 0.938399339003
5655 3.45413922553e-13 0.945296218214
5660 3.32919446623e-13 0.911102515892
5665 3.36045787656e-13 0.919658390925
5670 3.38948932771e-13 0.927603444436
5675 3.40677203977e-13 0.932333213934
5680 3.41e-13 0.933216611619
5685 3.29066030631e-13 0.900556850745
5690 3.42020022005e-13 0.936008111559
5695 3.42560232005e-13 0.937486507295
5700 3.30647567364e-13 0.904885051188
5705 3.41314051805e-13 0.934076078954
5710 3.16450593329e-13 0.86603211276
5715 3.383e-13 0.925827506483
5720 3.3837929616e-13 0.926044516729
5725 3.42202715001e-13 0.936508088503
5730 3.4548354877e-13 0.945486764672
5735 3.41141628828e-13 0.933604208025
5740 3.40953062653e-13 0.933088157917
5745 3.3977817138e-13 0.929872826385
5750 3.442e-13 0.941974069558
5755 3.32692670206e-13 0.910481895603
5760 3.34139077309e-13 0.914440286028
5765 3.32603184233e-13 0.910236998837
5770 3.43498836257e-13 0.940055190812
5775 3.48769242895e-13 0.954478742204
5780 3.25591246373e-13 0.891047389186
5785 3.281e-13 0.897913109303
5790 3.33592584981e-13 0.912944697412
5795 3.33575325546e-13 0.912897463417
5800 3.39566273481e-13 0.929292924216
5805 3.42164023318e-13 0.936402200759
5810 3.37889003849e-13 0.924702731011
5815 3.44783966161e-13 0.943572213025
5820 3.332e-13 0.911870307893
5825 3.40257183868e-13 0.931183742548
5830 3.48110155421e-13 0.952675013818
5835 3.42539551881e-13 0.937429911882
5840 3.45794081449e-13 0.946336601194
5845 3.36577525258e-13 0.921113600201
5850 3.40208572704e-13 0.931050708101
5855 3.254e-13 0.890524004167
5860 3.40754798927e-13 0.932545568467
5865 3.29841505245e-13 0.902679096469
5870 3.44407645519e-13 0.942542334215
5875 3.50672413682e-13 0.959687160366
5880 3.33074312142e-13 0.911526337227
5885 3.31275170682e-13 0.906602616708
5890 2.86e-13 0.782697803293
5895 2.99094333975e-13 0.818533140487
5900 3.30268196859e-13 0.903846825802
5905 3.27925317822e-13 0.897435055607
5910 3.31041234646e-13 0.905962402645
5915 3.35401745169e-13 0.917895836239
5920 3.30380862638e-13 0.904155158871
5925 3.249e-13 0.889155651364
5930 3.2314983932e-13 0.884365976819
5935 3.30187943241e-13 0.903627195275
5940 3.2470437985e-13 0.888620296603
5945 3.1951639029e-13 0.874422296489
5950 3.20630170634e-13 0.877470385401
5955 3.21687194581e-13 0.880363148763
5960 3.364e-13 0.920627765832
5965 3.15538208239e-13 0.863535183369
5970 3.32657542354e-13 0.910385761011
5975 3.17799447989e-13 0.869723530869
5980 3.33923490444e-13 0.913850288245
5985 3.1102632098e-13 0.851187476215
5990 3.13466257131e-13 0.857864863157
5995 3.272e-13 0.895450074257
6000 3.27639288001e-13 0.896652276193
6005 3.20619588737e-13 0.877441425864
6010 3.30656095565e-13 0.904908390364
6015 3.21405724335e-13 0.879592847564
6020 3.1313668937e-13 0.856962933219
6025 3.17154226629e-13 0.867957749957
6030 3.168e-13 0.866988335956
6035 3.1675535596e-13 0.86686615836
6040 3.17730812753e-13 0.869535696434
6045 3.27922103541e-13 0.897426259066
6050 3.25956635449e-13 0.892047351521
6055 3.15030645839e-13 0.862146134506
6060 3.15059971904e-13 0.862226391311
6065 3.201e-13 0.876019464455
6070 3.22280025454e-13 0.881985552336
6075 3.16034422536e-13 0.864893175818
6080 3.13164722169e-13 0.857039650735
6085 3.16240856792e-13 0.865458125603
6090 3.06415350605e-13 0.83856860774
6095 3.20516655736e-13 0.877159728543
6100 3.004e-13 0.822106364019
6105 3.2392495539e-13 0.886487241313
6110 3.10602716606e-13 0.850028195751
6115 3.1482411855e-13 0.861580930114
6120 3.05793873277e-13 0.836867807253
6125 3.18095503587e-13 0.870533747883
6130 3.1096848492e-13 0.851029195945
6135 2.997e-13 0.820190670094
6140 3.19187859045e-13 0.873523203191
6145 3.11082880961e-13 0.851342264232
6150 3.09772144766e-13 0.847755165139
6155 3.1133509113e-13 0.852032489216
6160 2.91443851468e-13 0.797596022123
6165 2.99113615814e-13 0.818585909206
6170 3.063e-13 0.838252927093
6175 3.08156881181e-13 0.84333466423
6180 3.13025754632e-13 0.856659337498
6185 3.11088451291e-13 0.851357508586
6190 3.0294152821e-13 0.829061778517
6195 3.12900077291e-13 0.856315395615
6200 3.10217079483e-13 0.848972820473
6205 3.108e-13 0.85056810232
6210 3.15121911506e-13 0.862395901768
6215 3.14582395584e-13 0.860919405519
6220 3.05318958867e-13 0.835568106325
6225 3.12533895942e-13 0.855313265064
6230 3.10624590249e-13 0.850088057472
6235 2.98881614569e-13 0.817950990098
6240 3.064e-13 0.838526597654
6245 3.00652647242e-13 0.822797785143
6250 3.09935279104e-13 0.848201615797
6255 2.93926290352e-13 0.804389726533
6260 3.03745424502e-13 0.831261806006
6265 2.79913407108e-13 0.766040590404
6270 2.98656029103e-13 0.817333629089
6275 3.003e-13 0.821832693458
6280 2.92888578021e-13 0.80154981338
6285 2.95122903282e-13 0.807664503847
6290 3.06146716147e-13 0.837833434313
6295 3.12863756307e-13 0.856215995774
6300 2.91915124334e-13 0.798885757219
6305 3.11074000795e-13 0.851317961832
6310 2.939e-13 0.80431777758
6315 2.99934257333e-13 0.82083176345
6320 2.97890659948e-13 0.815239039032
6325 3.06269921156e-13 0.838170610152
6330 3.07074504322e-13 0.840372517413
6335 3.03503665956e-13 0.830600184039
6340 3.05396808342e-13 0.835781157419
6345 3.031e-13 0.829495469154
6350 2.99420775731e-13 0.819426515471
6355 3.07313066856e-13 0.841025392837
6360 2.95943266033e-13 0.809909595186
6365 2.97455441137e-13 0.814047973272
6370 3.02424284368e-13 0.827646234395
6375 3.09327331602e-13 0.846537842459
6380 2.998e-13 0.820464340655
6385 3.02176112712e-13 0.826967061634
6390 2.94943372826e-13 0.807173181843
6395 2.91088868104e-13 0.79662453716
6400 2.9580287123e-13 0.809525375944
6405 2.98051809685e-13 0.815680058419
6410 2.96823181456e-13 0.812317664658
6415 3.074e-13 0.84126330326
6420 2.87861045279e-13 0.787790936341
6425 3.01295391301e-13 0.824556786411
6430 2.91821842527e-13 0.798630472375
6435 2.99247142124e-13 0.818951331405
6440 2.8978125432e-13 0.79304598319
6445 3.04174395997e-13 0.832435774703
6450 2.922e-13 0.79966537805
6455 2.95228138217e-13 0.807952500883
6460 2.93689883993e-13 0.803742751925
6465 3.03029240131e-13 0.829301820223
6470 3.04964786362e-13 0.834598840445
6475 2.96524618868e-13 0.81150058675
6480 2.93812750255e-13 0.804079000714
6485 3.054e-13 0.835789892048
6490 2.97634597775e-13 0.814538272247
6495 2.78033336866e-13 0.760895391635
6500 3.10103252955e-13 0.848661310775
6505 2.99650665886e-13 0.820055657148
6510 3.04734170484e-13 0.833967712678
6515 2.9346508683e-13 0.803127548269
6520 3.048e-13 0.834147868685
6525 3.0125617137e-13 0.824449453008
6530 3.00277894352e-13 0.821772196807
6535 2.95341648044e-13 0.808263143864
6540 2.90113593504e-13 0.793955497697
6545 2.91993564535e-13 0.799100424955
6550 2.87604032448e-13 0.787087567885
6555 2.769e-13 0.757793782279
6560 2.29151938688e-13 0.627121395215
6565 2.5383722523e-13 0.694677757278
6570 2.80143572265e-13 0.766670484679
6575 2.85723184631e-13 0.78194024112
6580 2.93680938933e-13 0.803718271929
6585 2.96689573229e-13 0.811952018273
6590 2.98e-13 0.815538270564
6595 2.94551542662e-13 0.806100858036
6600 3.08020933476e-13 0.842962615386
6605 2.79819224242e-13 0.765782839628
6610 2.97557543463e-13 0.81432739728
6615 2.88202946203e-13 0.788726618516
6620 2.97071932741e-13 0.812998423695
6625 2.941e-13 0.804865118701
6630 2.89419619304e-13 0.792056294612
6635 2.8479190362e-13 0.779391599156
6640 2.87686419309e-13 0.787313036471
6645 2.84109520212e-13 0.77752411666
6650 2.80359318419e-13 0.767260918388
6655 2.89013039779e-13 0.790943606148
6660 2.914e-13 0.797476013565
6665 2.78361292987e-13 0.761792910988
6670 2.88092070543e-13 0.788423184477
6675 2.72568260012e-13 0.745939085171
6680 2.80881743369e-13 0.768690641678
6685 2.8284984419e-13 0.774076754228
6690 2.84764950294e-13 0.779317835839
6695 2.792e-13 0.764088205173
6700 2.7902132347e-13 0.763599220112
6705 2.87993684688e-13 0.788153931355
6710 2.80594409557e-13 0.767904293624
6715 2.74172030941e-13 0.750328134064
6720 2.77465121256e-13 0.75934035279
6725 2.76351285426e-13 0.756292112028
6730 2.752e-13 0.753141382749
6735 2.81931362755e-13 0.771563140937
6740 2.82694574397e-13 0.773651826515
6745 2.77803934482e-13 0.760267584844
6750 2.76796794795e-13 0.757511340017
6755 2.83087219384e-13 0.774726380253
6760 2.73392551367e-13 0.748194927943
6765 2.748e-13 0.752046700507
6770 2.78895505852e-13 0.763254894332
6775 2.79161495391e-13 0.763982829394
6780 2.78774260258e-13 0.762923080835
6785 2.79667632018e-13 0.765367976337
6790 2.79811695108e-13 0.765762234603
6795 2.71101236637e-13 0.741924274076
6800 2.783e-13 0.761625170128
6805 2.78340027308e-13 0.761734713087
6810 2.79710944591e-13 0.765486510099
6815 2.80369500125e-13 0.767288782721
6820 2.81733036994e-13 0.771020381714
6825 2.78181070575e-13 0.761299695303
6830 2.7745956064e-13 0.759325135018
6835 2.785e-13 0.762172511249
6840 2.71016027071e-13 0.741691080578
6845 2.72335398695e-13 0.7453018123
6850 2.85209794875e-13 0.780535244497
6855 2.75687360622e-13 0.754475145295
6860 2.80413849e-13 0.767410152537
6865 2.65036289343e-13 0.725326298817
6870 2.072e-13 0.567045401547
6875 2.18626822685e-13 0.598317251248
6880 2.54418304265e-13 0.696267999531
6885 2.49965934988e-13 0.684083175572
6890 2.47030809796e-13 0.676050602003
6895 2.53101999579e-13 0.692665661117
6900 2.53583858861e-13 0.693984368117
6905 2.546e-13 0.696765247267
6910 2.60122732664e-13 0.711879340708
6915 2.57709669292e-13 0.705275496651
6920 2.65929685162e-13 0.727771260165
6925 2.58743490855e-13 0.708104761918
6930 2.63067874198e-13 0.719939326054
6935 2.66846144255e-13 0.730279338901
6940 2.606e-13 0.713185480903
6945 2.62514369494e-13 0.718424546629
6950 2.69063876024e-13 0.736348617865
6955 2.66584992912e-13 0.729564644557
6960 2.6247543673e-13 0.718317999114
6965 2.70957642515e-13 0.741531299237
6970 2.82017940111e-13 0.771800077672
6975 2.731e-13 0.747394300977
6980 2.75226469749e-13 0.753213822661
6985 2.80753382276e-13 0.768339355156
6990 2.63322028217e-13 0.720634870783
6995 2.61480196817e-13 0.715594320465
7000 2.62624425103e-13 0.718725736432
7005 2.60774187132e-13 0.713662179804
7010 2.682e-13 0.733984443508
7015 2.63778441159e-13 0.721883938641
7020 2.80829906922e-13 0.768548780583
7025 2.57710063224e-13 0.705276574726
7030 2.64967167743e-13 0.725137133348
7035 2.5803200924e-13 0.706157646194
7040 2.62564877152e-13 0.71856277122
7045 2.74e-13 0.749857336022
7050 2.63325507523e-13 0.72064439262
7055 2.61962926429e-13 0.716915409301
7060 2.57270806859e-13 0.70407445937
7065 2.60710124543e-13 0.713486859358
7070 2.64055804331e-13 0.722642999988
7075 2.61968377794e-13 0.716930328082
7080 2.6e-13 0.711543457539
7085 2.54515897062e-13 0.696535082284
7090 2.52903374913e-13 0.69212208388
7095 2.63615910686e-13 0.721439140583
7100 2.67910027402e-13 0.733190873873
7105 2.71496565893e-13 0.743006173867
7110 2.70720798998e-13 0.740883128256
7115 2.573e-13 0.704154352403
7120 2.68453209855e-13 0.734677404336
7125 2.6669591505e-13 0.729868205793
7130 2.63353323318e-13 0.720720516262
7135 2.72286240651e-13 0.745167281206
7140 2.72322176033e-13 0.745265625765
7145 2.6701509007e-13 0.730741693859
7150 2.646e-13 0.724132303327
7155 2.6831449487e-13 0.73429778226
7160 2.69612274414e-13 0.737849422813
7165 2.48263933664e-13 0.679425299005
7170 2.48227745413e-13 0.679326262418
7175 2.3346554168e-13 0.638926456704
7180 2.50651566488e-13 0.685959547141
7185 2.325e-13 0.636284053377
7190 2.24922658116e-13 0.615547099365
7195 2.23270303114e-13 0.611025090168
7200 2.35694208499e-13 0.645025661681
7205 2.38853168441e-13 0.653670805064
7210 2.57113621461e-13 0.703644289211
7215 2.71565891285e-13 0.743195897056
7220 2.723e-13 0.745204936492
7225 2.64741763263e-13 0.724520267643
7230 2.69226002108e-13 0.736792309229
7235 2.32457610683e-13 0.636168046295
7240 2.57343595713e-13 0.704273661037
7245 2.47149895685e-13 0.676376505024
7250 2.75070540613e-13 0.752787090519
7255 2.354e-13 0.644220499634
7260 2.43700758388e-13 0.666937231647
7265 2.53308821605e-13 0.693231672116
7270 2.52256275956e-13 0.690351164537
7275 2.38942285137e-13 0.653914691226
7280 2.3102558064e-13 0.632249001647
7285 2.52509226411e-13 0.691043415465
7290 2.319e-13 0.634642030013
7295 2.23780754983e-13 0.61242204666
7300 2.49242521188e-13 0.682103404968
7305 2.2443226117e-13 0.614205027293
7310 2.37394817945e-13 0.649679729088
7315 2.44706383975e-13 0.66968933283
7320 2.53717658729e-13 0.694350538965
7325 2.485e-13 0.680071343071
7330 2.38901105459e-13 0.653801994571
7335 2.34656110649e-13 0.642184693475
7340 2.52618315947e-13 0.691341961411
7345 2.52847342974e-13 0.691968740958
7350 2.43398495251e-13 0.666110026426
7355 2.33920347654e-13 0.640171126763
7360 2.421e-13 0.662556427193
7365 2.34728310451e-13 0.642382283079
7370 2.4164228015e-13 0.661303782715
7375 2.34593988011e-13 0.642014682104
7380 2.34204874867e-13 0.640949793983
7385 2.38385788275e-13 0.652391723144
7390 2.33883447262e-13 0.640070141255
7395 2.282e-13 0.624516219271
7400 2.29651539728e-13 0.628488656182
