Wave Flux FluxNorm
3600 5.51090302772e-13 0.404810159327
3605 4.4284581556e-13 0.325297840032
3610 4.58666644173e-13 0.336919224258
3615 4.718e-13 0.346566492297
3620 4.50774850207e-13 0.331122209945
3625 6.02820155907e-13 0.442808959133
3630 4.54213259e-13 0.33364793541
3635 5.14719352058e-13 0.378093430182
3640 5.54826311499e-13 0.407554490484
3645 4.55711924249e-13 0.3347487984
3650 5.449e-13 0.400262996296
3655 6.51459456087e-13 0.478537555256
3660 6.8161246446e-13 0.500686818385
3665 6.62899441958e-13 0.486940937569
3670 6.5956468325e-13 0.484491349548
3675 6.3463704719e-13 0.466180447916
3680 5.46926730795e-13 0.401751756327
3685 5.23e-13 0.384176081966
3690 6.29119671729e-13 0.462127591917
3695 6.39577308655e-13 0.469809377731
3700 6.55744124184e-13 0.481684910901
3705 4.65881263796e-13 0.342218811828
3710 6.18984684501e-13 0.454682812406
3715 6.69172282593e-13 0.491548729802
3720 4.117e-13 0.302419298174
3725 5.45547316019e-13 0.400738490239
3730 5.24263067329e-13 0.385103883605
3735 3.2977405366e-13 0.242239586748
3740 5.09666497625e-13 0.374381793818
3745 3.63714650629e-13 0.26717106966
3750 4.8346938412e-13 0.355138381915
3755 6.064e-13 0.445438577637
3760 5.069673389e-13 0.372399093582
3765 5.03292314852e-13 0.369699559471
3770 6.33270510557e-13 0.465176641625
3775 6.91736286398e-13 0.508123396294
3780 7.42164811218e-13 0.545166289381
3785 6.26325102148e-13 0.460074806462
3790 5.793e-13 0.425531939355
3795 5.32716992567e-13 0.391313818357
3800 6.19875641702e-13 0.455337275975
3805 6.66809721477e-13 0.489813281479
3810 6.74281668215e-13 0.495301891847
3815 4.59811328057e-13 0.337760065882
3820 4.54756238947e-13 0.334046788007
3825 3.775e-13 0.277297267576
3830 3.67190397357e-13 0.269724222165
3835 4.11071391795e-13 0.301957546287
3840 4.40531148522e-13 0.323597572893
3845 5.62421253741e-13 0.413133448712
3850 5.75352617599e-13 0.422632341067
3855 5.22295402496e-13 0.383658511204
3860 4.906e-13 0.360376263504
3865 5.81054031666e-13 0.426820384887
3870 4.86692389553e-13 0.357505880193
3875 5.57770773225e-13 0.409717381056
3880 5.48151878243e-13 0.402651703452
3885 5.11677970231e-13 0.375859345758
3890 6.40504007817e-13 0.470490095997
3895 6.482e-13 0.476143281702
3900 6.31246303995e-13 0.463689735802
3905 6.21952871994e-13 0.456863131033
3910 7.46875115221e-13 0.548626301116
3915 6.93611635548e-13 0.509500957076
3920 5.58810042629e-13 0.410480789178
3925 4.9667276312e-13 0.364837086337
3930 3.526e-13 0.25900666635
3935 3.70959827453e-13 0.272493103399
3940 5.04688620973e-13 0.370725233304
3945 6.1346915323e-13 0.45063131108
3950 7.13607763215e-13 0.52418935857
3955 7.00736105332e-13 0.514734323974
3960 5.26333645608e-13 0.386624852345
3965 4.033e-13 0.296248974869
3970 4.64873612236e-13 0.341478628983
3975 6.56257470095e-13 0.482061995452
3980 8.03524149659e-13 0.590238546044
3985 8.32076272399e-13 0.611211858942
3990 9.04325435113e-13 0.664283369949
3995 8.55194212046e-13 0.628193425819
4000 9.372e-13 0.688431785886
4005 8.82132927231e-13 0.647981590356
4010 9.94468659784e-13 0.730499184232
4015 9.65303910047e-13 0.709075858639
4020 9.90979936083e-13 0.727936499332
4025 1.02018433411e-12 0.749388949063
4030 8.33017694447e-13 0.611903392085
4035 9.981e-13 0.733166629847
4040 9.63324251856e-13 0.707621676368
4045 8.1767567215e-13 0.600633720928
4050 9.86299395536e-13 0.724498350711
4055 8.9312918277e-13 0.656059025097
4060 8.66227677832e-13 0.636298193804
4065 8.80797351732e-13 0.647000526949
4070 8.863e-13 0.651042564907
4075 8.46665460364e-13 0.621928526383
4080 9.78832594366e-13 0.719013520084
4085 1.02881633496e-12 0.755729691448
4090 1.05132848625e-12 0.772266269036
4095 9.61194783385e-13 0.706057449114
4100 8.77464770785e-13 0.644552538629
4105 9.664e-13 0.709881004993
4110 1.02024319318e-12 0.749432184722
4115 1.07419960571e-12 0.789066531109
4120 1.02855347078e-12 0.755536601329
4125 1.04078860751e-12 0.76452407149
4130 9.49705849374e-13 0.697618111343
4135 1.03310572496e-12 0.758880515622
4140 9.956e-13 0.731330224101
4145 1.00583858041e-12 0.738851099257
4150 1.01400631348e-12 0.74485080803
4155 9.5325581454e-13 0.700225781914
4160 1.05466597383e-12 0.774717861586
4165 1.06658054455e-12 0.783469856032
4170 9.79379877625e-13 0.719415533732
4175 9.502e-13 0.697981095762
4180 9.75236179536e-13 0.716371729341
4185 9.52107707382e-13 0.699382425681
4190 1.0143365981e-12 0.745093422659
4195 9.48353214093e-13 0.696624516462
4200 8.88284092767e-13 0.652500004649
4205 1.01745778599e-12 0.747386129612
4210 1.087e-12 0.798469218158
4215 9.81661696913e-13 0.721091672152
4220 1.03242314207e-12 0.758379115969
4225 7.25256017638e-13 0.532745727109
4230 9.60182298402e-13 0.705313715818
4235 9.03201802093e-13 0.663457991496
4240 9.98001677513e-13 0.733094405855
4245 1.003e-12 0.736765985108
4250 9.06501390205e-13 0.665881744522
4255 9.57661325521e-13 0.703461904184
4260 8.93029834663e-13 0.655986047724
4265 1.03408914161e-12 0.759602896422
4270 8.43271931691e-13 0.619435768162
4275 9.25763558917e-13 0.68003100744
4280 9.68e-13 0.711056304671
4285 9.07844281021e-13 0.666868181487
4290 8.40420111897e-13 0.61734092886
4295 8.72449086687e-13 0.640868206191
4300 6.99885766816e-13 0.514109697359
4305 7.02994037223e-13 0.516392915613
4310 7.44523842784e-13 0.54689914503
4315 1.079e-12 0.792592719772
4320 1.10181784674e-12 0.809353849712
4325 8.86737562356e-13 0.651363981716
4330 1.11919635631e-12 0.822119447642
4335 1.10394239626e-12 0.810914463695
4340 9.539878143e-13 0.70076348134
4345 1.10675118006e-12 0.812977690376
4350 1.063e-12 0.780839723001
4355 1.09275326422e-12 0.802695349143
4360 1.16439046118e-12 0.855317333185
4365 1.21574072449e-12 0.893037300615
4370 1.14830221891e-12 0.843499516964
4375 1.06931584147e-12 0.785479102028
4380 1.01804202061e-12 0.747815286338
4385 9.2e-13 0.675797314356
4390 1.06818136193e-12 0.784645756127
4395 1.14648445972e-12 0.842164259595
4400 1.09922594324e-12 0.80744993512
4405 9.82243129632e-13 0.721518770707
4410 1.19017591628e-12 0.87425835634
4415 1.10896434449e-12 0.814603397526
4420 1.251e-12 0.918937435065
4425 1.19560404624e-12 0.878245655956
4430 1.18998190118e-12 0.874115840162
4435 1.12286947294e-12 0.824817580639
4440 1.18496855933e-12 0.870433228254
4445 1.21341263479e-12 0.89132717369
4450 1.2088372086e-12 0.887966238116
4455 1.034e-12 0.759537416353
4460 1.06928894125e-12 0.78545934214
4465 1.19147318616e-12 0.875211281883
4470 1.22341910048e-12 0.898677546126
4475 1.31026318384e-12 0.962469935584
4480 1.21561409552e-12 0.892944283742
4485 1.32797272192e-12 0.975478694582
4490 1.243e-12 0.913060936679
4495 1.2477479094e-12 0.916548571921
4500 1.31911743102e-12 0.968973931742
4505 1.3901041337e-12 1.02111808721
4510 1.33510436512e-12 0.980717330796
4515 1.3039123762e-12 0.95780487173
4520 1.34419021281e-12 0.987391451959
4525 1.154e-12 0.847684892138
4530 1.16409431873e-12 0.8550997981
4535 1.24339364336e-12 0.913350092248
4540 1.28626625507e-12 0.94484269644
4545 1.22974287051e-12 0.903322749175
4550 1.24191131893e-12 0.912261232614
4555 1.3111801362e-12 0.963143494221
4560 1.361e-12 0.999739287868
4565 1.30811583749e-12 0.960892575916
4570 1.31975868557e-12 0.969444973157
4575 1.35106806348e-12 0.992443661749
4580 1.25065771083e-12 0.918686002343
4585 1.26506261981e-12 0.929267305395
4590 1.29674621755e-12 0.952540881764
4595 1.263e-12 0.927752182644
4600 1.27848571294e-12 0.939127403533
4605 1.3470392296e-12 0.989484232281
4610 1.37223319686e-12 1.00799077077
4615 1.35039924722e-12 0.991952374541
4620 1.38189293708e-12 1.01508645175
4625 1.33972711926e-12 0.984113031706
4630 1.364e-12 1.00194297476
4635 1.34026591235e-12 0.984508808793
4640 1.33195144319e-12 0.978401313218
4645 1.24117884189e-12 0.911723182591
4650 1.28423867478e-12 0.943353312401
4655 1.27587891493e-12 0.937212547991
4660 1.35065402483e-12 0.992139524569
4665 1.206e-12 0.885882131645
4670 1.28563092627e-12 0.944376007859
4675 1.3230957781e-12 0.971896275518
4680 1.28206833343e-12 0.941759061474
4685 1.34695963857e-12 0.989425767707
4690 1.25221154151e-12 0.919827387781
4695 1.31373782939e-12 0.965022279209
4700 1.211e-12 0.889554943136
4705 1.24065785965e-12 0.911340488684
4710 1.26477723913e-12 0.9290576755
4715 1.3172640545e-12 0.967612511231
4720 1.3912918353e-12 1.02199052802
4725 1.35350915332e-12 0.994236794316
4730 1.24197741693e-12 0.91230978571
4735 1.244e-12 0.913795498978
4740 1.33982873411e-12 0.984187674141
4745 1.37419449394e-12 1.00943146566
4750 1.38203681655e-12 1.01519214018
4755 1.28987057289e-12 0.94749029242
4760 1.35860037363e-12 0.997976612806
4765 1.2708506964e-12 0.933519008235
4770 1.319e-12 0.968887671344
4775 1.39187303211e-12 1.02241745329
4780 1.40686842571e-12 1.03343250407
4785 1.32759659367e-12 0.975202404946
4790 1.32015913887e-12 0.969739131053
4795 1.37407782005e-12 1.00934576142
4800 1.37891178257e-12 1.01289660804
4805 1.319e-12 0.968887671344
4810 1.35092021859e-12 0.99233506047
4815 1.41015609549e-12 1.03584750235
4820 1.35181445352e-12 0.992991931738
4825 1.33987354892e-12 0.984220593407
4830 1.33983414657e-12 0.984191649926
4835 1.36543386928e-12 1.00299624108
4840 1.296e-12 0.951992738485
4845 1.35720963089e-12 0.996955025626
4850 1.29297766819e-12 0.949772647485
4855 1.22363726165e-12 0.898837799094
4860 1.12091909141e-12 0.8233849039
4865 1.20277532152e-12 0.883513404413
4870 1.17653123469e-12 0.86423548767
4875 1.234e-12 0.906449875995
4880 1.29413601359e-12 0.950623524342
4885 1.2266562426e-12 0.901055428682
4890 1.18387869212e-12 0.869632652891
4895 1.35033366995e-12 0.99190420395
4900 1.34619330262e-12 0.98886284621
4905 1.35293823263e-12 0.993817417503
4910 1.282e-12 0.94170886631
4915 1.34312261077e-12 0.98660723175
4920 1.12206974324e-12 0.824230129353
4925 1.26262574728e-12 0.927477270705
4930 1.40610965855e-12 1.03287514232
4935 1.27455354931e-12 0.936238984374
4940 1.22592860084e-12 0.900520930476
4945 1.381e-12 1.01443053383
4950 1.40824188031e-12 1.03444139204
4955 1.35663536812e-12 0.996533193843
4960 1.23041204895e-12 0.903814302424
4965 1.34196009874e-12 0.985753294242
4970 1.2821601853e-12 0.941826532389
4975 1.37794757902e-12 1.01218834046
4980 1.278e-12 0.938770617117
4985 1.16682731222e-12 0.857107352084
4990 1.33132208562e-12 0.977939010873
4995 1.30303990719e-12 0.95716398889
5000 1.33265721709e-12 0.978919748119
5005 1.21212196068e-12 0.89037909315
5010 1.25294007767e-12 0.920362542975
5015 1.182e-12 0.868252636488
5020 1.21379376733e-12 0.891607139283
5025 1.23998759759e-12 0.910848139441
5030 1.28237759728e-12 0.941986235037
5035 1.307800721e-12 0.96066110322
5040 1.19892840672e-12 0.880687605837
5045 1.31045720252e-12 0.962612454391
5050 1.242e-12 0.912326374381
5055 1.28360439386e-12 0.942887393548
5060 1.36667440716e-12 1.00390749343
5065 1.31127873577e-12 0.963215921748
5070 1.29136520771e-12 0.948588194805
5075 1.25198917733e-12 0.919664047439
5080 1.18873013277e-12 0.873196338286
5085 1.245e-12 0.914530061276
5090 1.31469037622e-12 0.965721984196
5095 1.31767030976e-12 0.967910931028
5100 1.22945095417e-12 0.903108318439
5105 1.29678511343e-12 0.952569453212
5110 1.23434468264e-12 0.906703066869
5115 1.3048876841e-12 0.958521296141
5120 1.334e-12 0.979906105817
5125 1.21331296578e-12 0.891253960598
5130 1.2111019289e-12 0.889629816265
5135 1.24879915094e-12 0.917320774324
5140 1.18680783245e-12 0.87178428894
5145 1.2225554036e-12 0.898043106964
5150 1.24555836563e-12 0.914940215615
5155 1.222e-12 0.897635128417
5160 1.25274824514e-12 0.920221630031
5165 1.10673757797e-12 0.812967698796
5170 9.64789196788e-13 0.708697769684
5175 1.08405828954e-12 0.796308348559
5180 1.17944712287e-12 0.8663773892
5185 9.8169839799e-13 0.72111863138
5190 1.163e-12 0.854295952822
5195 1.17000504151e-12 0.859441592213
5200 1.26145478184e-12 0.926617123637
5205 1.12399172045e-12 0.825641941347
5210 1.18230465352e-12 0.868476423481
5215 1.26087279829e-12 0.926189620467
5220 1.30566137707e-12 0.959089621829
5225 1.189e-12 0.873394572576
5230 1.21077881014e-12 0.889392465407
5235 1.2401226323e-12 0.910947330851
5240 1.34341634546e-12 0.986822998181
5245 1.33409086086e-12 0.97997284878
5250 1.25691913135e-12 0.923285405792
5255 1.2972622494e-12 0.952919939308
5260 1.315e-12 0.965949422151
5265 1.04557449053e-12 0.768039600717
5270 1.05194667613e-12 0.772720368019
5275 1.19208818795e-12 0.875663039012
5280 1.27511857803e-12 0.93665403317
5285 1.25889458348e-12 0.924736498448
5290 1.38011442127e-12 1.01378002108
5295 1.315e-12 0.965949422151
5300 1.24163735467e-12 0.912059988791
5305 1.34663284004e-12 0.989185713828
5310 1.35889589862e-12 0.99819369432
5315 1.34204060241e-12 0.985812429203
5320 1.30217224148e-12 0.956526634373
5325 1.20425876676e-12 0.884603087351
5330 1.189e-12 0.873394572576
5335 1.32737323435e-12 0.975038333609
5340 1.24828794901e-12 0.916945264658
5345 1.29721412489e-12 0.952884588852
5350 1.29449310688e-12 0.950885831611
5355 1.36893011438e-12 1.00556445091
5360 1.38036230188e-12 1.01396210484
5365 1.267e-12 0.930690431836
5370 1.20536793907e-12 0.885417843514
5375 1.31675714121e-12 0.967240151836
5380 1.34930892893e-12 0.991151467832
5385 1.29041922601e-12 0.947893312318
5390 1.28076452843e-12 0.940801335472
5395 1.23433346766e-12 0.906694828763
5400 1.243e-12 0.913060936679
5405 1.17549549625e-12 0.863474673265
5410 1.2121507705e-12 0.890400255762
5415 1.30138496715e-12 0.955948332331
5420 1.35126282243e-12 0.992586724335
5425 1.28634716278e-12 0.944902128193
5430 1.26806269989e-12 0.931471051113
5435 1.261e-12 0.926283058047
5440 1.37835699155e-12 1.01248907947
5445 1.26264287403e-12 0.927489851372
5450 1.34234660581e-12 0.986037207762
5455 1.25356435959e-12 0.920821116936
5460 1.35047684612e-12 0.992009375772
5465 1.28947228366e-12 0.94719772417
5470 1.333e-12 0.979171543518
5475 1.27667642637e-12 0.937798369827
5480 1.26997441824e-12 0.932875327335
5485 1.33305976723e-12 0.979215446273
5490 1.30748627334e-12 0.960430121826
5495 1.33538975645e-12 0.980926968511
5500 1.31082188463e-12 0.962880336119
5505 1.309e-12 0.961542048361
5510 1.31209196047e-12 0.963813285952
5515 1.26661072285e-12 0.930404483521
5520 1.35859490576e-12 0.997972596313
5525 1.30713338305e-12 0.960170901923
5530 1.27387463757e-12 0.935740281407
5535 1.27785898957e-12 0.938667036174
5540 1.313e-12 0.964480297554
5545 1.30723979655e-12 0.960249069267
5550 1.36135492174e-12 1.0
5555 1.33189073127e-12 0.978356716529
5560 1.29582604331e-12 0.95186495646
5565 1.2851701437e-12 0.944037534351
5570 1.25587688188e-12 0.922519808624
5575 1.26e-12 0.925548495749
5580 1.31631095958e-12 0.966912403632
5585 1.26408271545e-12 0.928547504591
5590 1.17013874638e-12 0.859539806772
5595 1.25146650816e-12 0.919280114369
5600 1.24000911375e-12 0.910863944405
5605 1.25071245241e-12 0.918726213449
5610 1.343e-12 0.986517166501
5615 1.25480046467e-12 0.921729113129
5620 1.26178801187e-12 0.926861901855
5625 1.28137374326e-12 0.941248841716
5630 1.31913773327e-12 0.968988845007
5635 1.30171506708e-12 0.95619081129
5640 1.29175312405e-12 0.94887314353
5645 1.274e-12 0.935832367924
5650 1.30568527566e-12 0.959107176832
5655 1.25448562937e-12 0.921497846988
5660 1.20629807838e-12 0.886101088785
5665 1.25323390641e-12 0.920578378492
5670 1.28705136855e-12 0.945419411199
5675 1.32960440562e-12 0.976677267906
5680 1.303e-12 0.957134674572
5685 1.2631985025e-12 0.927897995094
5690 1.25817340689e-12 0.924206749316
5695 1.31391248765e-12 0.965150576583
5700 1.28543376083e-12 0.944231177553
5705 1.28570149996e-12 0.944427848624
5710 1.19235442198e-12 0.875858604491
5715 1.238e-12 0.909388125188
5720 1.27548531102e-12 0.936923421398
5725 1.34306696025e-12 0.986566352974
5730 1.30556823183e-12 0.959021200846
5735 1.31536052273e-12 0.966214248553
5740 1.31627695415e-12 0.966887424528
5745 1.30258122401e-12 0.956827057517
5750 1.312e-12 0.963745735256
5755 1.26247244785e-12 0.927364662727
5760 1.31125763396e-12 0.963200421154
5765 1.29005300747e-12 0.947624301983
5770 1.34299290441e-12 0.986511954345
5775 1.31032728706e-12 0.962517023396
5780 1.28670123197e-12 0.945162214073
5785 1.209e-12 0.88808581854
5790 1.26237883164e-12 0.927295895787
5795 1.29711245505e-12 0.95280990602
5800 1.300323113e-12 0.955168334303
5805 1.29288358786e-12 0.949703539623
5810 1.28918435267e-12 0.94698622092
5815 1.29076038382e-12 0.94814391398
5820 1.336e-12 0.981375230413
5825 1.33861748456e-12 0.983297935889
5830 1.36456629951e-12 1.00235895703
5835 1.3372612262e-12 0.982301679629
5840 1.33376700494e-12 0.979734956432
5845 1.32231980248e-12 0.971326273086
5850 1.31689077169e-12 0.967338311748
5855 1.236e-12 0.907919000592
5860 1.27499367681e-12 0.936562285448
5865 1.30066746352e-12 0.955421281212
5870 1.33795510478e-12 0.982811376676
5875 1.32090887191e-12 0.970289856681
5880 1.28960196219e-12 0.947292981129
5885 1.23668583769e-12 0.908422791103
5890 9.955e-13 0.731256767871
5895 1.06503527904e-12 0.78233476225
5900 1.26084266204e-12 0.926167483512
5905 1.29187749088e-12 0.948964498714
5910 1.29569016164e-12 0.95176514291
5915 1.27329561512e-12 0.935314953349
5920 1.28650928096e-12 0.945021214093
5925 1.277e-12 0.938036054819
5930 1.23349968121e-12 0.906082360678
5935 1.27951393283e-12 0.939882695099
5940 1.30468352086e-12 0.958371325523
5945 1.28211624642e-12 0.94179425655
5950 1.24233345906e-12 0.912571320835
5955 1.25446473812e-12 0.921482501064
5960 1.281e-12 0.940974304011
5965 1.2595399933e-12 0.925210592173
5970 1.3108387703e-12 0.962892739699
5975 1.26104842284e-12 0.926318627642
5980 1.26925692941e-12 0.932348287093
5985 1.2192984523e-12 0.895650673328
5990 1.25462280662e-12 0.921598612218
5995 1.262e-12 0.927017620345
6000 1.29187763276e-12 0.948964602934
6005 1.27686367792e-12 0.93793591776
6010 1.24035875712e-12 0.911120779238
6015 1.21217502754e-12 0.890418074064
6020 1.19497625074e-12 0.877784501053
6025 1.22697652754e-12 0.901290697924
6030 1.234e-12 0.906449875995
6035 1.25727083381e-12 0.923543753162
6040 1.23052781497e-12 0.90389933978
6045 1.26263860099e-12 0.927486712553
6050 1.26831229046e-12 0.931654390931
6055 1.23301580733e-12 0.905726925165
6060 1.25715322709e-12 0.923457363697
6065 1.236e-12 0.907919000592
6070 1.27969328782e-12 0.940014442509
6075 1.22187481556e-12 0.897543172645
6080 1.22573239999e-12 0.900376808733
6085 1.2257622357e-12 0.900398724917
6090 1.2080309623e-12 0.88737399998
6095 1.19014256519e-12 0.874233857888
6100 1.131e-12 0.830789959279
6105 1.199586874e-12 0.881171291071
6110 1.23411655084e-12 0.906535489847
6115 1.21919908814e-12 0.895577684165
6120 1.16060442564e-12 0.852536254212
6125 1.20798866842e-12 0.887342932489
6130 1.21166360223e-12 0.890042400312
6135 1.119e-12 0.821975211701
6140 1.17413833197e-12 0.862477751553
6145 1.20703136555e-12 0.886639733895
6150 1.21180013041e-12 0.890142688771
6155 1.19008404416e-12 0.874190870546
6160 1.11135563059e-12 0.816359946139
6165 1.14364304551e-12 0.840077063843
6170 1.117e-12 0.820506087104
6175 1.18230436146e-12 0.868476208945
6180 1.23696764614e-12 0.908629796961
6185 1.19239455437e-12 0.875888084235
6190 1.16703296728e-12 0.857258418536
6195 1.2634848496e-12 0.928108334877
6200 1.22787959115e-12 0.901954054404
6205 1.255e-12 0.921875684258
6210 1.23866952415e-12 0.90987993239
6215 1.16913295383e-12 0.85880098948
6220 1.1685799131e-12 0.858394746615
6225 1.19301972941e-12 0.876347314252
6230 1.11775198727e-12 0.821058468604
6235 1.18353507583e-12 0.869380245316
6240 1.163e-12 0.854295952822
6245 1.14042108366e-12 0.837710332142
6250 1.20429914357e-12 0.884632746638
6255 1.12444547799e-12 0.825975254529
6260 1.16110725915e-12 0.852905616752
6265 1.09423500879e-12 0.803783782844
6270 1.19897444987e-12 0.880721427394
6275 1.181e-12 0.86751807419
6280 1.13541098182e-12 0.834030100223
6285 1.17251346551e-12 0.861284185911
6290 1.2184313488e-12 0.895013731787
6295 1.20219985891e-12 0.883090691276
6300 1.13858121454e-12 0.836358833652
6305 1.18936812605e-12 0.873664984091
6310 1.18e-12 0.866783511892
6315 1.13174495985e-12 0.831337178696
6320 1.13853804325e-12 0.836327121655
6325 1.19350200746e-12 0.876701577523
6330 1.1780756657e-12 0.865369968463
6335 1.12211155876e-12 0.824260845458
6340 1.16824818988e-12 0.858151075245
6345 1.172e-12 0.860907013506
6350 1.18327917195e-12 0.869192267979
6355 1.15773540263e-12 0.850428778077
6360 1.13457220246e-12 0.833413964532
6365 1.15599976451e-12 0.84915384375
6370 1.18926277227e-12 0.873587595177
6375 1.17771249794e-12 0.865103199124
6380 1.149e-12 0.844012080647
6385 1.19180008914e-12 0.875451412489
6390 1.19740591793e-12 0.879569242972
6395 1.14150834994e-12 0.83850899696
6400 1.12234220978e-12 0.824430272998
6405 1.1583565961e-12 0.850885083383
6410 1.12744695479e-12 0.828180026223
6415 1.137e-12 0.835197333069
6420 1.10539373509e-12 0.81198056248
6425 1.16992047641e-12 0.859379473875
6430 1.13122041256e-12 0.830951866038
6435 1.17882102541e-12 0.86591748161
6440 1.13486374232e-12 0.833628118716
6445 1.16321869543e-12 0.854456598241
6450 1.137e-12 0.835197333069
6455 1.15862149423e-12 0.851079667559
6460 1.1321849563e-12 0.831660383505
6465 1.14852487222e-12 0.84366306969
6470 1.13463009787e-12 0.833456492311
6475 1.14644474315e-12 0.842135085302
6480 1.16053962428e-12 0.852488653582
6485 1.167e-12 0.857234202015
6490 1.14025344948e-12 0.837587194398
6495 1.04333083471e-12 0.76639149574
6500 1.13002969478e-12 0.83007720965
6505 1.21648790358e-12 0.893586150206
6510 1.21404004837e-12 0.891788048055
6515 1.17742807567e-12 0.864894273245
6520 1.217e-12 0.893962316926
6525 1.2108348467e-12 0.889433627752
6530 1.20510705003e-12 0.885226204264
6535 1.21003082758e-12 0.888843025617
6540 1.20543591982e-12 0.885467779613
6545 1.17134558361e-12 0.860426303902
6550 1.15961143416e-12 0.851806840109
6555 1.129e-12 0.829320834683
6560 1.08420104704e-12 0.796413212841
6565 1.09908609941e-12 0.807347211116
6570 1.12918816529e-12 0.82945905381
6575 1.13961105932e-12 0.837115318801
6580 1.16431960247e-12 0.855265283044
6585 1.17524164504e-12 0.863288203738
6590 1.124e-12 0.825648023192
6595 1.14261919269e-12 0.839324980163
6600 1.19405876557e-12 0.87711055104
6605 1.18223552213e-12 0.868425642164
6610 1.19019461225e-12 0.874272089696
6615 1.18715600044e-12 0.872040040024
6620 1.19121926529e-12 0.87502476119
6625 1.188e-12 0.872660010278
6630 1.15971663761e-12 0.851884118597
6635 1.13211561511e-12 0.83160944808
6640 1.14492491759e-12 0.841018678746
6645 1.14276582525e-12 0.839432690918
6650 1.17384664916e-12 0.86226349236
6655 1.14911505915e-12 0.844096598761
6660 1.139e-12 0.836666457665
6665 1.13347481219e-12 0.832607863011
6670 1.1382422987e-12 0.836109878858
6675 1.11899514994e-12 0.821971649033
6680 1.13216539218e-12 0.83164601244
6685 1.16146232502e-12 0.853166434753
6690 1.13398686088e-12 0.832983994673
6695 1.119e-12 0.821975211701
6700 1.14142240589e-12 0.838445865706
6705 1.08548804194e-12 0.797358590772
6710 1.09652706557e-12 0.805467441336
6715 1.08308318696e-12 0.795592074972
6720 1.1056672725e-12 0.812181492748
6725 1.11676808773e-12 0.820335733097
6730 1.077e-12 0.791123595176
6735 1.12518644599e-12 0.826519541682
6740 1.13243806053e-12 0.831846304325
6745 1.13358903558e-12 0.832691767209
6750 1.09673488426e-12 0.805620097109
6755 1.12146427858e-12 0.82378537784
6760 1.1058330302e-12 0.812303252107
6765 1.138e-12 0.835931895367
6770 1.10643343452e-12 0.812744286482
6775 1.12701555905e-12 0.827863139176
6780 1.12197134452e-12 0.824157849361
6785 1.1018236743e-12 0.80935813042
6790 1.12105584341e-12 0.823485356763
6795 1.08891922653e-12 0.799879009608
6800 1.088e-12 0.799203780456
6805 1.09748984957e-12 0.806174666166
6810 1.08629395758e-12 0.797950586013
6815 1.09138418182e-12 0.801689672829
6820 1.07919099029e-12 0.792733014037
6825 1.09968223577e-12 0.807785110411
6830 1.07396213103e-12 0.788892091166
6835 1.076e-12 0.790389032878
6840 1.05628357786e-12 0.775906092517
6845 1.04139254712e-12 0.764967702752
6850 1.07476258529e-12 0.789480074687
6855 1.0390347396e-12 0.763235746242
6860 1.05907512397e-12 0.777956657044
6865 1.00764837514e-12 0.74018050623
6870 7.532e-13 0.553272323014
6875 8.39787208146e-13 0.616876021626
6880 9.7332530469e-13 0.714968072722
6885 9.81617836185e-13 0.721059453715
6890 9.42204858532e-13 0.692108166271
6895 9.50586618759e-13 0.698265091327
6900 9.77614277165e-13 0.7181185902
6905 9.91e-13 0.72795123753
6910 1.00516177283e-12 0.738353941929
6915 1.00912196985e-12 0.741262953353
6920 1.03125354228e-12 0.757519972054
6925 1.01701371586e-12 0.747059932437
6930 1.04632584585e-12 0.768591518004
6935 1.03970344105e-12 0.763726949115
6940 1.039e-12 0.763210227844
6945 1.04401511347e-12 0.766894141117
6950 1.06856438962e-12 0.78492711383
6955 1.07483778962e-12 0.789535316953
6960 1.05896819284e-12 0.77787810947
6965 1.10375950954e-12 0.810780122
6970 1.0909038878e-12 0.801336866951
6975 1.061e-12 0.779370598404
6980 1.02775171567e-12 0.754947662253
6985 1.11166538466e-12 0.8165874798
6990 1.05554445859e-12 0.775363163368
6995 1.06114252647e-12 0.779475292974
7000 1.03828268265e-12 0.762683313563
7005 1.03165303321e-12 0.757813423037
7010 1.073e-12 0.788185345983
7015 1.03087257245e-12 0.757240125987
7020 1.07237612358e-12 0.787727069888
7025 1.04840375732e-12 0.770117873434
7030 1.063176703e-12 0.780969522362
7035 1.04215310107e-12 0.765526377012
7040 1.05648972741e-12 0.776057522204
7045 1.072e-12 0.787450783685
7050 1.06293032445e-12 0.780788541972
7055 1.03482063686e-12 0.760140225251
7060 1.04518293009e-12 0.767751975177
7065 1.07178738672e-12 0.787294605984
7070 1.05670923476e-12 0.776218764026
7075 1.07122697075e-12 0.786882945544
7080 1.061e-12 0.779370598404
7085 1.03757281204e-12 0.762161869376
7090 1.03002534717e-12 0.756617786236
7095 1.05004871254e-12 0.771326195517
7100 1.06782802419e-12 0.784386207545
7105 1.0713018749e-12 0.786937967306
7110 1.05834809185e-12 0.77742260666
7115 1.063e-12 0.780839723001
7120 1.0350629712e-12 0.760318234923
7125 1.06292676487e-12 0.780785927238
7130 1.04153758515e-12 0.765074242221
7135 1.04587116911e-12 0.76825752962
7140 1.04972836846e-12 0.771090882835
7145 1.0303263665e-12 0.756838903688
7150 1.049e-12 0.770555850826
7155 1.05181049643e-12 0.772620335546
7160 1.03594803355e-12 0.760968368352
7165 1.01325686138e-12 0.744300288775
7170 1.02114668353e-12 0.750095854668
7175 9.7634311663e-13 0.717184843596
7180 9.96008081545e-13 0.731629985419
7185 8.895e-13 0.653393164261
7190 9.66500268152e-13 0.709954658198
7195 1.00187893785e-12 0.735942495116
7200 9.49982564204e-13 0.697821375624
7205 9.4869141587e-13 0.696872946737
7210 1.02830722007e-12 0.755355714841
7215 1.06024886503e-12 0.778818842974
7220 1.043e-12 0.766148477037
7225 1.04648582285e-12 0.76870903108
7230 1.03167991351e-12 0.757833168288
7235 1.00121811207e-12 0.735457077417
7240 1.00146797878e-12 0.735640620081
7245 1.01816712888e-12 0.747907186156
7250 1.00797179484e-12 0.740418078151
7255 1.01e-12 0.741907921196
7260 1.02491861165e-12 0.752866570852
7265 1.01727686618e-12 0.747253232741
7270 1.01434715317e-12 0.745101176017
7275 9.78927000031e-13 0.719082866926
7280 1.00448450598e-12 0.737856447232
7285 9.84399682528e-13 0.723102893158
7290 9.231e-13 0.678074457481
7295 1.01452280272e-12 0.745230201555
7300 9.76648291294e-13 0.717409013399
7305 9.85896054823e-13 0.72420207183
7310 9.9351181473e-13 0.72979632193
7315 1.00432935713e-12 0.73774248074
7320 9.88621556115e-13 0.726204122323
7325 9.464e-13 0.695189759029
7330 1.00057373416e-12 0.734983741696
7335 1.03581095032e-12 0.760867672184
7340 1.02621694934e-12 0.753820280773
7345 1.01252714499e-12 0.743764266624
7350 9.94414014027e-13 0.730459043519
7355 9.78827443312e-13 0.719009736314
7360 1.008e-12 0.740438796599
7365 9.7328945864e-13 0.714941741566
7370 9.82736071482e-13 0.721880867205
7375 9.96135329e-13 0.731723456602
7380 1.00143512628e-12 0.735616487872
7385 1.00785027202e-12 0.740328812073
7390 9.26274136078e-13 0.680406058173
7395 9.761e-13 0.717006259286
7400 9.61028485047e-13 0.705935292624
