Wave Flux FluxNorm
3600 7.31950837016e-12 1.51129204134
3605 7.00802923012e-12 1.44697953269
3610 7.56894019664e-12 1.56279336017
3615 7.603e-12 1.56982584202
3620 7.31079045684e-12 1.5094920143
3625 7.17090850877e-12 1.48060995499
3630 6.87746522993e-12 1.42002139228
3635 6.76743932653e-12 1.39730384573
3640 7.003863591e-12 1.44611943432
3645 6.69363296184e-12 1.38206471136
3650 6.719e-12 1.38730235861
3655 7.08447817678e-12 1.46276429293
3660 7.27482067903e-12 1.50206517138
3665 7.27568926826e-12 1.50224451293
3670 7.07639460604e-12 1.46109524147
3675 7.13294908676e-12 1.47277230122
3680 6.94300727102e-12 1.43355415433
3685 7.076e-12 1.46101376537
3690 7.38334742938e-12 1.52447318101
3695 7.07896468099e-12 1.46162589648
3700 7.02721722695e-12 1.45094136529
3705 6.70668688184e-12 1.38476001334
3710 6.89341685358e-12 1.42331499626
3715 7.78169970819e-12 1.60672278005
3720 6.857e-12 1.41579584358
3725 7.29563417816e-12 1.5063626288
3730 8.5649025947e-12 1.76843422695
3735 6.52442952928e-12 1.34712851236
3740 9.46251378641e-12 1.95376807475
3745 9.31995206563e-12 1.92433271064
3750 6.80158714836e-12 1.40435450115
3755 9.307e-12 1.92165843899
3760 1.11616904241e-11 2.30460477028
3765 1.02362105319e-11 2.11351674566
3770 6.66497801463e-12 1.37614819464
3775 8.99744321066e-12 1.8577428468
3780 1.26892093291e-11 2.61999851632
3785 1.33367519478e-11 2.75369957336
3790 1.211e-11 2.50040654305
3795 8.33540126627e-12 1.72104804832
3800 7.3797314755e-12 1.52372657864
3805 1.15971344746e-11 2.39451287539
3810 1.35120256325e-11 2.78988912481
3815 1.44987634418e-11 2.99362534897
3820 1.37133232558e-11 2.83145195671
3825 1.309e-11 2.70275158122
3830 1.02038376109e-11 2.10683256205
3835 6.41324053511e-12 1.32417081719
3840 9.31033769321e-12 1.92234758762
3845 1.24349466053e-11 2.56749974024
3850 1.36977787415e-11 2.82824241045
3855 1.44731024857e-11 2.98832701515
3860 1.415e-11 2.92161458168
3865 1.41931156274e-11 2.93051686054
3870 1.44146743923e-11 2.97626310211
3875 1.37575499092e-11 2.84058363412
3880 1.24002316782e-11 2.56033199204
3885 8.89728857316e-12 1.83706346521
3890 5.99622098481e-12 1.23806690207
3895 1.001e-11 2.0668100327
3900 1.24522553016e-11 2.57107354517
3905 1.39524410592e-11 2.88082369249
3910 1.43938363216e-11 2.97196057129
3915 1.47368335853e-11 3.04278076967
3920 1.42841735901e-11 2.94931801046
3925 1.43199946072e-11 2.9567141381
3930 1.433e-11 2.95877999686
3935 1.36068369048e-11 2.80946523757
3940 1.43588093839e-11 2.96472840083
3945 1.38877162402e-11 2.86745966599
3950 1.39126629053e-11 2.87261051691
3955 1.30088490537e-11 2.68599597782
3960 1.20863729037e-11 2.49552814949
3965 8.836e-12 1.82440893596
3970 6.16570557011e-12 1.27306115194
3975 9.14588690416e-12 1.88839268845
3980 1.17539642836e-11 2.42689423629
3985 1.27267207274e-11 2.6277436646
3990 1.33447082876e-11 2.75534235487
3995 1.3305367157e-11 2.74721941347
4000 1.336e-11 2.75849970398
4005 1.31591327996e-11 2.71702574344
4010 1.29019676287e-11 2.66392768598
4015 1.31747384681e-11 2.7202479165
4020 1.30161481912e-11 2.68750306379
4025 1.2062721664e-11 2.49064477091
4030 1.28468957638e-11 2.65255674861
4035 1.278e-11 2.63874447731
4040 1.29346321306e-11 2.6706720736
4045 1.29004131507e-11 2.66360672586
4050 1.29764153796e-11 2.67929925026
4055 1.2799458773e-11 2.6427622183
4060 1.26144232442e-11 2.60455709469
4065 1.25616611438e-11 2.59366306487
4070 1.216e-11 2.51073026949
4075 1.19823327452e-11 2.47404650678
4080 1.16357741093e-11 2.40249097576
4085 1.14458258817e-11 2.36327150497
4090 1.07693396773e-11 2.22359433472
4095 8.55359175434e-12 1.76609882652
4100 5.61921373451e-12 1.16022450773
4105 6.756e-12 1.39494191617
4110 9.60608453687e-12 1.9834117778
4115 1.09239797048e-11 2.25552356152
4120 1.15525005309e-11 2.38529710291
4125 1.14434534696e-11 2.3627816623
4130 1.11665113587e-11 2.30560017047
4135 1.1644416486e-11 2.40427540641
4140 1.169e-11 2.41368724098
4145 1.15894388518e-11 2.39292392529
4150 1.20379803326e-11 2.48553631617
4155 1.16433409299e-11 2.40405333146
4160 1.15881176301e-11 2.39265112667
4165 1.18631722704e-11 2.4494429039
4170 1.16002314725e-11 2.39515232658
4175 1.127e-11 2.32696793891
4180 1.1489279351e-11 2.37224353957
4185 1.13306553132e-11 2.33949171611
4190 1.12747625761e-11 2.32795128957
4195 1.1461054392e-11 2.36641580447
4200 1.13131496181e-11 2.33587723596
4205 1.14396351873e-11 2.36199328427
4210 1.133e-11 2.33935641063
4215 1.1226665103e-11 2.31802038647
4220 1.10269874708e-11 2.27679204146
4225 1.09089562158e-11 2.25242159372
4230 1.10176890969e-11 2.2748721641
4235 1.09406351293e-11 2.25896248245
4240 1.09473283423e-11 2.26034446046
4245 1.095e-11 2.26089608971
4250 1.06253672003e-11 2.19386768539
4255 1.05929392808e-11 2.18717214599
4260 1.05571177925e-11 2.17977592106
4265 1.06378672219e-11 2.19644862144
4270 1.02869254123e-11 2.1239880767
4275 1.06120146204e-11 2.19111071774
4280 1.064e-11 2.1968889858
4285 1.04671750991e-11 2.16120504584
4290 1.08448063589e-11 2.23917628224
4295 1.05586099591e-11 2.18008401546
4300 1.03857287859e-11 2.14438845671
4305 1.05578985316e-11 2.17993712381
4310 1.04034660774e-11 2.14805075559
4315 1.006e-11 2.07713375913
4320 9.79911744198e-12 2.02326815591
4325 9.32190622118e-12 1.92473619399
4330 8.73264600235e-12 1.803068968
4335 7.04213743832e-12 1.45402200891
4340 4.89452842943e-12 1.01059545088
4345 6.26601018365e-12 1.29377149975
4350 8.164e-12 1.68565805264
4355 9.20964638125e-12 1.90155739644
4360 9.6843033513e-12 1.99956197064
4365 9.79273972816e-12 2.02195132046
4370 1.02329995276e-11 2.11285375506
4375 1.01562890158e-11 2.09701498829
4380 9.97486369654e-12 2.059555281
4385 9.402e-12 1.94127351922
4390 9.66175531507e-12 1.99490637549
4395 9.63953491634e-12 1.99031842913
4400 9.89247103041e-12 2.04254329409
4405 9.8087864108e-12 2.02526455169
4410 9.58414586269e-12 1.97888200038
4415 9.69793770474e-12 2.00237711734
4420 9.625e-12 1.98731733913
4425 9.40578364293e-12 1.94205474511
4430 9.55904961555e-12 1.97370026458
4435 9.25999052435e-12 1.91195217966
4440 9.46986279519e-12 1.95528545788
4445 9.40784078667e-12 1.9424794929
4450 9.38370090755e-12 1.93749522273
4455 9.327e-12 1.92578792957
4460 9.50980823502e-12 1.96353317374
4465 9.2087355578e-12 1.9013693346
4470 8.87764282717e-12 1.83300711907
4475 9.11157087554e-12 1.88130730262
4480 8.90480499155e-12 1.83861541416
4485 9.19473985985e-12 1.89847957946
4490 9.338e-12 1.92805914938
4495 9.35554348897e-12 1.931681433
4500 8.91049403351e-12 1.83979005642
4505 9.10643105383e-12 1.88024606035
4510 9.1767181315e-12 1.89475855159
4515 9.16170247721e-12 1.89165820145
4520 9.06148180864e-12 1.87096518613
4525 9.134e-12 1.88593834552
4530 9.14565146535e-12 1.88834407634
4535 8.95182687066e-12 1.84832423449
4540 8.90960338182e-12 1.83960615953
4545 8.93588250954e-12 1.84503213004
4550 8.93851549286e-12 1.84557577403
4555 8.75143971185e-12 1.80694939031
4560 8.92e-12 1.84175279637
4565 8.76931887603e-12 1.81064098231
4570 8.83264927107e-12 1.82371709578
4575 8.82822256222e-12 1.82280309316
4580 8.78656204454e-12 1.8142012574
4585 8.73514471317e-12 1.80358488813
4590 8.48311174525e-12 1.75154649986
4595 8.57e-12 1.76948671131
4600 8.66569510736e-12 1.7892453135
4605 8.74106220878e-12 1.80480670025
4610 8.56119436442e-12 1.76766857185
4615 8.2046831503e-12 1.69405808693
4620 8.54434843934e-12 1.76419031741
4625 8.51614133922e-12 1.75836626971
4630 8.575e-12 1.77051908395
4635 8.34891455266e-12 1.72383819776
4640 8.45801294667e-12 1.74636423725
4645 8.33460360859e-12 1.72088335233
4650 8.33622845011e-12 1.72121884071
4655 8.23912793627e-12 1.70117005788
4660 8.28227835358e-12 1.71007951996
4665 8.171e-12 1.68710337434
4670 8.27226693848e-12 1.70801241774
4675 8.26488896362e-12 1.70648905386
4680 8.147784532e-12 1.68230997153
4685 8.19254980024e-12 1.69155285919
4690 8.30910123795e-12 1.71561776237
4695 8.07433118727e-12 1.66714372679
4700 8.04e-12 1.66005521108
4705 7.92316652894e-12 1.6359320752
4710 7.86693499937e-12 1.62432169663
4715 7.87102560472e-12 1.62516630244
4720 7.78065074561e-12 1.606506196
4725 7.79770972646e-12 1.61002844103
4730 7.73812459894e-12 1.5977256299
4735 7.747e-12 1.59955817416
4740 7.82126308483e-12 1.6148916096
4745 7.80057243719e-12 1.61061951788
4750 7.89089740354e-12 1.62926932274
4755 7.84132307106e-12 1.6190334858
4760 7.7353299679e-12 1.59714860978
4765 7.59566613765e-12 1.56831158624
4770 7.446e-12 1.53740934101
4775 7.45087958876e-12 1.53841685179
4780 7.37222773504e-12 1.52217724736
4785 7.43931200604e-12 1.5360284406
4790 7.30900681396e-12 1.50912373748
4795 7.3798641027e-12 1.52375396278
4800 7.40388098626e-12 1.52871283749
4805 7.578e-12 1.5646639788
4810 7.51898680618e-12 1.55247925742
4815 7.5140080731e-12 1.55145127585
4820 7.12836545083e-12 1.47182589715
4825 7.38165882221e-12 1.52412452664
4830 7.08579316392e-12 1.46303580428
4835 7.2165690619e-12 1.49003769618
4840 7.043e-12 1.45420010592
4845 6.75101649576e-12 1.39391294949
4850 6.11009335632e-12 1.26157864631
4855 5.03537666576e-12 1.0396770241
4860 3.79690691056e-12 0.783964565031
4865 4.51729414167e-12 0.932706179085
4870 5.71817685029e-12 1.18065787042
4875 6.407e-12 1.32288230564
4880 6.77436718671e-12 1.39873427239
4885 7.06208362542e-12 1.45814038849
4890 7.19518185081e-12 1.48562178185
4895 7.04012209206e-12 1.45360589124
4900 7.33806367429e-12 1.51512323902
4905 7.18183038571e-12 1.48286504439
4910 6.888e-12 1.42219655397
4915 7.01855578939e-12 1.44915299906
4920 7.13107101547e-12 1.47238452734
4925 6.8989817393e-12 1.42446400341
4930 7.07246868365e-12 1.46028463849
4935 7.07960762967e-12 1.46175864901
4940 7.34461343366e-12 1.5164755975
4945 7.067e-12 1.45915549461
4950 6.96059513912e-12 1.43718560111
4955 7.07370525234e-12 1.46053995843
4960 6.97596331295e-12 1.44035873755
4965 6.95792501421e-12 1.43663428832
4970 6.99896761409e-12 1.44510853979
4975 6.87709526568e-12 1.41994500409
4980 6.931e-12 1.4310749587
4985 6.95857064364e-12 1.43676759436
4990 6.73436502613e-12 1.39047484514
4995 7.02743861125e-12 1.45098707551
5000 6.50846154261e-12 1.34383152984
5005 5.9561519773e-12 1.22979367262
5010 6.79520884145e-12 1.40303754323
5015 6.44e-12 1.32969596509
5020 6.33186140649e-12 1.30736809996
5025 6.70898980973e-12 1.38523550929
5030 6.74449899518e-12 1.39256725162
5035 6.6683710224e-12 1.37684876432
5040 6.50475210358e-12 1.34306562516
5045 6.33055544437e-12 1.30709845204
5050 6.107e-12 1.26093994702
5055 6.26114741109e-12 1.29276746108
5060 6.21938853185e-12 1.28414531617
5065 6.41540306069e-12 1.32461732364
5070 6.19269387777e-12 1.27863355005
5075 6.3727100407e-12 1.31580230246
5080 6.2618508981e-12 1.29291271323
5085 6.312e-12 1.30326722541
5090 6.45150485064e-12 1.33207142371
5095 6.56638400228e-12 1.3557910424
5100 6.22816721055e-12 1.28595788972
5105 6.38443910192e-12 1.31822405484
5110 6.25596837207e-12 1.29169812144
5115 6.2476919013e-12 1.28998924104
5120 6.208e-12 1.28179387442
5125 6.50004483254e-12 1.34209369359
5130 6.27810882107e-12 1.29626956021
5135 6.24271777458e-12 1.28896221057
5140 6.27763381756e-12 1.29617148409
5145 6.0538605688e-12 1.24996800801
5150 6.11641185131e-12 1.26288325459
5155 5.941e-12 1.22666517525
5160 5.97048284925e-12 1.23275263265
5165 6.05105791418e-12 1.24938933121
5170 5.88365889873e-12 1.21482569839
5175 5.97121397434e-12 1.23290359136
5180 6.08054178485e-12 1.25547699952
5185 6.07383188271e-12 1.25409157563
5190 5.929e-12 1.22418748091
5195 5.84830302024e-12 1.20752561004
5200 5.85738646478e-12 1.20940110997
5205 5.99666371883e-12 1.23815831536
5210 5.88241606916e-12 1.21456908574
5215 5.86601392157e-12 1.21118246004
5220 5.84040904522e-12 1.20589570527
5225 5.674e-12 1.17153647608
5230 5.58725229789e-12 1.15362528516
5235 5.7826058266e-12 1.19396081294
5240 5.70611928967e-12 1.17816829127
5245 5.68022652475e-12 1.17282209484
5250 5.65713329163e-12 1.16805393042
5255 5.65642472438e-12 1.16790762933
5260 5.712e-12 1.17938250817
5265 5.61698507873e-12 1.15976434708
5270 5.60789632206e-12 1.15788775033
5275 5.63556637785e-12 1.16360091205
5280 5.67982304027e-12 1.17273878557
5285 5.48133296612e-12 1.13175564105
5290 5.50835715219e-12 1.13733544713
5295 5.507e-12 1.13705522978
5300 5.44377172622e-12 1.12400020175
5305 5.4930942073e-12 1.13418403778
5310 5.38264497376e-12 1.11137908434
5315 5.46771700757e-12 1.12894429243
5320 5.45453218015e-12 1.1262219614
5325 5.44112060969e-12 1.12345281371
5330 5.313e-12 1.0969991712
5335 5.45661593453e-12 1.1266522036
5340 5.48215030747e-12 1.13192440122
5345 5.34997553592e-12 1.10463367756
5350 5.34679281424e-12 1.10397652659
5355 5.33608664703e-12 1.10176597577
5360 5.44374510802e-12 1.12399470576
5365 5.263e-12 1.08667544476
5370 5.24751195137e-12 1.08347755722
5375 5.24075423266e-12 1.08208226044
5380 5.22992120597e-12 1.07984551636
5385 5.26290538155e-12 1.08665590846
5390 5.28379123912e-12 1.09096830606
5395 5.24537968952e-12 1.08303729946
5400 5.245e-12 1.08295890325
5405 5.16682663356e-12 1.06681809425
5410 4.99629346397e-12 1.03160733842
5415 5.17593106313e-12 1.06869792706
5420 5.10208448539e-12 1.05345048972
5425 5.25053091647e-12 1.08410089662
5430 5.1918215166e-12 1.07197890095
5435 5.173e-12 1.06809273718
5440 5.17504413567e-12 1.06851479913
5445 5.0889600152e-12 1.05074062092
5450 4.9985127221e-12 1.0320655587
5455 5.04031703711e-12 1.04069708494
5460 4.80585440842e-12 0.992286524176
5465 5.03229197302e-12 1.03904011362
5470 4.934e-12 1.01874532481
5475 4.97144461075e-12 1.02647668317
5480 4.95662782488e-12 1.02341739429
5485 4.91441491659e-12 1.01470150394
5490 4.97479583581e-12 1.02716862578
5495 4.88975015866e-12 1.00960885967
5500 4.97924398347e-12 1.02808705497
5505 4.833e-12 0.997891397405
5510 4.9961501112e-12 1.03157773973
5515 4.94338769532e-12 1.02068364477
5520 4.72965896249e-12 0.976554105385
5525 4.81787225085e-12 0.994767902529
5530 4.77232627985e-12 0.98536381963
5535 4.85761424849e-12 1.00297361276
5540 4.919e-12 1.01564820688
5545 4.649739092e-12 0.960052687789
5550 4.84321241026e-12 1.0
5555 4.75519688069e-12 0.98182703501
5560 4.70332268037e-12 0.971116333947
5565 4.73512970952e-12 0.977683675301
5570 4.6475443967e-12 0.959599539111
5575 4.747e-12 0.980134587933
5580 4.72708929413e-12 0.976023534322
5585 4.6357533917e-12 0.957164996911
5590 4.6118497653e-12 0.952229506915
5595 4.63517729409e-12 0.957046047428
5600 4.5683017641e-12 0.943237953889
5605 4.56109007006e-12 0.941748922761
5610 4.584e-12 0.946479239749
5615 4.52894958862e-12 0.935112732002
5620 4.4036160123e-12 0.909234540896
5625 4.46488074761e-12 0.921884148247
5630 4.61610954687e-12 0.953109043308
5635 4.52885002482e-12 0.935092174613
5640 4.45670378761e-12 0.920195814285
5645 4.524e-12 0.934090768024
5650 4.43534357552e-12 0.915785474559
5655 4.39702804925e-12 0.90787429433
5660 4.40929120806e-12 0.910406324266
5665 4.35732172536e-12 0.899675949816
5670 4.33860509737e-12 0.895811442872
5675 4.29857948336e-12 0.887547173082
5680 4.278e-12 0.883298033954
5685 4.35409957492e-12 0.899010657822
5690 4.18728088719e-12 0.86456684789
5695 4.19523376898e-12 0.866208915408
5700 4.25715301682e-12 0.878993662925
5705 4.21148174382e-12 0.869563708356
5710 4.16340244667e-12 0.859636558134
5715 4.252e-12 0.877929696207
5720 4.18790149084e-12 0.864694986735
5725 4.11343514154e-12 0.849319582355
5730 4.10270172963e-12 0.84710340619
5735 4.18604847618e-12 0.864312386406
5740 4.15108522398e-12 0.857093365384
5745 4.06529047717e-12 0.839378935468
5750 4.217e-12 0.870703087701
5755 4.07962666422e-12 0.842338992933
5760 4.02935530771e-12 0.83195923829
5765 4.11630868036e-12 0.849912894929
5770 4.1424721034e-12 0.855314975371
5775 4.07805603293e-12 0.842014697578
5780 3.99770710869e-12 0.825424691311
5785 3.915e-12 0.808347780021
5790 3.96622715683e-12 0.818924883087
5795 3.9845811808e-12 0.822714521536
5800 4.24547924675e-12 0.876583326752
5805 3.97524412927e-12 0.82078665822
5810 4.08083968958e-12 0.842589451774
5815 4.06361105066e-12 0.839032176672
5820 4.057e-12 0.837667163102
5825 3.98961507233e-12 0.823753891917
5830 3.96294627976e-12 0.818247465538
5835 3.94453922777e-12 0.814446878154
5840 4.07495132459e-12 0.841373654387
5845 4.07295242306e-12 0.840960932136
5850 3.88675359881e-12 0.802515617647
5855 3.944e-12 0.814335541354
5860 4.07608184615e-12 0.841607078293
5865 3.95123073799e-12 0.815828504574
5870 3.94201350391e-12 0.81392538051
5875 3.72255698355e-12 0.768613198889
5880 3.93962645114e-12 0.813432514915
5885 3.74853542287e-12 0.773977084906
5890 3.45e-12 0.712337124156
5895 3.58928451653e-12 0.741095829067
5900 3.72207429184e-12 0.768513535346
5905 3.86691622098e-12 0.798419704407
5910 3.7879163811e-12 0.782108249698
5915 3.78316990575e-12 0.781128223437
5920 3.85230811604e-12 0.795403502825
5925 3.816e-12 0.787906801675
5930 3.77770817925e-12 0.780000516031
5935 3.7205557514e-12 0.768199995425
5940 3.72584118583e-12 0.769291303007
5945 3.68956003427e-12 0.761800169337
5950 3.62757850501e-12 0.749002562293
5955 3.72069479355e-12 0.768228704086
5960 3.801e-12 0.784809683744
5965 3.64779984079e-12 0.753177753068
5970 3.58032257455e-12 0.73924541632
5975 3.69152069053e-12 0.762204994914
5980 3.56255109881e-12 0.735576059242
5985 3.68397475245e-12 0.760646950907
5990 3.64333096638e-12 0.752255044331
5995 3.568e-12 0.736701118548
6000 3.57541317307e-12 0.738231749964
6005 3.49709595765e-12 0.722061239817
6010 3.55555970302e-12 0.734132514092
6015 3.57910548556e-12 0.738994118445
6020 3.57783853892e-12 0.738732526234
6025 3.64690436429e-12 0.752992859979
6030 3.618e-12 0.747024844985
6035 3.59212946573e-12 0.741683238613
6040 3.54217995473e-12 0.731369936869
6045 3.43430327811e-12 0.709096150902
6050 3.55220065899e-12 0.733438957057
6055 3.52454804134e-12 0.72772939586
6060 3.49711004468e-12 0.722064148431
6065 3.531e-12 0.729061560984
6070 3.47916474732e-12 0.718358901615
6075 3.44402184879e-12 0.711102788202
6080 3.45677987872e-12 0.713736996419
6085 3.49542924348e-12 0.721717105795
6090 3.46903519407e-12 0.716267406881
6095 3.43175509965e-12 0.708570016954
6100 3.434e-12 0.709033531696
6105 3.44208021475e-12 0.710701890229
6110 3.45512693712e-12 0.713395706081
6115 3.39110994965e-12 0.700177828764
6120 3.40150074064e-12 0.702323262435
6125 3.36024310929e-12 0.693804612446
6130 3.38403956849e-12 0.698717975145
6135 3.367e-12 0.695199738271
6140 3.41417615946e-12 0.704940413563
6145 3.28519605897e-12 0.678309308098
6150 3.34530023809e-12 0.690719290157
6155 3.29182227274e-12 0.679677452464
6160 3.30289996487e-12 0.681964713724
6165 3.27630383475e-12 0.676473290292
6170 3.267e-12 0.674552285397
6175 3.26820813442e-12 0.674801734383
6180 3.31954764777e-12 0.685402036206
6185 3.28597548994e-12 0.678470240739
6190 3.28522353231e-12 0.678314980642
6195 3.28985582975e-12 0.679271432073
6200 3.35402054793e-12 0.692519812022
6205 3.321e-12 0.685701909949
6210 3.32136068176e-12 0.685776381545
6215 3.28218166663e-12 0.677686912859
6220 3.25878632278e-12 0.672856370263
6225 3.23057722954e-12 0.667031911031
6230 3.22455909147e-12 0.665789318809
6235 3.27534980715e-12 0.676276307893
6240 3.279e-12 0.677029979742
6245 3.21538631593e-12 0.663895374302
6250 3.287851954e-12 0.678857682771
6255 3.272676033e-12 0.675724241636
6260 3.28570665636e-12 0.678414733453
6265 3.02528940696e-12 0.624645204608
6270 3.19590848151e-12 0.659873697619
6275 3.138e-12 0.647917071189
6280 3.02136192239e-12 0.623834279082
6285 2.97811869197e-12 0.614905653459
6290 3.1820626172e-12 0.657014879311
6295 3.19925923073e-12 0.660565541985
6300 3.11065386089e-12 0.642270790004
6305 3.14934910145e-12 0.650260371563
6310 3.148e-12 0.649981816477
6315 3.0976878952e-12 0.639593648347
6320 3.08720469888e-12 0.637429135329
6325 3.10556767547e-12 0.641220622265
6330 3.09102396777e-12 0.638217717073
6335 3.12930794155e-12 0.646122382516
6340 3.08338428032e-12 0.636640316207
6345 3.025e-12 0.624585449441
6350 3.03899441479e-12 0.627474939639
6355 3.07661290956e-12 0.63524220062
6360 3.04106707452e-12 0.627902891082
6365 3.05752786479e-12 0.631301624995
6370 2.9920920285e-12 0.617790791534
6375 2.99091870304e-12 0.617548529714
6380 2.945e-12 0.608067487142
6385 2.96116990198e-12 0.611406160034
6390 2.98988342253e-12 0.617334770658
6395 2.97369683886e-12 0.613992653423
6400 2.97494824748e-12 0.614251037427
6405 2.99024373549e-12 0.617409166106
6410 2.9801186319e-12 0.615318590113
6415 2.892e-12 0.597124337119
6420 2.9418969135e-12 0.60742677882
6425 2.96534718872e-12 0.612268663344
6430 2.96190583239e-12 0.611558110918
6435 2.97076759804e-12 0.613387839804
6440 2.98391847155e-12 0.616103160215
6445 2.89285686006e-12 0.597301256896
6450 2.91e-12 0.600840878636
6455 2.88392487253e-12 0.59545702898
6460 2.88563958358e-12 0.595811073137
6465 2.85979923246e-12 0.590475698816
6470 2.91373129736e-12 0.601611296501
6475 2.85969124204e-12 0.590453401545
6480 2.87714959198e-12 0.594058106122
6485 2.904e-12 0.599602031464
6490 2.83418873772e-12 0.585187783983
6495 2.88067509686e-12 0.59478603308
6500 2.88726713217e-12 0.596147120464
6505 2.93093344992e-12 0.605163102842
6510 2.92275065516e-12 0.603473564152
6515 2.8835433656e-12 0.595378257517
6520 2.895e-12 0.597743760705
6525 2.86369270456e-12 0.591279601633
6530 2.83889870272e-12 0.586160271787
6535 2.81075221504e-12 0.580348739008
6540 2.77686437978e-12 0.573351764193
6545 2.68682442605e-12 0.554760807178
6550 2.50328715894e-12 0.516865036445
6555 2.255e-12 0.465600062311
6560 1.87727254434e-12 0.387608963911
6565 1.91587722833e-12 0.395579847845
6570 2.32536137558e-12 0.480127894175
6575 2.56506702025e-12 0.529621004194
6580 2.71628544949e-12 0.56084375811
6585 2.72229572856e-12 0.562084727648
6590 2.708e-12 0.559133023831
6595 2.75814357563e-12 0.569486394978
6600 2.79009265021e-12 0.576083065095
6605 2.78796052368e-12 0.575642835275
6610 2.74465079671e-12 0.566700479809
6615 2.73597786858e-12 0.564909741061
6620 2.72732116133e-12 0.563122351512
6625 2.74e-12 0.56574020875
6630 2.7488540784e-12 0.567568350415
6635 2.70646656856e-12 0.558816409296
6640 2.74386283045e-12 0.566537784848
6645 2.67507495779e-12 0.552334841257
6650 2.69894375183e-12 0.557263139257
6655 2.67881381891e-12 0.553106820845
6660 2.678e-12 0.552938787968
6665 2.68408990622e-12 0.554196198484
6670 2.64767658268e-12 0.546677774667
6675 2.59514506223e-12 0.535831353738
6680 2.62430398325e-12 0.541851928214
6685 2.66200111591e-12 0.549635425914
6690 2.65154566867e-12 0.547476642373
6695 2.606e-12 0.538072621899
6700 2.61038030767e-12 0.538977043861
6705 2.62413851156e-12 0.541817762525
6710 2.62104740949e-12 0.541179528683
6715 2.60641484308e-12 0.538158276429
6720 2.59970593511e-12 0.536773057817
6725 2.58020642819e-12 0.532746906315
6730 2.518e-12 0.51990286337
6735 2.57409192131e-12 0.531484416388
6740 2.55227563326e-12 0.526979908595
6745 2.55319357201e-12 0.527169439565
6750 2.53686764297e-12 0.523798551061
6755 2.52985014116e-12 0.52234961568
6760 2.55255651647e-12 0.527037903823
6765 2.551e-12 0.526716522818
6770 2.51506447145e-12 0.519296751496
6775 2.52204439136e-12 0.52073792717
6780 2.52345587424e-12 0.521029362433
6785 2.46488273776e-12 0.50893550168
6790 2.47512834151e-12 0.511050957887
6795 2.50780244154e-12 0.517797327293
6800 2.529e-12 0.522174083186
6805 2.47226793739e-12 0.510460357294
6810 2.50074169568e-12 0.516339463118
6815 2.48868540676e-12 0.513850146545
6820 2.47055859284e-12 0.510107421184
6825 2.43840386354e-12 0.503468288605
6830 2.41386835477e-12 0.498402330993
6835 2.392e-12 0.493887072748
6840 2.45157298957e-12 0.506187377695
6845 2.42684967651e-12 0.501082643283
6850 2.39486600236e-12 0.494478829235
6855 2.3911535747e-12 0.493712307484
6860 2.43153437167e-12 0.502049913509
6865 2.26415046699e-12 0.46748940067
6870 1.741e-12 0.359472154538
6875 1.87502184802e-12 0.387144252449
6880 2.17056484947e-12 0.448166354396
6885 2.20513988778e-12 0.455305219137
6890 2.10884885212e-12 0.435423572927
6895 2.12925285754e-12 0.43963648033
6900 2.17573985894e-12 0.449234862037
6905 2.177e-12 0.449495049069
6910 2.20957809117e-12 0.456221595091
6915 2.2538241127e-12 0.465357271534
6920 2.27074801128e-12 0.468851625519
6925 2.279960131e-12 0.470753693597
6930 2.31198948713e-12 0.477366939808
6935 2.31599964888e-12 0.478194936067
6940 2.284e-12 0.471587823644
6945 2.33390359964e-12 0.481891645862
6950 2.34141631045e-12 0.483442829286
6955 2.33824732131e-12 0.482788513747
6960 2.29650696461e-12 0.474170193268
6965 2.28508238336e-12 0.471811308238
6970 2.33651541303e-12 0.482430918801
6975 2.339e-12 0.482943922725
6980 2.2712761667e-12 0.46896067616
6985 2.27003618897e-12 0.468704652342
6990 2.21043741369e-12 0.456399023303
6995 2.26782168299e-12 0.468247413264
7000 2.30149415659e-12 0.475199921382
7005 2.25821522288e-12 0.46626392394
7010 2.3e-12 0.474891416104
7015 2.27396501636e-12 0.469515855127
7020 2.27099789914e-12 0.468903220997
7025 2.28717220119e-12 0.472242802389
7030 2.24101848501e-12 0.462713235592
7035 2.24878226945e-12 0.464316259326
7040 2.22750722176e-12 0.459923503879
7045 2.199e-12 0.454037488701
7050 2.24523376683e-12 0.46358358392
7055 2.2415012387e-12 0.462812911932
7060 2.19666854421e-12 0.453556102465
7065 2.18684422245e-12 0.451527630259
7070 2.14856776426e-12 0.443624516593
7075 2.15079371853e-12 0.444084119452
7080 2.219e-12 0.458166979276
7085 2.18777561541e-12 0.451719939182
7090 2.20814555682e-12 0.455925813236
7095 2.20928148509e-12 0.456160353491
7100 2.22038495995e-12 0.45845293823
7105 2.22934335942e-12 0.460302619538
7110 2.20028471438e-12 0.454302749498
7115 2.26e-12 0.466632434955
7120 2.19545811971e-12 0.453306180638
7125 2.20054573422e-12 0.454356643446
7130 2.17508356521e-12 0.449099354099
7135 2.16502044135e-12 0.447021575342
7140 2.19757718083e-12 0.453743712784
7145 2.13415897877e-12 0.4406494694
7150 2.19e-12 0.452179217943
7155 2.21307315761e-12 0.456943237287
7160 2.22411255298e-12 0.459222591243
7165 2.12449141014e-12 0.438653362723
7170 2.11860718597e-12 0.437438420311
7175 2.07015764051e-12 0.427434823245
7180 2.09068882642e-12 0.431673990179
7185 1.993e-12 0.411503735781
7190 2.02651282177e-12 0.418423279862
7195 2.12170023798e-12 0.438077056767
7200 2.07021618191e-12 0.427446910551
7205 2.0655680349e-12 0.426487186588
7210 2.17179994975e-12 0.448421371145
7215 2.17666534887e-12 0.449425952134
7220 2.214e-12 0.457134606632
7225 2.14931719819e-12 0.44377925561
7230 2.09977420128e-12 0.433549888671
7235 2.07703810249e-12 0.428855463388
7240 2.05892308416e-12 0.425115173517
7245 2.06009588706e-12 0.425357327442
7250 2.07293347737e-12 0.428007962851
7255 2.055e-12 0.424305156563
7260 2.10626840433e-12 0.434890776185
7265 2.07853927379e-12 0.429165417026
7270 2.07427872912e-12 0.428285723073
7275 1.98743254924e-12 0.410354199009
7280 2.01776231695e-12 0.416616523504
7285 2.03024702801e-12 0.419194298336
7290 1.957e-12 0.404070652746
7295 1.98586535069e-12 0.410030612428
7300 2.05231766416e-12 0.423751322534
7305 2.0653005885e-12 0.426431965718
7310 1.98770774906e-12 0.410411020763
7315 1.99447162762e-12 0.411807589399
7320 1.95592957936e-12 0.403849638149
7325 1.981e-12 0.409026041436
7330 1.98787902422e-12 0.410446384719
7335 1.98994001808e-12 0.410871927455
7340 1.98839569766e-12 0.410553064624
7345 1.96496990517e-12 0.40571623516
7350 1.98212439278e-12 0.409258199905
7355 1.96347454864e-12 0.405407482124
7360 1.938e-12 0.4001476367
7365 1.94214822243e-12 0.401004138971
7370 1.91863646843e-12 0.396149560644
7375 1.93711982538e-12 0.39996590306
7380 1.9148308122e-12 0.395363789568
7385 1.86520151865e-12 0.385116604571
7390 1.86728523918e-12 0.385546839785
7395 1.964e-12 0.405515974447
7400 1.94942282379e-12 0.402506158858
