Wave Flux FluxNorm
3600 9.26153821717e-12 0.889608353458
3605 9.03168411254e-12 0.867529933355
3610 9.70825702579e-12 0.932517508987
3615 1.005e-11 0.965343309352
3620 9.80311965814e-12 0.941629450026
3625 7.64046055102e-12 0.733897261024
3630 8.50570732364e-12 0.817007726983
3635 1.07440244688e-11 1.03200717776
3640 8.61270041939e-12 0.827284848289
3645 1.07074477465e-11 1.02849383506
3650 9.66e-12 0.927882225705
3655 8.95393141981e-12 0.860061471493
3660 8.22898471752e-12 0.790427396997
3665 9.30458348688e-12 0.893743026405
3670 1.01067224673e-11 0.970791732664
3675 9.47165021652e-12 0.909790464183
3680 8.6926806375e-12 0.834967273009
3685 1.016e-11 0.975909256021
3690 1.04281477944e-11 1.00166594052
3695 1.30814023793e-11 1.2565218173
3700 1.45530775477e-11 1.39788219315
3705 1.32000474909e-11 1.26791816203
3710 1.38469264539e-11 1.33005351317
3715 1.86905894317e-11 1.79530701052
3720 1.369e-11 1.31498009005
3725 1.85732252138e-11 1.78403370082
3730 1.81104932866e-11 1.73958642023
3735 1.50570740249e-11 1.44629310133
3740 2.29981019971e-11 2.20906108365
3745 2.27708319474e-11 2.18723087252
3750 1.5724659569e-11 1.51041740365
3755 2.412e-11 2.31682394244
3760 2.29152693758e-11 2.20110467402
3765 2.1244789253e-11 2.04064827502
3770 1.49789486395e-11 1.43878884083
3775 2.38880497347e-11 2.2945441776
3780 2.62553932416e-11 2.52193713435
3785 2.7076329532e-11 2.60079139856
3790 2.518e-11 2.41864124671
3795 1.77066903566e-11 1.7007995091
3800 2.03263299667e-11 1.95242653105
3805 2.68457063902e-11 2.57863910931
3810 2.61575131581e-11 2.51253535487
3815 2.65816435061e-11 2.55327479703
3820 2.6013173618e-11 2.49867095594
3825 2.501e-11 2.40231205641
3830 2.03511270561e-11 1.95480839217
3835 1.31966108396e-11 1.26758805772
3840 2.18760439869e-11 2.10128285551
3845 2.62892877447e-11 2.525192839
3850 2.62666574137e-11 2.52301910381
3855 2.44048252263e-11 2.344182562
3860 2.624e-11 2.52045855098
3865 2.60590201514e-11 2.50307470164
3870 2.72070228076e-11 2.61334501838
3875 2.59798881e-11 2.49547374677
3880 2.41493718081e-11 2.31964522388
3885 1.77757644209e-11 1.70743435346
3890 1.54564188495e-11 1.48465179332
3895 2.322e-11 2.23037528788
3900 2.41952295694e-11 2.32405004806
3905 2.69073422128e-11 2.58455948035
3910 2.55963810851e-11 2.45863634071
3915 2.68630832471e-11 2.58030822698
3920 2.62435707605e-11 2.52080153703
3925 2.62360282549e-11 2.52007704874
3930 2.564e-11 2.46282611461
3935 2.25781307035e-11 2.16872113556
3940 2.52649083761e-11 2.42679704102
3945 2.48981195951e-11 2.39156548921
3950 2.49601313554e-11 2.39752197059
3955 2.54027706725e-11 2.4400392744
3960 2.37452461349e-11 2.28082731196
3965 1.785e-11 1.71456498228
3970 1.26249503571e-11 1.21267774708
3975 2.14815424074e-11 2.06338937687
3980 2.37523463865e-11 2.28150931996
3985 2.46463638813e-11 2.36738333062
3990 2.35216788357e-11 2.25935276505
3995 2.56414024578e-11 2.46296082637
4000 2.439e-11 2.34275853882
4005 2.36253628794e-11 2.26931203847
4010 2.39264457754e-11 2.29823227322
4015 2.29215542198e-11 2.20170835881
4020 2.40482690349e-11 2.30993389197
4025 2.2743010471e-11 2.18455850673
4030 2.34288839244e-11 2.25043943702
4035 2.307e-11 2.21596717878
4040 2.24169260324e-11 2.1532367723
4045 2.2045412878e-11 2.11755142524
4050 2.26480602615e-11 2.17543815355
4055 2.20578248841e-11 2.11874364883
4060 2.25541784686e-11 2.16642042613
4065 2.19700145922e-11 2.11030911373
4070 2.112e-11 2.02866176055
4075 2.19355558227e-11 2.10699920899
4080 2.24640222973e-11 2.15776055979
4085 2.17118373735e-11 2.0855101435
4090 2.13612908576e-11 2.05183872721
4095 1.88811671883e-11 1.81361277791
4100 1.09915844348e-11 1.05578631774
4105 1.728e-11 1.65981416772
4110 2.0252251473e-11 1.94531099092
4115 2.1352223973e-11 2.05096781613
4120 2.09416495515e-11 2.01153047575
4125 2.08184903414e-11 1.99970053352
4130 2.07025266963e-11 1.98856175453
4135 2.12794275585e-11 2.04397542492
4140 2.084e-11 2.00176662357
4145 2.15081226154e-11 2.06594251378
4150 2.18241499844e-11 2.09629822584
4155 2.16800423127e-11 2.08245609881
4160 2.17769488527e-11 2.09176436548
4165 2.16105006974e-11 2.07577634428
4170 2.11331991423e-11 2.02992959177
4175 1.956e-11 1.87881742596
4180 2.00641196517e-11 1.92724016556
4185 2.05442491718e-11 1.97335855558
4190 2.0455531792e-11 1.96483689101
4195 2.06069024671e-11 1.97937665901
4200 2.05392071769e-11 1.9728742515
4205 2.07869441018e-11 1.99667038911
4210 2.04e-11 1.95950283689
4215 2.08464961091e-11 2.00239060123
4220 2.08379598668e-11 2.00157066049
4225 1.97010461914e-11 1.89236548538
4230 1.97257556539e-11 1.89473892959
4235 1.94998952357e-11 1.87304411929
4240 1.97099927728e-11 1.89322484085
4245 1.976e-11 1.89802823809
4250 1.91592447737e-11 1.84032325916
4255 1.91871751901e-11 1.84300608906
4260 1.93685088975e-11 1.860423928
4265 1.91762579414e-11 1.841957443
4270 1.90700973411e-11 1.83176028626
4275 1.90135222261e-11 1.82632601674
4280 1.955e-11 1.87785688536
4285 1.92684460883e-11 1.85081248885
4290 1.94056706232e-11 1.86399346264
4295 1.92856865005e-11 1.85246850045
4300 1.86483320676e-11 1.79124801911
4305 1.83762588341e-11 1.76511428024
4310 1.93684160607e-11 1.86041501064
4315 1.896e-11 1.82118498958
4320 1.92235158351e-11 1.84649675558
4325 1.8356879225e-11 1.76325279009
4330 1.83113379112e-11 1.75887836198
4335 1.51181571729e-11 1.45216038573
4340 1.00810013148e-11 0.968321111526
4345 1.62601469165e-11 1.5618531378
4350 1.764e-11 1.69439362955
4355 1.88685090043e-11 1.81239690793
4360 1.95570049408e-11 1.87852973836
4365 1.89114441902e-11 1.81652100688
4370 1.95978490509e-11 1.88245298099
4375 1.86562833027e-11 1.79201176752
4380 1.86865953591e-11 1.79492336363
4385 1.729e-11 1.66077470833
4390 1.83722651976e-11 1.76473067524
4395 1.8213893428e-11 1.74951842367
4400 1.81606696391e-11 1.74440606263
4405 1.80214620356e-11 1.73103460705
4410 1.77547342236e-11 1.70541431762
4415 1.72783697819e-11 1.65965757866
4420 1.771e-11 1.70111741379
4425 1.72527631161e-11 1.65719795443
4430 1.64516919401e-11 1.58025181511
4435 1.68492016435e-11 1.61843423627
4440 1.76706901928e-11 1.69734154719
4445 1.74668106868e-11 1.67775809276
4450 1.75889231472e-11 1.68948749043
4455 1.718e-11 1.65020876166
4460 1.74688640598e-11 1.67795532757
4465 1.74339571401e-11 1.67460237619
4470 1.68814718411e-11 1.62153391978
4475 1.76096737509e-11 1.69148067018
4480 1.64265577742e-11 1.57783757642
4485 1.75403603719e-11 1.68482283867
4490 1.764e-11 1.69439362955
4495 1.81092783891e-11 1.73946972439
4500 1.70868846943e-11 1.64126465844
4505 1.74537100054e-11 1.67649971911
4510 1.75798462409e-11 1.68861561672
4515 1.73261221321e-11 1.6642443858
4520 1.64236413511e-11 1.57755744214
4525 1.768e-11 1.69823579197
4530 1.72539531729e-11 1.65731226421
4535 1.81163995326e-11 1.74015373914
4540 1.71267147142e-11 1.64509049359
4545 1.620129955e-11 1.55620060929
4550 1.62298136883e-11 1.55893950807
4555 1.58198957714e-11 1.51956522762
4560 1.685e-11 1.61851092165
4565 1.74496110477e-11 1.67610599759
4570 1.70849209856e-11 1.64107603624
4575 1.68101069213e-11 1.61467902945
4580 1.63791402718e-11 1.57328293277
4585 1.62382950026e-11 1.55975417274
4590 1.62737909475e-11 1.56316370239
4595 1.701e-11 1.63387957135
4600 1.67936085809e-11 1.61309429686
4605 1.66731799729e-11 1.60152664005
4610 1.63767864503e-11 1.57305683866
4615 1.67374679116e-11 1.60770175761
4620 1.6398374422e-11 1.575130451
4625 1.70271610436e-11 1.63552795927
4630 1.634e-11 1.56952335073
4635 1.65512759683e-11 1.58981726539
4640 1.67727509377e-11 1.61109083553
4645 1.70144808368e-11 1.63430997392
4650 1.68731907768e-11 1.62073848993
4655 1.72626412354e-11 1.65814678789
4660 1.67702302419e-11 1.61084871247
4665 1.666e-11 1.60026065013
4670 1.62937152034e-11 1.56507750807
4675 1.71272212384e-11 1.64513914729
4680 1.69969612481e-11 1.63262714629
4685 1.72088534831e-11 1.65298025587
4690 1.68262278243e-11 1.61622750764
4695 1.68195272606e-11 1.61558389129
4700 1.663e-11 1.59737902831
4705 1.65007396501e-11 1.58496304683
4710 1.62009482099e-11 1.55616686165
4715 1.70441740943e-11 1.63716213187
4720 1.67245561121e-11 1.60646152683
4725 1.54233594836e-11 1.48147630699
4730 1.53168271314e-11 1.47124344197
4735 1.595e-11 1.53206226708
4740 1.60421784475e-11 1.54091638127
4745 1.59545810646e-11 1.53250229694
4750 1.63469219187e-11 1.57018822913
4755 1.53504666767e-11 1.4744746569
4760 1.59994396918e-11 1.53681115024
4765 1.54649893561e-11 1.48547502528
4770 1.497e-11 1.43792928766
4775 1.5859453923e-11 1.52336494872
4780 1.54669153846e-11 1.48566002814
4785 1.45969774623e-11 1.40209895821
4790 1.51656735871e-11 1.45672453026
4795 1.54708710663e-11 1.48603998744
4800 1.56430786305e-11 1.50258122325
4805 1.525e-11 1.46482442464
4810 1.55426599398e-11 1.49293560024
4815 1.53833252241e-11 1.4776308538
4820 1.51916888401e-11 1.45922340095
4825 1.54666490274e-11 1.48563444345
4830 1.48856053053e-11 1.42982283454
4835 1.57219776075e-11 1.51015979037
4840 1.497e-11 1.43792928766
4845 1.56213536911e-11 1.5004944546
4850 1.48291221783e-11 1.42439740084
4855 1.41059232361e-11 1.35493120579
4860 1.2629308878e-11 1.21309640071
4865 8.78753604136e-12 0.844078519723
4870 1.16733125939e-11 1.12126907567
4875 1.4e-11 1.34475684885
4880 1.40507108378e-11 1.34962783073
4885 1.4656728158e-11 1.40783825515
4890 1.49735416263e-11 1.43826947525
4895 1.47639395986e-11 1.41813634937
4900 1.52433153749e-11 1.46418233925
4905 1.44936650337e-11 1.39217537993
4910 1.511e-11 1.45137685615
4915 1.49785049153e-11 1.43874621931
4920 1.55552718054e-11 1.49414702115
4925 1.43426604438e-11 1.37767077589
4930 1.40582776312e-11 1.35035465197
4935 1.49857162304e-11 1.43943889541
4940 1.54545402217e-11 1.4844713435
4945 1.537e-11 1.47635091191
4950 1.47985965767e-11 1.42146529284
4955 1.46229145152e-11 1.40459031746
4960 1.5148661769e-11 1.45509047606
4965 1.50260382032e-11 1.44331198463
4970 1.42256768393e-11 1.36643402565
4975 1.46479305203e-11 1.40699320633
4980 1.463e-11 1.40527090705
4985 1.42608162498e-11 1.36980930872
4990 1.41840815081e-11 1.36243862519
4995 1.46302508562e-11 1.4052950028
5000 1.4116220166e-11 1.35592026772
5005 1.31125844437e-11 1.25951698119
5010 1.3917415042e-11 1.33682422828
5015 1.418e-11 1.36204657976
5020 1.39765164231e-11 1.34250115593
5025 1.30012388801e-11 1.24882178768
5030 1.41851231814e-11 1.36253868214
5035 1.42227687346e-11 1.36615469039
5040 1.37346746424e-11 1.31927127086
5045 1.32939485918e-11 1.27693774407
5050 1.382e-11 1.32746711793
5055 1.384421249e-11 1.32979282592
5060 1.32163054604e-11 1.26947980602
5065 1.3360635311e-11 1.28334327425
5070 1.30972560656e-11 1.25804462824
5075 1.36252868363e-11 1.3087641279
5080 1.35277658808e-11 1.29939684413
5085 1.402e-11 1.34667793006
5090 1.36883085799e-11 1.31481762229
5095 1.3557354677e-11 1.30223896816
5100 1.38864112803e-11 1.33384619108
5105 1.36719922865e-11 1.31325037605
5110 1.34127453885e-11 1.28834865878
5115 1.38717187794e-11 1.33243491671
5120 1.312e-11 1.26022927549
5125 1.34296381128e-11 1.28997127355
5130 1.3537897957e-11 1.30037007119
5135 1.31896079362e-11 1.26691540041
5140 1.38236467899e-11 1.32781740691
5145 1.32076149928e-11 1.26864505132
5150 1.31179633737e-11 1.26003364926
5155 1.289e-11 1.23813684155
5160 1.29496595952e-11 1.24386738792
5165 1.35367533991e-11 1.30026013176
5170 1.28971643068e-11 1.2388250023
5175 1.19494874091e-11 1.14779678812
5180 1.32205875603e-11 1.26989111911
5185 1.33834225881e-11 1.28553208474
5190 1.314e-11 1.2621503567
5195 1.28106526848e-11 1.23051520972
5200 1.26893552184e-11 1.21886409553
5205 1.31423472864e-11 1.26237582309
5210 1.30322598247e-11 1.25180147537
5215 1.28924316055e-11 1.23837040712
5220 1.27546624676e-11 1.22513712201
5225 1.264e-11 1.21412332639
5230 1.23721975324e-11 1.18839981193
5235 1.24623738158e-11 1.19706161012
5240 1.1978612804e-11 1.15059440056
5245 1.23042466601e-11 1.18187285472
5250 1.24595595425e-11 1.19679128774
5255 1.26493161068e-11 1.21501817627
5260 1.231e-11 1.18242548638
5265 1.21434509183e-11 1.16642777079
5270 1.20233455493e-11 1.15489116239
5275 1.21453824707e-11 1.16661330424
5280 1.19815613177e-11 1.15087761728
5285 1.23208827769e-11 1.18347082129
5290 1.18587309282e-11 1.1390792596
5295 1.197e-11 1.14976710577
5300 1.22835134039e-11 1.17988134128
5305 1.20202854737e-11 1.1545972297
5310 1.20228682051e-11 1.15484531154
5315 1.23096033256e-11 1.18238738419
5320 1.14941625468e-11 1.10406098619
5325 1.18669764187e-11 1.13987127244
5330 1.17e-11 1.12383250939
5335 1.19936465712e-11 1.15203845495
5340 1.20028254949e-11 1.15292012784
5345 1.22895311169e-11 1.18045936704
5350 1.20628873088e-11 1.15868930896
5355 1.18277615921e-11 1.13610452911
5360 1.19726287067e-11 1.15001960372
5365 1.19e-11 1.14304332152
5370 1.15841442468e-11 1.11270409385
5375 1.18446009855e-11 1.13772202122
5380 1.15708845519e-11 1.11143044631
5385 1.18867083308e-11 1.14176660272
5390 1.18992132128e-11 1.14296774741
5395 1.18225218428e-11 1.13560122991
5400 1.159e-11 1.11326656273
5405 1.13477557145e-11 1.08999801544
5410 1.14357836832e-11 1.09845345928
5415 1.15697354344e-11 1.11132006891
5420 1.13429824739e-11 1.08953952629
5425 1.1469377171e-11 1.10168025019
5430 1.10520336999e-11 1.06159271512
5435 1.143e-11 1.09789791302
5440 1.13071329438e-11 1.08609603335
5445 1.11709246602e-11 1.07301267463
5450 1.09707183002e-11 1.05378204079
5455 1.11612935451e-11 1.07208756691
5460 1.1114873059e-11 1.06762869072
5465 1.13670157395e-11 1.09184801905
5470 1.097e-11 1.05371304513
5475 1.09615657947e-11 1.05290290546
5480 1.11789533258e-11 1.07378386056
5485 1.1396572422e-11 1.09468705842
5490 1.11682448391e-11 1.07275526693
5495 1.0779302665e-11 1.03539579176
5500 1.10526992247e-11 1.06165664147
5505 1.108e-11 1.0642789918
5510 1.08477696754e-11 1.04197232613
5515 1.08722282784e-11 1.04432167426
5520 1.06884000888e-11 1.02666423019
5525 1.10690863113e-11 1.06323068769
5530 1.06640751338e-11 1.02432771949
5535 1.07896506897e-11 1.03638976154
5540 1.065e-11 1.02297574573
5545 1.07083605305e-11 1.02858151167
5550 1.04108040141e-11 1.0
5555 1.08119655893e-11 1.03853319826
5560 1.08801077832e-11 1.04507853269
5565 1.08175376829e-11 1.03906842049
5570 1.0475650351e-11 1.00622875397
5575 1.057e-11 1.01529142088
5580 1.03597932263e-11 0.995100206698
5585 1.04203257736e-11 1.00091460366
5590 1.03359657105e-11 0.992811477047
5595 1.02784476184e-11 0.987286630738
5600 1.05141337985e-11 1.00992524538
5605 1.02447736792e-11 0.98405211214
5610 1.032e-11 0.991277905723
5615 1.02217985875e-11 0.981845261297
5620 1.01523114333e-11 0.975170737972
5625 1.02377853501e-11 0.98338085476
5630 1.01534834728e-11 0.975283317126
5635 1.01731262809e-11 0.977170088607
5640 1.03180414159e-11 0.99108977577
5645 9.926e-12 0.953432605834
5650 9.93534263925e-12 0.954330004271
5655 1.01826124837e-11 0.978081276899
5660 1.0061553035e-11 0.966453025275
5665 9.87411788393e-12 0.94844911791
5670 9.8712616297e-12 0.948174763093
5675 9.80485634115e-12 0.941796265482
5680 9.845e-12 0.945652226922
5685 1.01136647736e-11 0.971458569378
5690 9.96354537254e-12 0.957038991324
5695 9.53936834604e-12 0.916295065502
5700 9.93612972459e-12 0.954405607014
5705 9.61839917021e-12 0.923886297078
5710 9.28234686378e-12 0.891607108461
5715 9.601e-12 0.922215036128
5720 9.58089822751e-12 0.920284179255
5725 9.64563811634e-12 0.926502708462
5730 9.65103825109e-12 0.927021413333
5735 9.5182507499e-12 0.914266634642
5740 9.63873437965e-12 0.925839576519
5745 9.55725383767e-12 0.9180130396
5750 9.507e-12 0.913185954429
5755 9.62198579265e-12 0.924230806728
5760 9.84526297264e-12 0.945677486512
5765 9.64056961953e-12 0.926015858762
5770 9.47890327899e-12 0.910487150285
5775 9.31462632813e-12 0.894707682087
5780 9.34157486396e-12 0.897296198381
5785 8.204e-12 0.788027513425
5790 8.85573868323e-12 0.85062966042
5795 9.07516451575e-12 0.871706402641
5800 8.88941061847e-12 0.853863986529
5805 8.7982493699e-12 0.845107578432
5810 9.3022660539e-12 0.893520427556
5815 9.12210595533e-12 0.876215318526
5820 9.528e-12 0.915203089702
5825 9.37871725008e-12 0.90086387539
5830 9.07753787081e-12 0.871934373032
5835 9.19981089753e-12 0.883679193754
5840 9.44772399946e-12 0.907492253879
5845 9.20511550868e-12 0.884188723195
5850 9.13519477218e-12 0.877472552532
5855 9.2e-12 0.883697357815
5860 9.13477708724e-12 0.877432432197
5865 8.98997854758e-12 0.86352394449
5870 9.16358129815e-12 0.880199193619
5875 9.08028081841e-12 0.872197844287
5880 8.8250472173e-12 0.847681620491
5885 8.92666796472e-12 0.857442705926
5890 8.469e-12 0.813481839493
5895 6.41878510541e-12 0.616550373699
5900 6.9462501945e-12 0.667215537348
5905 8.51602355099e-12 0.81799864251
5910 8.98907658659e-12 0.863437307475
5915 8.95058457381e-12 0.859739993345
5920 9.09581572051e-12 0.873690034716
5925 8.587e-12 0.824816218647
5930 8.79546186022e-12 0.844839826809
5935 8.52024219381e-12 0.818403860284
5940 8.71751431161e-12 0.837352648248
5945 8.64187720335e-12 0.830087396866
5950 8.43770369272e-12 0.810475702096
5955 8.35039149396e-12 0.802089010862
5960 8.414e-12 0.808198866158
5965 8.45121940307e-12 0.811773940957
5970 8.3415271187e-12 0.801237551623
5975 8.3191288378e-12 0.799086105792
5980 8.28115892425e-12 0.795438941414
5985 8.43168817575e-12 0.809897887264
5990 8.31897021914e-12 0.799070869825
5995 8.325e-12 0.799650054762
6000 8.08587276048e-12 0.776680912398
6005 8.44740774765e-12 0.811407815976
6010 8.28703030432e-12 0.79600291131
6015 8.15256255213e-12 0.783086737689
6020 8.41072195995e-12 0.807883997101
6025 8.21738182843e-12 0.789312892385
6030 8.526e-12 0.818956920949
6035 8.39108778974e-12 0.805998055324
6040 8.1584773801e-12 0.783654880933
6045 8.06983938191e-12 0.77514084128
6050 8.18456174481e-12 0.786160390083
6055 8.28354009902e-12 0.795667662919
6060 8.31076138907e-12 0.798282378364
6065 8.109e-12 0.778902377665
6070 8.23114753801e-12 0.790635144687
6075 8.34475569003e-12 0.80154766901
6080 8.09130395658e-12 0.777202600838
6085 8.15156274069e-12 0.78299070174
6090 8.14397172452e-12 0.782261553813
6095 8.11521140711e-12 0.77949900854
6100 8.035e-12 0.771794377178
6105 8.03535495993e-12 0.771828472521
6110 8.22122985405e-12 0.789682510871
6115 8.06391721775e-12 0.774571993366
6120 8.20154610951e-12 0.78779180728
6125 8.16904586108e-12 0.784670026446
6130 8.08069730116e-12 0.776183788514
6135 7.971e-12 0.765646917298
6140 7.9275149205e-12 0.761469998835
6145 7.84219689164e-12 0.753274855718
6150 7.88668513564e-12 0.757548132204
6155 7.60046211531e-12 0.730055248855
6160 7.91024027718e-12 0.759810699199
6165 7.8481488647e-12 0.753846566899
6170 7.666e-12 0.736350428805
6175 7.67286113968e-12 0.737009469132
6180 7.57766290826e-12 0.727865292439
6185 7.88138114683e-12 0.757038662542
6190 7.76161421095e-12 0.745534562021
6195 7.77547223201e-12 0.746865681216
6200 7.72109483059e-12 0.741642511004
6205 7.656e-12 0.735389888199
6210 7.86101970533e-12 0.755082863405
6215 7.7545534506e-12 0.744856347319
6220 7.72103424924e-12 0.741636691919
6225 7.78619572486e-12 0.747895716249
6230 7.74179410973e-12 0.743630760816
6235 7.70718414396e-12 0.740306333066
6240 7.59e-12 0.729050320197
6245 7.82685948144e-12 0.751801635188
6250 7.90655029451e-12 0.759456261379
6255 7.76444087104e-12 0.7458060742
6260 7.77263101511e-12 0.746592770796
6265 7.31572407876e-12 0.702705004229
6270 7.51560539236e-12 0.721904416044
6275 7.462e-12 0.716755400436
6280 6.86820951545e-12 0.65971941323
6285 6.59164491574e-12 0.633154260401
6290 7.38798353577e-12 0.709645818493
6295 7.78305433142e-12 0.747593972653
6300 7.68363065069e-12 0.738043924396
6305 7.42948763679e-12 0.713632455929
6310 7.386e-12 0.709455291828
6315 7.48626763807e-12 0.719086405615
6320 7.67191719048e-12 0.736918798978
6325 7.66377940239e-12 0.736137131388
6330 7.51520029272e-12 0.721865504579
6335 7.43222400683e-12 0.713895295383
6340 7.45127393556e-12 0.715725118392
6345 6.954e-12 0.667959937635
6350 7.30827863473e-12 0.701989839096
6355 7.32552114841e-12 0.70364605255
6360 7.45661463743e-12 0.716238114494
6365 7.25419419776e-12 0.696794809309
6370 6.91438045127e-12 0.664154319099
6375 7.46594682487e-12 0.717134508992
6380 7.227e-12 0.694182696188
6385 7.3338597115e-12 0.704447005395
6390 7.40956337027e-12 0.711718649225
6395 7.33994204634e-12 0.705031238355
6400 7.38497725716e-12 0.709357053225
6405 7.33665776847e-12 0.704715770129
6410 7.27236130324e-12 0.698539833559
6415 7.032e-12 0.675452154364
6420 7.23846758861e-12 0.695284204639
6425 7.37268133206e-12 0.708175979691
6430 7.29621441385e-12 0.700831021692
6435 7.33091284625e-12 0.704163947022
6440 7.2959983725e-12 0.700810270043
6445 7.36042097431e-12 0.706998322543
6450 7.179e-12 0.689572101277
6455 6.71532904131e-12 0.645034622898
6460 7.16401071115e-12 0.688132319218
6465 7.15268102937e-12 0.687044057277
6470 7.16086284075e-12 0.687829953483
6475 7.0255270874e-12 0.674830404825
6480 7.04600965847e-12 0.676797838949
6485 7.151e-12 0.68688258758
6490 6.95615233466e-12 0.668166678119
6495 7.10439164839e-12 0.682405666149
6500 7.33672010422e-12 0.704721757731
6505 7.16204788178e-12 0.687943781486
6510 7.34115915284e-12 0.705148146376
6515 7.02417253339e-12 0.674700294412
6520 7.17e-12 0.688707614732
6525 7.30423305204e-12 0.701601244451
6530 6.98213341483e-12 0.670662266369
6535 7.05193055495e-12 0.677366565098
6540 7.06093241353e-12 0.678231230168
6545 6.86324065295e-12 0.659242133811
6550 6.78041046935e-12 0.651285958333
6555 6.276e-12 0.602835284527
6560 4.9446362847e-12 0.474952393494
6565 6.03604739133e-12 0.579786862105
6570 6.71971500148e-12 0.645455912183
6575 7.17749749834e-12 0.689427779892
6580 7.11609194461e-12 0.683529527111
6585 7.05028825613e-12 0.677208815628
6590 6.984e-12 0.670841559454
6595 7.08782118177e-12 0.680814005543
6600 7.28631963754e-12 0.699880588249
6605 7.16046053808e-12 0.687791310678
6610 6.94581637885e-12 0.667173867593
6615 6.92589986973e-12 0.665260806018
6620 6.97319794738e-12 0.669803978437
6625 7.003e-12 0.672666586606
6630 6.97659788941e-12 0.670130556674
6635 6.92642060944e-12 0.665310825182
6640 6.78571780723e-12 0.651795749687
6645 6.83152005329e-12 0.656195241408
6650 6.89159244568e-12 0.661965438628
6655 6.71101295215e-12 0.644620045008
6660 6.706e-12 0.644138530598
6665 6.91990665872e-12 0.664685133765
6670 6.88181592117e-12 0.66102636375
6675 6.65276140228e-12 0.639024747105
6680 6.72744508923e-12 0.646198418499
6685 6.83008511002e-12 0.656057409279
6690 6.77292033161e-12 0.650566500188
6695 6.672e-12 0.640872692537
6700 6.70979929345e-12 0.644503468162
6705 6.74708587961e-12 0.64808499617
6710 6.66134181858e-12 0.639848930932
6715 6.57323205512e-12 0.631385630371
6720 6.62028197365e-12 0.635904966098
6725 6.7325935333e-12 0.646692947459
6730 6.509e-12 0.625215880654
6735 6.62608098299e-12 0.636461984492
6740 6.57963959601e-12 0.632001100692
6745 6.69905467338e-12 0.643471403774
6750 6.61900188802e-12 0.635782008675
6755 6.54545679009e-12 0.62871770338
6760 6.55685300057e-12 0.629812355672
6765 6.676e-12 0.641256908779
6770 6.47529419387e-12 0.621978301108
6775 6.4651913414e-12 0.621007881104
6780 6.64843570735e-12 0.638609246542
6785 6.53366833816e-12 0.627585374704
6790 6.57111090589e-12 0.631181885374
6795 6.44980759834e-12 0.619530210116
6800 6.452e-12 0.619740799198
6805 6.46329182335e-12 0.620825424683
6810 6.50338573698e-12 0.624676607893
6815 6.54393152864e-12 0.628571195824
6820 6.25798415802e-12 0.601104789748
6825 6.3410033802e-12 0.60907912315
6830 6.41974591049e-12 0.616642662928
6835 6.343e-12 0.609270906589
6840 6.22991052138e-12 0.598408202953
6845 6.19055814859e-12 0.594628247751
6850 6.2172776992e-12 0.597194769085
6855 6.26064858332e-12 0.601360718619
6860 6.20236825663e-12 0.595762656585
6865 5.83876781634e-12 0.560837357847
6870 4.525e-12 0.43464462436
6875 4.90613017765e-12 0.471253725553
6880 5.64187267566e-12 0.541924780066
6885 5.68244283485e-12 0.545821708597
6890 5.67984928804e-12 0.545572587894
6895 5.54261225794e-12 0.532390413884
6900 5.64243661138e-12 0.541978948382
6905 5.811e-12 0.558170146333
6910 5.78740087965e-12 0.555903354996
6915 6.02640311851e-12 0.578860490538
6920 6.07851597429e-12 0.583866141947
6925 5.93051346578e-12 0.569649900022
6930 5.88744006754e-12 0.565512525215
6935 6.07996539017e-12 0.584005364228
6940 6.026e-12 0.578821769369
6945 6.10655919079e-12 0.586559806765
6950 6.0236963348e-12 0.578600492972
6955 6.18740479866e-12 0.594325355685
6960 6.13505142459e-12 0.589296601518
6965 6.14467742845e-12 0.590221218277
6970 6.22256183544e-12 0.597702331828
6975 6.188e-12 0.594382527191
6980 6.24382724129e-12 0.599744960411
6985 6.1408162394e-12 0.58985033539
6990 6.00657310667e-12 0.576955737379
6995 6.11014904281e-12 0.586904626629
7000 6.08489694926e-12 0.584479060504
7005 6.04438469108e-12 0.580587693601
7010 6.06e-12 0.58208760743
7015 6.13637422432e-12 0.589423661804
7020 6.03909794158e-12 0.580079879844
7025 6.01952771692e-12 0.578200080297
7030 5.89371991022e-12 0.566115729605
7035 6.01772616983e-12 0.578027034383
7040 5.9619184103e-12 0.572666472466
7045 5.928e-12 0.569408471427
7050 5.95141261234e-12 0.571657347912
7055 5.91836978996e-12 0.568483450648
7060 5.96319582455e-12 0.572789173292
7065 5.88042438681e-12 0.564838640593
7070 5.98409884405e-12 0.574796993195
7075 5.96687421134e-12 0.57314249728
7080 5.91e-12 0.567679498335
7085 5.95186025048e-12 0.571700345373
7090 5.98295097363e-12 0.57468673558
7095 6.10529514475e-12 0.586438390011
7100 6.03250807477e-12 0.579446896377
7105 5.9915980669e-12 0.575517324
7110 6.09618514071e-12 0.58556333713
7115 6.127e-12 0.588523229492
7120 6.1728677952e-12 0.592929017474
7125 5.97595151366e-12 0.574014409027
7130 6.11022885503e-12 0.586912292916
7135 6.00150770038e-12 0.576469184536
7140 5.86822923424e-12 0.563667246669
7145 5.86755234866e-12 0.56360222906
7150 5.848e-12 0.561724146576
7155 6.02309907434e-12 0.57854312368
7160 5.88977619084e-12 0.565736919344
7165 5.79718466085e-12 0.556843126908
7170 5.66599171334e-12 0.544241511574
7175 5.56938990697e-12 0.534962515808
7180 5.53617210137e-12 0.531771810694
7185 5.114e-12 0.491220466072
7190 5.52308884899e-12 0.530515111177
7195 5.6453914897e-12 0.542262776443
7200 5.45882872887e-12 0.524342665703
7205 5.52826427626e-12 0.531012231982
7210 6.01208257141e-12 0.577484943839
7215 5.85082594858e-12 0.561995590412
7220 5.643e-12 0.542033064147
7225 5.79401468474e-12 0.556538637831
7230 5.63877340983e-12 0.541627082998
7235 5.78201111483e-12 0.555385646199
7240 5.32620371524e-12 0.511603494602
7245 5.56564638032e-12 0.534602934872
7250 5.64231095503e-12 0.54196687858
7255 5.697e-12 0.547219983421
7260 5.61482639427e-12 0.539326874914
7265 5.46784450636e-12 0.525208667741
7270 5.56106102439e-12 0.534162492815
7275 5.17582848826e-12 0.497159343433
7280 5.58653320718e-12 0.536609199405
7285 5.6423449963e-12 0.541970148381
7290 5.241e-12 0.503419331772
7295 5.40707073582e-12 0.5193711003
7300 5.50566434968e-12 0.528841417264
7305 5.56427852584e-12 0.534471546895
7310 5.3594323247e-12 0.51479523747
7315 5.62397277952e-12 0.540205422357
7320 5.57638943522e-12 0.535634848918
7325 5.408e-12 0.519460359898
7330 5.53049986459e-12 0.531226969319
7335 5.43774278093e-12 0.522317274781
7340 5.63770976595e-12 0.541524915684
7345 5.38156918667e-12 0.516921572952
7350 5.4254151861e-12 0.52113315924
7355 5.29368381128e-12 0.508479825776
7360 5.167e-12 0.496311331286
7365 5.39580212735e-12 0.518288704699
7370 5.30187363869e-12 0.509266491954
7375 5.2995589302e-12 0.509044154804
7380 5.02058324649e-12 0.482247407567
7385 5.05536274873e-12 0.485588119983
7390 5.20742343511e-12 0.500194166372
7395 5.28e-12 0.507165440137
7400 5.26533435207e-12 0.505756745102
