Wave Flux FluxNorm
3600 1.17842404742 1.17180125931
3603 1.16953447464 1.16296164627
3606 1.16860221829 1.16203462923
3609 1.16678467764 1.16022730323
3612 1.1651883852 1.15863998202
3615 1.1649331403 1.1583861716
3618 1.16515278561 1.1586045825
3621 1.16309114965 1.15655453301
3624 1.16530144676 1.15875240817
3627 1.16443366578 1.15788950416
3630 1.15431361646 1.14782632989
3633 1.15413140021 1.14764513771
3636 1.16052918956 1.15400697123
3639 1.15697610866 1.15047385879
3642 1.15355729235 1.14707425635
3645 1.15135581506 1.14488515146
3648 1.14672352994 1.14027889995
3651 1.14668287112 1.14023846964
3654 1.14693677084 1.14049094243
3657 1.14209592692 1.13567730424
3660 1.13817113373 1.13177456853
3663 1.13353998497 1.12716944701
3666 1.13411358364 1.12773982203
3669 1.13053537202 1.12418172009
3672 1.12620038992 1.11987110076
3675 1.11394878641 1.10768835173
3678 1.10740517794 1.10118151859
3681 1.10773091202 1.10150542203
3684 1.097393566 1.09122617229
3687 1.10122915258 1.09504020273
3690 1.10015364743 1.09397074196
3693 1.10788608069 1.10165971865
3696 1.09126145843 1.0851285274
3699 1.11934781133 1.11305703393
3702 1.07695483174 1.0709023045
3705 1.10443735033 1.09823037029
3708 1.14452119017 1.13808893741
3711 1.03422846891 1.02841606545
3714 1.17627605608 1.16966533977
3717 1.24280003613 1.23581545251
3720 1.02991511597 1.02412695373
3723 1.09220800167 1.08606975103
3726 1.38743090768 1.37963349304
3729 1.35342053952 1.34581426445
3732 1.03377596376 1.0279661034
3735 1.00582158345 1.00016882777
3738 1.40234322833 1.39446200588
3741 1.63632386163 1.6271276591
3744 1.49212866163 1.48374284162
3747 1.09026823815 1.08414088906
3750 0.926831314868 0.921622487516
3753 1.29475994515 1.28748334486
3756 1.68624402889 1.67676727311
3759 1.84049446635 1.83015081722
3762 1.77614707296 1.76616505865
3765 1.44412316856 1.43600714125
3768 1.00137569323 0.995747923625
3771 0.930105591525 0.924878362614
3774 1.36716548583 1.35948196364
3777 1.82267792848 1.81243440898
3780 2.10432463396 2.09249824923
3783 2.20669358914 2.19429188698
3786 2.14179169802 2.12975474696
3789 1.90277486091 1.89208119359
3792 1.48726240536 1.4789039339
3795 1.00773615558 1.00207263994
3798 0.876921616952 0.871993284007
3801 1.28743628502 1.28020084398
3804 1.75721675175 1.74734112656
3807 2.09593540271 2.08415616578
3810 2.28653268258 2.27368228167
3813 2.34963646518 2.3364314186
3816 2.35968687504 2.34642534477
3819 2.30500526868 2.29205105112
3822 2.2097118589 2.19729319394
3825 1.9877327893 1.97656165518
3828 1.63759994879 1.6283965746
3831 1.18056752712 1.17393269257
3834 0.831795582096 0.827120859188
3837 0.99940331882 0.993786634037
3840 1.48238378629 1.47405273286
3843 1.8891559534 1.87853882487
3846 2.14654595163 2.13448228149
3849 2.29511765074 2.28221900198
3852 2.37374993287 2.36040936768
3855 2.39374870546 2.38029574641
3858 2.45147821712 2.437700816
3861 2.44622952934 2.43248162606
3864 2.44202773506 2.42830344602
3867 2.44798101642 2.43422326971
3870 2.40249004418 2.38898795847
3873 2.31191374688 2.29892070341
3876 2.1683585384 2.15617228068
3879 1.92822369184 1.91738700112
3882 1.5770960379 1.568232698
3885 1.1158306394 1.10955962864
3888 0.813225177086 0.808654820564
3891 1.04421392021 1.03834539814
3894 1.50879563069 1.50031614168
3897 1.87137233903 1.86085515509
3900 2.10204155785 2.09022800409
3903 2.2556334225 2.24295667661
3906 2.35949808493 2.34623761567
3909 2.440267117 2.42655272269
3912 2.45819134183 2.4443762127
3915 2.47559551837 2.4616825771
3918 2.49424534828 2.48022759426
3921 2.5035109314 2.48944110445
3924 2.51378238217 2.49965482927
3927 2.49899219156 2.48494776009
3930 2.40686689452 2.39334021074
3933 2.2901994175 2.27732840939
3936 2.40495873157 2.39144277174
3939 2.48192904195 2.46798050604
3942 2.47727764772 2.46335525282
3945 2.44639487242 2.4326460399
3948 2.41716966399 2.40358507826
3951 2.36527442517 2.35198149265
3954 2.27511884939 2.26233259466
3957 2.12803062422 2.11607101092
3960 1.89002061289 1.87939862493
3963 1.5441292294 1.53545116422
3966 1.09502469303 1.08887061248
3969 0.803308028945 0.798793407173
3972 1.04038699603 1.03453998142
3975 1.4957565591 1.48735035017
3978 1.85470458434 1.84428107381
3981 2.09798697679 2.08619620994
3984 2.25258489822 2.23992528515
3987 2.34922375585 2.33602102872
3990 2.4132710062 2.39970833107
3993 2.44967773811 2.43591045576
3996 2.46860196815 2.45472833091
3999 2.47810160694 2.46417458136
4002 2.47623154311 2.46231502736
4005 2.48188874037 2.46794043095
4008 2.48512033311 2.47115386202
4011 2.48992477726 2.47593130502
4014 2.50330337912 2.48923471862
4017 2.51877862337 2.50462299141
4020 2.50375650466 2.48968529757
4023 2.43936866557 2.4256593206
4026 2.4027252013 2.389221794
4029 2.47946513902 2.46553045034
4032 2.50482699491 2.49074977163
4035 2.51453204519 2.50040027916
4038 2.5211338285 2.50696496019
4041 2.51492734007 2.50079335247
4044 2.49280610236 2.47879643696
4047 2.4868571321 2.47288090013
4050 2.48991641714 2.47592299188
4053 2.48164554596 2.46769860331
4056 2.48063457634 2.46669331538
4059 2.47757165425 2.46364760702
4062 2.45677199238 2.44296484005
4065 2.44142080522 2.42769992714
4068 2.43819924358 2.4244964708
4071 2.41964779436 2.40604928144
4074 2.39275962469 2.37931222431
4077 2.36375362072 2.35046923518
4080 2.33833605166 2.32519451383
4083 2.27741848566 2.26461930688
4086 2.18378571786 2.1715127588
4089 2.02841074624 2.01701100045
4092 1.79028968738 1.78022819103
4095 1.44878943867 1.44064718675
4098 1.03876712902 1.03292921812
4101 0.830354393881 0.825687770507
4104 1.09661533643 1.0904523164
4107 1.50556799835 1.49710664876
4110 1.81511007815 1.80490909026
4113 2.02949702454 2.01809117383
4116 2.15826669921 2.14613715802
4119 2.22570677933 2.21319822231
4122 2.26991901979 2.2571619883
4125 2.2788185724 2.26601152508
4128 2.24375154661 2.23114157731
4131 2.27880961098 2.26600261402
4134 2.34437856268 2.33120306571
4137 2.36333533011 2.35005329539
4140 2.35570425315 2.34246510537
4143 2.33633466521 2.32320437525
4146 2.35268867924 2.3394664791
4149 2.37009596869 2.35677593892
4152 2.36581605876 2.35252008225
4155 2.36760681404 2.35430077341
4158 2.36587605227 2.35257973859
4161 2.35396796528 2.34073857551
4164 2.34717727242 2.3339860466
4167 2.35000123776 2.33679414115
4170 2.32310345731 2.31004752725
4173 2.30381840242 2.2908708551
4176 2.30149772299 2.28856321798
4179 2.30083432408 2.28790354739
4182 2.32142331764 2.30837683003
4185 2.31646887558 2.30345023212
4188 2.31175932799 2.29876715236
4191 2.31310923683 2.30010947466
4194 2.30813557474 2.29516376474
4197 2.29149242824 2.27861415336
4200 2.27939918782 2.26658887742
4203 2.28874479115 2.2758819581
4206 2.29121206562 2.2783353664
4209 2.28891748464 2.27605368105
4212 2.28542415985 2.27257998887
4215 2.27617450273 2.26338231518
4218 2.27223248462 2.25946245137
4221 2.26426967729 2.25154439531
4224 2.2496406038 2.23699753778
4227 2.24543911008 2.23281965661
4230 2.23178952153 2.21924677927
4233 2.20844725638 2.19603569854
4236 2.22788573576 2.21536493293
4239 2.22430726033 2.21180656867
4242 2.21221466805 2.19978193721
4245 2.20798755199 2.1955785777
4248 2.20504427798 2.19265184501
4251 2.20138173331 2.18900988398
4254 2.20203731886 2.18966178511
4257 2.19003724944 2.17772915654
4260 2.18232639302 2.17006163542
4263 2.18616318323 2.17387686273
4266 2.17951480776 2.16726585138
4269 2.16224959943 2.15009767418
4272 2.15350148522 2.14139872471
4275 2.15852015436 2.14638918874
4278 2.16087830953 2.14873409098
4281 2.15474981406 2.1426400379
4284 2.144009153 2.13195973976
4287 2.1363819572 2.12437540909
4290 2.12308241607 2.11115061189
4293 2.11463737759 2.10275303485
4296 2.09824832193 2.08645608631
4299 2.07986748017 2.06817854558
4302 2.06462352621 2.05302026322
4305 2.06897117021 2.05734347329
4308 2.06021868423 2.04864017662
4311 2.03834020149 2.02688465179
4314 2.00643695722 1.99516070497
4317 1.98989212049 1.97870885085
4320 1.95266791214 1.94169384397
4323 1.88021494519 1.86964806546
4326 1.77935446988 1.76935442987
4329 1.63665487025 1.62745680743
4332 1.41509523895 1.40714234972
4335 1.10900613935 1.10277348254
4338 0.808386680362 0.803843516375
4341 0.806246556112 0.801715419706
4344 1.11441588818 1.10815282837
4347 1.40282771694 1.39494377165
4350 1.59665157427 1.5876783315
4353 1.74157659927 1.73178887233
4356 1.84540027965 1.83502905967
4359 1.90201069398 1.89132132131
4362 1.93904925872 1.92815172791
4365 1.9564626302 1.94546723558
4368 1.96463897994 1.95359763392
4371 1.98216170818 1.97102188376
4374 1.99134657156 1.98015512786
4377 1.99599147684 1.98477392859
4380 1.98115969576 1.97002550268
4383 1.93525073082 1.92437454787
4386 1.92592482352 1.91510105253
4389 1.94166881967 1.93075656683
4392 1.95630835246 1.94531382488
4395 1.96188696136 1.95086108179
4398 1.97143772835 1.9603581731
4401 1.96991548066 1.9588444805
4404 1.96672424187 1.9556711766
4407 1.96859770207 1.95753410788
4410 1.9660618959 1.95501255304
4413 1.95062581009 1.93966321861
4416 1.93315772853 1.92229330834
4419 1.94672720442 1.93578652326
4422 1.95897011413 1.94796062734
4425 1.94936681616 1.93841130028
4428 1.94335647542 1.93243473788
4431 1.93771685044 1.92682680781
4434 1.9251003346 1.91428119727
4437 1.92907234916 1.91823088896
4440 1.92564524984 1.91482305006
4443 1.91090517789 1.90016581789
4446 1.91130129897 1.90055971274
4449 1.90849530854 1.89776949209
4452 1.90983926354 1.89910589401
4455 1.91042916063 1.89969247586
4458 1.90857711744 1.89785084122
4461 1.90327403235 1.89257755967
4464 1.8920638642 1.88143039309
4467 1.860901595 1.85044325704
4470 1.82137850864 1.81114229193
4473 1.85208353991 1.84167475975
4476 1.85821305178 1.84776982353
4479 1.7697529548 1.75980687567
4482 1.77838446097 1.76838987245
4485 1.8638002712 1.85332564257
4488 1.85537759474 1.84495030187
4491 1.85530565646 1.84487876788
4494 1.87013741797 1.85962717433
4497 1.86908723851 1.85858289692
4500 1.85788846647 1.8474470624
4503 1.85749173131 1.84705255691
4506 1.84711002189 1.83672919309
4509 1.84564002387 1.83526745652
4512 1.8446018169 1.83423508431
4515 1.83283741492 1.82253679872
4518 1.82279188922 1.81254772926
4521 1.81166448278 1.80148285927
4524 1.82236385113 1.81212209676
4527 1.83274724278 1.82244713335
4530 1.82229006251 1.81204872284
4533 1.80831801056 1.79815519435
4536 1.81790960826 1.8076928869
4539 1.81956945471 1.80934340496
4542 1.8157242438 1.80551980427
4545 1.80214086341 1.792012763
4548 1.76840976167 1.75847123134
4551 1.77234765165 1.76238699022
4554 1.7768103931 1.76682465089
4557 1.77145913689 1.76150346895
4560 1.78660474019 1.77656395338
4563 1.78858576869 1.77853384843
4566 1.7914337849 1.78136585868
4569 1.78397139143 1.77394540415
4572 1.77309408806 1.76312923163
4575 1.76924394077 1.75930072232
4578 1.76464477587 1.7547274049
4581 1.7473462018 1.73752604948
4584 1.74062376004 1.7308413881
4587 1.74795120994 1.73812765745
4590 1.75276995897 1.74291932493
4593 1.75728767519 1.74741165141
4596 1.75953801743 1.74964934664
4599 1.75910299443 1.74921676848
4602 1.75735765304 1.74748123598
4605 1.75443798178 1.74457797338
4608 1.75200553378 1.74215919583
4611 1.75012356188 1.74028780069
4614 1.7393601876 1.72958491699
4617 1.72158786131 1.71191247184
4620 1.71813371696 1.70847773992
4623 1.731088233 1.72135945108
4626 1.72159975478 1.71192429847
4629 1.70782812349 1.69823006427
4632 1.70681425547 1.69722189424
4635 1.70571556909 1.69612938251
4638 1.71608132608 1.70643688355
4641 1.7198797828 1.7102139928
4644 1.71828135691 1.70862455012
4647 1.71420380959 1.70456991878
4650 1.71472406255 1.7050872479
4653 1.70702646035 1.69743290651
4656 1.70192753175 1.69236263408
4659 1.70211277128 1.69254683256
4662 1.69191476881 1.68240614325
4665 1.68328694668 1.67382680981
4668 1.6836823402 1.67421998121
4671 1.68585968122 1.67638508549
4674 1.68577504188 1.67630092183
4677 1.68691433612 1.67743381319
4680 1.68401010075 1.67454589974
4683 1.68323251268 1.67377268174
4686 1.68124842222 1.67179974194
4689 1.67782244988 1.6683930237
4692 1.67418124763 1.66477228514
4695 1.67079188612 1.66140197197
4698 1.66628052575 1.65691596562
4701 1.65629367288 1.64698523925
4704 1.65469914272 1.64539967041
4707 1.65910727103 1.64978302487
4710 1.65404394644 1.64474815635
4713 1.64475676064 1.63551316489
4716 1.6428375065 1.63360469704
4719 1.64679442091 1.63753937343
4722 1.6455546602 1.63630658023
4725 1.64088965221 1.63166778976
4728 1.63300545698 1.62382790401
4731 1.6265857353 1.61744426141
4734 1.62435054234 1.61522163032
4737 1.616918613 1.6078314687
4740 1.61733521888 1.60824573324
4743 1.62055561 1.61144802564
4746 1.61695465622 1.60786730936
4749 1.61299670176 1.60393159876
4752 1.60803303914 1.59899583211
4755 1.60251371914 1.59350753089
4758 1.59834903366 1.5893662511
4761 1.59244652467 1.58349691444
4764 1.58700016491 1.57808116344
4767 1.58284798144 1.57395231539
4770 1.57412822732 1.56528156662
4773 1.567976923 1.55916483287
4776 1.56623685124 1.55743454038
4779 1.56441689783 1.55562481517
4782 1.56100886964 1.55223594024
4785 1.56184519107 1.55306756151
4788 1.55847065098 1.54971198646
4791 1.55196609889 1.5432439902
4794 1.54712335199 1.53842845972
4797 1.5424680342 1.533799305
4800 1.53848034716 1.52983402891
4803 1.5299889897 1.5213903932
4806 1.52689187638 1.51831068578
4809 1.52574874735 1.51717398117
4812 1.51925773738 1.51071945093
4815 1.51484956131 1.50633604898
4818 1.51229607517 1.50379691353
4821 1.49897416575 1.49054987374
4824 1.48634416723 1.4779908563
4827 1.48421480056 1.47587345675
4830 1.47851023098 1.47020094708
4833 1.46206770923 1.45385083292
4836 1.4424797003 1.43437290935
4839 1.41606681309 1.40810846357
4842 1.378168955 1.37042359289
4845 1.32210209091 1.31467182672
4848 1.24121402138 1.23423835122
4851 1.13020078543 1.1238490139
4854 0.97734017493 0.971847485858
4857 0.778277515296 0.773903565966
4860 0.626048070796 0.622529656752
4863 0.70131926573 0.697377824699
4866 0.910136325902 0.905021325026
4869 1.0788459087 1.07278275353
4872 1.19730579625 1.19057689199
4875 1.27671402969 1.26953884813
4878 1.33309532995 1.32560328333
4881 1.37225929715 1.36454714754
4884 1.39303948115 1.38521054611
4887 1.41025712117 1.40233142234
4890 1.41821634776 1.41024591778
4893 1.42562609862 1.41761402555
4896 1.43608773182 1.42801686398
4899 1.43827108166 1.4301879433
4902 1.44066905659 1.43257244152
4905 1.44313096427 1.43502051319
4908 1.43967743071 1.43158638862
4911 1.4399554406 1.43186283609
4914 1.4401552623 1.43206153478
4917 1.4359559128 1.42788578578
4920 1.4109364927 1.40300697578
4923 1.39892614146 1.39106412317
4926 1.42425478183 1.41625041561
4929 1.43869944952 1.43061390372
4932 1.43485353111 1.42678959952
4935 1.43201778921 1.4239697946
4938 1.4312711233 1.42322732498
4941 1.42929281411 1.42126013396
4944 1.42773860164 1.41971465623
4947 1.42168432394 1.41369440379
4950 1.41731648534 1.40935111261
4953 1.41622352379 1.40826429355
4956 1.41201792203 1.40408232744
4959 1.41262476977 1.40468576467
4962 1.41623505249 1.40827575746
4965 1.40915591125 1.40123640127
4968 1.40456821459 1.39667448763
4971 1.40495469795 1.39705879895
4974 1.40501915385 1.3971228926
4977 1.40226239713 1.39438162896
4980 1.39991662393 1.39204903909
4983 1.39422612732 1.38639052329
4986 1.39363724785 1.38580495334
4989 1.38898804806 1.38118188223
4992 1.3841066009 1.376327869
4995 1.38727203088 1.37947550914
4998 1.38056417638 1.37280535304
5001 1.36855692172 1.3608655796
5004 1.3634368012 1.35577423436
5007 1.36674069955 1.35905956467
5010 1.36903072079 1.36133671591
5013 1.35770723116 1.35007686472
5016 1.33196216405 1.32447648587
5019 1.32800281021 1.32053938375
5022 1.34540361202 1.33784239239
5025 1.3519619802 1.34436390229
5028 1.34756538688 1.33999201799
5031 1.34071787934 1.3331829937
5034 1.33635789773 1.32884751536
5037 1.33013167682 1.32265628605
5040 1.3189653106 1.31155267524
5043 1.32693012286 1.31947272494
5046 1.33423138682 1.32673295552
5049 1.33185091545 1.32436586249
5052 1.32247908381 1.3150467009
5055 1.29878838629 1.29148914601
5058 1.30934955245 1.301990958
5061 1.32379477554 1.31635499839
5064 1.32220679655 1.3147759439
5067 1.31749327841 1.31008891592
5070 1.31329983139 1.30591903623
5073 1.31249185153 1.30511559725
5076 1.31104306373 1.30367495169
5079 1.31190016057 1.30452723161
5082 1.31080972755 1.30344292687
5085 1.30793447015 1.30058382852
5088 1.30660332852 1.29926016797
5091 1.30292158353 1.29559911452
5094 1.29851423447 1.29121653492
5097 1.29122599724 1.28396925787
5100 1.28604119732 1.27881359672
5103 1.29155551451 1.28429692324
5106 1.29451328814 1.28723807407
5109 1.29342223294 1.28615315065
5112 1.29179636615 1.28453642129
5115 1.28910436753 1.28185955181
5118 1.28575190095 1.27852592621
5121 1.28256545899 1.27535739218
5124 1.27782975325 1.27064830128
5127 1.27303664343 1.26588212892
5130 1.27017727817 1.26303883341
5133 1.27082879985 1.26368669351
5136 1.26825258896 1.26112496103
5139 1.26648500904 1.25936731496
5142 1.26333175319 1.25623178054
5145 1.25642320531 1.24936205896
5148 1.25355312739 1.24650811098
5151 1.25055452378 1.24352635964
5154 1.25100333628 1.2439726498
5157 1.25141140476 1.24437842492
5160 1.25012600497 1.24310024912
5163 1.24156791928 1.2345902602
5166 1.21800618261 1.2111609414
5169 1.20588663293 1.19910950404
5172 1.21921392991 1.21236190111
5175 1.23067832379 1.22376186466
5178 1.23237930453 1.22545328582
5181 1.22244241315 1.21557224014
5184 1.21325574746 1.20643720387
5187 1.22054919213 1.2136896591
5190 1.22348201803 1.2166060024
5193 1.21710416836 1.21026399649
5196 1.20943838127 1.20264129142
5199 1.2127303348 1.20591474405
5202 1.21864130248 1.21179249186
5205 1.21959031505 1.21273617095
5208 1.21660012785 1.20976278871
5211 1.21157143085 1.20476235318
5214 1.20363282901 1.19686836659
5217 1.20392602927 1.19715991905
5220 1.20638805687 1.19960810996
5223 1.19746442069 1.19073462496
5226 1.18548679687 1.17882431584
5229 1.18768280382 1.18100798115
5232 1.18561753474 1.17895431896
5235 1.17811222408 1.17149118843
5238 1.18500414457 1.17834437606
5241 1.19084001141 1.18414744511
5244 1.18628981386 1.17962281984
5247 1.18455830721 1.17790104433
5250 1.18070692039 1.17407130245
5253 1.17685113092 1.17023718266
5256 1.17444285987 1.16784244619
5259 1.16828356706 1.16171776884
5262 1.1585070232 1.15199616953
5265 1.1586610828 1.15214936331
5268 1.16464587307 1.15810051882
5271 1.16008318448 1.15356347273
5274 1.1504183312 1.14395293628
5277 1.15137037914 1.14489963368
5280 1.15702826609 1.15052572309
5283 1.15433359551 1.14784619666
5286 1.15560817479 1.14911361276
5289 1.1558550318 1.14935908243
5292 1.15312409242 1.14664349102
5295 1.15229654069 1.14582059017
5298 1.14891528568 1.14245833794
5301 1.14588391865 1.13944400731
5304 1.13898486144 1.13258372307
5307 1.13642238117 1.13003564403
5310 1.13633622139 1.12994996847
5313 1.12580023326 1.119473193
5316 1.11255695807 1.10630434552
5319 1.12437188793 1.11805287502
5322 1.12997719851 1.12362668354
5325 1.12425101848 1.11793268486
5328 1.1173887958 1.11110902813
5331 1.11675579088 1.11047958073
5334 1.11991061265 1.11361667228
5337 1.1161774324 1.10990447265
5340 1.11763413674 1.11135299025
5343 1.11897356153 1.11268488742
5346 1.116490912 1.11021619048
5349 1.11627792927 1.11000440472
5352 1.11522414478 1.10895654254
5355 1.11323360727 1.10697719192
5358 1.10972841768 1.10349170163
5361 1.09929874499 1.0931206441
5364 1.0973884079 1.09122104318
5367 1.10084677572 1.09465997484
5370 1.09994592476 1.09376418669
5373 1.10127819072 1.09508896527
5376 1.09969818608 1.09351784032
5379 1.09771543328 1.09154623066
5382 1.09342204411 1.08727697051
5385 1.09154883994 1.08541429381
5388 1.09072604121 1.08459611924
5391 1.08884658598 1.08272722662
5394 1.0844316381 1.07833709092
5397 1.08054210563 1.07446941777
5400 1.07394487966 1.06790926846
5403 1.07198169906 1.06595712101
5406 1.07571811839 1.06967254152
5409 1.07469160465 1.06865179683
5412 1.07147613771 1.06545440093
5415 1.06803069439 1.06202832114
5418 1.06903427946 1.06302626602
5421 1.06714514821 1.06114775176
5424 1.06101098111 1.05504805892
5427 1.05726459479 1.05132272743
5430 1.05718741638 1.05124598277
5433 1.05527193524 1.04934126671
5436 1.05611398719 1.05017858629
5439 1.0573968578 1.05145424711
5442 1.05640265599 1.05046563275
5445 1.05408203959 1.04815805831
5448 1.05460525504 1.04867833327
5451 1.05279134652 1.04687461898
5454 1.04973195373 1.0438324201
5457 1.04877635776 1.04288219461
5460 1.04925644573 1.04335958447
5463 1.045296041 1.03942143736
5466 1.03869354539 1.03285604803
5469 1.04296042261 1.03709894524
5472 1.04275972512 1.03689937568
5475 1.0385098603 1.03267339526
5478 1.03513707774 1.02931956787
5481 1.03388553325 1.0280750571
5484 1.03496764996 1.02915109228
5487 1.03271421856 1.02691032525
5490 1.03008271793 1.02429361375
5493 1.02956463709 1.02377844455
5496 1.02977646667 1.02398908364
5499 1.0284098984 1.02263019554
5502 1.02280433266 1.01705613329
5505 1.0194112449 1.01368211481
5508 1.01861854671 1.01289387162
5511 1.02179546509 1.01605293559
5514 1.02382383802 1.01806990898
5517 1.02417528323 1.01841937906
5520 1.022011671 1.01626792641
5523 1.01876443549 1.01303894049
5526 1.01461274482 1.00891058248
5529 1.01021761664 1.00454015509
5532 1.00692538239 1.00126642332
5535 1.00657934847 1.00092233413
5538 1.00900975604 1.00333908272
5541 1.0103212642 1.00464322015
5544 1.0051393339 0.999490412494
5547 1.00486231147 0.999214946939
5550 1.00565180149 1.0
5553 1.0048812098 0.999233739056
5556 1.00305408021 0.997416878004
5559 1.00094493964 0.99531959089
5562 0.999738840724 0.994120270296
5565 0.998419923404 0.992808765341
5568 0.997145514681 0.991541518844
5571 0.995683458349 0.990087679324
5574 0.994175664415 0.988588359249
5577 0.992265778579 0.986689207045
5580 0.990508272337 0.984941578055
5583 0.989876733182 0.984313588174
5586 0.986409544815 0.980865885538
5589 0.983906147129 0.978376557042
5592 0.984587234496 0.979053816673
5595 0.982844429428 0.977320806235
5598 0.983078119102 0.977553182564
5601 0.980602975495 0.97509194936
5604 0.979657806001 0.974152091754
5607 0.978462502332 0.972963505737
5610 0.976513121611 0.97102508061
5613 0.974872791168 0.969393968887
5616 0.972478077929 0.967012714027
5619 0.972064951975 0.966601909857
5622 0.971602347173 0.966141904912
5625 0.969100659447 0.963654276767
5628 0.96712206258 0.961686799689
5631 0.966913007267 0.961478919275
5634 0.964554984124 0.959134148312
5637 0.960779513245 0.955379895724
5640 0.959482560281 0.954090231685
5643 0.957056791715 0.951678096031
5646 0.955377667198 0.950008408257
5649 0.9555837922 0.950213374829
5652 0.95529698849 0.949928182967
5655 0.952083534869 0.946732789077
5658 0.951356189855 0.94600953177
5661 0.949524563845 0.944188199568
5664 0.95017022965 0.944830236707
5667 0.947987088863 0.942659365255
5670 0.945870973354 0.940555142395
5673 0.944934932497 0.939624362123
5676 0.943341270964 0.93803965703
5679 0.940215598983 0.934931551444
5682 0.937794153094 0.932523714174
5685 0.935395811177 0.93013885103
5688 0.933004116107 0.927760597377
5691 0.932420674684 0.927180434918
5694 0.931982903132 0.926745123657
5697 0.930810328831 0.925579139269
5700 0.927835883174 0.92262141011
5703 0.926711865192 0.921503709153
5706 0.923232567273 0.91804396502
5709 0.921795957188 0.916615428738
5712 0.921861319277 0.91668042349
5715 0.919707062077 0.914538273298
5718 0.916301027391 0.911151380657
5721 0.915410048794 0.910265409393
5724 0.913885094811 0.908749025711
5727 0.911987200089 0.906861797229
5730 0.910081093456 0.904966402988
5733 0.909365642065 0.904254972461
5736 0.90739429485 0.902294704293
5739 0.906167803444 0.901075105816
5742 0.905119882377 0.900033074105
5745 0.902302890452 0.897231913782
5748 0.901711142295 0.896643491272
5751 0.900718710994 0.895656637473
5754 0.898177975334 0.893130180844
5757 0.897767444938 0.892721957644
5760 0.89635407919 0.891316535066
5763 0.895253844347 0.890222483584
5766 0.892848339833 0.887830498098
5769 0.892172846896 0.887158801457
5772 0.891285792877 0.886276732715
5775 0.889072620077 0.884075998031
5778 0.887923927357 0.882933761008
5781 0.886016966526 0.881037517369
5784 0.884955562298 0.879982078274
5787 0.883734959031 0.878768334844
5790 0.884278415296 0.879308736864
5793 0.885977706457 0.880998477943
5796 0.885117731149 0.880143335729
5799 0.884594012176 0.879622560077
5802 0.88422980426 0.879260399023
5805 0.88334600025 0.878381562025
5808 0.882976715047 0.87801435222
5811 0.881563253152 0.876608834035
5814 0.881558207557 0.876603816796
5817 0.881255360861 0.87630267211
5820 0.879763442964 0.874819138848
5823 0.879423313769 0.874480921193
5826 0.878367964125 0.873431502653
5829 0.877474480518 0.872543040459
5832 0.876491156431 0.871565242691
5835 0.875208887572 0.870290180231
5838 0.874533391144 0.86961848012
5841 0.874317629578 0.869403931141
5844 0.872263783673 0.867361627929
5847 0.870867015626 0.865972709771
5850 0.86841560995 0.863535081089
5853 0.866343061046 0.861474179989
5856 0.866998748112 0.862126182068
5859 0.865243508792 0.860380807261
5862 0.86461427061 0.859755105421
5865 0.862884359718 0.858034916694
5868 0.860478024071 0.855642104746
5871 0.857755791507 0.852935171232
5874 0.845588445437 0.840836206111
5877 0.845267578944 0.8405171429
5880 0.850845289679 0.846063506688
5883 0.847977145954 0.84321148204
5886 0.839743827641 0.835024435291
5889 0.831659477597 0.826985519602
5892 0.831588263778 0.826914706008
5895 0.835116888113 0.830423499339
5898 0.831626673299 0.826952899666
5901 0.834570657116 0.829880338181
5904 0.840199822637 0.835477867577
5907 0.83854126951 0.833828635582
5910 0.837131276318 0.832426566605
5913 0.835103657292 0.830410342876
5916 0.831996078361 0.827320228657
5919 0.825746476424 0.821105749722
5922 0.828375127702 0.823719627878
5925 0.828447493855 0.823791587332
5928 0.829527215231 0.824865240632
5931 0.826904260783 0.822257027288
5934 0.826466344991 0.8218215726
5937 0.825599141527 0.820959242852
5940 0.81608169144 0.811495281198
5943 0.815067625848 0.810486914693
5946 0.813098591909 0.8085289468
5949 0.814201375596 0.809625532801
5952 0.814555692206 0.809977858137
5955 0.809119174273 0.804571893643
5958 0.80415612769 0.799636739571
5961 0.809505499345 0.804956047553
5964 0.809592154001 0.805042215207
5967 0.806120819833 0.80159039007
5970 0.808048588477 0.803507324579
5973 0.806947763532 0.802412686314
5976 0.79896703255 0.794476807343
5979 0.797685626969 0.793202603311
5982 0.80140392661 0.796900005967
5985 0.802735698775 0.798224293521
5988 0.800099741213 0.79560315014
5991 0.799797194528 0.79530230378
5994 0.800583595039 0.796084284689
5997 0.800007515024 0.795511442266
6000 0.796346020518 0.791870525499
6003 0.796400877814 0.791925074495
6006 0.796015326016 0.791541689513
6009 0.793577595517 0.789117659153
6012 0.792044762421 0.787593440637
6015 0.79111264723 0.786666563969
6018 0.791551183765 0.787102635912
6021 0.789585430944 0.785147930697
6024 0.788235622026 0.783805707756
6027 0.787116593883 0.782692968594
6030 0.787211065155 0.782786908933
6033 0.786599118659 0.782178401601
6036 0.786120007129 0.781701982696
6039 0.784872449949 0.780461436834
6042 0.784488616436 0.78007976048
6045 0.783382119981 0.778979482578
6048 0.783159000105 0.778757616644
6051 0.782631007322 0.778232591201
6054 0.783670166236 0.779265910002
6057 0.783961096337 0.779555205064
6060 0.783928601191 0.779522892543
6063 0.783996121937 0.77959003382
6066 0.783849396226 0.779444132712
6069 0.775755562286 0.771395786428
6072 0.773207446567 0.768861991217
6075 0.77555805159 0.771199385749
6078 0.773789242691 0.769440517624
6081 0.771335322493 0.767000388551
6084 0.771257693542 0.766923195878
6087 0.770729204529 0.766397676993
6090 0.771774424071 0.767437022362
6093 0.770915063206 0.766582491138
6096 0.770631322465 0.766300345031
6099 0.769469322013 0.765144875065
6102 0.767985389187 0.763669281998
6105 0.768185422226 0.763868190845
6108 0.769337356789 0.765013651491
6111 0.767425102035 0.763112143681
6114 0.766506400894 0.762198605676
6117 0.766789229024 0.762479844301
6120 0.765000763111 0.760701429635
6123 0.763983483041 0.759689866718
6126 0.763104012563 0.758815338897
6129 0.761573437735 0.757293365959
6132 0.762811084408 0.75852405701
6135 0.762752569991 0.758465871446
6138 0.759907701845 0.755636991567
6141 0.757922576388 0.753663022592
6144 0.75503349861 0.750790181541
6147 0.751182887659 0.74696121117
6150 0.749477500904 0.745265408753
6153 0.747876133808 0.743673041402
6156 0.73708235899 0.732939928011
6159 0.737222777497 0.73307955736
6162 0.747324014004 0.743124024533
6165 0.750580231837 0.746361942296
6168 0.749576684937 0.745364035369
6171 0.748771346823 0.744563223285
6174 0.745403634093 0.74121443723
6177 0.74457300733 0.74038847862
6180 0.744643054643 0.740458132265
6183 0.743441917565 0.739263745623
6186 0.745055245569 0.740868006663
6189 0.743484774171 0.739306361374
6192 0.740633268683 0.736470881455
6195 0.738639092251 0.734487912371
6198 0.738381059313 0.734231329588
6201 0.736087311426 0.731950472652
6204 0.734728085462 0.730598885589
6207 0.734529198194 0.730401116075
6210 0.736415514342 0.732276831054
6213 0.732516347657 0.728399577835
6216 0.729304607469 0.725205887749
6219 0.727966779094 0.723875578021
6222 0.725273528572 0.72119746367
6225 0.722217761142 0.71815886977
6228 0.720663969374 0.71661381037
6231 0.718091239793 0.714055539628
6234 0.715898855319 0.711875476438
6237 0.711991994348 0.707990572175
6240 0.710842222484 0.706847262073
6243 0.712979426322 0.708972454743
6246 0.709468347157 0.705481107977
6249 0.71164786017 0.707648372044
6252 0.715561930879 0.711540445526
6255 0.71600806768 0.711984075022
6258 0.713227014722 0.709218651687
6261 0.71183370857 0.707833175969
6264 0.708397891803 0.704416668624
6267 0.706792692188 0.702820490291
6270 0.705698802939 0.701732748742
6273 0.704884142281 0.700922666508
6276 0.66906748146 0.665307296687
6279 0.658848097478 0.655145346033
6282 0.681010971417 0.677183663775
6285 0.697595502186 0.693674988848
6288 0.691699688751 0.687812310109
6291 0.683891253738 0.680047758799
6294 0.682113665403 0.678280160579
6297 0.684243560211 0.680398085297
6300 0.686080354745 0.682224556975
6303 0.682843576383 0.679005969431
6306 0.680734262158 0.676908509633
6309 0.686010262177 0.68215485833
6312 0.688278733968 0.684410581223
6315 0.684492079562 0.680645207959
6318 0.683076233122 0.67923731863
6321 0.686111925444 0.682255950245
6324 0.684433117199 0.680586576967
6327 0.685378113691 0.681526262542
6330 0.684379472145 0.6805332334
6333 0.682720938037 0.678884020317
6336 0.681603351359 0.677772714519
6339 0.68202506261 0.678192055737
6342 0.678915513415 0.675099982326
6345 0.663576662928 0.659847336764
6348 0.659265391269 0.655560294616
6351 0.672829192382 0.66904786665
6354 0.677704361086 0.67389563672
6357 0.676653148063 0.672850331555
6360 0.673783738099 0.669997047783
6363 0.674612923168 0.670821572801
6366 0.673885473995 0.67009821192
6369 0.662631681464 0.658907666132
6372 0.657187760551 0.653494340263
6375 0.666305394506 0.662560732767
6378 0.67039168973 0.666624062856
6381 0.667893687554 0.664140099547
6384 0.665654900322 0.661913894385
6387 0.666098988122 0.662355486395
6390 0.665652321382 0.661911329939
6393 0.663252870848 0.659525364408
6396 0.66256733442 0.658843680721
6399 0.661345677707 0.657628889766
6402 0.660076419083 0.656366764423
6405 0.660323953513 0.656612907701
6408 0.659527076038 0.655820508707
6411 0.660006762016 0.656297498832
6414 0.657367636337 0.65367320514
6417 0.654513846113 0.650835453325
6420 0.654309463399 0.650632219251
6423 0.655257215915 0.651574645361
6426 0.653435733707 0.649763399953
6429 0.652562673422 0.6488952463
6432 0.650811629034 0.647154042848
6435 0.65071018277 0.647053166716
6438 0.649575137921 0.645924500863
6441 0.646917369141 0.643281668844
6444 0.645539737654 0.641911779699
6447 0.645655522932 0.642026914259
6450 0.64405708031 0.640437454945
6453 0.635302835571 0.631732409396
6456 0.632134670865 0.628582049896
6459 0.633581659657 0.630020906556
6462 0.639949896881 0.636353354044
6465 0.638417186424 0.634829257479
6468 0.637413605652 0.633831316869
6471 0.637212421094 0.633631262976
6474 0.632386148804 0.62883211452
6477 0.631612038372 0.628062354618
6480 0.629424057662 0.625886670444
6483 0.62637287534 0.622852635882
6486 0.626964641372 0.623441076167
6489 0.626318023087 0.622798091901
6492 0.623288569446 0.619785663905
6495 0.620920656762 0.617431058981
6498 0.622747874177 0.619248007364
6501 0.622170941948 0.618674317516
6504 0.620398913409 0.616912247845
6507 0.618616870157 0.615140219745
6510 0.616960206782 0.61349286688
6513 0.614189187407 0.61073742074
6516 0.606251549547 0.602844392708
6519 0.60817725728 0.60475927789
6522 0.609590854159 0.606164930301
6525 0.608174740277 0.604756775033
6528 0.605902624584 0.602497428717
6531 0.601300054372 0.597920725125
6534 0.59496032402 0.591616624299
6537 0.591039747343 0.587718081412
6540 0.583690637567 0.580410273914
6543 0.568976299944 0.565778631429
6546 0.554892373574 0.551773857263
6549 0.537184318738 0.534165322371
6552 0.509311449985 0.506449100204
6555 0.472820446676 0.470163177726
6558 0.417810379445 0.415462269172
6561 0.35217689758 0.350197649979
6564 0.346242966969 0.344297068284
6567 0.407975172287 0.405682336253
6570 0.465063791198 0.462450114947
6573 0.502431977667 0.499608290783
6576 0.530190384557 0.527210694367
6579 0.549405411076 0.546317731704
6582 0.563469680655 0.560302959552
6585 0.571144028943 0.56793417771
6588 0.57825089556 0.575001103464
6591 0.581665593507 0.578396610679
6594 0.585399148703 0.582109183153
6597 0.587082680853 0.583783253788
6600 0.58829765783 0.584991402547
6603 0.588757063332 0.585448226172
6606 0.589545264368 0.586231997489
6609 0.590279216702 0.586961824983
6612 0.590746404603 0.58742638727
6615 0.590088643886 0.586772323193
6618 0.589262135105 0.585950459423
6621 0.588355217149 0.585048638381
6624 0.587881427521 0.584577511469
6627 0.587198089916 0.583898014247
6630 0.588496266707 0.585188895235
6633 0.588848882003 0.58553952882
6636 0.589059733627 0.585749195449
6639 0.588490683263 0.58518334317
6642 0.589749509188 0.586435094446
6645 0.586222564718 0.582927971538
6648 0.586462080504 0.583166141236
6651 0.586808354612 0.58351046927
6654 0.586279098994 0.582984188089
6657 0.585456998796 0.582166708126
6660 0.584029175338 0.58074690909
6663 0.584996469162 0.581708766685
6666 0.586051071413 0.582757442032
6669 0.58421334103 0.580930039764
6672 0.58167859741 0.578409541499
6675 0.579392013624 0.576135808401
6678 0.576049325843 0.572811906653
6681 0.578891804851 0.575638410821
6684 0.580241130537 0.576980153246
6687 0.581048436983 0.577782922599
6690 0.579615729857 0.57635826734
6693 0.579476866289 0.576220184191
6696 0.577868336299 0.574620694202
6699 0.578144851497 0.574895655374
6702 0.576853089123 0.573611152753
6705 0.577469453567 0.574224053206
6708 0.576496293018 0.573256361856
6711 0.576072884988 0.572835333395
6714 0.575322654641 0.572089319371
6717 0.571758444206 0.568545139935
6720 0.570639826887 0.567432809288
6723 0.570414109246 0.567208360189
6726 0.566494969415 0.563311246073
6729 0.566442290167 0.563258862884
6732 0.568387684121 0.565193323651
6735 0.566264771448 0.563082341827
6738 0.565081312884 0.561905534346
6741 0.564676462444 0.561502959181
6744 0.562304531232 0.559144358312
6747 0.560505623804 0.557355560813
6750 0.560558796251 0.557408434429
6753 0.561770419713 0.558613248521
6756 0.558436467754 0.555298033499
6759 0.555744317627 0.552621013358
6762 0.556225596497 0.553099587422
6765 0.555046023341 0.551926643513
6768 0.553404125526 0.550293973226
6771 0.553170680048 0.550061839721
6774 0.552004405962 0.54890212014
6777 0.550113557622 0.547021898439
6780 0.548055978163 0.544975882656
6783 0.544549663405 0.54148927352
6786 0.543505730084 0.540451207144
6789 0.544475308497 0.54141533649
6792 0.543906111371 0.540849338273
6795 0.546926340798 0.543852593895
6798 0.550060496823 0.546969135844
6801 0.547664023007 0.544586130303
6804 0.550044832523 0.546953559578
6807 0.548391446446 0.545309465594
6810 0.546870159735 0.543796728572
6813 0.547868748356 0.544789705087
6816 0.545581271051 0.542515083492
6819 0.546436606117 0.543365611542
6822 0.546742856174 0.543670140462
6825 0.544338122235 0.54127892122
6828 0.544128576323 0.541070552964
6831 0.541273905552 0.538231925551
6834 0.540391503456 0.537354482589
6837 0.53988216883 0.536848010443
6840 0.53898933781 0.535960197168
6843 0.538651159034 0.535623918968
6846 0.536637072986 0.533621152162
6849 0.535653774412 0.532643379762
6852 0.534063535129 0.531062077685
6855 0.533415936322 0.530418118408
6858 0.532126332523 0.529135762232
6861 0.531057457979 0.528072894803
6864 0.531213102143 0.528227664242
6867 0.530002513053 0.527023878708
6870 0.527382981686 0.524419069207
6873 0.524565494545 0.521617416452
6876 0.525229563055 0.522277752871
6879 0.525641500183 0.522687374897
6882 0.52549009183 0.522536817464
6885 0.524128685427 0.521183062217
6888 0.522239634093 0.519304627424
6891 0.522609997923 0.519672909795
6894 0.520751901843 0.517825256286
6897 0.518897944466 0.515981718221
6900 0.518242806477 0.515330262132
6903 0.517430972218 0.514522990412
6906 0.517002464326 0.514096890751
6909 0.516309456016 0.513407777174
6912 0.51598929664 0.513089417106
6915 0.514235619563 0.511345595761
6918 0.513082685163 0.510199140896
6921 0.512550908672 0.509670353009
6924 0.510113793473 0.507246934491
6927 0.51124657661 0.508373351344
6930 0.508746323662 0.505887149913
6933 0.508969737051 0.50610930771
6936 0.508209259309 0.505353103882
6939 0.506875319491 0.504026660856
6942 0.506160289004 0.503315648868
6945 0.507290905523 0.504439911279
6948 0.50502885672 0.502190575276
6951 0.505216604306 0.502377267714
6954 0.504093251431 0.501260228125
6957 0.504180241224 0.501346729032
6960 0.503186021581 0.500358096941
6963 0.499941293111 0.497131603969
6966 0.502869167741 0.500043023832
6969 0.498631807585 0.495829477802
6972 0.498961833048 0.496157648509
6975 0.499552250234 0.496744747528
6978 0.495638253911 0.492852748014
6981 0.493692346723 0.490917776899
6984 0.499160161783 0.496354862629
6987 0.498549770154 0.495747901425
6990 0.497605564017 0.494809001762
6993 0.497344341712 0.494549247536
6996 0.497687759377 0.494890735181
6999 0.496856908774 0.49406455399
7002 0.499243014554 0.496437249765
7005 0.49483373656 0.492052752081
7008 0.494339750706 0.491561542446
7011 0.49391094737 0.491135149001
7014 0.493792619779 0.491017486416
7017 0.493181607735 0.490409908283
7020 0.492492645421 0.489724817963
7023 0.491992344757 0.489227329008
7026 0.49181389742 0.489049884552
7029 0.492149038066 0.489383141695
7032 0.49230267199 0.48953591219
7035 0.492309265638 0.489542468782
7038 0.490210339066 0.487455338257
7041 0.490965554694 0.488206309544
7044 0.48991903524 0.48716567157
7047 0.488976509253 0.486228442615
7050 0.488601219773 0.485855262276
7053 0.487468392663 0.484728801698
7056 0.487733644648 0.484992562956
7059 0.482301308025 0.479590756272
7062 0.481879325214 0.479171145021
7065 0.47736039842 0.474677614768
7068 0.485159334813 0.482432720841
7071 0.48373160251 0.481013012448
7074 0.482441676213 0.479730335586
7077 0.477484715802 0.474801233481
7080 0.481450244123 0.478744475382
7083 0.486381468844 0.483647986432
7086 0.483025083297 0.4803104639
7089 0.480762827676 0.478060922242
7092 0.482455484454 0.479744066224
7095 0.480418517657 0.477718547258
7098 0.479566233334 0.476871052806
7101 0.479799243017 0.477102752965
7104 0.479532347846 0.476837357755
7107 0.479561448135 0.4768662945
7110 0.477915218534 0.475229316771
7113 0.479454886979 0.476760332221
7116 0.477964757654 0.47527857748
7119 0.475550500357 0.472877888401
7122 0.477447740535 0.474764466017
7125 0.478438355014 0.475749513205
7128 0.473526844586 0.470865605652
7131 0.474937284725 0.472268119064
7134 0.476406096258 0.47372867582
7137 0.472312916371 0.469658499761
7140 0.473096622786 0.470437801716
7143 0.472692193579 0.470035645416
7146 0.468144477708 0.465513487882
7149 0.464964163747 0.462351047407
7152 0.468751044097 0.466116645345
7155 0.465960111947 0.46334139834
7158 0.460807159642 0.458217405823
7161 0.463426017362 0.460821545463
7164 0.469317981163 0.466680396202
7167 0.466508590689 0.46388679461
7170 0.463777748699 0.461171300057
7173 0.462400909477 0.459802198723
7176 0.462892248168 0.460290776073
7179 0.464237765125 0.461628731173
7182 0.463330312703 0.460726378668
7185 0.462932650569 0.460330951411
7188 0.463655276 0.461049515659
7191 0.461552409156 0.458958467007
7194 0.461126984133 0.458535432889
7197 0.458252413398 0.455677017351
7200 0.459464270396 0.456882063666
7203 0.458463922747 0.455887338009
7206 0.459620704196 0.457037618302
7209 0.458580832895 0.456003591118
7212 0.458615794691 0.456038356427
7215 0.45830291696 0.455727237081
7218 0.455732910702 0.453171674356
7221 0.457396058572 0.454825475271
7224 0.456805169567 0.454237907086
7227 0.453872617318 0.451321835892
7230 0.454499032651 0.451944730746
7233 0.452565212697 0.450021778934
7236 0.452633260172 0.45008944398
7239 0.451677565714 0.449139120561
7242 0.451535697453 0.448998049606
7245 0.449495593125 0.446969410742
7248 0.448903275049 0.446380421516
7251 0.44697167569 0.444459677819
7254 0.447790460331 0.445273860859
7257 0.445295558283 0.442792980256
7260 0.445722023478 0.4432170487
7263 0.443784183037 0.441290098996
7266 0.446050157756 0.443543338852
7269 0.443122337709 0.440631973264
7272 0.443642604798 0.441149316432
7275 0.440381770098 0.437906807748
7278 0.439721424817 0.437250173633
7281 0.441944730224 0.439460983978
7284 0.443667618181 0.44117418924
7287 0.439917960876 0.437445605151
7290 0.438788074414 0.436322068694
7293 0.437225073457 0.434767851863
7296 0.438107168927 0.435644989922
7299 0.435922516829 0.433472615652
7302 0.434329868522 0.431888918089
7305 0.436717229165 0.434262861675
7308 0.437774658771 0.435314348486
7311 0.434454902681 0.432013249552
7314 0.433175888262 0.430741423243
7317 0.432544699268 0.430113781555
7320 0.434607654744 0.432165143142
7323 0.432989213676 0.430555797775
7326 0.432098662703 0.429670251733
7329 0.432816995367 0.430384547339
7332 0.431180671363 0.428757419539
7335 0.43132565029 0.428901583679
7338 0.43087268997 0.428451169013
7341 0.429675185654 0.427260394717
7344 0.429206665821 0.426794507983
7347 0.428148264641 0.425742055059
7350 0.428153821063 0.425747580253
7353 0.427284968402 0.424883610577
7356 0.427194451103 0.424793601989
7359 0.425793686724 0.423400709959
7362 0.424861789476 0.422474050009
7365 0.424779261222 0.422391985567
7368 0.423150672359 0.420772549435
7371 0.423201585337 0.420823176281
7374 0.423959397029 0.421576729042
7377 0.423199412262 0.420821015419
7380 0.422318927624 0.419945479138
7383 0.422344172874 0.419970582509
7386 0.421701396756 0.419331418817
7389 0.420889564794 0.418524149381
7392 0.419563938537 0.417205973195
7395 0.417347709346 0.415002199296
7398 0.418782519095 0.41642894536
