Wave Flux FluxNorm
3600 0.663847993154 0.644484334233
3603 0.510636528438 0.4957418663
3606 0.49116776568 0.47684098427
3609 0.396229599781 0.384672052114
3612 0.521877528557 0.506654979772
3615 0.559629837513 0.543306098635
3618 0.406464711333 0.394608617596
3621 0.468253515457 0.454595115559
3624 0.554588184006 0.538411504183
3627 0.696519088481 0.676202452444
3630 0.551834662956 0.535738300077
3633 0.45780535717 0.444451717662
3636 0.530994034943 0.515505568476
3639 0.631894233679 0.613462628038
3642 0.612970194567 0.595090580712
3645 0.514044319342 0.499050255983
3648 0.457894965433 0.444538712159
3651 0.563559540642 0.547121176982
3654 0.673523364128 0.653877486107
3657 0.693154677983 0.672936177811
3660 0.716783567706 0.695875840834
3663 0.65309319659 0.634043242335
3666 0.66643901393 0.646999778005
3669 0.601485824517 0.583941196121
3672 0.707163722542 0.686536595149
3675 0.682509551124 0.662601556682
3678 0.577302424306 0.560463197023
3681 0.569488684919 0.55287737515
3684 0.645344620511 0.626520683034
3687 0.513476307832 0.498498812695
3690 0.646145393921 0.627298098833
3693 0.690526719649 0.670384873906
3696 0.647590634864 0.628701183811
3699 0.743069388941 0.721394935828
3702 0.711702875666 0.690943346558
3705 0.502901362956 0.488232326425
3708 0.508969972193 0.494123921525
3711 0.649579604063 0.630632137137
3714 0.804220666208 0.780762502837
3717 0.730056661053 0.708761773785
3720 0.411309284407 0.399311880218
3723 0.49869289636 0.484146615809
3726 0.687176548916 0.667132423682
3729 0.646377350743 0.627523289749
3732 0.55353070498 0.537384870566
3735 0.318307978 0.309023311659
3738 0.465039571385 0.451474918425
3741 0.690339712096 0.670203321142
3744 0.504816572946 0.49009167201
3747 0.427383479284 0.414917209887
3750 0.36486800772 0.354225240512
3753 0.665475200394 0.646064077768
3756 0.765073292457 0.742757011566
3759 0.46503980758 0.451475147731
3762 0.606385300417 0.588697760117
3765 0.616084075786 0.598113633708
3768 0.564621606398 0.548152263539
3771 0.593465802622 0.576155108756
3774 0.724280835032 0.703154421762
3777 0.732453937334 0.711089124359
3780 0.796926421163 0.773681022272
3783 0.81836504489 0.794494306762
3786 0.67698002995 0.657233325085
3789 0.576982542705 0.560152645989
3792 0.652022054098 0.633003343799
3795 0.545643922905 0.529728136575
3798 0.466819281042 0.453202716062
3801 0.63689813954 0.618320575898
3804 0.762096150079 0.739866708901
3807 0.639380763119 0.620730784291
3810 0.779871882784 0.757123944557
3813 0.636328693496 0.61776773992
3816 0.482562570287 0.468486792225
3819 0.551635503151 0.535544949528
3822 0.514760359441 0.499745410042
3825 0.391104913387 0.379696846746
3828 0.379129365315 0.368070611214
3831 0.425239841667 0.412836099638
3834 0.334645310794 0.324884103824
3837 0.405057982457 0.393242921334
3840 0.348165842979 0.338010258115
3843 0.59160734535 0.574350860479
3846 0.618185072607 0.600153346942
3849 0.61953957704 0.601468342086
3852 0.648853368085 0.629927084601
3855 0.556222265447 0.539997921406
3858 0.507802009687 0.4929900271
3861 0.456966347225 0.443637180643
3864 0.682705634947 0.662791920972
3867 0.618821064276 0.600770787488
3870 0.51495265444 0.499932096023
3873 0.483466192126 0.469364056486
3876 0.678208228714 0.658425698748
3879 0.513929767767 0.498939045742
3882 0.498096394282 0.48356751299
3885 0.574676717346 0.557914078822
3888 0.481279965475 0.467241599474
3891 0.62315681833 0.604980072737
3894 0.67680996014 0.65706821601
3897 0.731004698421 0.709682158027
3900 0.683524654247 0.663587050451
3903 0.64693456866 0.62806425428
3906 0.573464244842 0.556736972703
3909 0.763209323811 0.740947412675
3912 0.802239300921 0.778838931626
3915 0.777499790332 0.75482104323
3918 0.733928971842 0.712521133859
3921 0.584847289353 0.567787987301
3924 0.657637227398 0.638454729151
3927 0.501938129166 0.487297189023
3930 0.299683162047 0.290941759507
3933 0.155057415614 0.150534574633
3936 0.238429010473 0.231474318912
3939 0.447849294084 0.434786061133
3942 0.539395417328 0.523661892497
3945 0.569351348574 0.552744044744
3948 0.680883768404 0.661023196117
3951 0.780532385111 0.757765180815
3954 0.757712342726 0.735610772012
3957 0.70395393618 0.68342043445
3960 0.716944723567 0.69603229597
3963 0.459062721278 0.445672405951
3966 0.318390708372 0.309103628884
3969 0.168232596996 0.163325451594
3972 0.3796298228 0.368556470948
3975 0.576741116494 0.559918261894
3978 0.747494078819 0.725690562748
3981 0.860262053218 0.835169229029
3984 0.80821950477 0.784644700018
3987 0.840471798167 0.815956232255
3990 0.88875005812 0.862826272602
3993 0.941153323073 0.913700996444
3996 0.869477339768 0.844115716596
3999 0.925467704688 0.898472908951
4002 0.97683298863 0.948339928458
4005 0.820471933091 0.796539739532
4008 0.938806876087 0.911422992535
4011 0.973456469106 0.945061898005
4014 0.988087633516 0.959266288696
4017 0.946395747462 0.918790505529
4020 1.01319468417 0.98364099645
4023 0.990451147774 0.961560862045
4026 0.991510816319 0.962589621315
4029 1.01551336233 0.985892041512
4032 0.819691830431 0.795782391541
4035 0.891242847707 0.865246350472
4038 1.06837750832 1.03721420304
4041 0.980532626212 0.951931651998
4044 0.877053338598 0.851470732521
4047 0.815389933073 0.791605975429
4050 1.02941543654 0.999388608699
4053 0.934644768781 0.907382288965
4056 0.892639616308 0.866602376989
4059 0.870855701109 0.84545387277
4062 0.888074910189 0.862170817935
4065 0.83404101501 0.809713027418
4068 0.926317975563 0.899298378433
4071 0.854819406067 0.829885337442
4074 0.971218300679 0.942889014298
4077 0.783884783665 0.761019793877
4080 0.947764168413 0.920119011263
4083 0.968292268417 0.940048330928
4086 0.952109186433 0.924337290259
4089 1.06352134327 1.03249968657
4092 0.977857634775 0.949334686889
4095 0.944609442025 0.917056304504
4098 0.862350993905 0.837197237792
4101 0.662662532442 0.643333452005
4104 0.810878461494 0.787226098127
4107 0.9565852404 0.928682783038
4110 0.935131330467 0.907854658224
4113 1.00046905383 0.971286557656
4116 1.05318514025 1.02246497834
4119 0.945593484487 0.918011643614
4122 0.989981602768 0.96110501311
4125 1.0139586226 0.984382651699
4128 0.935845593902 0.908548087441
4131 0.936071860334 0.908767753949
4134 0.876841643821 0.85126521263
4137 1.03728271477 1.00702640776
4140 1.07427644528 1.04294107501
4143 0.844217629582 0.819592802208
4146 0.995470319869 0.966433630841
4149 0.983668448969 0.954976006522
4152 0.983382165998 0.954698074087
4155 0.912138601831 0.885532600222
4158 0.950358866808 0.922638025383
4161 1.01028127701 0.980812569919
4164 1.06722539946 1.03609569983
4167 0.968298484643 0.940054365834
4170 1.01631875536 0.986673942189
4173 0.818307846154 0.794438776445
4176 0.927569524706 0.900513421371
4179 0.951179236126 0.9234344655
4182 0.908923925061 0.882411691762
4185 0.975096641295 0.946654228316
4188 0.860654486833 0.83555021582
4191 0.96777430588 0.939545476744
4194 1.04410385078 1.01364857931
4197 0.880027174318 0.854357824979
4200 0.868069725339 0.84274916061
4203 0.89425104509 0.868166802304
4206 0.995986554409 0.966934807431
4209 1.01827740673 0.988575462019
4212 1.04929996387 1.01869312795
4215 0.946200980909 0.918601420086
4218 0.987403708191 0.958602312662
4221 1.05638319655 1.02556975112
4224 0.891216736962 0.865221001347
4227 0.618931617183 0.600878115698
4230 1.01540486354 0.985786707508
4233 0.955925029657 0.92804182986
4236 0.86510220985 0.83986820403
4239 0.89759588523 0.871414077423
4242 0.978700332869 0.950152804479
4245 1.02632057735 0.996384022886
4248 0.883492590304 0.857722158889
4251 0.879151696667 0.853507883973
4254 0.913752873391 0.887099785394
4257 1.00728171453 0.97790050112
4260 0.778826911904 0.756109454239
4263 1.00324632105 0.973982815282
4266 1.03406508503 1.00390263246
4269 0.921863221388 0.894973564156
4272 0.713583953631 0.692769555709
4275 0.824417167126 0.800369895767
4278 1.01057819688 0.981100828994
4281 0.889268913544 0.863329993629
4284 0.946104231363 0.918507492609
4287 0.860645392061 0.835541386332
4290 0.753179275795 0.731209929268
4293 0.922971770584 0.896049778286
4296 0.849380289854 0.824604873801
4299 0.63018002251 0.611798418377
4302 0.642959639465 0.624205269057
4305 0.678809200768 0.659009141159
4308 0.562994489204 0.546572607424
4311 0.652027655796 0.633008782102
4314 0.847240563859 0.822527561076
4317 1.11204338818 1.07960640096
4320 1.0700185094 1.03880733807
4323 0.879246523305 0.853599944631
4326 0.705980935658 0.685388308756
4329 1.05374271467 1.02300628897
4332 1.02952093262 0.999491027585
4335 1.04195010144 1.01155765229
4338 0.770874931243 0.748389423427
4341 0.650645517526 0.631666959167
4344 0.89293701836 0.866891104176
4347 0.995911540434 0.966861981525
4350 1.02248400722 0.992659360959
4353 0.876990960583 0.851410173999
4356 1.00025397421 0.971077751658
4359 0.976853467458 0.948359809943
4362 1.08418021581 1.05255596429
4365 1.12408742865 1.09129913104
4368 1.00158217445 0.972367209874
4371 1.00993762693 0.980478943708
4374 0.913342880896 0.886701751894
4377 0.998618053033 0.96948954836
4380 1.01753325299 0.987853014355
4383 0.713324228926 0.692517406866
4386 0.893209712947 0.867155844585
4389 0.934766278062 0.907500253964
4392 0.970113357487 0.941816300989
4395 0.945494130685 0.917915187844
4398 1.07363198991 1.04231541763
4401 0.940955260688 0.913508711304
4404 0.871392988261 0.845975487893
4407 0.967792209466 0.939562858103
4410 1.05012277995 1.01949194346
4413 1.12330631635 1.09054080286
4416 0.946634960475 0.919022740982
4419 1.12246105841 1.0897202001
4422 1.04213115886 1.01173342848
4425 1.05828285448 1.02741399828
4428 1.09863749275 1.0665915396
4431 1.03405289698 1.00389079992
4434 0.985976283185 0.957216523951
4437 1.06661085839 1.03549908419
4440 1.11507047267 1.08254518898
4443 0.980698931249 0.952093106114
4446 1.13842580975 1.10521927857
4449 1.12220895185 1.08947544719
4452 1.10250974014 1.07035083813
4455 0.917097972759 0.890347312179
4458 0.968606541277 0.940353436821
4461 0.958862250783 0.930893375728
4464 1.07391868261 1.04259374785
4467 1.07184885642 1.04058429603
4470 1.02766020497 0.997684575153
4473 1.14997850824 1.11643499854
4476 1.14804118136 1.11455418119
4479 1.13191782748 1.09890112642
4482 0.985038878825 0.956306462565
4485 1.17434414493 1.14008991849
4488 1.10511246163 1.07287764132
4491 1.08022723909 1.04871829121
4494 1.08054804284 1.0490297375
4497 1.12133908698 1.08863095524
4500 1.14948464493 1.11595554064
4503 1.19006064072 1.15534798273
4506 1.22291685725 1.18724582238
4509 1.19162297058 1.15686474128
4512 1.17807645486 1.14371336137
4515 1.12683508854 1.09396664495
4518 1.11804940312 1.08543722756
4521 1.18028616616 1.14585861801
4524 1.12128897093 1.08858230101
4527 1.00512980368 0.975811358958
4530 0.99489127888 0.965871479791
4533 1.04461470236 1.01414452996
4536 1.04149796361 1.01111870278
4539 1.16225012014 1.12834866207
4542 1.12648124417 1.0936231218
4545 1.09880084253 1.06675012466
4548 1.07399602241 1.04266883174
4551 1.07424471731 1.0429102725
4554 1.07377671753 1.04245592372
4557 1.12118377592 1.08848017443
4560 1.17778723639 1.14343257905
4563 1.14778434498 1.11430483641
4566 1.08038387356 1.04887035685
4569 1.16702255023 1.13298188603
4572 1.10073383184 1.06862673096
4575 1.1704698909 1.13632867186
4578 1.15553959411 1.12183387412
4581 1.02896643656 0.998952705518
4584 1.05885526029 1.02796970769
4587 1.0964390963 1.06445726777
4590 1.14719148931 1.11372927365
4593 1.07612534366 1.04473604321
4596 1.06866142668 1.03748983984
4599 1.09274586909 1.06087176762
4602 1.09212257111 1.0602666505
4605 1.09563857461 1.06368009634
4608 1.16835094753 1.13427153556
4611 1.13567252175 1.10254630071
4614 1.11975412338 1.08709222315
4617 1.13190390647 1.09888761147
4620 1.13396779122 1.10089129516
4623 1.14457116023 1.11118537646
4626 1.13142958551 1.0984271259
4629 1.1344000709 1.10131096575
4632 1.15178344376 1.11818728623
4635 1.12701465035 1.09414096916
4638 1.07356135203 1.04224684017
4641 1.11319157379 1.08072109535
4644 1.09572449416 1.06376350973
4647 1.00015531007 0.970981965429
4650 1.08250766155 1.05093219645
4653 1.12143296504 1.08872209499
4656 1.06653923288 1.03542954792
4659 1.17544251549 1.14115625088
4662 1.11511973341 1.08259301284
4665 1.06112395132 1.0301722237
4668 0.921372626509 0.894497279348
4671 1.10007434482 1.0679864804
4674 1.08542842387 1.0537677636
4677 1.13028739372 1.09731825048
4680 1.04194199089 1.01154977831
4683 1.09114835873 1.05932085474
4686 1.11110827244 1.07869856143
4689 1.09346630467 1.06157118894
4692 1.0786867403 1.04722272695
4695 1.12269838634 1.08995060545
4698 1.06704257511 1.03591820825
4701 1.03269644457 1.00257391362
4704 1.01581215971 0.986182123325
4707 1.04459652334 1.0141268812
4710 1.06019865644 1.02927391857
4713 1.08587839454 1.05420460916
4716 1.10799487283 1.07567597599
4719 1.14554948073 1.11213516051
4722 1.15006341244 1.11651742618
4725 1.17438732901 1.14013184294
4728 1.04281172452 1.01239414284
4731 1.04394167436 1.01349113339
4734 1.11097683953 1.07857096227
4737 1.06870712961 1.03753420967
4740 1.1236904507 1.09091373247
4743 1.15156806109 1.11797818601
4746 1.13985588991 1.10660764499
4749 1.15061981051 1.11705759478
4752 1.11452874284 1.08201926076
4755 1.07715667859 1.04573729532
4758 1.11732110755 1.08473017551
4761 1.10741680666 1.07511477133
4764 1.0619637105 1.0309874881
4767 1.05720878089 1.02637125415
4770 1.11133687486 1.07892049579
4773 1.11545068203 1.08291430808
4776 1.14254081487 1.10921425386
4779 1.14206171353 1.10874912734
4782 1.14669572886 1.11324797394
4785 1.10007419079 1.06798633087
4788 1.05830708658 1.02743752356
4791 1.13546168225 1.10234161115
4794 1.14223607825 1.10891840605
4797 1.14400565231 1.11063636374
4800 1.09255529404 1.06068675142
4803 1.09937562489 1.0673081413
4806 1.10079186339 1.06868306981
4809 1.08052256524 1.04900500305
4812 1.1141547205 1.08165614822
4815 1.16647720975 1.13245245248
4818 1.109753347 1.07738315756
4821 1.15865920585 1.12486249049
4824 1.09052361857 1.05871433751
4827 1.12613216091 1.09328422089
4830 1.06611878948 1.03502136835
4833 1.11119203924 1.07877988486
4836 1.13750707072 1.10432733807
4839 1.08553133057 1.05386766864
4842 1.05312501849 1.02240661025
4845 1.0819623605 1.05040280119
4848 1.00778637721 0.978390443392
4851 1.05599177056 1.02518974256
4854 0.954269047772 0.926434151003
4857 0.889868148331 0.863911749447
4860 0.678310110874 0.658524609126
4863 0.768386388466 0.745973468492
4866 0.906960938394 0.880505963089
4869 1.00722234491 0.977842863243
4872 0.943670836738 0.916145077221
4875 1.04109364717 1.01072617977
4878 1.0464416728 1.01591820984
4881 1.0471848856 1.016639744
4884 1.05859986255 1.02772175961
4887 1.02660088901 0.996656158189
4890 1.02954959608 0.999518854967
4893 1.12218611405 1.08945327554
4896 1.1342228476 1.10113891183
4899 1.10650651265 1.07423102952
4902 1.12934248206 1.09640090077
4905 1.11934219759 1.08669231275
4908 1.12259288895 1.08984818529
4911 0.987457598344 0.958654630903
4914 1.14125584854 1.10796676848
4917 1.09359210863 1.06169332335
4920 0.939885190214 0.912469853518
4923 1.04118669718 1.01081651562
4926 1.09148207148 1.05964483349
4929 1.15586015979 1.12214508929
4932 1.08784187252 1.05611081481
4935 1.05398647432 1.02324293845
4938 1.00975388831 0.980300564526
4941 1.12102593712 1.08832693959
4944 1.13905981676 1.10583479234
4947 1.10989077378 1.07751657576
4950 1.09324231835 1.06135373605
4953 1.12401843338 1.09123214828
4956 1.02715138634 0.997190598162
4959 1.06176033647 1.03079004625
4962 1.09120804388 1.05937879894
4965 1.103974171 1.07177255327
4968 1.08736255645 1.05564547983
4971 1.06371113106 1.03268393847
4974 1.08836267658 1.05661642764
4977 1.117455223 1.08486037897
4980 1.04860566832 1.01801908417
4983 0.924601879075 0.897632338445
4986 1.0451853076 1.01469849132
4989 1.08355644456 1.05195038771
4992 1.02486345584 0.994969403882
4995 1.11674279079 1.08416872756
4998 1.06943886792 1.03824460404
5001 1.05695216914 1.02612212746
5004 1.01072617017 0.981244486076
5007 1.01360669491 0.984040989324
5010 1.11006176689 1.07768258121
5013 0.928710409591 0.901621027997
5016 1.01592858983 0.986295157324
5019 0.933507399079 0.906278094988
5022 1.04659304488 1.01606516657
5025 1.08800321627 1.05626745236
5028 1.00092588936 0.971730067833
5031 1.03332261375 1.00318181818
5034 1.05263793245 1.02193373194
5037 0.998480445276 0.969355954458
5040 0.959987306769 0.931985615165
5043 1.0270256418 0.997068521438
5046 1.17012348567 1.13599237086
5049 1.0038088555 0.974528941277
5052 1.00322323292 0.973960400612
5055 1.05531746962 1.02453511019
5058 1.04234255389 1.01193865737
5061 1.08253627518 1.05095997546
5064 1.02394607661 0.99407878352
5067 1.02249098408 0.992666134315
5070 1.02050319197 0.990736323741
5073 1.03590315996 1.00568709292
5076 1.08942719544 1.05764989575
5079 0.993323266882 0.964349204844
5082 0.964454956156 0.936322948516
5085 1.01761923842 0.9879364917
5088 1.09058037899 1.05876944229
5091 1.09348570833 1.06159002663
5094 1.10647767273 1.07420303082
5097 1.00965902749 0.980208470677
5100 0.94301199355 0.915505451707
5103 1.07503013914 1.04367278451
5106 1.09292464539 1.06104532922
5109 1.03047968474 1.00042181404
5112 1.09653994624 1.06455517603
5115 1.04129135557 1.01091812125
5118 1.0697453848 1.03854218019
5121 1.06801448311 1.03686176685
5124 0.986004961523 0.957244365776
5127 1.03956539939 1.00924250917
5130 0.993625821324 0.964642934131
5133 0.994508189405 0.965499564581
5136 1.0152597811 0.985645856952
5139 0.988533553612 0.959699201831
5142 0.963425243093 0.935323270962
5145 1.05222616139 1.02153397176
5148 1.020512435 0.990745297158
5151 1.04338522741 1.01295091734
5154 1.01806373612 0.988368023927
5157 1.05468644001 1.02392248696
5160 1.12497886963 1.09216456974
5163 1.02438469666 0.994504609544
5166 0.917079405592 0.890329286595
5169 0.876568404798 0.850999943665
5172 0.87392545069 0.848434081395
5175 1.05546892317 1.02468214602
5178 1.1018490139 1.06970938449
5181 1.05698614842 1.0261551156
5184 0.823411694986 0.799393752057
5187 1.01768818695 0.988003429081
5190 0.994793588714 0.965776639131
5193 0.959705373 0.93171190507
5196 0.965822874911 0.937650966703
5199 0.987090789348 0.958298521291
5202 1.00102155723 0.971822945194
5205 0.911462731852 0.884876444569
5208 0.9801670633 0.951576752122
5211 1.00174555238 0.972525822259
5214 1.06289668879 1.03189325252
5217 0.979437782267 0.950868743353
5220 1.0509657354 1.0203103109
5223 1.05177007548 1.02109118933
5226 0.926256385596 0.899238584972
5229 0.978020624599 0.949492922494
5232 1.03681840176 1.0065756382
5235 1.007063534 0.977688684658
5238 1.07672606507 1.04531924229
5241 1.06905568217 1.03787259537
5244 1.05783026757 1.0269746128
5247 1.00895785828 0.979527753748
5250 1.01541033881 0.985792023074
5253 1.0051564509 0.975837228914
5256 1.08037243915 1.04885925596
5259 1.05906417273 1.02817252641
5262 0.992178820074 0.963238140192
5265 0.882233886858 0.856500170331
5268 1.006414946 0.977059015206
5271 0.955338424762 0.927472335534
5274 0.989239462015 0.960384519723
5277 0.991085201774 0.962176421442
5280 1.04485780769 1.0143805442
5283 1.03498243606 1.00479322545
5286 1.04774066102 1.01717930811
5289 1.08184641811 1.0502902407
5292 1.05284424538 1.02213402696
5295 1.06410995819 1.03307113229
5298 0.943552829351 0.916030511969
5301 1.00272740911 0.973479039391
5304 1.0341906356 1.00402452087
5307 1.01865505981 0.988942099401
5310 1.05297985593 1.02226568191
5313 1.04844374042 1.01786187952
5316 0.954615312992 0.926770316078
5319 1.02675479574 0.996805575636
5322 1.01399242364 0.9844154668
5325 0.971164634069 0.942836913079
5328 0.904659384765 0.878271543051
5331 1.06762866277 1.03648720042
5334 1.05381577864 1.02307722175
5337 0.988626859461 0.959789786059
5340 0.981884168085 0.953243770997
5343 1.03332227734 1.00318149159
5346 1.04049509456 1.01014508624
5349 0.955122532427 0.927262740523
5352 1.08515755022 1.05350479102
5355 1.07360226292 1.04228655774
5358 1.10038794314 1.06829093143
5361 1.0383823313 1.00809394977
5364 1.00119048232 0.971986942934
5367 1.00112024992 0.971918759133
5370 0.931432319973 0.90426354348
5373 1.05010384115 1.01947355708
5376 1.07660522343 1.04520192546
5379 1.08452363745 1.05288936873
5382 0.997547732076 0.968450447396
5385 1.05395449595 1.02321189285
5388 1.05476372881 1.02399752134
5391 1.01343549205 0.983874780247
5394 1.02879822572 0.998789401191
5397 0.98166759285 0.953033513004
5400 0.976864317781 0.948370343774
5403 0.97757410224 0.949059424663
5406 0.934510424198 0.907251863053
5409 1.00194790987 0.972722277217
5412 0.996091929769 0.967037109117
5415 0.97118685779 0.94285848856
5418 1.04684831724 1.01631299294
5421 1.00789065178 0.978491676392
5424 0.973499337266 0.945103515752
5427 0.99318222879 0.964212280665
5430 0.967203554987 0.938991373977
5433 1.02765490782 0.997679432514
5436 1.01238038395 0.982850448403
5439 1.03221286408 1.00210443859
5442 1.07780852393 1.04637012711
5445 0.9918484121 0.962917369827
5448 1.00443831967 0.975140044721
5451 1.09476377103 1.06283080975
5454 1.06010613674 1.02918409757
5457 1.00162457843 0.972408376973
5460 1.05617498712 1.02536761492
5463 0.97954094868 0.950968900524
5466 1.04814491317 1.0175717687
5469 1.06349801694 1.03247704064
5472 1.02537425513 0.995465303765
5475 0.999747965811 0.970586502922
5478 0.946857549841 0.91923883768
5481 0.99266259743 0.963707806337
5484 1.01359536838 0.984029993175
5487 0.989039816943 0.960190698061
5490 1.02379882715 0.993935829145
5493 0.993228490317 0.964257192799
5496 1.01418839089 0.984605717922
5499 1.05229467573 1.02160048761
5502 1.03236560154 1.00225272088
5505 0.989517044166 0.960654005132
5508 0.99436590805 0.965361433405
5511 1.02680888295 0.996858085188
5514 0.967249652288 0.939036126675
5517 1.00173218478 0.972512844578
5520 1.05937981149 1.02847895836
5523 1.06040317679 1.02947247331
5526 0.986733118082 0.957951282871
5529 0.996022711153 0.966969909526
5532 1.02888669273 0.998875287724
5535 0.973360682563 0.944968905442
5538 1.04038692453 1.01004007139
5541 1.02173391971 0.991931152615
5544 1.01987401301 0.990125497189
5547 1.02863355197 0.99862953078
5550 1.03004519721 1.0
5553 1.00584146658 0.9765022635
5556 1.02715243416 0.997191615418
5559 1.00001406171 0.970844837123
5562 0.995302547208 0.966270751909
5565 0.962687855875 0.934607392455
5568 0.987651398065 0.958842777716
5571 1.00820604967 0.978797874498
5574 1.07225235668 1.04097602667
5577 1.02360058728 0.993743371701
5580 0.993938804168 0.964946787637
5583 1.03412475783 1.00396056467
5586 1.013675389 0.984107679692
5589 0.929466139203 0.902354713872
5592 1.00255695428 0.973313556524
5595 0.950562608665 0.922835824331
5598 1.01924866804 0.98951839279
5601 0.957247083627 0.929325321083
5604 0.974198992009 0.945782762396
5607 1.02160966677 0.991810523987
5610 1.01650692973 0.986856627733
5613 0.989659697959 0.960792497883
5616 0.979006906483 0.950450435704
5619 0.951898198831 0.924132456915
5622 1.04647561724 1.01595116415
5625 0.923802045815 0.896855835373
5628 0.99996610647 0.970798280677
5631 1.07231473852 1.04103658891
5634 1.03050687381 1.00044821004
5637 0.953930255916 0.926105241304
5640 0.996658552601 0.967587204232
5643 0.933320593562 0.906096738367
5646 0.980477307934 0.951877947289
5649 0.989684660492 0.960816732288
5652 1.00988229413 0.980425224895
5655 0.987622492338 0.958814715134
5658 0.880543834861 0.854859415146
5661 0.990336923194 0.96144996926
5664 1.01289747972 0.983352461098
5667 0.968789611565 0.940531167166
5670 0.999230344206 0.970083979726
5673 1.21954163009 1.1839690466
5676 0.949927106421 0.922218858934
5679 0.984067626312 0.955363540335
5682 0.995093954885 0.966068243977
5685 0.963091016294 0.934998793163
5688 0.953493624171 0.92568134559
5691 1.00046270935 0.971280398243
5694 1.00328344034 0.974018851854
5697 0.997929355063 0.968820938893
5700 0.990757715938 0.961858487979
5703 0.96276143431 0.934678824695
5706 0.94470596506 0.917150012077
5709 0.929286980524 0.902180781039
5712 0.9571982605 0.929277922069
5715 0.95188889439 0.924123423873
5718 0.946545569832 0.918935957758
5721 0.974996441508 0.946556951238
5724 1.03412761655 1.00396334
5727 1.03661009696 1.00637340941
5730 0.969233794603 0.940962393911
5733 0.946016306015 0.918422131939
5736 0.961677201774 0.933626217936
5739 0.968099025389 0.93986072457
5742 0.961916026615 0.933858076539
5745 0.974958069003 0.946519698014
5748 0.936379787972 0.909066699702
5751 1.00336985722 0.974102748057
5754 0.94540494936 0.917828607834
5757 1.03628198835 1.00605487133
5760 0.996899882536 0.967821494859
5763 0.932829100751 0.905619581818
5766 0.991801286342 0.962871618671
5769 0.977698405478 0.949180102122
5772 1.00584977508 0.976510329647
5775 0.971944748451 0.943594272449
5778 0.976980154608 0.948482801779
5781 0.995971855933 0.966920537692
5784 0.956767139362 0.928859376223
5787 0.999960985452 0.970793309032
5790 0.950682220077 0.92295194682
5793 0.994957772002 0.965936033388
5796 1.03391556312 1.00375747193
5799 0.937177618207 0.909841258176
5802 1.04866028921 1.01807211183
5805 1.0313659143 1.00128219334
5808 0.968718730765 0.940462353875
5811 1.00920265532 0.979765410351
5814 0.967274479994 0.939060230186
5817 1.00995543034 0.980496227808
5820 0.946578178842 0.918967615602
5823 1.00976868439 0.980314929017
5826 1.01533850849 0.985722287954
5829 0.99168261515 0.962756408978
5832 1.03160415658 1.00151348638
5835 0.995381202226 0.966347112653
5838 0.997701801313 0.968600022617
5841 1.00854035975 0.979122433154
5844 1.02466335554 0.99477514027
5847 0.956815144814 0.928905981413
5850 1.04055263697 1.0102009502
5853 1.00172600946 0.97250684938
5856 1.00443807609 0.975139808242
5859 0.956650717652 0.928746350397
5862 0.941035587565 0.913586695142
5865 0.966832854869 0.938631486743
5868 1.00084538228 0.971651909049
5871 1.0105438746 0.981067507849
5874 0.995149293543 0.966121968472
5877 1.02793840541 0.997954660824
5880 1.01761564539 0.987933003467
5883 0.94947009426 0.921775177276
5886 0.937230488504 0.909892586308
5889 0.839356224193 0.814873198251
5892 0.944603001498 0.91705005184
5895 0.831664715014 0.807406041276
5898 0.915278179135 0.888580599778
5901 1.00040450954 0.971223896051
5904 0.952519843022 0.924735968482
5907 0.989257061999 0.960401606336
5910 0.965932299192 0.937757199207
5913 0.946623394588 0.919011512458
5916 0.972155441386 0.943798819721
5919 0.992573145694 0.963620963801
5922 0.969156241955 0.940887103382
5925 0.951373856773 0.923623409294
5928 0.923421049263 0.896485952038
5931 0.953337873813 0.925530138285
5934 0.978943268042 0.950388653521
5937 0.94737589305 0.919742061432
5940 0.961029265559 0.932997181252
5943 0.960195735848 0.932187964615
5946 0.939963230636 0.912545617593
5949 0.93175116864 0.904573091709
5952 0.928966851286 0.901869989592
5955 1.0074671195 0.978080498054
5958 0.96963442885 0.941351342132
5961 0.9777313449 0.949212080741
5964 0.991770730175 0.962841953792
5967 0.969419085535 0.941142280126
5970 0.926677275694 0.899647198205
5973 0.949425855633 0.921732229037
5976 0.933067524647 0.905851051172
5979 0.892177766871 0.866153999153
5982 0.958832372792 0.930864369243
5985 0.906357461683 0.879920089078
5988 0.932933968619 0.905721390815
5991 0.936200784062 0.908892917124
5994 0.970284532176 0.941982482715
5997 0.894283825823 0.868198626862
6000 0.942289654829 0.91480418275
6003 0.942389029453 0.914900658734
6006 0.91799520537 0.891218373579
6009 0.913235654931 0.886597653583
6012 0.942441344995 0.914951448294
6015 0.951571128255 0.923814926601
6018 0.942775728822 0.915276078541
6021 0.90549181599 0.879079693244
6024 0.906823124956 0.880372169505
6027 0.907231709782 0.880768836396
6030 0.943274147099 0.915759958548
6033 0.945222303372 0.917651289412
6036 0.933909984868 0.906668937827
6039 0.951060759732 0.923319444922
6042 0.938902664789 0.911515987194
6045 0.942185571898 0.914703135795
6048 0.972756005823 0.944381866406
6051 0.972994510535 0.944613414218
6054 0.919686372708 0.892860211571
6057 0.910827742336 0.884259976945
6060 0.94381962708 0.916289527525
6063 0.945316895425 0.917743122327
6066 0.918777673681 0.891978018217
6069 0.942762676557 0.915263406995
6072 0.945892986815 0.918302409814
6075 0.951664841689 0.923905906524
6078 0.905947402778 0.879521991105
6081 0.933809755602 0.90657163213
6084 0.924953031061 0.897973247743
6087 0.925946329849 0.898937573184
6090 0.920184029801 0.893343352597
6093 0.92414542451 0.897189198118
6096 0.934319783105 0.907066782735
6099 0.941783955277 0.914313233855
6102 0.857697598741 0.832679576648
6105 0.931560872505 0.904388346286
6108 0.921589698995 0.894708020086
6111 0.934440955722 0.907184420891
6114 0.937157209068 0.909821444347
6117 0.924467237056 0.897501623774
6120 0.925027822865 0.898045857959
6123 0.889985762904 0.864025933343
6126 0.932250130595 0.905057499535
6129 0.922219859645 0.895319799698
6132 0.92466197592 0.897690682337
6135 0.906681097554 0.880234284874
6138 0.844567394517 0.819932364915
6141 0.892975948959 0.866928899215
6144 0.913063027247 0.886430061244
6147 0.910515999558 0.883957327333
6150 0.909326279199 0.882802309707
6153 0.90387707537 0.877512052693
6156 0.87986170736 0.854197184496
6159 0.894362987377 0.868275479367
6162 0.79301095727 0.769879767819
6165 0.876807313044 0.851231883241
6168 0.876864709771 0.851287605774
6171 0.868614169806 0.843277724278
6174 0.891389447017 0.865388673654
6177 0.890046966278 0.864085351487
6180 0.910444075465 0.883887501181
6183 0.923410820732 0.896476021861
6186 0.904437309428 0.878055945388
6189 0.910425161516 0.883869138929
6192 0.872369817443 0.846923824126
6195 0.922215748766 0.895315808728
6198 0.934848011961 0.907579603782
6201 0.919611739353 0.892787755182
6204 0.934057617463 0.906812264154
6207 0.938174800621 0.910809353961
6210 0.938549996003 0.911173605339
6213 0.905348462023 0.878940520742
6216 0.895323551458 0.869208024933
6219 0.892221488417 0.866196445393
6222 0.919737447417 0.892909796491
6225 0.921404441544 0.894528166375
6228 0.915162726837 0.888468515087
6231 0.854923146911 0.829986052289
6234 0.914042257734 0.887380728739
6237 0.891968207453 0.865950552334
6240 0.894194052099 0.868111471731
6243 0.889019869198 0.863088213611
6246 0.854805774867 0.829872103848
6249 0.91123380826 0.884654198406
6252 0.86755613336 0.842250549501
6255 0.862081969751 0.836936060754
6258 0.862775653897 0.837609510956
6261 0.89474141652 0.868642870181
6264 0.903145034713 0.876801364794
6267 0.913228715261 0.886590916335
6270 0.892439165608 0.866407773198
6273 0.91133539015 0.884752817274
6276 0.905706532862 0.879288147079
6279 0.828988084652 0.804807485048
6282 0.864635646397 0.83941524968
6285 0.897798394232 0.871610679477
6288 0.905167964274 0.878765287898
6291 0.87859843199 0.852970757371
6294 0.892461823408 0.866429770097
6297 0.871154308748 0.845743770378
6300 0.853404141671 0.828511354631
6303 0.851793175751 0.826947378677
6306 0.894495110164 0.868403748289
6309 0.8892692525 0.863330322698
6312 0.883089974189 0.857331286609
6315 0.833006015066 0.808708217195
6318 0.827690980786 0.803548216164
6321 0.876575440622 0.851006774263
6324 0.890274017945 0.864305780326
6327 0.894210519684 0.868127458976
6330 0.886783456449 0.86091703437
6333 0.891964570475 0.865947021443
6336 0.844813026933 0.820170832524
6339 0.865183320352 0.839946948634
6342 0.878554333667 0.852927945343
6345 0.870065401949 0.8446866257
6348 0.885828712092 0.859990138774
6351 0.899777299885 0.873531862799
6354 0.878955332878 0.853317247883
6357 0.881678426759 0.855960912344
6360 0.855648498286 0.830690246024
6363 0.84622334745 0.821540015664
6366 0.878449862934 0.852826521898
6369 0.889913849637 0.8639561177
6372 0.887909492563 0.862010225346
6375 0.897345863497 0.871171348527
6378 0.884797582939 0.858989086436
6381 0.884465560767 0.858666748957
6384 0.884409867219 0.858612679924
6387 0.893819994802 0.867748325242
6390 0.896927940254 0.87076561561
6393 0.849665616272 0.824881877585
6396 0.890586844902 0.864609482492
6399 0.842628101739 0.818049639008
6402 0.874638167811 0.849126009403
6405 0.885939735334 0.8600979236
6408 0.839034462371 0.81456082184
6411 0.845638814509 0.820972532856
6414 0.869247089013 0.843892181982
6417 0.869510402399 0.844147814829
6420 0.839688935576 0.815196204837
6423 0.878528052842 0.852902431099
6426 0.887236212642 0.861356584202
6429 0.881363701077 0.855655366837
6432 0.85134751722 0.826514719477
6435 0.883089987679 0.857331299706
6438 0.847675255741 0.822949573512
6441 0.878721297412 0.853090038954
6444 0.891405453794 0.865404213532
6447 0.885849220463 0.860010048941
6450 0.819116756555 0.795224091889
6453 0.882661256755 0.856915074354
6456 0.836991130648 0.812577091681
6459 0.882614978447 0.85687014593
6462 0.819303369537 0.795405261591
6465 0.877808619674 0.852203982943
6468 0.869741436722 0.844372110154
6471 0.845116621254 0.820465571359
6474 0.873780645804 0.848293500296
6477 0.868551654336 0.84321703231
6480 0.871847628429 0.846416866746
6483 0.846775071136 0.822075646224
6486 0.872953436226 0.847490419441
6489 0.873232274128 0.847761123971
6492 0.847241791163 0.822528752581
6495 0.75776528644 0.73566217142
6498 0.826534174541 0.802425152586
6501 0.854164591093 0.829249622645
6504 0.869510739555 0.84414814215
6507 0.872508813979 0.847058766297
6510 0.87580570764 0.850259493479
6513 0.87046592651 0.845075467434
6516 0.839159605097 0.8146823143
6519 0.836075165843 0.811687844483
6522 0.864328305322 0.83911687338
6525 0.858326307311 0.833289946535
6528 0.848789136433 0.824030963624
6531 0.864674963161 0.83945341962
6534 0.846756695571 0.822057806653
6537 0.859996699899 0.834911615751
6540 0.863301858164 0.838120366468
6543 0.855401233746 0.830450193897
6546 0.819540825604 0.795635791346
6549 0.849652420511 0.824869066729
6552 0.835836161791 0.811455811896
6555 0.790345272862 0.767291838264
6558 0.778061688991 0.755366551972
6561 0.627578362143 0.609272645359
6564 0.56526829357 0.548780087613
6567 0.777322369593 0.754648797644
6570 0.792826199136 0.76970039886
6573 0.80672934055 0.783198002122
6576 0.821748631896 0.797779198546
6579 0.843074698991 0.818483209547
6582 0.83693963231 0.812527095488
6585 0.837892732224 0.813452394607
6588 0.840390796579 0.815877593387
6591 0.837467123307 0.813039200198
6594 0.797512147471 0.774249663638
6597 0.8320229831 0.807753859106
6600 0.846576318762 0.821882691222
6603 0.847855728709 0.823124782296
6606 0.83577225567 0.811393769841
6609 0.820604998223 0.796668923311
6612 0.847627663858 0.822903369827
6615 0.850839763923 0.826021776741
6618 0.84841920257 0.823671820293
6621 0.849170349829 0.824401057477
6624 0.842068741647 0.817506594787
6627 0.836121879929 0.811733195974
6630 0.841731224104 0.81717892223
6633 0.801372701346 0.777997609733
6636 0.827548903027 0.803410282644
6639 0.83389594891 0.809572192724
6642 0.834592529339 0.810248454728
6645 0.825341459238 0.801267227374
6648 0.83448104132 0.810140218682
6651 0.845984423278 0.821308060627
6654 0.839908385365 0.815409253536
6657 0.838738694987 0.81427368164
6660 0.838794641388 0.81432799615
6663 0.7992708223 0.775957040007
6666 0.828215513086 0.804057448479
6669 0.832339259494 0.808060910093
6672 0.835397681962 0.811030122004
6675 0.834226279043 0.809892887519
6678 0.793499814214 0.770354365385
6681 0.829717495411 0.80551561976
6684 0.836396501079 0.811999806751
6687 0.836646701995 0.812242709603
6690 0.835284260532 0.810920008942
6693 0.834616619816 0.810271842514
6696 0.807128837985 0.78358584669
6699 0.825682105304 0.801597937198
6702 0.826241308663 0.802140829258
6705 0.814109187615 0.790362587798
6708 0.825203023931 0.801132830061
6711 0.824639776689 0.800586012073
6714 0.809141125071 0.785539437748
6717 0.785597733162 0.762682778669
6720 0.810641383434 0.786995935354
6723 0.81838380884 0.794512523389
6726 0.807574068865 0.784018090713
6729 0.822966778658 0.798961813411
6732 0.82481714554 0.800758207285
6735 0.82151927029 0.797556527146
6738 0.811261194656 0.787597667417
6741 0.816133891291 0.792328233268
6744 0.812409331582 0.78871231455
6747 0.81066397799 0.787017870853
6750 0.794927514078 0.771740420937
6753 0.807901560812 0.784336030109
6756 0.813090781595 0.789373887474
6759 0.817959142596 0.794100244156
6762 0.822956979477 0.79895230006
6765 0.819388093548 0.795487514303
6768 0.801606721114 0.778224803422
6771 0.809995418215 0.786368812173
6774 0.820232668442 0.796307453948
6777 0.822079015017 0.798099944783
6780 0.820902990806 0.796958223804
6783 0.808314390153 0.784736817708
6786 0.806042305795 0.782531007356
6789 0.82009165935 0.796170557925
6792 0.818723709823 0.794842509863
6795 0.808901139924 0.785306452684
6798 0.810091562255 0.786462151806
6801 0.815747903952 0.791953504721
6804 0.80390798008 0.780458937392
6807 0.805260846074 0.781772341889
6810 0.800376721383 0.777030681325
6813 0.808409793736 0.784829438481
6816 0.811401618815 0.787733995569
6819 0.803967722991 0.780516937673
6822 0.809160469178 0.785558217611
6825 0.812852863349 0.789142909021
6828 0.790428698163 0.767372830148
6831 0.811427418576 0.787759042782
6834 0.807638265344 0.784080414657
6837 0.797559252361 0.774295394534
6840 0.774104068357 0.751524370439
6843 0.764839610748 0.742530146076
6846 0.808781435546 0.78519023994
6849 0.802535332977 0.779126328778
6852 0.807091559488 0.783549655563
6855 0.770608495543 0.74813075934
6858 0.785273394985 0.762367901051
6861 0.786294539827 0.763359260309
6864 0.802258705741 0.77885777043
6867 0.799273994479 0.775960119657
6870 0.809498770864 0.785886651438
6873 0.799271148242 0.775957356442
6876 0.797062217803 0.773812857885
6879 0.795089045067 0.771897240258
6882 0.774285188617 0.751700207636
6885 0.79397165435 0.770812442503
6888 0.809196943883 0.785593628391
6891 0.817163965517 0.79332826145
6894 0.811226510021 0.787563994491
6897 0.807743414596 0.784182496831
6900 0.805020403041 0.781538912295
6903 0.794630619825 0.771452186737
6906 0.790469104851 0.767412058221
6909 0.797649493282 0.774383003234
6912 0.794302275007 0.771133419348
6915 0.774756213753 0.752157493527
6918 0.785225001937 0.762320919571
6921 0.796386336271 0.773156691015
6924 0.778673065793 0.755960095637
6927 0.789278967905 0.766256636159
6930 0.794005679667 0.770845475342
6933 0.782156108524 0.759341542141
6936 0.79685435115 0.773611054456
6939 0.798613832655 0.775319213971
6942 0.795969732465 0.772752239048
6945 0.774136525413 0.751555880761
6948 0.79115464109 0.76807759818
6951 0.779702243273 0.75695925323
6954 0.786387225915 0.763449242854
6957 0.79484659445 0.771661861638
6960 0.78890644088 0.765894975305
6963 0.795877764437 0.772662953619
6966 0.782883923951 0.760048128054
6969 0.798205396612 0.774922691523
6972 0.787127628458 0.764168048733
6975 0.774334997446 0.751748563601
6978 0.733997704623 0.712587861786
6981 0.778913354082 0.756193375002
6984 0.793476236908 0.770331475801
6987 0.786705586555 0.763758317292
6990 0.792965153116 0.769835299717
6993 0.796061312382 0.772841147688
6996 0.796740385806 0.773500413345
6999 0.773220078709 0.750666165721
7002 0.784487509118 0.761604938544
7005 0.754102121835 0.732105856984
7008 0.77918552637 0.756457608347
7011 0.774512516661 0.751920904791
7014 0.77881450593 0.756097410133
7017 0.735801150074 0.714338702872
7020 0.789216000646 0.76619550558
7023 0.749282424849 0.727426744844
7026 0.771479000565 0.748975872762
7029 0.782095178495 0.759282389369
7032 0.778576949646 0.755866783085
7035 0.760539333397 0.738355302716
7038 0.758043919884 0.735932677457
7041 0.790019852423 0.766975909954
7044 0.787361446575 0.764395046652
7047 0.790655168431 0.767592694546
7050 0.790328544386 0.767275597738
7053 0.775752960455 0.753125166309
7056 0.778033584316 0.755339267076
7059 0.775054615271 0.752447191027
7062 0.77102369607 0.74853384896
7065 0.777763938324 0.755077486339
7068 0.756035129624 0.733982481227
7071 0.781372765847 0.758581048641
7074 0.785156606387 0.762254519038
7077 0.782683194421 0.759853253567
7080 0.782558147162 0.759731853788
7083 0.764751434891 0.742444542203
7086 0.761795295847 0.739574630231
7089 0.765274091739 0.742951953771
7092 0.767409991452 0.745025551822
7095 0.770791325724 0.748308256581
7098 0.773857985843 0.751285465861
7101 0.777819305266 0.755131238293
7104 0.781109752531 0.758325707111
7107 0.772872150761 0.750328386419
7110 0.76637791985 0.744023584525
7113 0.764310233779 0.742016210405
7116 0.770882019163 0.7483963046
7119 0.767057073095 0.744682927675
7122 0.746232781521 0.724466055997
7125 0.776436754628 0.753789015017
7128 0.767622251637 0.745231620628
7131 0.739099455702 0.717540800835
7134 0.768297341052 0.745887018486
7137 0.777910696842 0.755219964084
7140 0.769714524215 0.747262864096
7143 0.756577855789 0.734509376713
7146 0.757999304375 0.735889363329
7149 0.736841176356 0.71534839282
7152 0.762446861044 0.740207190044
7155 0.76007438251 0.737903913895
7158 0.761225028342 0.739020996752
7161 0.762280867611 0.740046038442
7164 0.71402381372 0.693196585601
7167 0.751977466026 0.730043174866
7170 0.770673250025 0.74819362501
7173 0.770581882589 0.748104922654
7176 0.753859389078 0.731870204453
7179 0.779941916774 0.75719193574
7182 0.750162869727 0.728281508189
7185 0.753198363625 0.73122846033
7188 0.717665188006 0.696731745316
7191 0.739089289931 0.717530931588
7194 0.720002828559 0.699001199666
7197 0.736652422447 0.715165144639
7200 0.74897102842 0.72712443148
7203 0.739747945116 0.718170374581
7206 0.727999298023 0.706764421596
7209 0.728326525218 0.707082103961
7212 0.753571380894 0.731590597127
7215 0.742174935775 0.720526572801
7218 0.739064295342 0.717506666062
7221 0.733519839788 0.712123935702
7224 0.734980293379 0.713541789594
7227 0.739127163978 0.717567700894
7230 0.744811681303 0.723086407588
7233 0.750218795238 0.72833580242
7236 0.731984300839 0.710633186604
7239 0.739215266309 0.717653233383
7242 0.74660275979 0.724825242438
7245 0.732073880841 0.710720153664
7248 0.744580941918 0.722862398597
7251 0.724357118951 0.703228480569
7254 0.738253309832 0.716719336037
7257 0.746278462265 0.724510404288
7260 0.733622433249 0.712223536634
7263 0.727654528542 0.706429708631
7266 0.737818426651 0.716297137882
7269 0.73771177449 0.716193596639
7272 0.736611527149 0.715125442208
7275 0.727753622193 0.706525911838
7278 0.735080560274 0.713639131822
7281 0.736010089589 0.714541547869
7284 0.712806265507 0.692014551826
7287 0.723132388414 0.702039473969
7290 0.688162693357 0.668089803459
7293 0.696187710487 0.675880740353
7296 0.73454410292 0.713118322293
7299 0.734778691516 0.713346068218
7302 0.728092824097 0.706855219625
7305 0.723800630208 0.702688223943
7308 0.711268519128 0.690521659685
7311 0.706980001487 0.68635823302
7314 0.738349204608 0.716812433676
7317 0.734760010198 0.713327931812
7320 0.725658840419 0.704492232365
7323 0.735094824935 0.7136529804
7326 0.697659501049 0.677309600529
7329 0.737562473195 0.716048650285
7332 0.72598414568 0.704808048857
7335 0.743468172257 0.721782087108
7338 0.738581025252 0.717037492387
7341 0.74369315877 0.722000511031
7344 0.729449926631 0.708172737087
7347 0.74337852823 0.721695057891
7350 0.729075091784 0.707808835728
7353 0.72531091895 0.704154459353
7356 0.711872976147 0.69110848541
7359 0.741173396778 0.719554247509
7362 0.712550808852 0.691766546538
7365 0.726331294726 0.705145071978
7368 0.737265882117 0.715760710417
7371 0.734131098278 0.712717364506
7374 0.725561176223 0.704397416918
7377 0.727062141662 0.705854600974
7380 0.739689118471 0.71811326384
7383 0.724024576723 0.702905638203
7386 0.684312463711 0.664351880446
7389 0.678516312717 0.658724796305
7392 0.723760215123 0.702648987718
7395 0.71999147692 0.698990179141
7398 0.729869124817 0.708579707759
