Wave Flux FluxNorm
3600 0.0787762345394 0.0713024871877
3603 0.0504859020827 0.0456961469085
3606 0.0360386943671 0.0326195909007
3609 0.0346363780059 0.0313503166714
3612 0.0507427841494 0.0459286577715
3615 0.0667031045287 0.0603747727198
3618 0.0443757794394 0.0401657106794
3621 0.0536854781116 0.0485921691687
3624 0.0735816370477 0.0666007173803
3627 0.0959499106694 0.0868468430379
3630 0.0639570639247 0.0578892575625
3633 0.0474155663375 0.0429171035027
3636 0.0621063887686 0.0562141617372
3639 0.0870456029182 0.078787314767
3642 0.0798179217253 0.0722453462576
3645 0.0653389432133 0.059140033648
3648 0.0436156678582 0.0394777132574
3651 0.0686623009169 0.062148094029
3654 0.0817513021377 0.0739953008332
3657 0.0980975871008 0.0887907627001
3660 0.106689231469 0.0965672909398
3663 0.0926054490036 0.0838196808936
3666 0.101908014338 0.0922396828069
3669 0.0799556082871 0.0723699700653
3672 0.0958109063397 0.0867210264831
3675 0.0992747393855 0.0898562348719
3678 0.0771019554452 0.0697870521792
3681 0.070841341815 0.064120402513
3684 0.0853992809271 0.077297184484
3687 0.0510067119096 0.0461675458809
3690 0.0800763673628 0.0724792723505
3693 0.0942095012161 0.085271551664
3696 0.0857675450484 0.0776305102382
3699 0.110714707195 0.100210857214
3702 0.0968971260136 0.0877041931048
3705 0.0514979152467 0.0466121472236
3708 0.0518424229911 0.0469239704425
3711 0.0798491238506 0.0722735881398
3714 0.105842273545 0.0958006865579
3717 0.0781536294145 0.0707389505551
3720 0.0348364537387 0.0315314105948
3723 0.0499988343859 0.045255288845
3726 0.0724909086115 0.0656134697567
3729 0.0612776362097 0.0554640355214
3732 0.0513547358708 0.0464825517222
3735 0.0280209388342 0.0253625048708
3738 0.0407805431721 0.036911565703
3741 0.066324323173 0.0600319275341
3744 0.0462643762101 0.0418751303772
3747 0.0373695705629 0.0338242027161
3750 0.0352732768073 0.0319267908948
3753 0.0679139946292 0.0614707818954
3756 0.0811058106566 0.0734110491445
3759 0.0445118168633 0.0402888418081
3762 0.0644377021016 0.0583242960948
3765 0.0579355392148 0.0524390137042
3768 0.0610730043739 0.0552788177468
3771 0.0924881502612 0.0837135106491
3774 0.0998773705901 0.0904016925724
3777 0.0912014034305 0.0825488415082
3780 0.105154011398 0.0951777219904
3783 0.107108706333 0.0969469689134
3786 0.0846037669967 0.0765771434442
3789 0.0574771442828 0.0520241081307
3792 0.0761211320749 0.0688992825847
3795 0.0604743804609 0.0547369871537
3798 0.0556151002962 0.0503387220714
3801 0.0740330228964 0.067009278844
3804 0.0962354022769 0.0871052491652
3807 0.0763290310616 0.0690874575453
3810 0.0961543825399 0.0870319160236
3813 0.0756464447079 0.0684696302903
3816 0.0533388597604 0.0482784355829
3819 0.051246738967 0.0463848008218
3822 0.0464655689499 0.0420572353336
3825 0.0374522741303 0.0338990599378
3828 0.0471353373046 0.0426634606731
3831 0.0592565965132 0.0536347381716
3834 0.0418077811444 0.0378413464013
3837 0.0620352932785 0.0561498112983
3840 0.0443296403751 0.0401239489722
3843 0.0695813487639 0.062979948937
3846 0.0780963307584 0.0706870880014
3849 0.0693910910133 0.0628077415333
3852 0.0722714758669 0.0654148552817
3855 0.0688441055765 0.0623126503128
3858 0.0571923906781 0.0517663699896
3861 0.0521420515778 0.0471951723296
3864 0.0739079766086 0.0668960960881
3867 0.0721252798525 0.0652825293397
3870 0.0716864002095 0.0648852875788
3873 0.0590750467013 0.0534704125573
3876 0.0736697593019 0.0666804792011
3879 0.0608936739921 0.0551165009983
3882 0.0689831970591 0.0624385457522
3885 0.0734349202317 0.0664679200468
3888 0.0600196974644 0.0543254413528
3891 0.0920420830738 0.0833097632487
3894 0.0991927775638 0.0897820490241
3897 0.090313576179 0.0817452452003
3900 0.0831851018831 0.0752930715197
3903 0.0924062268215 0.083639359542
3906 0.0804715737343 0.0728369842594
3909 0.110910924429 0.100388458706
3912 0.110638987752 0.100142321511
3915 0.11025158131 0.0997916695275
3918 0.0935334942444 0.0846596795845
3921 0.0690467635995 0.0624960815364
3924 0.0751522883799 0.0680223561162
3927 0.0641934351472 0.058103203509
3930 0.0361580771669 0.0327276474815
3933 0.022401699107 0.0202763799628
3936 0.0287318476439 0.026005967542
3939 0.0577968881825 0.0523135169283
3942 0.0640446586267 0.0579685418816
3945 0.0668975846291 0.0605508018858
3948 0.0902688286581 0.0817047430164
3951 0.118295864797 0.107072766721
3954 0.124011146266 0.112245821592
3957 0.100486590355 0.0909531137563
3960 0.0853517122127 0.077254128762
3963 0.0547446900747 0.0495508903855
3966 0.0424934448528 0.0384619590527
3969 0.0272405418196 0.0246561465578
3972 0.0533949273799 0.0483291838922
3975 0.0896387544256 0.0811344458938
3978 0.120975556275 0.109498227501
3981 0.140340490727 0.127025950154
3984 0.143522751552 0.129906299959
3987 0.175104909166 0.158492159663
3990 0.152704884432 0.138217295221
3993 0.18233374486 0.165035173143
3996 0.171896736457 0.155588356317
3999 0.179234425404 0.162229895802
4002 0.222421338637 0.201319531724
4005 0.167600230662 0.151699473443
4008 0.202518202577 0.18330466833
4011 0.216774931651 0.196208816999
4014 0.234460574649 0.212216567822
4017 0.245060490613 0.221810836661
4020 0.250758946797 0.226968662513
4023 0.218142000507 0.197446187764
4026 0.228558421538 0.206874370407
4029 0.249637547682 0.225953654033
4032 0.134923350688 0.122122751106
4035 0.163814805842 0.148273183695
4038 0.271092457169 0.245373069264
4041 0.234376607828 0.212140567196
4044 0.180699181393 0.163555685816
4047 0.14765369296 0.133645326056
4050 0.256018341051 0.231729081612
4053 0.261508289622 0.236698181618
4056 0.216768802489 0.19620326933
4059 0.208180004689 0.188429317597
4062 0.203833772783 0.184495426283
4065 0.177047155396 0.160250138929
4068 0.229998904089 0.20817818988
4071 0.202211932279 0.183027454851
4074 0.248613529842 0.225026787963
4077 0.163472408372 0.147963270543
4080 0.259809854816 0.235160882627
4083 0.268661113377 0.243172394649
4086 0.266522276521 0.241236475924
4089 0.341365010313 0.308978645863
4092 0.288109466045 0.260775621372
4095 0.2669918532 0.241661502397
4098 0.225583899806 0.204182050839
4101 0.185243279222 0.167668670895
4104 0.236571843503 0.214127534008
4107 0.301918654293 0.273274688811
4110 0.252616233601 0.228649742718
4113 0.233871198764 0.211683107868
4116 0.256105819204 0.231808260439
4119 0.216398763927 0.195868337482
4122 0.237199624949 0.214695755868
4125 0.292488365656 0.264739081103
4128 0.255795316107 0.23152721574
4131 0.205050921531 0.185597100328
4134 0.205587332972 0.186082620741
4137 0.261202755165 0.23642163417
4140 0.25704826455 0.232661293052
4143 0.152855093301 0.138353253305
4146 0.230386697104 0.208529191761
4149 0.233305976412 0.211171509926
4152 0.216354422163 0.19582820256
4155 0.231067327252 0.209145248402
4158 0.265066044106 0.239918400826
4161 0.276255993921 0.250046725161
4164 0.280912165489 0.254261151194
4167 0.240547372051 0.217725891749
4170 0.25790560064 0.23343729099
4173 0.180587353988 0.163454467826
4176 0.230392838873 0.208534750842
4179 0.258958000963 0.234389846808
4182 0.244031512117 0.220879480567
4185 0.305912928234 0.276890013511
4188 0.254465541004 0.230323600553
4191 0.25749942828 0.23306965347
4194 0.302648477256 0.27393527119
4197 0.229265208937 0.207514102678
4200 0.217477163304 0.196844425743
4203 0.223676003746 0.202455162836
4206 0.269430544731 0.243868827648
4209 0.314104168511 0.284304125245
4212 0.298487205668 0.270168792432
4215 0.220311959644 0.199410276103
4218 0.329112239254 0.297888333454
4221 0.316784239132 0.286729929198
4224 0.169675429848 0.153577792002
4227 0.0607211827888 0.0549603745741
4230 0.204247018261 0.184869465872
4233 0.252043087242 0.228130972544
4236 0.260739521874 0.236002349268
4239 0.300696828433 0.272168781386
4242 0.32992549913 0.298624436826
4245 0.442915110492 0.400894370945
4248 0.337128840691 0.305144374881
4251 0.231221807719 0.209285072824
4254 0.205501517904 0.186004947216
4257 0.324305779573 0.293537877611
4260 0.253847055486 0.229763792688
4263 0.364323759532 0.329759226854
4266 0.423338903375 0.383175419724
4269 0.315875896966 0.285907764289
4272 0.168792595078 0.152778714523
4275 0.195107231062 0.176596798823
4278 0.374643524915 0.339099923872
4281 0.322160868491 0.291596460941
4284 0.332162633234 0.300649327032
4287 0.313892186477 0.284112254609
4290 0.17964966301 0.162605738519
4293 0.310606688555 0.281138462134
4296 0.336109754698 0.304221972758
4299 0.239186338869 0.216493984035
4302 0.247543855623 0.224058597077
4305 0.258437810026 0.23391900801
4308 0.160251026523 0.145047511248
4311 0.308902738971 0.279596171568
4314 0.354184297462 0.320581727211
4317 0.52578142236 0.475898897054
4320 0.442102068289 0.400158464595
4323 0.390644902535 0.353583200832
4326 0.214447637813 0.194102320795
4329 0.493670161259 0.446834131562
4332 0.47276553047 0.427912788371
4335 0.555674419577 0.502955852283
4338 0.339655339911 0.307431177231
4341 0.343420700524 0.310839306324
4344 0.439269628087 0.397594746839
4347 0.472539130144 0.42770786735
4350 0.519947801416 0.470618729945
4353 0.368930638706 0.333929037016
4356 0.496342976052 0.449253368069
4359 0.430958310857 0.390071950227
4362 0.506945288935 0.458849806423
4365 0.573207862604 0.518825842821
4368 0.437036203316 0.39557321405
4371 0.489086133996 0.442685005279
4374 0.3875422054 0.350774866262
4377 0.456895612832 0.413548499374
4380 0.431517632969 0.390578207704
4383 0.207497960046 0.187811980658
4386 0.342695010538 0.310182464814
4389 0.394024328716 0.356642010299
4392 0.410062118226 0.37115824464
4395 0.403174742577 0.364924295824
4398 0.546673389878 0.494808778378
4401 0.435353218467 0.394049899229
4404 0.300130943709 0.271656583912
4407 0.308441401244 0.279178602391
4410 0.471976504739 0.427198619975
4413 0.505225103637 0.457292820476
4416 0.352928821062 0.319445361778
4419 0.543299230961 0.491754736453
4422 0.434414488966 0.393200229926
4425 0.481644809662 0.435949662621
4428 0.484470984087 0.438507709053
4431 0.454084516425 0.41100410046
4434 0.410319873479 0.371391545847
4437 0.462823069614 0.418913599822
4440 0.574087462542 0.519621992367
4443 0.412170006626 0.373066151085
4446 0.593182543061 0.536905462972
4449 0.568127338699 0.514227324083
4452 0.547583967583 0.495632966733
4455 0.407725837189 0.36904361388
4458 0.426401340019 0.385947313442
4461 0.364941175251 0.330318066416
4464 0.52535851363 0.475516110996
4467 0.496238871866 0.449159140573
4470 0.480908724583 0.435283412231
4473 0.581266961239 0.526120349604
4476 0.601022140591 0.544001293405
4479 0.613353200074 0.55516246677
4482 0.479823853182 0.434301465967
4485 0.678280476187 0.613929889462
4488 0.582810849477 0.527517764345
4491 0.543300000054 0.49175543258
4494 0.500957526436 0.453430121649
4497 0.501790290198 0.454183878513
4500 0.634204930017 0.574035927984
4503 0.692234081449 0.626559672622
4506 0.660604271182 0.59793068122
4509 0.663746619879 0.600774905484
4512 0.625769950068 0.566401200921
4515 0.593109306122 0.53683917425
4518 0.580057194684 0.52502535738
4521 0.693437141243 0.627648594376
4524 0.578195070909 0.523339899102
4527 0.441676665869 0.399773421431
4530 0.448183571427 0.40566299654
4533 0.511296966038 0.462788626331
4536 0.49563323209 0.448610959733
4539 0.619282945749 0.560529638958
4542 0.561010135241 0.507785351941
4545 0.556519779646 0.503721010403
4548 0.595117843827 0.538657155711
4551 0.622584695919 0.563518141779
4554 0.526362325933 0.476424688491
4557 0.676583184477 0.612393625116
4560 0.690266201472 0.624778491564
4563 0.635199600907 0.574936231341
4566 0.619670899878 0.560880786667
4569 0.724344260513 0.655623458734
4572 0.589108384529 0.533217832582
4575 0.669770973359 0.606227709738
4578 0.63867922626 0.578085733771
4581 0.572442408247 0.518133009509
4584 0.641345844965 0.580499362033
4587 0.642245601407 0.581313755772
4590 0.712035684428 0.644482635695
4593 0.606134012021 0.54862818563
4596 0.587262083539 0.531546695932
4599 0.640820878543 0.580024200815
4602 0.630968929419 0.571106936867
4605 0.591501969145 0.535384330352
4608 0.76319961217 0.690792481852
4611 0.733201403922 0.66364029729
4614 0.720856104482 0.652466234957
4617 0.798848439328 0.723059193463
4620 0.74018044439 0.669957214397
4623 0.761015759421 0.688815818033
4626 0.711308496172 0.64382443806
4629 0.721258033851 0.652830032032
4632 0.774610141169 0.701120458335
4635 0.675414054393 0.611335414053
4638 0.638986021192 0.57836342211
4641 0.602681507037 0.545503230575
4644 0.631556917909 0.571639141053
4647 0.506967843868 0.458870221499
4650 0.653092935109 0.591131969054
4653 0.711374537173 0.643884213545
4656 0.622185966249 0.563157240838
4659 0.813381718408 0.736213654976
4662 0.736128786126 0.666289949604
4665 0.664037258404 0.601037970225
4668 0.518132099454 0.468975289297
4671 0.70926597571 0.641975697892
4674 0.6698292853 0.606280489443
4677 0.739718633507 0.669539216954
4680 0.646473940774 0.58514093938
4683 0.680055656118 0.61553665253
4686 0.689503080639 0.624087770386
4689 0.672265402874 0.608485484936
4692 0.653434618483 0.59144123586
4695 0.731187580382 0.661817531478
4698 0.657213770831 0.594861848224
4701 0.650285361771 0.588590758966
4704 0.675754089866 0.6116431893
4707 0.647201800832 0.585799745081
4710 0.64933937726 0.587734522959
4713 0.682343649857 0.617607577159
4716 0.676955413865 0.61273053994
4719 0.782275413922 0.708058502727
4722 0.752441073103 0.68105463898
4725 0.80003531628 0.724133467693
4728 0.578591195649 0.52369844225
4731 0.613712688772 0.555487849654
4734 0.689289359776 0.623894325889
4737 0.706071737299 0.639084506853
4740 0.746873313005 0.676015109668
4743 0.710271475635 0.642885802899
4746 0.731867938082 0.662433341519
4749 0.753404339077 0.681926516903
4752 0.718513566898 0.650345941228
4755 0.704073351074 0.637275713769
4758 0.687624991052 0.622387861023
4761 0.696016765846 0.629983481938
4764 0.625715199251 0.566351644486
4767 0.599136822106 0.542294840971
4770 0.71919531259 0.650963007578
4773 0.677292456647 0.61303560642
4776 0.731953351888 0.66251065185
4779 0.718231524727 0.650090657279
4782 0.653487199729 0.591488828559
4785 0.640453343028 0.579691534542
4788 0.660850980713 0.598153984647
4791 0.663142811086 0.600228381917
4794 0.798753555575 0.722973311628
4797 0.755931351375 0.684213783653
4800 0.684513276299 0.619571364365
4803 0.821837732025 0.743867420177
4806 0.704871547921 0.637998183189
4809 0.699600179568 0.633226926011
4812 0.741448252967 0.671104742016
4815 0.721270342479 0.652841172902
4818 0.799941706298 0.724048738782
4821 0.803455342034 0.727229024924
4824 0.66980596934 0.606259385541
4827 0.756720885363 0.684928412087
4830 0.747232006023 0.676339772359
4833 0.671020327073 0.607358533365
4836 0.760571372408 0.688413591403
4839 0.710597232475 0.643180654171
4842 0.72245676288 0.653915033895
4845 0.747041759701 0.6761675753
4848 0.724125981218 0.655425888277
4851 0.768933102636 0.695982018175
4854 0.720133173557 0.651811890746
4857 0.719123028104 0.650897580946
4860 0.647337040564 0.585922154198
4863 0.645147830787 0.583940641589
4866 0.708279387255 0.641082710164
4869 0.722060727785 0.653556571885
4872 0.597656239777 0.540954726111
4875 0.699505129051 0.633140893234
4878 0.78107104478 0.706968395846
4881 0.708243497174 0.641050225087
4884 0.73551182019 0.665731517153
4887 0.642846942515 0.581858045771
4890 0.665039809998 0.601945406618
4893 0.719776410681 0.651488975079
4896 0.898428180304 0.813191493472
4899 0.830911672359 0.752080487457
4902 0.781677700799 0.707517496514
4905 0.795853350392 0.720348257966
4908 0.798172745457 0.722447604779
4911 0.737085474304 0.667155873788
4914 0.806624078133 0.730097133135
4917 0.840749586041 0.760985047549
4920 0.565640118211 0.51197607397
4923 0.758302511984 0.686359984852
4926 0.759671223009 0.687598841988
4929 0.898017641829 0.812819904064
4932 0.861771364524 0.780012424267
4935 0.796544029319 0.720973410027
4938 0.668937689016 0.605473481683
4941 0.782997226033 0.708711834269
4944 0.865920525184 0.7837679411
4947 0.866343755186 0.78415101795
4950 0.90064470357 0.815197728255
4953 0.88126932658 0.79766055378
4956 0.7769679203 0.703254547598
4959 0.689501066399 0.624085947244
4962 0.820685694382 0.742824679942
4965 0.737914134346 0.667905916264
4968 0.713167044405 0.645506660019
4971 0.80468978972 0.728346356703
4974 0.864254155254 0.782259664888
4977 0.828429994987 0.749834254567
4980 0.731920382655 0.662480810511
4983 0.606684796405 0.54912671538
4986 0.717746153103 0.649651334376
4989 0.775890642598 0.702279474595
4992 0.777739117707 0.703952579099
4995 0.759617563611 0.687550273424
4998 0.769840449723 0.69680328241
5001 0.676804408544 0.612593860965
5004 0.69735179113 0.631191849205
5007 0.630282698063 0.570485810423
5010 0.747820183676 0.676872147762
5013 0.610607287037 0.552677067078
5016 0.659284217061 0.596735864755
5019 0.704683713732 0.637828169416
5022 0.64647270663 0.585139822324
5025 0.747590982216 0.67666469136
5028 0.674279226685 0.610308250994
5031 0.800077301657 0.724171469785
5034 0.864583746369 0.782557986664
5037 0.704854092395 0.637982383724
5040 0.579733677208 0.524732533017
5043 0.690276560422 0.624787867727
5046 0.879793943192 0.796325144621
5049 0.694660765622 0.62875612969
5052 0.706051354167 0.639066057533
5055 0.800362531085 0.724429638607
5058 0.833817238368 0.754710393346
5061 0.885908847633 0.801859908984
5064 0.725732890007 0.656880344611
5067 0.728856106466 0.659707251772
5070 0.740035837253 0.669826326591
5073 0.73521638152 0.665464107672
5076 0.736277012535 0.666424113311
5079 0.667149306698 0.603854768779
5082 0.632061011251 0.572095409486
5085 0.698018788496 0.631795566448
5088 0.74303088947 0.672537228852
5091 0.769683951387 0.696661631559
5094 0.821423245133 0.743492256951
5097 0.722230808994 0.653710516959
5100 0.650225221209 0.588536324127
5103 0.73672816915 0.666832467289
5106 0.701941457142 0.635346079271
5109 0.66595006015 0.602769298496
5112 0.687205518658 0.622008185285
5115 0.774680717267 0.701184338658
5118 0.822264072191 0.74425331212
5121 0.727890406833 0.658833171079
5124 0.591586747735 0.535461065732
5127 0.643123415118 0.582108288555
5130 0.62952776156 0.569802497103
5133 0.743922636734 0.673344373268
5136 0.78980200615 0.714871023648
5139 0.675542232771 0.611451431749
5142 0.711106276365 0.643641403478
5145 0.695793860587 0.629781724398
5148 0.656895912489 0.594574146096
5151 0.649884913294 0.588228302286
5154 0.614082009363 0.555822131647
5157 0.795980358445 0.720463216369
5160 0.785935928872 0.711371733194
5163 0.754154547849 0.682605551026
5166 0.519518445896 0.470230108723
5169 0.473137811122 0.428249749595
5172 0.41257848217 0.373435873279
5175 0.582520574826 0.527255028956
5178 0.657199878551 0.594849273949
5181 0.565679054043 0.512011315837
5184 0.396798157934 0.359152677678
5187 0.757845900952 0.685946693934
5190 0.8137732724 0.736568061018
5193 0.587825259708 0.532056441819
5196 0.712690209618 0.645075064037
5199 0.811548242126 0.734554126314
5202 0.748696464621 0.677665293197
5205 0.52286410018 0.473258350338
5208 0.462229222234 0.418376092598
5211 0.629665730374 0.569927376385
5214 0.836306017198 0.756963053958
5217 0.794997559321 0.719573658467
5220 0.893359913977 0.808604069397
5223 0.822770283949 0.744711497988
5226 0.605835655299 0.548358134942
5229 0.83816518713 0.758645838633
5232 0.866979011395 0.784726005418
5235 0.813183830806 0.736034541588
5238 0.928422235664 0.840339919142
5241 0.888938211178 0.804601867349
5244 0.942457417869 0.853043539787
5247 0.691498931682 0.625894268808
5250 0.740766688243 0.670487839465
5253 0.824857665872 0.74660084347
5256 0.813146914729 0.736001127855
5259 0.962133571533 0.870852955313
5262 0.796936481754 0.721328629274
5265 0.618777201946 0.560071876649
5268 0.694451007038 0.628566271558
5271 0.606761901994 0.549196505721
5274 0.840015081934 0.760320228141
5277 0.903606735263 0.817878742752
5280 0.93518908742 0.846464778543
5283 0.81463394723 0.737347080939
5286 1.00549687193 0.910102243997
5289 0.968568480931 0.876677364763
5292 1.00410673361 0.90884399244
5295 0.948659020874 0.85865677735
5298 0.703606346768 0.63685301562
5301 0.852647098683 0.771753806017
5304 1.0057338873 0.910316772981
5307 1.00705285355 0.911510604783
5310 1.06220093772 0.961426618008
5313 0.99016534211 0.896225264286
5316 0.986416025966 0.892831657471
5319 0.956159471464 0.865445636772
5322 0.971981177529 0.879766288179
5325 0.887918353878 0.803678767096
5328 0.605739840984 0.548271410831
5331 0.865796914126 0.783656057408
5334 0.963747648031 0.872313899334
5337 0.987684494804 0.89397978271
5340 0.840465606321 0.760728009872
5343 0.940645527762 0.851403549352
5346 0.895330269099 0.810387490776
5349 0.852655159985 0.771761102518
5352 1.01647399961 0.920037937297
5355 1.10387595965 0.999147800476
5358 1.1220430628 1.01559133382
5361 1.05188893805 0.952092949948
5364 1.01621124414 0.919800110262
5367 0.990138893063 0.896201324542
5370 0.831950895941 0.753021116653
5373 0.92231418771 0.834811360771
5376 1.03995706826 0.941293093895
5379 1.08220034232 0.979528616648
5382 1.00391382672 0.908669387227
5385 1.00505605928 0.909703252624
5388 0.991883842709 0.897780725367
5391 0.867099950874 0.784835470991
5394 0.921375597682 0.833961817709
5397 0.764642841406 0.692098787423
5400 0.962147338352 0.870865416031
5403 0.947073886716 0.857222029819
5406 0.718041704543 0.649918845928
5409 0.828665318642 0.750047252332
5412 0.969486532162 0.877508317607
5415 1.03741155733 0.938989083545
5418 1.08528612718 0.982321643462
5421 0.992714509598 0.898532584294
5424 0.993137085972 0.898915069528
5427 1.08809688213 0.98486573331
5430 0.822875958551 0.744807146911
5433 0.896025725809 0.811016967337
5436 0.856849612609 0.775557614324
5439 1.03498940703 0.936796730202
5442 1.1150224523 1.00923679057
5445 1.00857984619 0.912892726867
5448 0.825186736136 0.746898693811
5451 0.995817978531 0.901341617439
5454 0.907531044003 0.821430740067
5457 0.872073297477 0.789336980672
5460 0.997795475672 0.903131503251
5463 0.927083126456 0.839127855406
5466 0.991614306457 0.897536760861
5469 0.98621070913 0.892645819685
5472 0.94349204874 0.853980011996
5475 0.898631232518 0.813375281488
5478 0.873302626446 0.790449679364
5481 0.889870316662 0.805445541076
5484 0.968084432175 0.876239239224
5487 0.965473801587 0.873876287312
5490 0.958455458895 0.867523796707
5493 0.986854038973 0.893228114816
5496 0.978966613042 0.886088993612
5499 1.02158223917 0.924661542223
5502 0.948340760353 0.858368711198
5505 0.937806943857 0.848834270765
5508 0.959883945952 0.868816758736
5511 0.954775861253 0.864193293982
5514 0.845375186529 0.765171802876
5517 0.919653146031 0.832402780425
5520 1.06003914226 0.959469918832
5523 1.04711804162 0.947774683356
5526 1.01828324077 0.921675530101
5529 0.926068918978 0.838209868959
5532 1.01452840028 0.918276923057
5535 0.987916019788 0.894189342196
5538 0.997037978596 0.902445872288
5541 1.0875800165 0.984397904338
5544 1.01680303005 0.920335751597
5547 1.01110605489 0.915179266252
5550 1.10481748459 1.0
5553 1.06124618347 0.960562444277
5556 1.03472664393 0.936558896256
5559 1.02530761059 0.928033476025
5562 0.997547874455 0.902907392735
5565 1.00350408383 0.908298517931
5568 0.984776333046 0.891347527338
5571 1.04278640108 0.943853999078
5574 1.02286317822 0.925820954588
5577 1.05472547365 0.954660374552
5580 1.05274269079 0.952865704501
5583 1.02938415836 0.931723268981
5586 0.940206903634 0.851006538865
5589 0.853435551306 0.772467455678
5592 0.930158960206 0.841911875204
5595 0.99237585783 0.898226061476
5598 0.976005903977 0.883409176262
5601 0.908949046762 0.822714212478
5604 0.958715212062 0.867758906279
5607 1.10042146641 0.996021045792
5610 1.07314399216 0.9713314707
5613 1.11548873643 1.00965883686
5616 0.903033657268 0.817360034456
5619 0.976044938182 0.883444507169
5622 1.04001973831 0.94134981825
5625 0.881610592924 0.79796944312
5628 0.997940670063 0.903262922597
5631 1.06266850585 0.961849826491
5634 1.05884412508 0.958388276661
5637 0.985138954174 0.891675745468
5640 0.994449251121 0.900102745472
5643 0.977342221336 0.88461871302
5646 1.00414001668 0.908874117845
5649 1.00018219691 0.905291788796
5652 1.09000441916 0.986592296344
5655 1.0434025106 0.944411656369
5658 0.915961241842 0.829061138715
5661 1.00432077711 0.909037728968
5664 1.00556955128 0.910168028032
5667 1.02671445748 0.929306850956
5670 1.00885944716 0.91314580122
5673 1.09215511348 0.988538947584
5676 1.11492020521 1.00914424397
5679 1.08566051165 0.982660508901
5682 1.02416526286 0.926999506392
5685 1.08932579339 0.985978053924
5688 1.00054051999 0.905616116643
5691 1.09692898667 0.992859908515
5694 1.13136410481 1.02402805947
5697 1.07889896043 0.976540447159
5700 1.00227947934 0.907190095486
5703 0.977065245928 0.884368015134
5706 1.00267452037 0.907547657746
5709 0.878964084604 0.795574017308
5712 0.944314000342 0.854723982484
5715 1.08205652479 0.97939844353
5718 1.08163985338 0.979021303036
5721 1.12114262473 1.01477632312
5724 1.14367448317 1.03517051379
5727 1.02726026596 0.929800876877
5730 1.1039804294 0.999242358852
5733 1.079570914 0.977148650399
5736 1.10377843622 0.999059529398
5739 1.07565298712 0.973602429476
5742 1.08287259246 0.98013708831
5745 1.1316538815 1.02429034414
5748 1.04343713488 0.944442995736
5751 1.12401306257 1.01737443356
5754 0.987681727987 0.89397727839
5757 1.15997441656 1.04992402161
5760 1.07125540759 0.969622062047
5763 1.00433602802 0.909051532975
5766 1.16695717452 1.05624430352
5769 1.15205222832 1.04275343611
5772 1.10851954697 1.00335083616
5775 1.09171047922 0.988136497163
5778 1.11918975292 1.01300872636
5781 0.941530426733 0.852204495194
5784 0.938494754623 0.849456826776
5787 0.999694968719 0.904850785462
5790 1.04830273985 0.948846985563
5793 1.1104293311 1.00507943311
5796 1.15032908062 1.04119376881
5799 1.09370456373 0.989941396648
5802 1.22186482883 1.10594269721
5805 1.10540817985 1.00053465416
5808 1.12880726269 1.02171379295
5811 1.17016614569 1.05914882957
5814 1.13009349311 1.02287799468
5817 1.09398599557 0.990196128173
5820 1.20200584432 1.08796779657
5823 1.15194125213 1.04265298857
5826 1.16687843354 1.05617303294
5829 1.18985023194 1.0769654251
5832 1.18100710985 1.06896127761
5835 1.12260993106 1.01610442152
5838 1.12681536248 1.01991087053
5841 1.20200659377 1.08796847492
5844 1.19266273665 1.0795110987
5847 1.11750031099 1.01147956706
5850 1.13569196494 1.027945322
5853 1.05281823967 0.952934085822
5856 1.08588965248 0.98286791043
5859 1.04664571759 0.947347170185
5862 1.10722662181 1.00218057485
5865 1.0894188372 0.986062270378
5868 1.08747631702 0.984304043145
5871 1.1548130713 1.04525234929
5874 1.12458032987 1.01788788244
5877 1.1091369922 1.00390970244
5880 1.00181314538 0.90676800409
5883 1.06892647327 0.967514081003
5886 1.02576214554 0.928444887826
5889 0.583444552821 0.528091346273
5892 0.711718610665 0.64419564371
5895 0.658548415224 0.596069870736
5898 0.843666129068 0.763624889033
5901 1.02132712235 0.924430629129
5904 1.05862748448 0.95819218943
5907 1.06536513916 0.964290621779
5910 1.10052315001 0.996113082352
5913 1.06527059756 0.964205049631
5916 1.00166928738 0.906637794346
5919 1.07152017669 0.969861711678
5922 1.0668874524 0.965668508408
5925 1.06881819928 0.967416079296
5928 1.11175100458 1.00627571531
5931 1.11101363723 1.00560830429
5934 1.06844146586 0.967075087758
5937 1.1020177964 0.997465926974
5940 1.10194967373 0.997404267311
5943 1.04894198022 0.94942557921
5946 1.14960432407 1.04053777217
5949 1.07606134385 0.973972044128
5952 1.10255837553 0.997955219676
5955 1.09580862316 0.99184583739
5958 1.05879078909 0.958340000822
5961 1.15897889404 1.04902294742
5964 1.13775736817 1.02981477398
5967 1.12014748635 1.01387559663
5970 1.16472792105 1.05422654629
5973 1.18442596043 1.07205577116
5976 1.10466833615 0.999865001741
5979 1.0833468832 0.98056638161
5982 1.10850643068 1.00333896426
5985 1.04590086833 0.946672987094
5988 1.13631024329 1.02850494235
5991 1.12498484204 1.01825401728
5994 1.19517238565 1.08178264947
5997 1.12108605761 1.0147251227
6000 1.12061169526 1.01429576459
6003 1.10203303285 0.997479717892
6006 1.11772775616 1.0116854338
6009 1.08278092214 0.98005411504
6012 1.11510891838 1.00931505334
6015 1.10897194018 1.00376030942
6018 1.05957632925 0.959051014338
6021 1.10698561949 1.00196243717
6024 1.13266466124 1.02520522805
6027 1.16172940994 1.05151251328
6030 1.18559143427 1.07311067286
6033 1.1956479072 1.0822130568
6036 1.21263037428 1.0975843442
6039 1.18369728273 1.07139622539
6042 1.19375855054 1.0805029493
6045 1.24612285123 1.12789928529
6048 1.22809192738 1.11157901148
6051 1.24684080962 1.12854912871
6054 1.19450346165 1.08117718838
6057 1.13591262958 1.02814505149
6060 1.20726366219 1.09272678885
6063 1.15229625848 1.04297431436
6066 1.13388481044 1.02630961788
6069 1.27192483591 1.15125335511
6072 1.28373489808 1.1619429598
6075 1.2653996399 1.14534722482
6078 1.19672298359 1.08318613734
6081 1.16549212545 1.05491824823
6084 1.18511202459 1.07267674627
6087 1.19944680526 1.08565154154
6090 1.12473001166 1.01802336345
6093 1.14932212461 1.04028234586
6096 1.22753585048 1.11107569133
6099 1.22931913415 1.11268978931
6102 1.09859175337 0.994364923345
6105 1.18528126422 1.07282992961
6108 1.18125557361 1.06918616884
6111 1.1948839967 1.08152162088
6114 1.27867871169 1.1573664696
6117 1.21515600536 1.09987036078
6120 1.12591101685 1.01909232299
6123 1.11698911608 1.01101687081
6126 1.19286288121 1.07969225493
6129 1.15293950565 1.04355653467
6132 1.28344091087 1.16167686408
6135 1.07620936986 0.974106026445
6138 0.991164535415 0.897129661002
6141 1.17095204369 1.05986016697
6144 1.22783409607 1.11134564143
6147 1.22279454495 1.10678420826
6150 1.11835240965 1.01225082446
6153 1.2139644766 1.09879187607
6156 1.15157433126 1.04232087863
6159 1.11279045127 1.00721654644
6162 0.86518671361 0.783103748521
6165 1.0644942266 0.963502335408
6168 1.09314874698 0.989438311966
6171 1.02996298247 0.932247178238
6174 1.10452516335 0.999735412191
6177 1.10694166571 1.00192265343
6180 1.15027246882 1.04114252795
6183 1.17242622567 1.06119448871
6186 1.09495525732 0.99107343303
6189 1.02793457449 0.930411211652
6192 0.94436713305 0.854772074325
6195 1.15148069605 1.04223612688
6198 1.14180167061 1.03347538081
6201 1.09199942014 0.988398025352
6204 1.17408463793 1.06269556222
6207 1.1810420776 1.06899292786
6210 1.13780171984 1.02985491786
6213 1.00995094354 0.914133743931
6216 0.94888787336 0.858863917886
6219 1.02315588956 0.926085895485
6222 1.00133885281 0.906338709136
6225 1.01500623839 0.91870942717
6228 1.05465661412 0.954598047945
6231 0.884918546663 0.800963560958
6234 1.06441196252 0.963427875978
6237 1.1096041918 1.00433257735
6240 0.915149415093 0.828326332504
6243 0.91724682917 0.830224758358
6246 1.01047847462 0.91461122649
6249 1.10258935904 0.997983263679
6252 0.99126914612 0.897224346963
6255 1.00417214031 0.908903193804
6258 0.815363775896 0.738007668481
6261 1.01727531626 0.920763230533
6264 1.11684574295 1.01088709993
6267 1.05456296294 0.954513281745
6270 1.06552278875 0.964433314655
6273 1.09604060998 0.992055814892
6276 0.997333737276 0.902713571419
6279 1.01498835328 0.918693238878
6282 1.02243838341 0.925436461387
6285 1.11010251546 1.00478362349
6288 1.1947631918 1.08141227711
6291 1.11836966854 1.01226644595
6294 1.08311508408 0.980356573998
6297 0.981563311883 0.888439335526
6300 1.1177735666 1.01172689806
6303 1.08434143351 0.981466575826
6306 1.06812652203 0.966790023634
6309 1.19379495458 1.08053589958
6312 1.10526160393 1.00040198435
6315 1.09328964129 0.989565839194
6318 1.03596194482 0.937677000297
6321 1.15037149189 1.04123215639
6324 1.18464557312 1.07225454851
6327 1.16974119669 1.05876419681
6330 1.20356610092 1.08938002675
6333 1.25614234525 1.13696819862
6336 1.08183605535 0.979198890714
6339 1.17977658249 1.06784749423
6342 1.17625635755 1.06466124402
6345 1.08406393955 0.981215408582
6348 1.21380926639 1.09865139114
6351 1.22946584706 1.11282258311
6354 1.16046557501 1.05036858232
6357 1.14489688914 1.0362769463
6360 1.00677179844 0.911256214253
6363 0.998466501142 0.90373886644
6366 1.127802685 1.02080452268
6369 1.25171796143 1.13296356991
6372 1.26229806954 1.14253991012
6375 1.25049153532 1.13185349867
6378 1.20379455909 1.08958681039
6381 1.18746790506 1.074809117
6384 1.23630327271 1.11901132084
6387 1.2555814202 1.13646049028
6390 1.26499731025 1.14498306543
6393 1.10763046017 1.00254609981
6396 1.23981079888 1.12218607705
6399 1.18837054308 1.07562611894
6402 1.24133448984 1.12356521069
6405 1.268272778 1.14794777933
6408 1.18891839601 1.07612199535
6411 1.203531002 1.08934825778
6414 1.17591592214 1.06435310678
6417 1.25212219714 1.13332945451
6420 1.14386267819 1.03534085417
6423 1.2701928308 1.14968567073
6426 1.26785887546 1.14757314502
6429 1.2397886396 1.12216602009
6432 1.13965573368 1.03153303562
6435 1.24293596417 1.12501474814
6438 1.20211261092 1.08806443389
6441 1.28583733558 1.16384593249
6444 1.2922368121 1.16963827069
6447 1.30141205965 1.17794303386
6450 0.989369951328 0.895505334711
6453 1.23190284578 1.11502837615
6456 1.21587181776 1.10051826182
6459 1.31899319513 1.19385619211
6462 1.18407640156 1.07173937603
6465 1.23753062089 1.12012222666
6468 1.27568342227 1.15465535264
6471 1.21916404073 1.10349814131
6474 1.23007879819 1.11337738165
6477 1.26038242852 1.14080601195
6480 1.26193641089 1.14221256315
6483 1.12851415518 1.02144849346
6486 1.24291226508 1.12499329747
6489 1.22942158109 1.11278251679
6492 1.16268424586 1.05237676095
6495 0.932214829202 0.843772697489
6498 1.05042176993 0.950764976646
6501 1.14608281923 1.0373503635
6504 1.19939079688 1.08560084685
6507 1.22547922057 1.10921418032
6510 1.21492185627 1.09965842614
6513 1.23972204633 1.12210574473
6516 1.19779023889 1.08415213879
6519 1.1854861316 1.07301536058
6522 1.26050189328 1.14091414271
6525 1.27651846242 1.15541116993
6528 1.22136031105 1.10548604461
6531 1.22680395245 1.11041323075
6534 1.22944725686 1.11280575662
6537 1.25908489029 1.13963157522
6540 1.31794207454 1.19290479462
6543 1.21530487552 1.10000510716
6546 1.15899773083 1.04903999711
6549 1.24216099097 1.12431329908
6552 1.1772899727 1.06559679687
6555 1.12912581125 1.02200211981
6558 1.19128098223 1.07826043564
6561 1.14276321572 1.03434570113
6564 0.932336369736 0.843882707093
6567 1.26918443736 1.14877294672
6570 1.19512879837 1.08174319745
6573 1.1302258217 1.02299776883
6576 1.1845717697 1.07218774705
6579 1.25735802599 1.13806854393
6582 1.19618163152 1.08269614503
6585 1.25299113964 1.13411595773
6588 1.29064471129 1.16819721745
6591 1.25452822232 1.13550721257
6594 1.10772243336 1.00262934722
6597 1.23223732935 1.11533112622
6600 1.24028950319 1.12261936519
6603 1.27830007182 1.15702375248
6606 1.18146345935 1.06937433181
6609 1.11931621814 1.01312319343
6612 1.27476824168 1.15382699809
6615 1.27517803259 1.15419791086
6618 1.26627049543 1.14613545957
6621 1.30685743713 1.18287179137
6624 1.166653654 1.05596957894
6627 1.24873950641 1.13026769022
6630 1.22381469939 1.10770757746
6633 1.15731737071 1.04751905799
6636 1.25495331604 1.13589197632
6639 1.24487115159 1.1267663383
6642 1.25232261087 1.13351085436
6645 1.22614611607 1.10981780537
6648 1.22845432588 1.1119070281
6651 1.23054063091 1.11379539886
6654 1.23799157112 1.1205394451
6657 1.23031980144 1.11359552017
6660 1.22454303969 1.10836681785
6663 1.15826549424 1.04837723009
6666 1.15772146023 1.04788481028
6669 1.21055599366 1.09570676654
6672 1.27510238642 1.15412944148
6675 1.2641167042 1.14418600523
6678 1.08601942265 0.9829853689
6681 1.20740430032 1.0928540842
6684 1.24625056008 1.12801487799
6687 1.22390232538 1.1077868901
6690 1.23931834417 1.12174034305
6693 1.25016976738 1.13156225786
6696 1.16890642619 1.05800862359
6699 1.21535376343 1.10004935692
6702 1.25102243665 1.13233403173
6705 1.21015877205 1.0953472306
6708 1.21955625786 1.10385314758
6711 1.20289777266 1.08877510488
6714 1.18209193177 1.06994317909
6717 1.08553444451 0.982546402146
6720 1.22620809183 1.10987390129
6723 1.22114181168 1.10528827495
6726 1.19314255255 1.07994539297
6729 1.23289984687 1.11593078863
6732 1.24050339696 1.12281296618
6735 1.2278479104 1.11135814515
6738 1.1863613583 1.07380755179
6741 1.2059243658 1.09151455568
6744 1.17928073758 1.06739869167
6747 1.16132218548 1.05114392349
6750 1.17666073632 1.06502725811
6753 1.10100538175 0.996549563268
6756 1.22658953598 1.11021915664
6759 1.27763066719 1.15641785636
6762 1.24765945664 1.12929010814
6765 1.23392510284 1.11685877537
6768 1.17226563158 1.06104913068
6771 1.18698948159 1.07437608306
6774 1.27410233111 1.15322426454
6777 1.27901533384 1.15767115536
6780 1.31149593058 1.18707021646
6783 1.16747679309 1.05671462425
6786 1.15706102131 1.04728702927
6789 1.23208547438 1.11519367821
6792 1.23615234146 1.11887470891
6795 1.20219552321 1.08813948004
6798 1.23091351671 1.11413290781
6801 1.26381993604 1.14391739239
6804 1.242238267 1.12438324369
6807 1.24659883192 1.1283301082
6810 1.25604206367 1.13687743107
6813 1.23972095176 1.122104754
6816 1.23505002969 1.1178769769
6819 1.26293687716 1.14311811207
6822 1.27896992586 1.15763005537
6825 1.29166169935 1.16911772069
6828 1.23659691263 1.11927710222
6831 1.26057089091 1.14097659433
6834 1.25933389605 1.13985695703
6837 1.28058547504 1.15909233236
6840 1.19943047937 1.08563676454
6843 1.20868087271 1.09400954418
6846 1.26615642659 1.14603221279
6849 1.26672457303 1.14654645741
6852 1.25437793654 1.13537118487
6855 1.19444341053 1.08112283449
6858 1.23721087271 1.11983281399
6861 1.1623544868 1.05207828715
6864 1.2804292786 1.15895095476
6867 1.21941742883 1.10372748969
6870 1.25866322152 1.13924991149
6873 1.19830468593 1.08461777864
6876 1.19375340284 1.08049828999
6879 1.25812124183 1.1387593511
6882 1.18104113916 1.06899207845
6885 1.24725612721 1.12892504383
6888 1.24202210905 1.12418759331
6891 1.28219629354 1.16055032748
6894 1.27938866687 1.15800906912
6897 1.27740714991 1.15621554486
6900 1.25675940128 1.13752671261
6903 1.30172013177 1.17822187822
6906 1.26291212064 1.14309570427
6909 1.33686633609 1.21003365238
6912 1.23386263822 1.11680223696
6915 1.23026968729 1.11355016051
6918 1.27208164262 1.15139528508
6921 1.30832118929 1.1841966728
6924 1.22225234418 1.10629344777
6927 1.22963812498 1.11297851649
6930 1.27030693799 1.14978895222
6933 1.21903414288 1.10338056728
6936 1.2602795708 1.14071291266
6939 1.25673781913 1.13750717803
6942 1.26594698978 1.1458426459
6945 1.1825233857 1.07033369963
6948 1.26467465845 1.14469102462
6951 1.23756333706 1.12015183895
6954 1.1882586518 1.07552484313
6957 1.28396881034 1.16215468008
6960 1.28646230422 1.1644116084
6963 1.2987880591 1.17556798044
6966 1.26413088106 1.14419883709
6969 1.31721905499 1.19225037019
6972 1.26366263439 1.14377501444
6975 1.24678330156 1.12849707662
6978 1.10246616376 0.997871756323
6981 1.21183834018 1.09686745285
6984 1.29423410846 1.17144607731
6987 1.29095902151 1.16848170808
6990 1.2326233091 1.11568048687
6993 1.31127357145 1.18686895324
6996 1.2764920674 1.15538727909
6999 1.24626779204 1.1280304751
7002 1.28835787745 1.16612734268
7005 1.2356124697 1.11838605647
7008 1.26534964403 1.14530197222
7011 1.25075966427 1.13209618939
7014 1.28803710693 1.16583700467
7017 1.1562421356 1.04654583379
7020 1.31269831833 1.18815852994
7023 1.23925214099 1.12168042078
7026 1.23565056413 1.11842053676
7029 1.26149245065 1.14181072281
7032 1.27185220153 1.15118761178
7035 1.296035883 1.17307691187
7038 1.192415167 1.07928701676
7041 1.36986451757 1.23990119335
7044 1.34590336422 1.21821330944
7047 1.35498060781 1.22642936658
7050 1.36556582698 1.23601033296
7053 1.18013471259 1.06817164741
7056 1.25752226437 1.1382172005
7059 1.23101452799 1.11422433584
7062 1.20412508374 1.08988597713
7065 1.19673613665 1.08319804252
7068 1.12366586347 1.01706017432
7071 1.26088432874 1.14126029533
7074 1.27975565116 1.15834123646
7077 1.2702684077 1.14975407742
7080 1.31075908619 1.1864032788
7083 1.22818868357 1.11166658811
7086 1.16165881301 1.05144861411
7089 1.11582316261 1.00996153499
7092 1.16957262615 1.05861161908
7095 1.15259018108 1.04324035161
7098 1.17184451175 1.06066796381
7101 1.18999095302 1.07709279553
7104 1.15971549551 1.04968966521
7107 1.17790752799 1.06615576276
7110 1.1488712321 1.03987423093
7113 1.16188531246 1.05165362485
7116 1.2146757538 1.09943567218
7119 1.19925880871 1.08548138081
7122 1.18718789869 1.07455567571
7125 1.12908622788 1.02196629184
7128 1.10694575363 1.00192635351
7131 1.03647047025 0.938137280326
7134 1.1448755531 1.03625763448
7137 1.15095540795 1.04176067451
7140 1.1211404061 1.01477431498
7143 1.16577857162 1.05517751836
7146 1.16734924026 1.05659917276
7149 1.09948667192 0.995174938176
7152 1.17862638979 1.0668064239
7155 1.15812977286 1.04825438502
7158 1.19957707029 1.08576944792
7161 1.16890444444 1.05800682986
7164 1.14570394903 1.03700743789
7167 1.16150676278 1.05131098936
7170 1.17413863169 1.06274443342
7173 1.20753963181 1.09297657637
7176 1.15493164897 1.04535967713
7179 1.22082844313 1.10500463666
7182 1.15409845667 1.04460553238
7185 1.19341042093 1.08018784784
7188 1.03967398404 0.941036866763
7191 1.14205862297 1.0337079553
7194 1.17060941239 1.05955004218
7197 1.13999925475 1.03184396577
7200 1.17394836598 1.06257221881
7203 1.18423968828 1.07188717123
7206 1.1802955092 1.06831718874
7209 1.11196594304 1.00647026188
7212 1.24258313403 1.1246953921
7215 1.18936652919 1.07652761274
7218 1.26866923524 1.14830662344
7221 1.24022452545 1.12256055208
7224 1.23013051681 1.11342419356
7227 1.28212898561 1.16048940527
7230 1.26142014064 1.14174527308
7233 1.25812346349 1.13876136199
7236 1.23760599507 1.12019044986
7239 1.23164504528 1.11479503399
7242 1.26655086087 1.14638922586
7245 1.18384785049 1.07153250832
7248 1.32592311211 1.20012864623
7251 1.23758523662 1.12017166082
7254 1.22731255252 1.11087357834
7257 1.28447339556 1.16261139372
7260 1.25066237988 1.13200813468
7263 1.19512738274 1.08174191612
7266 1.23716212489 1.11978869103
7269 1.286072025 1.16405835619
7272 1.22376640348 1.10766386354
7275 1.2659950169 1.14588611654
7278 1.25066912129 1.13201423651
7281 1.23259697239 1.1156566488
7284 1.22247286336 1.10649304561
7287 1.28106131312 1.1595230262
7290 1.1786751034 1.0668505159
7293 1.17119119707 1.06007663112
7296 1.34165224522 1.21436550737
7299 1.26416216936 1.14422715697
7302 1.28620272296 1.16417665443
7305 1.32253826809 1.19706493294
7308 1.27307242416 1.15229206808
7311 1.27241192291 1.15169423064
7314 1.32111794145 1.19577935712
7317 1.24746941599 1.12911809724
7320 1.29894108791 1.17570649092
7323 1.28772930503 1.1655584049
7326 1.21822558567 1.10264872042
7329 1.32246315154 1.19699694292
7332 1.28449530633 1.16263122575
7335 1.30569801212 1.18182236464
7338 1.32911806876 1.20302048737
7341 1.36148953185 1.23232076868
7344 1.24762038425 1.12925474267
7347 1.33969162301 1.21259089551
7350 1.30796997581 1.18387878003
7353 1.30563952445 1.18176942587
7356 1.15597938036 1.04630800696
7359 1.34149232402 1.2142207584
7362 1.21294240977 1.09786677591
7365 1.2849689633 1.1630599454
7368 1.34064242474 1.21345149171
7371 1.3734269537 1.24312565004
7374 1.36865218145 1.23880387534
7377 1.3640959004 1.2346798629
7380 1.39610616141 1.26365321049
7383 1.31428763173 1.1895970602
7386 1.2748491615 1.1539002408
7389 1.25796467138 1.13861763498
7392 1.33513042504 1.20846243264
7395 1.37235082493 1.24215161697
7398 1.35439395771 1.22589837381
