Wave Flux FluxNorm
3600 0.451802089604 0.436380037773
3603 0.361197459715 0.348868154311
3606 0.378801278794 0.365871075306
3609 0.315792679639 0.305013245047
3612 0.35037528243 0.338415386958
3615 0.380162629465 0.367185956911
3618 0.319285140188 0.308386492099
3621 0.386962847456 0.37375405266
3624 0.402559159262 0.388817991698
3627 0.476506895255 0.460241556503
3630 0.384173103989 0.371059535774
3633 0.36541262699 0.352939438834
3636 0.376145879283 0.363306316608
3639 0.451653353063 0.436236378285
3642 0.40926146796 0.395291520241
3645 0.350455416816 0.338492785994
3648 0.355586276036 0.343448505748
3651 0.395520235084 0.382019337887
3654 0.41160933005 0.397559239162
3657 0.43262540991 0.417857945021
3660 0.442060682867 0.426971149373
3663 0.428320086076 0.413699581392
3666 0.448154096035 0.432856566749
3669 0.393740379904 0.380300237225
3672 0.432654402508 0.41788594797
3675 0.457215720669 0.441608877088
3678 0.400690072144 0.387012704989
3681 0.427035129947 0.412458486635
3684 0.47202044146 0.455908245698
3687 0.355188265831 0.343064081434
3690 0.435102901426 0.42025086853
3693 0.446132072353 0.430903563895
3696 0.465427393278 0.449540248115
3699 0.496900507014 0.479939041916
3702 0.477996421076 0.461680238061
3705 0.348698381887 0.336795726626
3708 0.358769241431 0.346522822116
3711 0.403611731661 0.389834635033
3714 0.499350215919 0.48230513116
3717 0.468648126765 0.452651043379
3720 0.303989433701 0.293612897358
3723 0.355863641354 0.343716403331
3726 0.43072690869 0.416024248247
3729 0.402460711984 0.388722904872
3732 0.364852480944 0.352398413109
3735 0.251849449364 0.243252686863
3738 0.324765087549 0.313679384033
3741 0.408398523132 0.394458031629
3744 0.356330351454 0.344167182502
3747 0.308383002325 0.297856493583
3750 0.278291855201 0.268792493614
3753 0.406238425971 0.392371668369
3756 0.464101096383 0.448259223741
3759 0.304375889025 0.293986161212
3762 0.391719972262 0.378348795248
3765 0.413377948715 0.399267486861
3768 0.396745871989 0.383203138252
3771 0.407432234368 0.393524726677
3774 0.437130619817 0.422209371707
3777 0.415276738385 0.401101462239
3780 0.456059366909 0.44049199492
3783 0.451768674757 0.436347763526
3786 0.393402038671 0.379973445111
3789 0.362064791273 0.349705879915
3792 0.386739228955 0.373538067271
3795 0.361651677526 0.349306867611
3798 0.313312867291 0.302618079928
3801 0.425540038459 0.411014429392
3804 0.481709247362 0.465266328768
3807 0.404772744131 0.390956016888
3810 0.453214327215 0.437744069318
3813 0.38651092142 0.373317552906
3816 0.353527373872 0.341459883241
3819 0.360257727829 0.347960499731
3822 0.360135457365 0.347842402912
3825 0.277616758607 0.268140441124
3828 0.333440727836 0.32205888542
3831 0.364129726207 0.351700329266
3834 0.296235987057 0.286124110969
3837 0.353671649523 0.34159923411
3840 0.319955246779 0.309033724916
3843 0.410502755179 0.396490436704
3846 0.40855658117 0.39461069443
3849 0.382907368082 0.369837005166
3852 0.402396590483 0.388660972128
3855 0.398180340221 0.384588641585
3858 0.361047629417 0.348723438399
3861 0.341236392278 0.329588448522
3864 0.425127350768 0.410615828601
3867 0.427766793444 0.413165175143
3870 0.40302597748 0.389268875296
3873 0.313470457318 0.302770290694
3876 0.411791309548 0.397735006876
3879 0.359189455022 0.346928691914
3882 0.34765988099 0.335792674469
3885 0.387207830989 0.373990673795
3888 0.366028089052 0.353533892387
3891 0.431823462039 0.417083371264
3894 0.418502195885 0.404216820264
3897 0.437273016148 0.422346907406
3900 0.4117160295 0.397662296477
3903 0.446278365912 0.431044863791
3906 0.379439279764 0.366487298412
3909 0.451944123455 0.436517223366
3912 0.487501677758 0.470861037277
3915 0.442202562265 0.427108185785
3918 0.423790991079 0.409325084922
3921 0.368069046224 0.355505182447
3924 0.393261528901 0.379837731576
3927 0.30204425739 0.291734118726
3930 0.158645067374 0.153229792615
3933 0.0802452918234 0.0775061565291
3936 0.120839577753 0.116714775602
3939 0.262184576704 0.253235029492
3942 0.337184854165 0.325675207757
3945 0.389768146407 0.376463594051
3948 0.412039913172 0.397975124533
3951 0.466620417502 0.450692549018
3954 0.502895964206 0.485729846997
3957 0.448013104896 0.432720388276
3960 0.493789589776 0.476934314375
3963 0.336840067376 0.325342190104
3966 0.181672381733 0.17547108043
3969 0.0999780634844 0.0965653593105
3972 0.236950960497 0.228862750906
3975 0.419055479523 0.404751217825
3978 0.51990509988 0.502158383825
3981 0.559197905097 0.540109947616
3984 0.572999301884 0.553440240215
3987 0.595360750824 0.575038391614
3990 0.595874750565 0.575534846215
3993 0.67052716603 0.64763903659
3996 0.585654723916 0.565663675368
3999 0.60630100413 0.585605204518
4002 0.69838105181 0.674542143079
4005 0.59343257892 0.57317603695
4008 0.684782091813 0.661407377185
4011 0.698168573933 0.674336918035
4014 0.69260334216 0.66896165283
4017 0.713576469579 0.68921887241
4020 0.70868727732 0.684496570428
4023 0.688413310665 0.66491464609
4026 0.869610725488 0.839926972381
4029 0.73063983572 0.705699788573
4032 0.63350412901 0.611879763525
4035 0.705613854348 0.681528057304
4038 0.826942983166 0.798715673375
4041 0.734199868602 0.709138301407
4044 0.701383076093 0.677441694675
4047 0.71396788451 0.689596926576
4050 0.764292445221 0.738203682076
4053 0.758726860097 0.732828075583
4056 0.743472968975 0.71809486886
4059 0.7486088377 0.723055427122
4062 0.75589304775 0.730090994087
4065 0.702796276193 0.678806655855
4068 0.747529424183 0.722012858877
4071 0.750187619191 0.724580317649
4074 0.770038992867 0.743754074021
4077 0.608028162691 0.587273407334
4080 0.756792547773 0.7309597901
4083 0.767659105636 0.741455423121
4086 0.763136923021 0.737087603083
4089 0.876409305656 0.846493486213
4092 0.826886703967 0.79866131524
4095 0.822123031445 0.79406024844
4098 0.793372030021 0.766290648926
4101 0.613053399051 0.592127109614
4104 0.754401338685 0.72865020381
4107 0.799932252684 0.772626941474
4110 0.741963217412 0.716636651956
4113 0.795797173706 0.768633011472
4116 0.831880856374 0.803484994603
4119 0.75201793878 0.726348160139
4122 0.763111071483 0.737062633975
4125 0.824001168303 0.795874275978
4128 0.764146968051 0.738063170701
4131 0.743557584932 0.718176596491
4134 0.683047511601 0.659732006053
4137 0.832420851154 0.804006556916
4140 0.842027908901 0.813285682265
4143 0.652816836403 0.630533240735
4146 0.799733744544 0.772435209316
4149 0.758168663595 0.732288932856
4152 0.788009344087 0.761111015755
4155 0.756552070307 0.730727521219
4158 0.816336178239 0.788470926745
4161 0.827639958339 0.799388857629
4164 0.829753837564 0.801430580581
4167 0.821030795888 0.79300529583
4170 0.824838317661 0.796682849637
4173 0.646471423975 0.624404425975
4176 0.752185891553 0.726510379923
4179 0.775321949093 0.748856699021
4182 0.782950382217 0.756224739168
4185 0.806902393923 0.779359160221
4188 0.756577723216 0.730752298478
4191 0.76255787844 0.736528323916
4194 0.86428219291 0.834780326756
4197 0.758172744499 0.73229287446
4200 0.709404408275 0.685189222456
4203 0.71490747031 0.690504440057
4206 0.729406173724 0.704508237049
4209 0.812037289769 0.784318778811
4212 0.817202559846 0.789307734824
4215 0.749498754743 0.723914967265
4218 0.806124593733 0.778607909874
4221 0.837224981489 0.808646700521
4224 0.733146670823 0.708121054038
4227 0.581441109747 0.561593890937
4230 0.81711070061 0.78921901116
4233 0.74005063096 0.714789350743
4236 0.728750854944 0.703875287267
4239 0.758565189704 0.732671923732
4242 0.809892123044 0.782246836344
4245 0.822734287464 0.794650639521
4248 0.709801434685 0.685572696556
4251 0.732085782533 0.707096378672
4254 0.760381859621 0.734426582477
4257 0.805103446339 0.777621618866
4260 0.719340545406 0.694786194219
4263 0.825844421879 0.797654610961
4266 0.858953015114 0.829633057938
4269 0.803819709935 0.776381702201
4272 0.675967239556 0.652893415764
4275 0.722431689418 0.697771823484
4278 0.833827437165 0.805365129775
4281 0.737859457296 0.712672971762
4284 0.783617250906 0.756868844609
4287 0.693273124344 0.669608572315
4290 0.585856598668 0.565858659221
4293 0.732379809026 0.707380368708
4296 0.707371006926 0.683225230305
4299 0.565414045865 0.546113903343
4302 0.571789987059 0.552272204783
4305 0.617995210488 0.596900234642
4308 0.535703731849 0.517417736922
4311 0.60458669979 0.58394941715
4314 0.665351479043 0.642640019244
4317 0.885605614171 0.855375883062
4320 0.863316665233 0.833847756912
4323 0.766956800856 0.740777091184
4326 0.687857939351 0.664378232114
4329 0.871006064077 0.841274681743
4332 0.869349406349 0.839674573248
4335 0.895312393618 0.864751326158
4338 0.704482027298 0.680434864639
4341 0.641028254779 0.619147056799
4344 0.811089675126 0.783403510549
4347 0.843248806321 0.814464904926
4350 0.85186409676 0.822786116478
4353 0.784785376985 0.757997097253
4356 0.867868872761 0.838244576977
4359 0.809313605297 0.781688066028
4362 0.903730089476 0.872881687927
4365 0.908477464207 0.877467013254
4368 0.812404232017 0.784673195659
4371 0.844888372821 0.816048505594
4374 0.767601155621 0.741399451203
4377 0.851503814651 0.822438132429
4380 0.871627387468 0.841874796553
4383 0.712557071858 0.68823427135
4386 0.800713635878 0.773381652521
4389 0.80671188143 0.779175150782
4392 0.863846144262 0.834359162424
4395 0.807860715415 0.780284769859
4398 0.881515971552 0.85142583847
4401 0.814610911356 0.786804551036
4404 0.828930209139 0.800635066324
4407 0.833698783255 0.805240867405
4410 0.867189126665 0.837588033695
4413 0.935054296128 0.903136657518
4416 0.825780564252 0.797592933084
4419 0.926724137232 0.895090844677
4422 0.894255804048 0.863730802776
4425 0.924948011189 0.893375345862
4428 0.897721695098 0.867078387265
4431 0.903205454283 0.87237496091
4434 0.853805307285 0.824661064695
4437 0.935624280889 0.903687186117
4440 0.9753509056 0.942057761178
4443 0.808910823813 0.781299033301
4446 0.913989417488 0.882790818603
4449 0.932700759259 0.900863457522
4452 0.937987740411 0.90596997006
4455 0.855969170561 0.826751065516
4458 0.906775779086 0.875823414354
4461 0.856242199815 0.827014775044
4464 0.937576503401 0.905572770431
4467 0.919906127927 0.888505564913
4470 0.905178048438 0.87428022149
4473 1.00533296703 0.97101639904
4476 1.01612874865 0.981443671735
4479 1.01797114416 0.983223177936
4482 0.939787689676 0.907708478904
4485 1.02850429844 0.993396787955
4488 1.0051224843 0.970813101043
4491 0.97810286029 0.944715779189
4494 0.97749194555 0.944125717736
4497 0.976367942161 0.943040081674
4500 1.0250985975 0.990107339012
4503 1.06626916794 1.02987257139
4506 1.0658475165 1.02946531283
4509 1.06065589506 1.02445090495
4512 1.04735631619 1.01160530095
4515 1.02945327275 0.994313369471
4518 0.987242276631 0.953543225852
4521 1.04875906417 1.01296016678
4524 0.983692176578 0.950114306795
4527 0.952365517617 0.919856968604
4530 0.942172459308 0.910011845545
4533 0.945741860585 0.913459406989
4536 0.929769891118 0.898032633187
4539 1.0616909233 1.02545060299
4542 1.04881669433 1.01301582976
4545 0.977128674499 0.943774846772
4548 0.979511252683 0.946076096771
4551 0.994583674334 0.960634028397
4554 0.940872458879 0.90875622002
4557 1.03963888828 1.0041513038
4560 1.06920744572 1.03271055244
4563 1.00166871339 0.967477222981
4566 1.03361775933 0.998335703263
4569 1.07777646582 1.04098707307
4572 0.983086849929 0.949529642686
4575 1.05410661498 1.01812518146
4578 1.03894791339 1.00348391502
4581 0.987475327139 0.953768321291
4584 0.994309366071 0.960369083518
4587 1.04324749345 1.00763673094
4590 1.03178646105 0.99656691549
4593 0.982705810102 0.949161609474
4596 1.03330411339 0.998032763482
4599 1.04990728399 1.01406919265
4602 0.986801901399 0.953117882622
4605 1.03909111525 1.00362222875
4608 1.05204880544 1.01613761428
4611 1.04716175506 1.01141738106
4614 1.03358823713 0.998307188787
4617 1.02122626064 0.986367182551
4620 1.03662895146 1.00124410977
4623 1.06534183123 1.02897688888
4626 1.03912111766 1.00365120704
4629 0.997314256201 0.963271403137
4632 1.03140572426 0.996199174964
4635 1.02646037933 0.991422637058
4638 1.00209578742 0.967889719032
4641 1.04932263425 1.01350449966
4644 1.03844480189 1.002997977
4647 0.969035000379 0.935957446412
4650 1.02341334544 0.988479612244
4653 0.988784274042 0.955032587906
4656 0.947579914148 0.915234719457
4659 1.06028321228 1.02409094352
4662 1.03648356015 1.00110368132
4665 1.02828302646 0.993183068988
4668 0.90699742942 0.876037498759
4671 0.997437436856 0.963390379077
4674 1.01009489395 0.975615779829
4677 1.02411781491 0.989160034977
4680 0.970808207874 0.937670126303
4683 0.983982352126 0.950394577336
4686 1.01727635932 0.982552109259
4689 1.01311870096 0.978536370606
4692 0.978470590999 0.945070957584
4695 1.01437939245 0.979754028985
4698 0.977347736732 0.943986431419
4701 0.987272067491 0.953571999815
4704 0.961255576875 0.92844356987
4707 0.943942257186 0.911721232206
4710 0.955981620752 0.923349637759
4713 1.01303127806 0.978451931851
4716 0.998637758138 0.964549727957
4719 1.01980633324 0.984995723704
4722 1.01920636781 0.984416237816
4725 1.04371761859 1.00809080858
4728 0.985696153711 0.95204987911
4731 1.01226731351 0.977714044871
4734 1.00501929547 0.970713434516
4737 0.998533796121 0.964449314635
4740 1.02614925305 0.991122130933
4743 1.03937085156 1.00389241639
4746 1.0386949098 1.00323954758
4749 1.06166743856 1.02542791989
4752 1.04894839784 1.01314303763
4755 1.03734171644 1.00193254485
4758 1.03763049721 1.00221146822
4761 1.04671005191 1.01098109659
4764 0.977575332915 0.944206258713
4767 1.04114407353 1.00560511027
4770 1.06850733198 1.03203433676
4773 1.04071141782 1.00518722305
4776 1.08308029426 1.04610985783
4779 1.06768363236 1.03123875373
4782 1.06438080077 1.02804866275
4785 1.04811534596 1.01233842159
4788 1.01912283685 0.984335558141
4791 1.04903689241 1.01322851148
4794 1.08378331912 1.04678888526
4797 1.06256569348 1.02629551329
4800 1.03798419704 1.00255309467
4803 1.07483222261 1.03814333022
4806 1.04354614589 1.00792518901
4809 1.07196658198 1.03537550689
4812 1.07180395385 1.03521842999
4815 1.07128970648 1.03472173621
4818 1.083037666 1.04606868466
4821 1.07551652458 1.03880427387
4824 1.01795404051 0.983206658116
4827 1.06922479005 1.03272730473
4830 1.05933375378 1.02317389433
4833 1.055168209 1.01915053847
4836 1.06253590194 1.02626673868
4839 1.03910301042 1.00363371789
4842 1.03838953165 1.00294459338
4845 1.06848537174 1.03201312612
4848 1.03647601826 1.00109639687
4851 1.05897233869 1.02282481598
4854 1.03825444832 1.00281412106
4857 1.03550259204 1.0001561981
4860 0.858520717469 0.82921551657
4863 0.925524175095 0.893931842684
4866 1.00591340995 0.971577028817
4869 1.03770003167 1.00227862915
4872 0.954511005873 0.921929221626
4875 1.01721621377 0.982494016741
4878 1.00905403059 0.974610445844
4881 1.02250745881 0.987604647621
4884 1.01312072725 0.97853832773
4887 1.01684099801 0.982131608798
4890 0.960827669289 0.928030268708
4893 1.03126498529 0.996063240053
4896 1.08250232791 1.04555162009
4899 1.04147417744 1.00592394623
4902 1.02996035781 0.994803145419
4905 1.0435387841 1.00791807852
4908 1.05141333042 1.0155238309
4911 1.00544123754 0.971120973792
4914 1.04093867898 1.00540672676
4917 1.04429879007 1.00865214204
4920 0.91278185578 0.881624476446
4923 0.983093337181 0.949535908499
4926 1.02104776445 0.986194779248
4929 1.05279492086 1.0168582614
4932 1.0469481571 1.01121107417
4935 0.987446425628 0.953740406319
4938 0.967950453791 0.934909920311
4941 1.01609701618 0.98141302244
4944 1.04786769527 1.01209922434
4947 1.02764855896 0.992570258742
4950 1.04750676642 1.01175061562
4953 1.04634455232 1.01062807316
4956 1.00344661918 0.969194440791
4959 0.991623810705 0.957775198321
4962 1.039233882 1.00376012222
4965 1.01271496734 0.97814641824
4968 1.00963663632 0.975173164601
4971 1.01630818975 0.981616987701
4974 1.04119492199 1.00565422304
4977 1.02756584273 0.992490365984
4980 1.00409662078 0.969822254887
4983 0.925794940759 0.894193365889
4986 0.975168104359 0.941881199771
4989 0.99673632545 0.962713199779
4992 0.983959712467 0.950372710471
4995 0.988279606148 0.954545146614
4998 0.991143742684 0.957311517197
5001 0.966232354462 0.933250467495
5004 0.985986543297 0.952330356384
5007 0.922286302597 0.890804493441
5010 0.9939314357 0.960004053623
5013 0.89041584 0.860021914095
5016 0.945389464882 0.913119040147
5019 0.944482465001 0.912243000281
5022 0.961850815647 0.929018490446
5025 0.973567824107 0.940335544333
5028 0.973694736175 0.940458124318
5031 0.994186908916 0.96025080638
5034 1.01116970073 0.976653898579
5037 0.943914883131 0.91169479255
5040 0.860259118563 0.83089457816
5043 0.934720143492 0.902813911025
5046 1.01767729964 0.982939363668
5049 0.963559920907 0.930669256202
5052 0.946178027304 0.913880685361
5055 1.02835987285 0.993257292263
5058 1.02142341872 0.986557610735
5061 1.00358698574 0.969330016005
5064 0.962658294066 0.92979840597
5067 0.97997440904 0.946523443503
5070 0.997800014607 0.963740580408
5073 0.984923941038 0.951304025554
5076 0.993876221672 0.959950724299
5079 0.889347645234 0.858990181654
5082 0.944829839114 0.912578516942
5085 0.986621627055 0.952943761857
5088 0.989581518029 0.955802618345
5091 1.00207663518 0.967871220546
5094 1.01971819199 0.984910591119
5097 0.977973263846 0.944590606459
5100 0.957451020166 0.924768879914
5103 0.973121413872 0.939904372102
5106 0.949098955433 0.916701908983
5109 0.926158562082 0.894544575169
5112 0.974509619259 0.941245191751
5115 0.995231040927 0.961259297436
5118 1.01721674914 0.982494533839
5121 0.993019624392 0.959123366564
5124 0.909191801323 0.878156966809
5127 0.921355020332 0.889905000058
5130 0.940751475707 0.908639366551
5133 0.967712245675 0.934679843317
5136 0.97404355232 0.940795033787
5139 0.907970647361 0.876977496363
5142 0.900775589274 0.870028038199
5145 0.953839158478 0.921280307427
5148 0.948965112921 0.916572635122
5151 0.895159336993 0.864603494049
5154 0.942018732003 0.909863365649
5157 0.998738085489 0.964646630681
5160 1.00276109035 0.968532312166
5163 0.985803705412 0.952153759585
5166 0.852346105496 0.823251672072
5169 0.823091133505 0.794995304791
5172 0.807239369012 0.779684632823
5175 0.952128928119 0.919628454977
5178 1.0025937755 0.96837070853
5181 0.98994176338 0.95615056689
5184 0.821705082227 0.793656565721
5187 0.967903544481 0.934864612229
5190 0.958113800784 0.925409036827
5193 0.876228514321 0.846318866105
5196 0.936216392924 0.904259086686
5199 0.952560152755 0.920044959963
5202 0.953622964005 0.921071492651
5205 0.868083214519 0.838451602281
5208 0.901681818752 0.87090333396
5211 0.942155900526 0.909995851989
5214 0.98982623172 0.95603897885
5217 0.933643621937 0.901774136027
5220 0.990204070173 0.956403919965
5223 1.00286163746 0.968629427149
5226 0.837050130948 0.808477818421
5229 0.949047620648 0.916652326487
5232 0.96996520189 0.936855895932
5235 0.949646483056 0.917230747008
5238 1.00614664649 0.971802303935
5241 1.0019346442 0.967734076366
5244 1.00356642642 0.969310158462
5247 0.929129307513 0.897413915602
5250 0.904521271473 0.873645863298
5253 0.958737019135 0.926010981913
5256 0.956280808605 0.923638612975
5259 1.0140647245 0.979450102075
5262 0.929594984972 0.897863697381
5265 0.873783421025 0.843957234919
5268 0.927726140329 0.89605864487
5271 0.885433438057 0.855209584098
5274 0.944427600199 0.912190008262
5277 0.990134812793 0.956337026652
5280 1.00375260827 0.969489985087
5283 0.942835613479 0.910652363261
5286 1.01584552748 0.981170118184
5289 1.01702532722 0.982309646017
5292 1.01707333488 0.982356014961
5295 1.00302453387 0.968786763165
5298 0.93019628969 0.898444476845
5301 0.971244225528 0.938091260699
5304 1.00713835519 0.972760161127
5307 0.986270300328 0.952604427503
5310 1.02207148613 0.987183556662
5313 1.02499081746 0.990003237993
5316 0.98848914237 0.954747530415
5319 1.00210690907 0.967900461055
5322 0.988855294209 0.955101183834
5325 0.976696929127 0.943357838825
5328 0.844010907866 0.815200992493
5331 0.986997308992 0.953306620068
5334 0.989134593638 0.955370949508
5337 0.990065718517 0.956270290877
5340 0.934369981605 0.902475701749
5343 1.00189063166 0.96769156617
5346 0.982668998281 0.949126054208
5349 0.969162776935 0.936080861374
5352 1.01382429003 0.979217874723
5355 1.02388488001 0.988935051195
5358 1.03264824835 0.997399286084
5361 1.01712734698 0.982408183378
5364 0.99102507129 0.957196896594
5367 0.992448892373 0.958572116215
5370 0.937601071631 0.905596500037
5373 0.9948630653 0.960903882484
5376 1.02809191045 0.992998476635
5379 1.02182193284 0.986942521756
5382 0.990846637451 0.95702455351
5385 1.01974114848 0.984932763991
5388 1.02131569584 0.986453564924
5391 1.00260180087 0.968378459957
5394 0.96410536639 0.93119608316
5397 0.919041035164 0.887670001685
5400 1.00799019768 0.973582926374
5403 0.996705580725 0.962683504512
5406 0.925820227535 0.894217789513
5409 0.969769178446 0.936666563655
5412 1.00074243718 0.966582564767
5415 0.992055990195 0.958192625568
5418 1.00763583035 0.973240655202
5421 1.01285366212 0.978280378739
5424 0.978938299127 0.945522700714
5427 1.01872480028 0.98395110836
5430 0.931048978267 0.899268059298
5433 0.960255898013 0.927478014575
5436 0.954665192818 0.922078145473
5439 1.02842339014 0.993318641415
5442 1.03019219294 0.995027066971
5445 0.985577288165 0.951935070984
5448 0.964682915882 0.931753918272
5451 1.02715618514 0.992094691865
5454 0.98976894223 0.955983644909
5457 0.982897342915 0.949346604405
5460 1.01483605228 0.980195100945
5463 0.989943542398 0.956152285182
5466 1.01625251404 0.981563212448
5469 1.02586095039 0.990843669348
5472 1.02619766511 0.991168890469
5475 0.988940996374 0.955183960596
5478 0.969465780795 0.93637352234
5481 1.00128513696 0.967106739749
5484 1.00599559333 0.971656406905
5487 1.01424044184 0.979619821388
5490 1.01233436497 0.977778807561
5493 1.01623440982 0.981545726209
5496 1.00562508037 0.971298541234
5499 1.00267215224 0.968446409916
5502 0.971107630911 0.937959328675
5505 1.01135295898 0.976830901397
5508 0.992370928522 0.958496813622
5511 1.01372579889 0.979122745533
5514 0.98737840443 0.953674706993
5517 1.02802352258 0.992932423153
5520 1.02989912665 0.994744004361
5523 1.03110124182 0.995905085889
5526 0.998392811347 0.96431314231
5529 0.971231621615 0.938079087015
5532 1.02510188972 0.990110518859
5535 0.999700347883 0.965576046701
5538 1.02856242968 0.993452934906
5541 1.0387509209 1.00329364678
5544 1.02114137304 0.98628519255
5547 1.02724283051 0.992178379641
5550 1.03534087377 1.0
5553 1.02540026411 0.990398708371
5556 1.0249904074 0.990002841935
5559 1.03192623898 0.996701922161
5562 1.02699721363 0.991941146776
5565 1.01325848719 0.978671385299
5568 1.00084606096 0.966682651404
5571 1.00036525236 0.966218254975
5574 0.998546477988 0.964461563612
5577 0.999956900892 0.965823842394
5580 1.02183532668 0.986955458412
5583 1.01240094267 0.977843112655
5586 0.986261472687 0.952595901189
5589 0.952839439171 0.920314713068
5592 0.997952140097 0.963887513165
5595 0.986035718905 0.952377853406
5598 0.987159242049 0.953463025616
5601 0.987007448859 0.953316413816
5604 0.993286337217 0.959380975272
5607 1.02994234525 0.994785747712
5610 1.03189735428 0.996674023426
5613 1.02576395183 0.99074998179
5616 0.947581614996 0.915236362248
5619 1.01826123654 0.983503368153
5622 1.02416454058 0.98920516569
5625 0.980174351002 0.94671656054
5628 1.0142230014 0.979602976266
5631 1.02891370179 0.993792216511
5634 1.02121604508 0.98635731569
5637 1.01390927375 0.979299957571
5640 0.997820013095 0.963759896257
5643 1.01016603594 0.97568449342
5646 1.01919805413 0.984408207919
5649 1.01964775388 0.984842557378
5652 1.01704794467 0.982331491433
5655 1.01072847604 0.976227734892
5658 0.931425786177 0.899632005047
5661 0.999552055642 0.965432816346
5664 0.994139736954 0.960205244611
5667 0.992833014072 0.9589431261
5670 0.999892330313 0.965761475902
5673 1.0163840061 0.981690216091
5676 1.01275236457 0.978182538939
5679 1.01092066416 0.976413362762
5682 1.00422049268 0.969941898486
5685 0.984166291831 0.950572238347
5688 0.988273936043 0.954539670056
5691 1.0018216039 0.967624894643
5694 1.01063421914 0.976136695408
5697 1.00061444619 0.966458942688
5700 0.984740909848 0.951127242048
5703 0.980351745819 0.946887900068
5706 0.993199694335 0.959297289904
5709 0.92908057466 0.897366846222
5712 0.951800633855 0.919311366882
5715 0.998534309359 0.964449810354
5718 0.997892584767 0.963829990729
5721 1.00753819041 0.973146348157
5724 1.00819699068 0.97378266059
5727 0.988294175428 0.954559218578
5730 0.999755832707 0.965629637577
5733 1.00187686499 0.967678269419
5736 1.00922531095 0.974775879633
5739 1.00350614426 0.969251934005
5742 0.999493226605 0.965375995411
5745 0.996232426296 0.962226500987
5748 0.991185144708 0.957351505981
5751 1.00045885582 0.966308663325
5754 0.958522558265 0.925803841565
5757 1.00215039006 0.967942457844
5760 1.00071825103 0.966559204204
5763 0.978104785424 0.94471763861
5766 1.00964589281 0.975182105133
5769 1.0072311926 0.97284982958
5772 0.999498730713 0.965381311639
5775 0.997186290939 0.963147805909
5778 1.00087628379 0.96671184259
5781 0.983716407681 0.95013771078
5784 0.991746082481 0.957893296408
5787 1.00378309102 0.969519427325
5790 1.00194079618 0.967740018354
5793 1.00279457293 0.968564651836
5796 1.01219220649 0.977641501592
5799 1.00215282592 0.967944810557
5802 1.01390844117 0.979299153403
5805 1.00788935318 0.973485524154
5808 1.00903430285 0.974591391507
5811 1.01434028867 0.979716259997
5814 1.02242626195 0.987526222384
5817 1.01226889623 0.977715573558
5820 1.01626654924 0.981576768562
5823 1.02489239526 0.989908175385
5826 1.02417814765 0.989218308283
5829 1.02630566817 0.991273206893
5832 1.02307822569 0.988155931647
5835 1.024276792 0.98931358546
5838 1.02414331706 0.989184666624
5841 1.02439294062 0.989425769399
5844 1.02673578001 0.991688637064
5847 1.01522285922 0.980568704414
5850 1.02404486211 0.989089572386
5853 0.987194525722 0.953497104898
5856 1.00518973583 0.97087805697
5859 1.00032876647 0.96618301452
5862 1.01890238938 0.984122635541
5865 1.01140391484 0.9768801179
5868 1.01581309297 0.981138790814
5871 1.02874586604 0.993630109754
5874 1.0212140072 0.986355347379
5877 1.0231497711 0.98822503489
5880 1.01100535317 0.976495160953
5883 1.00108493944 0.966913375878
5886 1.00118431297 0.967009357339
5889 0.928128300347 0.896447077346
5892 0.960536871365 0.927749397034
5895 0.939604879012 0.907531908395
5898 0.97106596501 0.93791908502
5901 0.983841687668 0.950258714393
5904 1.00452147497 0.970232606886
5907 1.00406495595 0.969791670924
5910 0.98661304077 0.952935468661
5913 0.997567010574 0.963515529858
5916 0.983677399622 0.950100034243
5919 0.97548460284 0.942186894726
5922 0.990077530614 0.956281699774
5925 0.997641576494 0.963587550505
5928 1.00169620468 0.967503775866
5931 0.996451325252 0.96243792793
5934 0.994840108416 0.960881709222
5937 1.00483931957 0.970539602006
5940 0.989264956302 0.955496862303
5943 0.980007226963 0.946555141201
5946 0.98013085802 0.946674552171
5949 0.973934737218 0.940689933038
5952 0.986462124728 0.952789704067
5955 0.98278042301 0.949233675506
5958 0.970259960711 0.937140593299
5961 1.00129984298 0.967120943781
5964 1.00189423852 0.967695049914
5967 0.982854117832 0.94930485479
5970 0.993392878258 0.959483879585
5973 1.00049085481 0.966339570042
5976 0.978554854445 0.945152344736
5979 0.983820463639 0.950238214837
5982 0.993474130798 0.959562358608
5985 0.97695977855 0.943611716007
5988 0.986371437106 0.952702112024
5991 0.982265911614 0.948736726714
5994 0.997504811915 0.963455454321
5997 0.992500842786 0.958622293325
6000 0.991198290457 0.957364203007
6003 0.97506095338 0.941777706341
6006 0.983326037998 0.949760666183
6009 0.972468550084 0.939273793512
6012 0.99034428609 0.956539349677
6015 0.987322834057 0.953621033488
6018 0.987951154225 0.954227906242
6021 0.970118342165 0.937003808835
6024 0.965265668598 0.932316778998
6027 0.982074856649 0.94855219332
6030 0.993309643073 0.959403485594
6033 0.986317046365 0.952649577886
6036 0.996900835094 0.962872093964
6039 0.988085015318 0.95435719805
6042 0.988524470486 0.954781652623
6045 0.995170095198 0.96120043206
6048 0.996996215712 0.96296421881
6051 0.990101509665 0.956304860311
6054 0.989684144821 0.95590174202
6057 0.988368342213 0.954630853715
6060 0.995256905263 0.961284278905
6063 0.983704711243 0.950126413594
6066 0.947580720171 0.915235497968
6069 0.994011177037 0.960081073026
6072 0.988493941762 0.954752165983
6075 0.988297648925 0.954562573509
6078 0.983408465669 0.949840280224
6081 0.986325372208 0.95265761953
6084 0.977289795041 0.94393046754
6087 0.989797422915 0.956011153419
6090 0.972789789404 0.939584067479
6093 0.988147388019 0.954417441688
6096 0.990737120058 0.956918774443
6099 0.997185655021 0.963147191698
6102 0.945961151153 0.913671212176
6105 0.989462586039 0.955687746042
6108 0.965193366421 0.932246944822
6111 0.991189148939 0.95735537353
6114 0.992711835053 0.95882608347
6117 0.985160191054 0.951532211287
6120 0.968190917123 0.93514217554
6123 0.954020447778 0.921455408502
6126 0.977324654883 0.943964137458
6129 0.981911435183 0.94839435017
6132 0.997325550262 0.96328231168
6135 0.958166539953 0.92545997577
6138 0.882257900422 0.852142441947
6141 0.924372765778 0.892819736182
6144 0.959546773116 0.926793095323
6147 0.967367561629 0.934346924898
6150 0.954641977904 0.922055722989
6153 0.957511184151 0.92482699023
6156 0.956498250454 0.923848632548
6159 0.959940215342 0.927173107584
6162 0.8958163763 0.865238105628
6165 0.947650808949 0.915303194298
6168 0.938205592264 0.906180385642
6171 0.931573160782 0.899774349089
6174 0.937264628716 0.905271541442
6177 0.957726141384 0.925034609999
6180 0.952254552242 0.919749790979
6183 0.965792496714 0.932825624084
6186 0.972422240739 0.939229064915
6189 0.957513924206 0.924829636755
6192 0.901266295025 0.870501993941
6195 0.97592167939 0.942609051874
6198 0.973478326019 0.94024910122
6201 0.950926618478 0.91846718561
6204 0.981401974132 0.947902279331
6207 0.992734053262 0.95884754327
6210 0.980312385661 0.946849883451
6213 0.941169030997 0.909042668788
6216 0.962104638546 0.92926364922
6219 0.925489198542 0.893898060039
6222 0.969894350765 0.936787463276
6225 0.972382211879 0.939190402421
6228 0.969208385849 0.93612491345
6231 0.903112481568 0.872285161774
6234 0.959060916384 0.926323823082
6237 0.970851378147 0.937711822979
6240 0.945066295731 0.912806902223
6243 0.939141986044 0.907084816061
6246 0.920953587472 0.889517269919
6249 0.965639695918 0.932678039072
6252 0.90878606688 0.877765081921
6255 0.91076237146 0.879673926272
6258 0.906888033978 0.875931837479
6261 0.949269630138 0.916866757788
6264 0.947069601643 0.91474182623
6267 0.952323291863 0.919816184205
6270 0.949475153729 0.917065265928
6273 0.965541099586 0.932582808278
6276 0.907703156901 0.876719136564
6279 0.860743522618 0.83136244731
6282 0.892428985084 0.861966341418
6285 0.942412990748 0.910244166558
6288 0.949588840193 0.917175071757
6291 0.935050138962 0.903132642254
6294 0.932456384907 0.900627424775
6297 0.910020443026 0.878957323217
6300 0.906040238782 0.875112981373
6303 0.909851942042 0.878794573935
6306 0.938170889628 0.906146867564
6309 0.950456700196 0.918013307767
6312 0.944412314758 0.912175244583
6315 0.919452888504 0.888067796605
6318 0.907539218623 0.876560794242
6321 0.942244053579 0.91008099598
6324 0.943111045036 0.910918393091
6327 0.95096326101 0.918502577366
6330 0.951472596767 0.918994527186
6333 0.955765011918 0.923140422765
6336 0.900358945978 0.869625616826
6339 0.947283944161 0.914948852267
6342 0.953503890509 0.920956483672
6345 0.935335630338 0.903408388516
6348 0.957239437323 0.924564519353
6351 0.957614589161 0.924926865558
6354 0.953553702645 0.921004595494
6357 0.952936728929 0.920408681886
6360 0.937475510723 0.905475225091
6363 0.950628779868 0.91817951358
6366 0.952230187096 0.919726257526
6369 0.964297680484 0.931381832702
6372 0.964242408273 0.931328447183
6375 0.961917408437 0.929082810123
6378 0.968753833974 0.935685877489
6381 0.961738522231 0.928910030113
6384 0.969436540286 0.936345279942
6387 0.959894085417 0.927128552282
6390 0.958846354397 0.926116585068
6393 0.910596363628 0.87951358504
6396 0.958537988813 0.925818745398
6399 0.915290298599 0.884047294748
6402 0.93713124262 0.905142708418
6405 0.963317197403 0.930434817951
6408 0.940196894602 0.908103715811
6411 0.938004987344 0.905986628277
6414 0.962513947171 0.929658986288
6417 0.958450392012 0.925734138673
6420 0.933521783856 0.901656456832
6423 0.943755463644 0.911540814773
6426 0.956881788166 0.924219078381
6429 0.949814894072 0.917393409393
6432 0.920023029647 0.888618476249
6435 0.962180479028 0.929336900923
6438 0.930286819247 0.898531916218
6441 0.954462190252 0.921882072304
6444 0.95885378164 0.926123758785
6447 0.956643853418 0.923989265424
6450 0.903828613164 0.872976848555
6453 0.962564010794 0.929707341012
6456 0.933180102346 0.901326438459
6459 0.953482740226 0.920936055344
6462 0.88712262225 0.856841108784
6465 0.937275511752 0.905282052991
6468 0.945551281555 0.913275333284
6471 0.926399469009 0.894777258852
6474 0.933993168808 0.90211175128
6477 0.938846028779 0.906798961158
6480 0.942488629028 0.910317222961
6483 0.910931031431 0.879836829115
6486 0.946209791098 0.913911364914
6489 0.949108767028 0.916711385664
6492 0.915861348743 0.884598852365
6495 0.846206407191 0.817321549481
6498 0.88444005431 0.854250109038
6501 0.937025840372 0.905040904027
6504 0.951505629769 0.919026432622
6507 0.954916730677 0.922321097205
6510 0.950911385512 0.918452472614
6513 0.937601621334 0.905597030976
6516 0.910889877889 0.87979708033
6519 0.920805159137 0.889373908116
6522 0.947497955935 0.91515555885
6525 0.945621457864 0.913343114158
6528 0.94422078291 0.911990250584
6531 0.944690127256 0.912443574082
6534 0.938707348074 0.906665014254
6537 0.944384276039 0.912148162952
6540 0.941919273721 0.909767302329
6543 0.942882383722 0.910697537023
6546 0.90598723594 0.875061787758
6549 0.931956970452 0.900145057597
6552 0.930177735077 0.898426555585
6555 0.922680574975 0.891185307517
6558 0.930319815961 0.898563786604
6561 0.862700373411 0.833252501922
6564 0.749691062783 0.72410071096
6567 0.933053061575 0.901203734165
6570 0.923331501347 0.891814014823
6573 0.89485959276 0.864313981444
6576 0.916805161938 0.88551044894
6579 0.937143485169 0.905154533073
6582 0.926573143029 0.894945004591
6585 0.93011387075 0.898364871236
6588 0.927420400037 0.89576334088
6591 0.932729803031 0.900891509899
6594 0.870898692789 0.841170975524
6597 0.931695443964 0.899892458193
6600 0.933360494329 0.901500672846
6603 0.930551811653 0.898787863233
6606 0.919062260465 0.88769050247
6609 0.898335660397 0.867671395148
6612 0.923897317238 0.892360516854
6615 0.929810961087 0.898072301252
6618 0.932584225447 0.900750901538
6621 0.930279760628 0.898525098541
6624 0.917826916151 0.886497326054
6627 0.926358115088 0.894737316527
6630 0.925333077994 0.893747268592
6633 0.917630182838 0.88630730814
6636 0.925863372999 0.894259462227
6639 0.92221659826 0.890737168428
6642 0.916168376614 0.884895399983
6645 0.906728757477 0.875777997806
6648 0.923560174778 0.892034882594
6651 0.923308857602 0.891792144012
6654 0.922956034107 0.89145136398
6657 0.926954718794 0.895313555447
6660 0.919274817418 0.887895803892
6663 0.885905642853 0.855665670406
6666 0.918994090561 0.887624659514
6669 0.92328565429 0.891769732733
6672 0.924222157538 0.892674268884
6675 0.919443265918 0.888058502481
6678 0.870695565301 0.840974781697
6681 0.916856901181 0.885560422088
6684 0.922268450901 0.890787251104
6687 0.915655739222 0.884400261228
6690 0.9188529145 0.887488302431
6693 0.920035657551 0.888630673105
6696 0.915293558079 0.884050442967
6699 0.918069549132 0.886731676871
6702 0.913257532366 0.882083916035
6705 0.907434022878 0.876459189305
6708 0.917700079511 0.886374818923
6711 0.901630611607 0.870853874748
6714 0.915698309339 0.884441378234
6717 0.891359738688 0.860933593245
6720 0.913045239292 0.881878869485
6723 0.913266428786 0.88209250878
6726 0.906701578265 0.875751746344
6729 0.912321298209 0.88117963979
6732 0.912400085422 0.881255737639
6735 0.909604441496 0.878555521703
6738 0.906032956107 0.875105947289
6741 0.903475639987 0.872635923952
6744 0.904955964881 0.874065718652
6747 0.9054854713 0.874577150618
6750 0.878778122301 0.848781444415
6753 0.906047612268 0.875120103168
6756 0.912650821766 0.881497915216
6759 0.91600526025 0.88473785152
6762 0.91095075385 0.879855878318
6765 0.910527713043 0.879447277811
6768 0.87743611573 0.847485246608
6771 0.899495905825 0.868792036143
6774 0.907696535833 0.876712741503
6777 0.907293662144 0.876323619718
6780 0.91428139271 0.883072827388
6783 0.904854644417 0.873967856714
6786 0.898548138787 0.867876620687
6789 0.908247794553 0.877245183266
6792 0.903594835548 0.872751050828
6795 0.903603026246 0.872758961941
6798 0.906684439051 0.875735192169
6801 0.91346987122 0.882289006802
6804 0.907755264979 0.876769465958
6807 0.898842211977 0.868160655827
6810 0.900296515679 0.869565317556
6813 0.898451301725 0.867783089113
6816 0.905287642847 0.874386074946
6819 0.90280770044 0.871990784207
6822 0.900996971618 0.870241863762
6825 0.90092821411 0.870175453259
6828 0.886377918911 0.856121825543
6831 0.89932384073 0.86862584441
6834 0.898382246498 0.867716391054
6837 0.901855946264 0.871071517712
6840 0.891676316208 0.86123936454
6843 0.887237033482 0.856951614642
6846 0.899103320726 0.868412851752
6849 0.899263457793 0.868567522616
6852 0.900088930306 0.869364818012
6855 0.888186072882 0.857868259028
6858 0.890275951548 0.859886800669
6861 0.886215872582 0.855965310589
6864 0.889228322701 0.85887493214
6867 0.869535863975 0.839854666231
6870 0.867195972796 0.837594646137
6873 0.858705872391 0.829394351315
6876 0.878000235396 0.848030110314
6879 0.876847029083 0.846916268156
6882 0.890197088216 0.8598106293
6885 0.874164466004 0.844325273107
6888 0.868961260534 0.839299676608
6891 0.873695618036 0.843872429043
6894 0.884261274738 0.854077432023
6897 0.87208878732 0.842320446738
6900 0.865003588801 0.835477098138
6903 0.887068601975 0.856788932465
6906 0.875112159344 0.84524061738
6909 0.876632244765 0.8467088154
6912 0.868763142362 0.839108321107
6915 0.854550860354 0.82538116866
6918 0.869251244902 0.839579762496
6921 0.881236007493 0.851155430853
6924 0.8703546317 0.840645485704
6927 0.870224144866 0.840519452977
6930 0.873167006406 0.843361861323
6933 0.866758201442 0.837171817902
6936 0.871353602571 0.841610357175
6939 0.867579769722 0.837965342335
6942 0.873812670667 0.843985486138
6945 0.840435891105 0.811748007248
6948 0.868273479764 0.838635372911
6951 0.869033118323 0.839369081565
6954 0.868237042394 0.838600179313
6957 0.872966475769 0.843168175704
6960 0.877947749608 0.847979416104
6963 0.880631055803 0.850571128904
6966 0.87001753704 0.840319897612
6969 0.869779671126 0.840090151139
6972 0.864521561475 0.835011524588
6975 0.865816431609 0.836262194939
6978 0.838576247349 0.809951841557
6981 0.853878473532 0.824731733447
6984 0.866387284656 0.836813562186
6987 0.856564751576 0.827326316653
6990 0.85648174977 0.827246148074
6993 0.877627545571 0.847670142081
6996 0.872790066762 0.842997788336
6999 0.86237290988 0.832936216205
7002 0.873688177472 0.84386524246
7005 0.863063875919 0.833603596443
7008 0.871556178658 0.841806018423
7011 0.867749033292 0.838128828172
7014 0.872296872857 0.842521429373
7017 0.837084308096 0.808510828949
7020 0.860393921505 0.831024779668
7023 0.853668576779 0.82452900142
7026 0.858663378586 0.829353308017
7029 0.857852603878 0.828570208722
7032 0.863864682146 0.834377067526
7035 0.859798595269 0.830449774612
7038 0.839956397538 0.811284880968
7041 0.862102247582 0.832674792837
7044 0.864157365347 0.834659760124
7047 0.864981872068 0.835456122695
7050 0.862610005087 0.833165218279
7053 0.843379182404 0.814590830683
7056 0.871642423554 0.84188931939
7059 0.855596502993 0.826391118779
7062 0.854107221404 0.824952673118
7065 0.845527717593 0.816666026633
7068 0.844627263492 0.81579630911
7071 0.856640954713 0.827399918631
7074 0.853923449009 0.824775173706
7077 0.849610535631 0.820609479598
7080 0.85197011358 0.822888514464
7083 0.853058878188 0.823940114603
7086 0.838097790799 0.809489716896
7089 0.844683587926 0.815850710936
7092 0.849592922276 0.820592467467
7095 0.850165466137 0.821145467812
7098 0.857228980659 0.827967872588
7101 0.847643331592 0.818709425144
7104 0.85395149936 0.824802266572
7107 0.852246719667 0.823155678732
7110 0.849002702236 0.82002239431
7113 0.850958941044 0.821911857827
7116 0.84959647728 0.820595901122
7119 0.852469538864 0.8233708921
7122 0.836772406923 0.808209574375
7125 0.855193784926 0.826002147305
7128 0.850834903074 0.821792053834
7131 0.836043720152 0.807505760985
7134 0.84932269197 0.820331461345
7137 0.852065536925 0.822980680577
7140 0.85070751634 0.821669015387
7143 0.853297143364 0.82417024671
7146 0.844243619583 0.815425760706
7149 0.818669676825 0.790724772455
7152 0.842945746909 0.814172190304
7155 0.84617713238 0.817293273952
7158 0.845685553002 0.816818474405
7161 0.848203415611 0.819250390958
7164 0.831802496704 0.803409309704
7167 0.823934092434 0.795809489714
7170 0.838720093432 0.810090777522
7173 0.826221225201 0.798018552279
7176 0.825281076628 0.797110495235
7179 0.834751756773 0.806257898168
7182 0.817375431353 0.789474705443
7185 0.824301651622 0.796164502441
7188 0.786954631951 0.760092305721
7191 0.81628463823 0.788421146031
7194 0.828426306567 0.80014836423
7197 0.805658622014 0.77815784388
7200 0.82235698296 0.79428621413
7203 0.802745774593 0.775344425136
7206 0.806263899773 0.778742460768
7209 0.804484145139 0.777023457221
7212 0.829803995492 0.801479026391
7215 0.820702374123 0.792688084586
7218 0.81463348002 0.78682634933
7221 0.826842501149 0.798618621265
7224 0.812513338645 0.784778577983
7227 0.822035606506 0.79397580771
7230 0.827631073944 0.799380276498
7233 0.811196969102 0.783507142095
7236 0.819477683917 0.791505198605
7239 0.809558455948 0.781924558817
7242 0.810875874604 0.783197008007
7245 0.804527971836 0.777065787915
7248 0.826282873479 0.798078096222
7251 0.808641186018 0.781038599465
7254 0.819496537835 0.791523408953
7257 0.808026511634 0.780444906702
7260 0.821127764144 0.793098954119
7263 0.795516509756 0.768361927854
7266 0.810823613694 0.783146530999
7269 0.816738469417 0.788859485904
7272 0.818781956977 0.790833219976
7275 0.811034582187 0.783350298181
7278 0.815387067087 0.787554213057
7281 0.818534353766 0.790594068585
7284 0.821666588324 0.793619385789
7287 0.816125470086 0.788267411016
7290 0.791077048583 0.7640740056
7293 0.791308585064 0.764297638693
7296 0.814867947618 0.787052813486
7299 0.820873875146 0.792853731503
7302 0.82502095128 0.796859249144
7305 0.82438529708 0.796245292701
7308 0.820048941675 0.792056956748
7311 0.826170818709 0.797969866389
7314 0.839051381919 0.810410757631
7317 0.823695151682 0.795578705091
7320 0.826706745402 0.798487499476
7323 0.817995612116 0.790073716627
7326 0.807971193568 0.780391476892
7329 0.831709955027 0.803319926894
7332 0.830233952116 0.801894306647
7335 0.824010928382 0.795883702903
7338 0.826458613404 0.798247837347
7341 0.82719794325 0.798961930517
7344 0.812100333353 0.784379670433
7347 0.819935300836 0.791947194986
7350 0.81835505081 0.790420886051
7353 0.822225545976 0.794159263685
7356 0.807432377973 0.779871053514
7359 0.820449642292 0.792443979638
7362 0.820483236218 0.792476426851
7365 0.813720780342 0.785944804225
7368 0.823517895632 0.795407499593
7371 0.816279111228 0.788415807691
7374 0.81317194994 0.785414707891
7377 0.817501937937 0.789596893785
7380 0.819156854119 0.791195320181
7383 0.815837470668 0.787989242323
7386 0.806044966573 0.77853100075
7389 0.798475657395 0.771220066381
7392 0.804694079794 0.777226225855
7395 0.807646368028 0.780077739119
7398 0.813986947455 0.786201885849
