Wave Flux FluxNorm
3600 0.527540782748 0.521587073038
3603 0.499000582732 0.493368971467
3606 0.50325297474 0.49757337191
3609 0.483218199222 0.477764704481
3612 0.491340568571 0.485795406548
3615 0.519645106012 0.51378050518
3618 0.505986616456 0.500276162345
3621 0.514045147019 0.508243746098
3624 0.512133283445 0.506353459397
3627 0.535751863562 0.529705485393
3630 0.504257005606 0.498566071504
3633 0.510360137863 0.504600325148
3636 0.530266547671 0.524282075575
3639 0.5352891849 0.529248028421
3642 0.509719935018 0.503967347492
3645 0.511400569479 0.505629014681
3648 0.504630692856 0.498935541402
3651 0.51181586989 0.506039628101
3654 0.527922561272 0.521964542894
3657 0.548758563924 0.542565394984
3660 0.534539894555 0.528507194403
3663 0.534789405416 0.528753889339
3666 0.540312879018 0.534215026227
3669 0.522968658875 0.517066549154
3672 0.533937823335 0.527911918026
3675 0.527973380557 0.522014788643
3678 0.511285985325 0.505515723698
3681 0.520991358892 0.515111564545
3684 0.50578640783 0.500078213229
3687 0.475511211623 0.470144696255
3690 0.535758992911 0.529712534281
3693 0.539460056856 0.533371828829
3696 0.520882344816 0.515003780778
3699 0.543703866419 0.537567743687
3702 0.544330777398 0.538187579487
3705 0.46697978107 0.461709549558
3708 0.519002733398 0.513145382242
3711 0.479106596617 0.473699504521
3714 0.549677355648 0.543473817426
3717 0.582993697246 0.57641415809
3720 0.485257384729 0.479780876186
3723 0.456823321217 0.451667713286
3726 0.558650021861 0.552345220093
3729 0.556977374219 0.550691449587
3732 0.51790527995 0.512060314414
3735 0.401417584128 0.396887273209
3738 0.504015256307 0.498327050535
3741 0.547746409203 0.541564663219
3744 0.525895994748 0.519960847755
3747 0.493905018035 0.488330914197
3750 0.390611743778 0.386203385206
3753 0.530863628917 0.524872418293
3756 0.561023909098 0.554692316159
3759 0.496241066381 0.490640598414
3762 0.531455949705 0.525458054279
3765 0.538150892743 0.532077439656
3768 0.500130010173 0.494485652437
3771 0.425276602233 0.420477023662
3774 0.524024732277 0.518110703942
3777 0.551471940394 0.545248148881
3780 0.554305775819 0.54805000226
3783 0.545246717942 0.539093182926
3786 0.529377225977 0.523402790571
3789 0.528602958071 0.522637260883
3792 0.547098938375 0.540924499606
3795 0.495845572041 0.490249567536
3798 0.393864513307 0.38941944469
3801 0.523452223818 0.517544656689
3804 0.548119355317 0.541933400345
3807 0.52949138762 0.523515663811
3810 0.559973408372 0.553653671154
3813 0.519808090594 0.513941650354
3816 0.525075946238 0.519150054133
3819 0.542120590846 0.536002336616
3822 0.537788139684 0.531718780548
3825 0.506194079312 0.50048128382
3828 0.506340145341 0.500625701381
3831 0.504425350871 0.498732516862
3834 0.422415712098 0.417648420906
3837 0.455192948514 0.450055740613
3840 0.490762668163 0.485224028197
3843 0.541682983474 0.535569667985
3846 0.555923124146 0.549649097548
3849 0.561170162239 0.554836918719
3852 0.566252075802 0.559861478919
3855 0.569421075158 0.562994713643
3858 0.550156549979 0.543947603674
3861 0.557402723967 0.55111199893
3864 0.58307733031 0.576496847291
3867 0.578035260976 0.571511681646
3870 0.581320249416 0.574759596426
3873 0.504002584782 0.498314522018
3876 0.570266064987 0.563830167101
3879 0.529837931087 0.523858296264
3882 0.575180783228 0.568689418909
3885 0.54257140301 0.536448061013
3888 0.443229997813 0.438227801152
3891 0.528077974247 0.522118201911
3894 0.549866401703 0.543660729948
3897 0.568250437194 0.561837287242
3900 0.563550344479 0.557190238743
3903 0.57752790089 0.571010047515
3906 0.562754429228 0.556403306018
3909 0.607839864607 0.60097991705
3912 0.623292946498 0.616258598843
3915 0.610340435003 0.603452266556
3918 0.609877209538 0.602994268952
3921 0.588578615424 0.581936046106
3924 0.621081115063 0.614071729654
3927 0.581915102388 0.575347736018
3930 0.457664585231 0.452499482979
3933 0.145752985585 0.144108049319
3936 0.342213613459 0.338351465584
3939 0.591353467701 0.584679582007
3942 0.634066525138 0.626910589235
3945 0.649051189955 0.641726140408
3948 0.66531059556 0.657802045922
3951 0.675474516799 0.667851259373
3954 0.68475407638 0.677026091877
3957 0.667522213273 0.659988703803
3960 0.694592044361 0.686753030707
3963 0.642901897933 0.635646247948
3966 0.471923093257 0.466597072607
3969 0.180908321014 0.178866629334
3972 0.541509184826 0.53539783079
3975 0.681350522312 0.673660949575
3978 0.721284936324 0.713144672539
3981 0.724939273263 0.716757767432
3984 0.737823577925 0.729496662654
3987 0.749670074499 0.741209462263
3990 0.755418775056 0.746893284245
3993 0.775458353496 0.766706700392
3996 0.767415677546 0.75875479232
3999 0.76456518506 0.755936469869
4002 0.783659791263 0.774815578529
4005 0.762904114413 0.754294145701
4008 0.795151460571 0.786177555375
4011 0.804274709706 0.795197841519
4014 0.812618688342 0.803447651839
4017 0.817583066051 0.808356002669
4020 0.833145089972 0.823742396997
4023 0.838865987814 0.829398730039
4026 0.844359169037 0.834829916422
4029 0.845508268254 0.835966047157
4032 0.814342291104 0.805151802398
4035 0.833999471887 0.824587136545
4038 0.873463463237 0.863605745934
4041 0.877981970246 0.868073258063
4044 0.857961578185 0.84827881176
4047 0.853588318667 0.843954907891
4050 0.88750137985 0.877485233695
4053 0.884789493874 0.87480395347
4056 0.892093643774 0.882025670334
4059 0.892992201335 0.882914086971
4062 0.896392455574 0.886275966686
4065 0.886526523633 0.876521379491
4068 0.900930351706 0.890762649116
4071 0.878217525278 0.868306154672
4074 0.913740401967 0.903428127956
4077 0.881088783902 0.8711450089
4080 0.922414718677 0.912004548228
4083 0.9126442205 0.902344317753
4086 0.914523484993 0.904202373279
4089 0.934833007747 0.924282687208
4092 0.919398142831 0.909022016797
4095 0.912233302357 0.901938037142
4098 0.892227923314 0.882158434425
4101 0.694278232707 0.686442760662
4104 0.845376464227 0.835835730642
4107 0.9134144792 0.903105883482
4110 0.917606658133 0.907250750402
4113 0.943941524929 0.93328840766
4116 0.946048520963 0.935371624599
4119 0.918479370036 0.90811361307
4122 0.922397050281 0.911987079233
4125 0.950524663212 0.939797250087
4128 0.938317933379 0.927728282733
4131 0.933130582962 0.922599475616
4134 0.922624627795 0.912212088358
4137 0.952945230782 0.942190499662
4140 0.955176297206 0.944396386759
4143 0.90905455496 0.898795164392
4146 0.939731711818 0.929126105578
4149 0.932985249865 0.922455782717
4152 0.942574620763 0.931936930076
4155 0.922966853787 0.912550452062
4158 0.940533747182 0.929919089346
4161 0.943810981896 0.933159337907
4164 0.9390344153 0.928436678596
4167 0.85845185791 0.848763558296
4170 0.940553329922 0.92993845108
4173 0.903343849968 0.893148909165
4176 0.92485386356 0.914416165456
4179 0.924590212179 0.914155489587
4182 0.924040603487 0.913612083658
4185 0.918173824918 0.907811516267
4188 0.901261455644 0.891090016287
4191 0.924107769689 0.913678491838
4194 0.941685584366 0.931057927149
4197 0.926738044705 0.916279082146
4200 0.904469926304 0.894262276851
4203 0.912207502727 0.901912528681
4206 0.916103868709 0.905764921131
4209 0.930017452131 0.919521478898
4212 0.918199322602 0.907836726189
4215 0.891596368428 0.881534007129
4218 0.906221037751 0.895993625637
4221 0.924768086226 0.914331356186
4224 0.894293588294 0.884200786762
4227 0.835859159283 0.826425835916
4230 0.912715350885 0.902414645376
4233 0.887845537778 0.877825507532
4236 0.874274565852 0.864407694622
4239 0.905753088419 0.895530957479
4242 0.895998262906 0.88588622279
4245 0.910385272954 0.900110864194
4248 0.858833706932 0.849141097853
4251 0.872860707723 0.863009792986
4254 0.874711438448 0.864839636769
4257 0.910922783254 0.900642308271
4260 0.879827254745 0.869897717085
4263 0.90460949769 0.894400273065
4266 0.910861665023 0.900581879806
4269 0.892560569571 0.882487326509
4272 0.843001811598 0.833487877822
4275 0.848273545754 0.838700116341
4278 0.90016843249 0.890009328753
4281 0.861561147664 0.851837757286
4284 0.875665134709 0.865782569824
4287 0.85318567427 0.843556807651
4290 0.804711149026 0.795629355279
4293 0.840977489926 0.831486402201
4296 0.83078626725 0.821410195432
4299 0.744235148462 0.73583587361
4302 0.733321344638 0.725045240586
4305 0.752869860723 0.7443731364
4308 0.697759255036 0.689884496936
4311 0.720606996258 0.712474383556
4314 0.80207127881 0.793019278061
4317 0.913250137418 0.902943396425
4320 0.899662660494 0.88950926479
4323 0.851935190993 0.842320437054
4326 0.853433077101 0.843801418348
4329 0.923879239419 0.91345254071
4332 0.924068195724 0.913639364495
4335 0.915100789286 0.904773162241
4338 0.811399647102 0.802242368432
4341 0.666417407596 0.658896366721
4344 0.880651950215 0.870713105222
4347 0.920664650048 0.91027423049
4350 0.924885613709 0.91444755728
4353 0.882793349429 0.872830337073
4356 0.914360068342 0.904040800912
4359 0.919590574154 0.909212276381
4362 0.932431224689 0.921908010148
4365 0.94291228434 0.932270782855
4368 0.928924660437 0.918441020211
4371 0.930042471296 0.919546215702
4374 0.899163882025 0.889016115425
4377 0.921829326497 0.911425762656
4380 0.947644307981 0.936949401914
4383 0.896866554854 0.886744715385
4386 0.937810806155 0.927226878836
4389 0.955716825784 0.94493081505
4392 0.95384737608 0.943082463545
4395 0.910407143152 0.90013248757
4398 0.962433824509 0.951572007198
4401 0.955682561877 0.944896937838
4404 0.959166665788 0.948341720915
4407 0.983047615287 0.971953155249
4410 0.982943952358 0.971850662237
4413 0.993389286581 0.982178112706
4416 0.955434543793 0.944651718832
4419 0.998506391088 0.987237466693
4422 1.00797680579 0.996601000368
4425 0.997091100472 0.985838148736
4428 0.988649950104 0.977492263343
4431 1.01625978665 1.00479050133
4434 0.998345365511 0.987078258415
4437 1.01935805821 1.00785380647
4440 1.02925872299 1.01764273451
4443 0.976775758003 0.965752080773
4446 1.02829100947 1.0166859424
4449 1.03099619626 1.01936059904
4452 1.0358649539 1.02417440895
4455 1.01390161332 1.00245894182
4458 1.04249617545 1.03073079198
4461 1.02650325852 1.01491836761
4464 1.04391585436 1.03213444871
4467 1.03360909091 1.02194400513
4470 1.03368412073 1.02201818819
4473 1.06502400564 1.05300437802
4476 1.07038038482 1.05830030628
4479 1.15518805637 1.14215085703
4482 1.04013193511 1.02839323395
4485 1.09345732313 1.08111680332
4488 1.07810320482 1.06593596823
4491 1.07579644451 1.0636552415
4494 1.06755079571 1.05550265129
4497 1.088238308 1.07595668884
4500 1.07316372968 1.06105223892
4503 1.08682359099 1.07455793802
4506 1.1057603023 1.09328093376
4509 1.09646386456 1.08408941357
4512 1.09894896297 1.08654646571
4515 1.09189508815 1.07957219937
4518 1.09161706292 1.07929731188
4521 1.100846747 1.08842283176
4524 1.09481723483 1.08246136735
4527 1.08373900934 1.07150816828
4530 1.07936707732 1.06718557694
4533 1.07163921232 1.05954492693
4536 1.08498025261 1.07273540316
4539 1.11591162222 1.1033176881
4542 1.10604769534 1.09356508334
4545 1.10382497497 1.09136744811
4548 1.07741575741 1.06525627919
4551 1.08135884774 1.06915486866
4554 1.09019534703 1.07789164117
4557 1.10230997529 1.08986954639
4560 1.108207393 1.09570040712
4563 1.08203382467 1.06982222796
4566 1.10646475243 1.09397743362
4569 1.10987443387 1.09734863414
4572 1.06524672688 1.05322458568
4575 1.10837682115 1.09586792315
4578 1.10213715854 1.08969868
4581 1.09353987609 1.0811984246
4584 1.07548367476 1.06334600161
4587 1.10174651528 1.08931244546
4590 1.07856312982 1.0663907026
4593 1.08772053437 1.0754447587
4596 1.09372344243 1.08137991925
4599 1.09453968337 1.08218694827
4602 1.08074555675 1.06854849914
4605 1.09207970418 1.07975473187
4608 1.08762141552 1.07534675848
4611 1.08290313971 1.07068173209
4614 1.08624858474 1.07398942117
4617 1.08252391162 1.07030678389
4620 1.08376759647 1.07153643279
4623 1.08556654919 1.07331508292
4626 1.0753035688 1.06316792828
4629 1.05965055003 1.04769156605
4632 1.06750140204 1.05545381507
4635 1.07270693584 1.06060060035
4638 1.07352443264 1.06140887106
4641 1.07577905199 1.06363804527
4644 1.0724496847 1.06034625249
4647 1.0511825177 1.03931910208
4650 1.05497409468 1.04306788815
4653 1.06511303175 1.0530923994
4656 1.05302427207 1.04114007081
4659 1.06186700947 1.04988301102
4662 1.06118965567 1.04921330168
4665 1.05603574108 1.04411755305
4668 1.04890713923 1.03706940303
4671 1.05258237946 1.04070316531
4674 1.05714076901 1.04521010987
4677 1.04164079558 1.02988506574
4680 1.03936324498 1.02763321908
4683 1.03936975646 1.02763965707
4686 1.05095388883 1.03909305346
4689 1.04823987955 1.0364096739
4692 1.04887828302 1.03704087249
4695 1.05552422056 1.04361180543
4698 1.05496878261 1.04306263603
4701 1.05566201457 1.04374804433
4704 1.04397352826 1.03219147171
4707 1.0596584624 1.04769938912
4710 1.05831699259 1.04637305885
4713 1.06367564498 1.05167123466
4716 1.06610214583 1.05407035055
4719 1.06911053029 1.05704478305
4722 1.07106309092 1.05897530751
4725 1.07517514226 1.06304095113
4728 1.07290362399 1.06079506872
4731 1.07186250447 1.05976569904
4734 1.06243934067 1.05044888301
4737 1.07070427197 1.05862053811
4740 1.07910179238 1.06692328594
4743 1.08503413276 1.07278867522
4746 1.08754840911 1.075274576
4749 1.08874240311 1.07645509485
4752 1.08686481443 1.07459869622
4755 1.09044077319 1.0781342975
4758 1.08707390313 1.0748054252
4761 1.08647484063 1.07421312359
4764 1.07784459571 1.06568027772
4767 1.09410059261 1.081752813
4770 1.09207892779 1.07975396424
4773 1.08852704752 1.07624216972
4776 1.0927181022 1.08038592507
4779 1.0972116092 1.08482871933
4782 1.0908791253 1.07856770247
4785 1.0994356184 1.08702762885
4788 1.09686335942 1.08448439983
4791 1.09765484672 1.08526695458
4794 1.09671011789 1.08433288774
4797 1.09832177884 1.08592635985
4800 1.09879368473 1.08639293991
4803 1.10209329268 1.08965530921
4806 1.09137047393 1.07905350584
4809 1.10001960364 1.08760502337
4812 1.09917570483 1.08677064861
4815 1.09959612413 1.08718632315
4818 1.10117896131 1.08875129678
4821 1.09600946533 1.0836401426
4824 1.09150080991 1.07918237088
4827 1.105051699 1.0925803276
4830 1.09431266343 1.08196249043
4833 1.09589945155 1.08353137041
4836 1.09915698361 1.08675213867
4839 1.09966599261 1.08725540311
4842 1.09220622188 1.07987982172
4845 1.09303454319 1.08069879477
4848 1.09441365689 1.08206234411
4851 1.09075016196 1.07844019457
4854 1.08340512648 1.07117805356
4857 1.06843482364 1.05637670227
4860 0.86743725097 0.857647544178
4863 0.908587554822 0.898333434715
4866 1.05923677852 1.04728246428
4869 1.0785632991 1.06639086998
4872 1.04325367154 1.03147973914
4875 1.08336552989 1.07113890385
4878 1.06834605035 1.05628893086
4881 1.08348903173 1.07126101187
4884 1.08149139982 1.0692859248
4887 1.08035172944 1.06815911648
4890 1.06014722671 1.04818263735
4893 1.07627222153 1.06412564901
4896 1.07739189423 1.06523268533
4899 1.08089222589 1.06869351301
4902 1.07323189083 1.06111963081
4905 1.07377977815 1.0616613348
4908 1.08066756972 1.06847139226
4911 1.07605032626 1.063906258
4914 1.0783301324 1.06616033475
4917 1.07189725908 1.05980006142
4920 1.03446975041 1.02279495142
4923 1.05336164006 1.04147363134
4926 1.06523248237 1.05321050193
4929 1.08056942532 1.0683743555
4932 1.0692731932 1.05720561018
4935 1.06593180552 1.05390193267
4938 1.05665416827 1.0447290008
4941 1.05608934729 1.04417055427
4944 1.06002369752 1.04806050228
4947 1.06089703786 1.04892398629
4950 1.06593186156 1.05390198808
4953 1.06260282216 1.05061051948
4956 1.04545888321 1.03366006327
4959 1.03804460361 1.02632945961
4962 1.05883643589 1.04688663983
4965 1.0525270279 1.04064843843
4968 1.05556164783 1.0436488103
4971 1.06076916307 1.04879755467
4974 1.05748820468 1.04555362446
4977 1.05237685506 1.04049996041
4980 1.04136729504 1.02961465187
4983 1.02881833606 1.0172073177
4986 1.04098279787 1.02923449405
4989 1.04795680818 1.03612979721
4992 1.03475569715 1.02307767102
4995 1.03457536269 1.02289937179
4998 1.04384318885 1.03206260328
5001 1.04224359228 1.03048105941
5004 1.03714970241 1.02544465807
5007 1.0217776901 1.01024613093
5010 1.03835621701 1.02663755621
5013 1.01410364374 1.00265869217
5016 1.02574332891 1.0141670144
5019 1.00733307559 0.995964535166
5022 1.03423061888 1.02255851868
5025 1.03898843145 1.02726263561
5028 1.03443047637 1.02275612062
5031 1.02798234695 1.01638076338
5034 1.03111565643 1.01947871101
5037 1.02465598398 1.01309194101
5040 1.00376597975 0.992437696791
5043 1.00657980755 0.995219768344
5046 1.02972712016 1.01810584546
5049 1.01981291799 1.0083035328
5052 1.010657948 0.999251883797
5055 1.02820024853 1.01659620576
5058 1.02527243921 1.01370143905
5061 1.02431364792 1.01275346848
5064 1.02239127371 1.01085278976
5067 1.02384826667 1.01229333942
5070 1.02858903041 1.01698059994
5073 1.02580129903 1.01422433028
5076 1.02472877929 1.01316391477
5079 1.00604615068 0.994692134207
5082 1.01638333779 1.00491265809
5085 1.01860120486 1.00710549479
5088 1.02895878314 1.01734617971
5091 1.02905641302 1.01744270777
5094 1.03169026116 1.02004683088
5097 1.02938405636 1.0177666534
5100 1.03140942975 1.01976916887
5103 1.00592136518 0.994568757012
5106 1.02011268241 1.00859991415
5109 1.01115104301 0.999739413841
5112 1.01836749211 1.00687441968
5115 1.02706995951 1.01547867294
5118 1.0238662881 1.01231115746
5121 1.02826045678 1.01665573452
5124 1.01412627508 1.0026810681
5127 1.01033957267 0.998937101581
5130 1.01149038976 1.0000749308
5133 1.0202903676 1.00877559402
5136 1.02670468075 1.01511751663
5139 0.995643877595 0.9844072589
5142 1.01456386367 1.00311371816
5145 1.02306536066 1.01151926912
5148 1.0218429797 1.01031068368
5151 1.00771947237 0.996346571159
5154 1.01690345722 1.00542690757
5157 1.02768909015 1.01609081621
5160 1.01857786328 1.00708241664
5163 1.02600233598 1.01442309838
5166 0.980508325635 0.969442523464
5169 0.940486689824 0.929872563068
5172 0.94484282355 0.934179534422
5175 1.01113687837 0.999725409062
5178 1.03352903012 1.02186484789
5181 1.01861656941 1.00712068595
5184 0.940837272439 0.930219189084
5187 1.01370493905 1.00226448717
5190 1.00800048164 0.996624409018
5193 0.9936168202 0.982403078431
5196 1.01231516271 1.00089039554
5199 1.00731307114 0.995944756488
5202 1.0011427525 0.98984407471
5205 0.969959436209 0.959012686494
5208 0.977171592652 0.966143448119
5211 1.00103795894 0.989740463828
5214 1.01016919854 0.99876865025
5217 0.993732261553 0.982517216938
5220 1.00657384745 0.995213875505
5223 1.0140629817 1.00261848903
5226 0.965681813616 0.954783340212
5229 0.996356711843 0.985112048257
5232 1.00254020353 0.991225754411
5235 0.996218042578 0.984974943983
5238 1.00685489673 0.995491752928
5241 0.997878550596 0.986616711871
5244 1.01007001267 0.998670583773
5247 1.01376839706 1.00232722901
5250 1.02256328676 1.01102286151
5253 1.02334672913 1.01179746212
5256 1.01923905972 1.00773615097
5259 1.02195298561 1.01041944809
5262 1.00724393341 0.995876399022
5265 1.00245179687 0.991138345487
5268 0.996862182905 0.985611814683
5271 0.966343291556 0.955437352856
5274 1.01626942515 1.00480003105
5277 1.01595667047 1.00449080605
5280 1.0194051931 1.00790040941
5283 1.01761547379 1.00613088848
5286 1.03104114683 1.01940504231
5289 1.0247294782 1.01316460579
5292 1.03125037458 1.01961190876
5295 1.02801180695 1.01640989089
5298 1.01522654311 1.00376891874
5301 1.02934460878 1.01772765101
5304 1.02921735625 1.01760183463
5307 1.0226631097 1.01112155787
5310 1.0290669677 1.01745314333
5313 1.02165567971 1.01012549751
5316 1.01561221821 1.0041502412
5319 1.02674784128 1.01516019006
5322 1.01998812686 1.0084767643
5325 1.01110324765 0.999692157896
5328 0.960050656144 0.949215734749
5331 1.02119121685 1.00966627648
5334 1.01798099094 1.00649228048
5337 1.00898318172 0.997596018562
5340 0.996584478302 0.985337244194
5343 1.01216275765 1.00073971049
5346 1.01236425808 1.00093893683
5349 1.02003359798 1.00852172225
5352 1.02566865784 1.01409318605
5355 1.03177384423 1.02012947065
5358 1.02691688168 1.01532732271
5361 1.02540082073 1.01382837169
5364 1.02309496152 1.0115485359
5367 1.0258508439 1.014273316
5370 1.0085727701 0.997190238757
5373 1.01462034861 1.00316956562
5376 1.02292125457 1.01137678938
5379 1.03147968734 1.01983863354
5382 1.02091289097 1.00939109173
5385 1.02567373277 1.01409820371
5388 1.02574840346 1.01417203168
5391 0.930002505957 0.919506701403
5394 1.02196504788 1.01043137422
5397 0.991974280139 0.980779075717
5400 1.03133404357 1.01969463348
5403 1.02111939513 1.00959526533
5406 0.980437225418 0.969372225668
5409 1.01865867324 1.0071623146
5412 1.02346272072 1.01191214466
5415 1.01903792432 1.00753728554
5418 1.02350661835 1.01195554686
5421 1.01600811688 1.00454167184
5424 1.0145121698 1.00306260769
5427 1.01611465822 1.00464701078
5430 0.980241843206 0.969179048497
5433 1.00365164563 0.992324653024
5436 1.00163048722 0.990326304959
5439 1.02002252864 1.00851077783
5442 1.01933342451 1.00782945078
5445 1.01110449726 0.9996933934
5448 0.998970000979 0.987695844384
5451 1.02200214923 1.01046805686
5454 1.00679675239 0.995434264794
5457 1.00313601504 0.991814841721
5460 1.01803361123 1.00654430691
5463 1.02152224693 1.00999357063
5466 1.01264091407 1.00121247055
5469 1.0219617093 1.01042807332
5472 1.01666610055 1.00519222965
5475 1.01842062112 1.00692694909
5478 1.00479123099 0.993451377268
5481 1.0156798378 1.00421709765
5484 1.01724261358 1.00576223628
5487 1.02209731261 1.01056214625
5490 1.04517300348 1.03337740992
5493 1.01675883828 1.00528392077
5496 1.01058163472 0.999176431771
5499 1.00802663792 0.996650270106
5502 0.999289448886 0.988011687072
5505 1.01499995665 1.00354488949
5508 0.997557479235 0.986299264051
5511 1.00830683125 0.99692730123
5514 1.01253350922 1.00110627784
5517 1.00196914524 0.99066114096
5520 1.01177960557 1.00036088259
5523 1.00956224638 0.99816854802
5526 1.00217044182 0.990860165748
5529 0.987478843437 0.976334373529
5532 1.00911640092 0.997727734277
5535 1.00179795116 0.990491878942
5538 1.00757045464 0.996199235212
5541 1.01240541125 1.00097962556
5544 1.01028320457 0.998881369636
5547 1.01017483046 0.998774218615
5550 1.01141460365 1.0
5553 1.0183769156 1.00688373682
5556 1.0075492605 0.996178280259
5559 1.01142340433 1.00000870135
5562 1.00243452833 0.991121271842
5565 0.998823599798 0.987551095455
5568 1.00399804796 0.992667145924
5571 1.00156942234 0.990265929249
5574 0.99527437143 0.984041922901
5577 0.998216106281 0.986950457977
5580 0.999030828169 0.987755985092
5583 0.997403876949 0.986147395287
5586 0.989666298884 0.978497141833
5589 0.97965627987 0.968600093701
5592 0.993974912089 0.982757128973
5595 0.991876806506 0.98068270215
5598 0.987186816871 0.976045642711
5601 0.991736991645 0.980544465209
5604 0.996663914437 0.98541578383
5607 1.0038834148 0.992553806491
5610 0.995052773143 0.983822825524
5613 0.99722135022 0.985966928515
5616 0.97906384714 0.968014347037
5619 0.992436053077 0.981235637187
5622 1.00615539557 0.994800146186
5625 0.992088169491 0.980891679739
5628 0.996835702216 0.98558563285
5631 1.00142705838 0.990125171974
5634 0.989822233969 0.978651317069
5637 0.990659105965 0.979478744311
5640 0.992923664743 0.981717745774
5643 0.995154524503 0.98392342854
5646 0.992536211603 0.981334665346
5649 0.996221072128 0.984977939343
5652 0.985027762265 0.973910954722
5655 0.99777371026 0.98651305474
5658 0.97712613905 0.966098507496
5661 0.990311884297 0.97913544131
5664 0.988614304301 0.97745701983
5667 0.993836098697 0.982619882199
5670 0.995467274791 0.984232649196
5673 0.986338177469 0.975206580867
5676 0.984444423748 0.973334199636
5679 0.98525670582 0.97413731447
5682 0.982992938891 0.97189909592
5685 0.979045604602 0.96799631038
5688 0.98021714678 0.96915463079
5691 0.980905280477 0.969834998361
5694 0.982136107612 0.97105193465
5697 0.981951129448 0.970869044109
5700 0.97882510004 0.967778294384
5703 0.982394623596 0.971307533079
5706 0.985080129024 0.973962730482
5709 0.986439007993 0.97530627344
5712 0.977584388204 0.96655158495
5715 0.977620602605 0.966587390643
5718 0.985183855659 0.97406528648
5721 0.977592994314 0.966560093933
5724 0.974762372037 0.96376141744
5727 0.983509599329 0.972409925441
5730 0.983335702189 0.972237990865
5733 0.985746596983 0.974621676829
5736 0.985548439668 0.974425755874
5739 0.981616118663 0.970537814183
5742 0.982326841243 0.971240515703
5745 0.979713442984 0.968656611684
5748 0.978443110951 0.967400616341
5751 0.983667609296 0.972566152142
5754 0.983913489546 0.972809257441
5757 0.989790525752 0.978619966704
5760 0.984367686708 0.973258328634
5763 0.988469647845 0.977313995936
5766 0.990345153802 0.979168335344
5769 0.989056241161 0.977893969088
5772 0.979495715341 0.968441341268
5775 0.983690088065 0.972588377221
5778 0.996669591707 0.985421397028
5781 0.982789872131 0.971698320926
5784 0.983239824318 0.972143195051
5787 0.995532640092 0.9842972768
5790 0.990498624662 0.979320074165
5793 0.996490924011 0.985244745736
5796 0.993593822556 0.982380340333
5799 0.990738070992 0.979556818155
5802 0.99749945294 0.986241892629
5805 1.00491310868 0.993571879471
5808 0.998592344886 0.987322450435
5811 1.00474212572 0.993402826193
5814 1.0013773644 0.990076038825
5817 1.00181560209 0.990509330666
5820 1.00336910111 0.992045297239
5823 1.00191424868 0.990606863955
5826 1.00943428553 0.998042031317
5829 1.01108903792 0.99967810853
5832 1.0114309651 1.0000161768
5835 1.01274686004 1.00131722083
5838 1.01536597541 1.00390677744
5841 1.00810089075 0.996723684932
5844 1.0094623194 0.998069748796
5847 1.01030180387 0.998899759029
5850 1.01233430706 1.00090932384
5853 1.01203323531 1.00061164992
5856 1.00750959397 0.9961390614
5859 1.00789289181 0.99651803342
5862 1.00632111167 0.994963992049
5865 1.01398159154 1.00253801743
5868 1.00752705738 0.996156327719
5871 1.0138277129 1.00238587543
5874 1.00854992572 0.997167652188
5877 0.995704462824 0.984467160377
5880 1.00230974919 0.990997900932
5883 0.993024956123 0.981817894003
5886 0.987393967089 0.976250455077
5889 0.94149343113 0.930867942512
5892 0.935496442547 0.924938634628
5895 0.947724531431 0.93702871998
5898 0.950691199569 0.939961906951
5901 0.968314005929 0.957385826179
5904 0.980436100574 0.969371113519
5907 0.99147135034 0.980281821874
5910 0.98053912525 0.969472975481
5913 0.98023450171 0.969171789855
5916 0.984901544956 0.973786161874
5919 0.973644191116 0.962655856063
5922 0.969998631641 0.959051439574
5925 0.956313779691 0.945521031865
5928 0.988908467013 0.977747862687
5931 0.982455694127 0.971367914382
5934 0.977294171671 0.966264643737
5937 0.985465953279 0.974344200409
5940 0.98111906126 0.97004636646
5943 0.935720580525 0.925160243034
5946 0.953278131735 0.942519643567
5949 0.961223793414 0.950375632249
5952 0.96877245349 0.957839099801
5955 0.983380695011 0.972282475909
5958 0.967650193925 0.956729505812
5961 0.974533421178 0.96353505047
5964 0.980295307238 0.969231909146
5967 0.967430158005 0.956511953169
5970 0.955284114223 0.944502986976
5973 0.972127764683 0.961156543687
5976 0.959225576586 0.948399966859
5979 0.959999163026 0.949164822771
5982 0.970909848075 0.959952372219
5985 0.967677934748 0.956756933558
5988 0.966491497232 0.955583885916
5991 0.963426208142 0.952553191007
5994 0.961427181427 0.950576724869
5997 0.973048155587 0.962066547261
6000 0.965038655692 0.954147440828
6003 0.962868355822 0.952001634487
6006 0.961173566093 0.950325971782
6009 0.960392245993 0.949553469491
6012 0.956332874333 0.945539911009
6015 0.95800486572 0.947193032668
6018 0.950670940857 0.939941876875
6021 0.946530650356 0.935848312785
6024 0.942082091622 0.93144995951
6027 0.941369778595 0.930745685493
6030 0.949578436827 0.938861702605
6033 0.950225311663 0.939501276954
6036 0.940988671471 0.930368879459
6039 0.941288268917 0.930665095715
6042 0.939041388218 0.928443572819
6045 0.940682635596 0.930066297438
6048 0.940452972442 0.929839226212
6051 0.932549060227 0.922024515819
6054 0.932725058931 0.922198528241
6057 0.939330209658 0.928729134684
6060 0.932823614709 0.92229597174
6063 0.932285026286 0.921763461708
6066 0.925909048293 0.915459441605
6069 0.931155514052 0.920646696901
6072 0.935983785269 0.925420477307
6075 0.936582853381 0.926012784468
6078 0.934182815342 0.923639832732
6081 0.939479613503 0.928876852389
6084 0.929331413825 0.91884318307
6087 0.93805152413 0.92746488012
6090 0.937356453449 0.926777653854
6093 0.929135265132 0.918649248068
6096 0.938502296567 0.927910565238
6099 0.934925343389 0.92437398077
6102 0.922585045242 0.912172952525
6105 0.938134152485 0.92754657595
6108 0.931504807155 0.920992047958
6111 0.93052969576 0.920027941458
6114 0.927478986565 0.917011661898
6117 0.932862993797 0.922334906404
6120 0.931696988945 0.921182060827
6123 0.918778843979 0.908409707215
6126 0.930381525228 0.919881443145
6129 0.921571865262 0.911171207072
6132 0.924642764207 0.914207448524
6135 0.92041522562 0.910027621012
6138 0.910863334018 0.900583529966
6141 0.921027945732 0.910633426098
6144 0.92052431725 0.910135481457
6147 0.923657951063 0.913233749766
6150 0.917602224354 0.907246366662
6153 0.916565596576 0.906221438038
6156 0.919221411302 0.908847279821
6159 0.920727526961 0.910336397788
6162 0.902028374812 0.891848280174
6165 0.917375320615 0.907022023709
6168 0.919062760204 0.908690419224
6171 0.916122965603 0.905783802501
6174 0.918421447639 0.908056344372
6177 0.921592195195 0.911191307566
6180 0.918355466337 0.907991107721
6183 0.915022235991 0.904695495482
6186 0.919733036179 0.909353130611
6189 0.913989618097 0.903674531488
6192 0.906559219656 0.896327990896
6195 0.914141622168 0.903824820074
6198 0.911770670525 0.901480626472
6201 0.913527772578 0.903217898256
6204 0.915853062196 0.905516945164
6207 0.917661832745 0.907305302325
6210 0.91281698867 0.9025151361
6213 0.917709592922 0.907352523491
6216 0.914035009837 0.903719410946
6219 0.906631735561 0.896399688402
6222 0.907111573996 0.896874111485
6225 0.912788710553 0.902487177123
6228 0.907754606357 0.897509886724
6231 0.904271134906 0.894065728969
6234 0.912929316153 0.902626195879
6237 0.910507963746 0.900232170325
6240 0.908865470361 0.89860821376
6243 0.914644472168 0.904321995019
6246 0.907112611927 0.896875137703
6249 0.907596789267 0.897353850724
6252 0.905039789239 0.894825708438
6255 0.906444317362 0.896214385364
6258 0.905144205322 0.894928946104
6261 0.90113673491 0.890966703124
6264 0.898789704981 0.888646161261
6267 0.904759640145 0.894548721045
6270 0.903176627063 0.892983573501
6273 0.897590959849 0.887460944904
6276 0.892368541977 0.882297466097
6279 0.791583861662 0.782650219605
6282 0.848875390182 0.839295168485
6285 0.872933366876 0.863081632124
6288 0.886988973736 0.876978610484
6291 0.879028184939 0.869107665405
6294 0.873767051506 0.863905907972
6297 0.866903511232 0.85711982811
6300 0.868968177732 0.859161193236
6303 0.868744768679 0.858940305529
6306 0.888735974062 0.878705894547
6309 0.892766922731 0.882691350813
6312 0.886752348998 0.876744656241
6315 0.888311266769 0.878285980408
6318 0.886604889006 0.87659886045
6321 0.889786630614 0.879744693619
6324 0.890737004128 0.880684341427
6327 0.89214243326 0.882073909193
6330 0.893937688952 0.883848904022
6333 0.896793537732 0.886672522319
6336 0.897925993209 0.887792197151
6339 0.899249625924 0.889100891637
6342 0.893124089771 0.883044486944
6345 0.896122571788 0.88600912875
6348 0.89066560732 0.880613750386
6351 0.88767464037 0.877656538835
6354 0.88835226542 0.878326516357
6357 0.896199814005 0.886085499228
6360 0.905548954858 0.895329127725
6363 0.881607115869 0.871657491086
6366 0.896362655008 0.886246502442
6369 0.89753184634 0.887402498537
6372 0.894500819284 0.884405678989
6375 0.889901944077 0.879858705679
6378 0.897013854641 0.886890352779
6381 0.89509796686 0.884996087288
6384 0.898539501659 0.888398781679
6387 0.894363957363 0.884270361661
6390 0.898982582285 0.888836861794
6393 0.88961055074 0.879570600945
6396 0.900442573772 0.890280376138
6399 0.889544174517 0.879504973829
6402 0.890397347276 0.880348517867
6405 0.899875399888 0.889719603253
6408 0.890953622473 0.880898515064
6411 0.891216849827 0.881158771692
6414 0.887949214513 0.877928014194
6417 0.894194423459 0.88410274108
6420 0.887199610312 0.877186869862
6423 0.895108233326 0.885006237889
6426 0.886775692523 0.876767736316
6429 0.890156034632 0.880109928625
6432 0.88597701889 0.875978076339
6435 0.891867100201 0.881801683483
6438 0.88407632773 0.874098835962
6441 0.888246973342 0.878222412583
6444 0.88512679067 0.875137443608
6447 0.88235474189 0.872396679564
6450 0.883492566773 0.873521663204
6453 0.89120434918 0.881146412125
6456 0.880642287488 0.870703551547
6459 0.877110648401 0.867211769765
6462 0.861421295165 0.851699483133
6465 0.94247473318 0.931838169802
6468 0.875149169098 0.865272427288
6471 0.860652536385 0.850939400395
6474 0.855602081085 0.845945943427
6477 0.830057697289 0.820689847952
6480 0.855881642617 0.846222349889
6483 0.858431241706 0.848743174762
6486 0.842221967647 0.832716835019
6489 0.858668219593 0.848977478168
6492 0.847742359647 0.838174925084
6495 0.830422598876 0.821050631339
6498 0.850008146506 0.840415140769
6501 0.869956644974 0.860138504854
6504 0.869993968804 0.860175407455
6507 0.874663110672 0.864791854411
6510 0.872300029138 0.862455442097
6513 0.86306187603 0.853321548761
6516 0.825417276583 0.816101798017
6519 0.836679226916 0.827236648446
6522 0.867435876961 0.857646185676
6525 0.852651796474 0.843028955083
6528 0.87460977043 0.864739116155
6531 0.873100759086 0.863247135182
6534 0.849060921183 0.839478605624
6537 0.861215280947 0.851495793945
6540 0.869215956748 0.859406175872
6543 0.857837421537 0.848156056317
6546 0.84668676148 0.837131240167
6549 0.843914522555 0.834390288124
6552 0.851570724947 0.841960084292
6555 0.83489143419 0.825469032356
6558 0.829207487228 0.819849233175
6561 0.706016602964 0.698048654244
6564 0.636700982772 0.629515314958
6567 0.83632234551 0.826883794725
6570 0.854261658017 0.844620648081
6573 0.850752562262 0.841151155212
6576 0.850483273524 0.840884905607
6579 0.864040294828 0.854288925339
6582 0.863178344843 0.853436703133
6585 0.860864579408 0.851149050348
6588 0.855048612542 0.84539872121
6591 0.863329780563 0.853586429783
6594 0.85582619919 0.846167532185
6597 0.855868991832 0.846209841878
6600 0.857249280611 0.847574553021
6603 0.864724168102 0.854965080569
6606 0.858994666233 0.849300240603
6609 0.855109023689 0.84545845057
6612 0.85667101963 0.847002818167
6615 0.854603385864 0.844958519263
6618 0.855698993072 0.846041761687
6621 0.851814740625 0.842201346062
6624 0.853595375888 0.843961885466
6627 0.855600336072 0.845944218108
6630 0.849057142456 0.839474869542
6633 0.857526117992 0.847848266076
6636 0.85513120668 0.845480383208
6639 0.850624246016 0.841024287115
6642 0.848511463268 0.838935348771
6645 0.848905410104 0.839324849609
6648 0.852138974237 0.842521920445
6651 0.850423752122 0.840826055951
6654 0.851292165846 0.841684668948
6657 0.85491306087 0.845264699344
6660 0.849268616385 0.839683956823
6663 0.848840431019 0.839260603863
6666 0.855141808023 0.845490864907
6669 0.846371698446 0.836819732865
6672 0.850450645932 0.840852646243
6675 0.853317305099 0.843686952923
6678 0.840480945906 0.830995462068
6681 0.85331750626 0.843687151814
6684 0.848511952622 0.838935832601
6687 0.852938818868 0.843312738205
6690 0.847308810472 0.83774626885
6693 0.850758877523 0.841157399201
6696 0.846028349811 0.836480259188
6699 0.849267003513 0.839682362153
6702 0.846625684185 0.837070852177
6705 0.850914012987 0.841310783839
6708 0.84253817229 0.833029471045
6711 0.844351551791 0.834822385143
6714 0.840828491575 0.831339085413
6717 0.839091427942 0.829621625899
6720 0.845689787689 0.836145518003
6723 0.841137310499 0.831644419074
6726 0.841259054121 0.831764788724
6729 0.844368118388 0.834838764772
6732 0.841615612012 0.832117322581
6735 0.846520569317 0.836966923612
6738 0.838907919333 0.829440188328
6741 0.841244352339 0.831750252864
6744 0.831023938485 0.821645184362
6747 0.828242549115 0.818895185142
6750 0.827805641487 0.818463208358
6753 0.832724298941 0.823326354922
6756 0.831224753752 0.821843733271
6759 0.833661243156 0.824252724989
6762 0.834680454726 0.825260433961
6765 0.834386130297 0.824969431213
6768 0.835253194701 0.825826710118
6771 0.838233891774 0.828773767697
6774 0.83700465358 0.827558402415
6777 0.837394479357 0.827943828704
6780 0.836043993596 0.82660858423
6783 0.832601993273 0.823205429569
6786 0.834470184989 0.825052537282
6789 0.837239233695 0.827790335111
6792 0.837132300887 0.827684609123
6795 0.834728570233 0.825308006447
6798 0.833864890797 0.824454074307
6801 0.831842458068 0.822454466312
6804 0.830087846185 0.820719656593
6807 0.82740622146 0.818068296098
6810 0.827489451519 0.818150586841
6813 0.826080203797 0.81675724358
6816 0.823274071676 0.813982780851
6819 0.821600834697 0.812328427658
6822 0.820950067515 0.811685004892
6825 0.81789261014 0.808662053312
6828 0.821216464783 0.811948395659
6831 0.816160327188 0.806949320525
6834 0.815584616811 0.80638010749
6837 0.816236106071 0.807024244184
6840 0.815814992683 0.80660788339
6843 0.810681979722 0.801532800488
6846 0.813972047619 0.8047857374
6849 0.815403478949 0.80620101391
6852 0.812775946523 0.803603135239
6855 0.808701364283 0.799574537841
6858 0.809606490174 0.80046944868
6861 0.807537130376 0.798423443224
6864 0.808946492645 0.799816899738
6867 0.811709802888 0.802549023867
6870 0.825043549135 0.815732288375
6873 0.824253616428 0.814951270676
6876 0.817081706233 0.807860301088
6879 0.814972638817 0.805775036145
6882 0.809906734438 0.800766304453
6885 0.805616061468 0.796524055078
6888 0.813444584442 0.804264227057
6891 0.81275762677 0.803585022239
6894 0.810198212708 0.801054493163
6897 0.807451885118 0.798339160025
6900 0.804576928553 0.795496649589
6903 0.801276201773 0.792233174088
6906 0.804691614643 0.795610041358
6909 0.804056049548 0.794981649111
6912 0.798853234745 0.789837552136
6915 0.799915397909 0.790887727959
6918 0.801721018209 0.792672970424
6921 0.800790899432 0.791753348764
6924 0.79578662998 0.786805556401
6927 0.800649621168 0.791613664935
6930 0.799717411286 0.79069197577
6933 0.793282999578 0.784330181423
6936 0.793457622851 0.784502833936
6939 0.791853508695 0.782916823461
6942 0.788407190368 0.779509399527
6945 0.792907563139 0.783958982078
6948 0.789772250437 0.780859053827
6951 0.793888673058 0.784929019405
6954 0.796437574381 0.787449154386
6957 0.792680036989 0.783734023738
6960 0.796304598883 0.78731767962
6963 0.790963391764 0.782036752195
6966 0.77793204428 0.769152473643
6969 0.787430729416 0.7785439587
6972 0.773309940565 0.764582533978
6975 0.7864763346 0.777600334975
6978 0.775317271488 0.766567210605
6981 0.779087642043 0.770295029583
6984 0.785976352177 0.777105995244
6987 0.789273313714 0.780365747995
6990 0.791185898011 0.782256747285
6993 0.791942651019 0.783004959744
6996 0.788470946159 0.779572435785
6999 0.787763756054 0.778873226873
7002 0.792713603308 0.783767211235
7005 0.793534728387 0.784579069276
7008 0.788555233002 0.779655771385
7011 0.789417867817 0.780508670692
7014 0.792318706423 0.783376771069
7017 0.785585362861 0.776719418548
7020 0.790302196918 0.781383019449
7023 0.790478421893 0.781557255587
7026 0.794638238395 0.785670125312
7029 0.785587291416 0.776721325338
7032 0.798120817786 0.789113401074
7035 0.794418101524 0.785452472857
7038 0.792429641948 0.7834864546
7041 0.788315592031 0.779418834949
7044 0.790080449683 0.781163774804
7047 0.790125058263 0.781207879941
7050 0.790209621665 0.78129148898
7053 0.78776479982 0.778874258859
7056 0.789838342822 0.780924400308
7059 0.788688475253 0.779787509893
7062 0.778509358651 0.769723272571
7065 0.773932733396 0.765198298106
7068 0.775558440069 0.766805657409
7071 0.78120506053 0.772388551349
7074 0.782105648635 0.773278975614
7077 0.781367903338 0.772549556349
7080 0.768163760462 0.759494432537
7083 0.77982235332 0.77102144907
7086 0.782588705371 0.773756580677
7089 0.773669015501 0.764937556473
7092 0.777336176402 0.7685633306
7095 0.781926559588 0.773101907727
7098 0.781587502124 0.772766676791
7101 0.77722983864 0.768458192943
7104 0.778586299776 0.769799345355
7107 0.77846825695 0.769682634735
7110 0.777266802891 0.768494740023
7113 0.778228650155 0.76944573209
7116 0.780474313881 0.771666051747
7119 0.777985980187 0.769205800842
7122 0.780986829333 0.772172783061
7125 0.781161509304 0.772345491633
7128 0.780223393348 0.771417963048
7131 0.773452208877 0.764723196682
7134 0.780914742748 0.77210151003
7137 0.780114010073 0.771309814248
7140 0.776147433843 0.767388003929
7143 0.774750223276 0.766006561974
7146 0.774039557621 0.765303916737
7149 0.760786715109 0.752200642902
7152 0.762040228444 0.75344000936
7155 0.775344371286 0.76659400456
7158 0.765047670979 0.756413510558
7161 0.763155849167 0.754543039431
7164 0.761627781708 0.753032217407
7167 0.767067604869 0.758410647916
7170 0.765373218874 0.75673538439
7173 0.763611963298 0.754994005959
7176 0.768043089218 0.759375123162
7179 0.766079497395 0.757433692006
7182 0.771290242832 0.762585630111
7185 0.777184905848 0.768413767252
7188 0.765688812821 0.757047416613
7191 0.766254260141 0.757606482418
7194 0.766533890712 0.75788295714
7197 0.764157694872 0.755533578525
7200 0.756069346995 0.747536513971
7203 0.76288024219 0.754270542894
7206 0.762496241591 0.753890876043
7209 0.760812430037 0.752226067616
7212 0.759870352912 0.751294622567
7215 0.764943236321 0.756310254526
7218 0.756520911861 0.747982982575
7221 0.75554096402 0.747014094211
7224 0.757769344021 0.749217325203
7227 0.760995737922 0.752407306729
7230 0.75931125331 0.750741832842
7233 0.76094151999 0.752353700689
7236 0.76811539916 0.75944661703
7239 0.765666028382 0.757024889314
7242 0.760293214076 0.751712711413
7245 0.767123455852 0.758465868577
7248 0.751289380677 0.742810493306
7251 0.747813686262 0.739374024817
7254 0.746701823209 0.738274710007
7257 0.750123799482 0.741658066605
7260 0.744590802677 0.73618751399
7263 0.741175042819 0.732810303649
7266 0.752990144079 0.744492062265
7269 0.74317146665 0.734784196278
7272 0.746618372255 0.738192200861
7275 0.746879318991 0.73845020261
7278 0.752655267446 0.744160964976
7281 0.753969065985 0.745459936272
7284 0.750833737369 0.742359992289
7287 0.740356916922 0.732001410942
7290 0.74416734511 0.735768835472
7293 0.742327813821 0.73395006473
7296 0.739073748779 0.730732724353
7299 0.73422610514 0.725939790159
7302 0.737147874292 0.728828584864
7305 0.744161090198 0.735762651152
7308 0.747339827359 0.738905513782
7311 0.743785302686 0.735391104695
7314 0.73439764458 0.726109393642
7317 0.734604259758 0.726313677006
7320 0.739152962583 0.730811044167
7323 0.731927607226 0.723667232588
7326 0.729208946407 0.72097925398
7329 0.738010642896 0.72968161645
7332 0.737427470362 0.729105025474
7335 0.73918432083 0.730842048512
7338 0.733102198837 0.724828568016
7341 0.729123237582 0.720894512446
7344 0.726724794185 0.718523137356
7347 0.727204319053 0.718997250411
7350 0.730800215178 0.72255256404
7353 0.721647778441 0.713503419699
7356 0.726004534018 0.717811005887
7359 0.729441462802 0.721209146245
7362 0.7282872238 0.720067933733
7365 0.731236440644 0.722983866361
7368 0.734234447162 0.725948038035
7371 0.733740148039 0.725459317463
7374 0.728660526206 0.720437023129
7377 0.729998472223 0.721759869381
7380 0.726650600047 0.718449780556
7383 0.729314851803 0.721083964151
7386 0.725835856906 0.717644232428
7389 0.72637320211 0.718175513272
7392 0.729021254269 0.720793680094
7395 0.728824432847 0.720599079955
7398 0.724791126859 0.716611292976
