Wave Flux FluxNorm
3600 3.50668665081 3.50131987474
3603 3.51439874864 3.50902016967
3606 3.51107049268 3.50569700741
3609 3.49810096794 3.49274733176
3612 3.40970383058 3.40448548098
3615 3.44742570615 3.44214962545
3618 3.47245545194 3.4671410647
3621 3.47760108088 3.47227881856
3624 3.46159735374 3.45629958417
3627 3.45375207842 3.44846631559
3630 3.40528362764 3.4000720429
3633 3.21859523311 3.21366936389
3636 3.32207065696 3.31698642473
3639 3.40682667639 3.4016127301
3642 3.40313938612 3.39793108301
3645 3.40851055312 3.40329402975
3648 3.39547571425 3.39027913993
3651 3.35618220732 3.35104576939
3654 3.35802652609 3.35288726554
3657 3.35480215021 3.34966782438
3660 3.35121980292 3.34609095965
3663 3.33027985633 3.32518306042
3666 3.32907313588 3.32397818677
3669 3.30431531658 3.29925825785
3672 3.30950181226 3.30443681591
3675 3.28572366531 3.28069506
3678 3.2748806328 3.26986862211
3681 3.26248170899 3.25748867412
3684 3.24134613961 3.23638545147
3687 3.2372895518 3.23233507203
3690 3.2170890406 3.21216547652
3693 3.20302402623 3.19812198781
3696 3.17383374668 3.16897638226
3699 3.15813412702 3.15330078993
3702 3.03985036427 3.03519805348
3705 2.89544433163 2.8910130257
3708 3.11529359242 3.11052582024
3711 3.02539842683 3.02076823387
3714 3.11022557101 3.10546555513
3717 3.17149257055 3.16663878916
3720 2.99290068154 2.98832022445
3723 2.97495017477 2.97039718986
3726 3.20630496964 3.20139790994
3729 3.23116946836 3.22622435501
3732 2.89765358173 2.89321889469
3735 2.79276206452 2.78848790772
3738 3.18089554057 3.17602736849
3741 3.38605559186 3.38087343448
3744 3.31792736052 3.31284946937
3747 2.90131852083 2.89687822481
3750 2.55480262002 2.55089264605
3753 2.95595266433 2.95142875399
3756 3.37635044236 3.37118313814
3759 3.55757885325 3.55213418969
3762 3.49678478462 3.49143316278
3765 3.2183289578 3.2134034961
3768 2.65823586213 2.65416758971
3771 2.40652326213 2.40284022092
3774 2.91153524325 2.90707931114
3777 3.34308074809 3.33796436117
3780 3.5894077601 3.58391438428
3783 3.65859646404 3.65299719902
3786 3.63373061365 3.62816940434
3789 3.49456465616 3.48921643209
3792 3.14489467755 3.14008160266
3795 2.55916156151 2.55524491644
3798 2.20611562256 2.20273929336
3801 2.71782359671 2.71366412879
3804 3.17480427526 3.1699454255
3807 3.42198585693 3.41674871041
3810 3.63986105059 3.634290459
3813 3.68985029581 3.68420319865
3816 3.50007052359 3.49471387312
3819 3.0007079803 2.9961155746
3822 3.39155599881 3.38636542339
3825 3.47565074272 3.47033146528
3828 3.21742778443 3.21250370192
3831 2.74890326098 2.74469622748
3834 2.1435166211 2.14023609597
3837 2.27808473896 2.2745982653
3840 2.87405337524 2.86965480691
3843 3.26023737164 3.2552477716
3846 3.46966428224 3.46435416672
3849 3.57988030147 3.57440150687
3852 3.63401069578 3.62844905781
3855 3.63614041246 3.63057551509
3858 3.67456352247 3.66893982081
3861 3.66270027376 3.65709472809
3864 3.59049634136 3.58500129954
3867 3.47457252143 3.46925489414
3870 3.47405680856 3.46873997054
3873 3.44964710012 3.44436761971
3876 3.38243536849 3.37725875165
3879 3.30319295449 3.29813761347
3882 3.0182950028 3.01367568121
3885 2.56722082465 2.56329184535
3888 1.98286084596 1.97982619497
3891 2.24109575131 2.2376658871
3894 2.80728959909 2.80299320876
3897 3.15375551109 3.14892887522
3900 3.34653630128 3.34141462584
3903 3.44849586475 3.44321814624
3906 3.50371910957 3.49835687516
3909 3.52638696657 3.52099004034
3912 3.5311343242 3.52573013243
3915 3.55499066519 3.5495499627
3918 3.4663446972 3.46103966211
3921 3.4417793767 3.43651193738
3924 3.3788943181 3.37372312063
3927 3.33179311293 3.32669400106
3930 3.46807642474 3.46276873934
3933 3.38543325782 3.38025205289
3936 3.45432611605 3.44903947469
3939 3.49838705245 3.49303297843
3942 3.50318903119 3.49782760803
3945 3.45549776471 3.4502093302
3948 3.46475164968 3.45944905265
3951 3.42613550399 3.42089200668
3954 3.32463550465 3.31954734708
3957 3.27372614014 3.26871589633
3960 3.13176089308 3.12696791867
3963 2.80813112903 2.80383345079
3966 2.37880945064 2.37516882378
3969 1.85351626667 1.85067956989
3972 2.11245231148 2.10921932843
3975 2.66216058408 2.6580863051
3978 2.97643151387 2.97187626187
3981 3.12978315514 3.12499320754
3984 3.23258758028 3.2276402966
3987 3.30859228823 3.30352868385
3990 3.3440455961 3.33892773253
3993 3.32579360483 3.32070367486
3996 3.33013710656 3.32504052911
3999 3.36220141746 3.35705576749
4002 3.34811740191 3.34299330669
4005 3.28764794089 3.2826163906
4008 3.09139851401 3.08666731182
4011 3.17311098337 3.16825472509
4014 3.32168477886 3.3166011372
4017 3.33826553653 3.333156519
4020 3.29198851286 3.28695031957
4023 2.97812930263 2.97357145226
4026 2.63107395571 2.62704725297
4029 3.11656211233 3.11179239875
4032 3.28833691265 3.28330430792
4035 3.29563261042 3.29058884006
4038 3.31622935297 3.31115406052
4041 3.2891470425 3.28411319791
4044 3.29619249891 3.29114787167
4047 3.29562116164 3.29057740879
4050 3.30306444885 3.2980093045
4053 3.27049908039 3.2654937754
4056 3.27813315427 3.27311616579
4059 3.25135286138 3.24637685855
4062 3.23918262488 3.23422524788
4065 3.23878415361 3.23382738644
4068 3.15775596705 3.15292320871
4071 3.11702913394 3.11225870561
4074 3.10222950038 3.09748172201
4077 3.11201393182 3.10725117896
4080 3.12527343139 3.12049038565
4083 3.07334767771 3.06864410126
4086 3.02116944005 3.0165457193
4089 2.94962874146 2.94511450951
4092 2.84065942881 2.83631196794
4095 2.59229052027 2.58832317328
4098 2.17499642652 2.17166772341
4101 1.72507214658 1.72243202592
4104 2.02136165853 2.01826808433
4107 2.47652426128 2.47273408769
4110 2.71942776548 2.71526584248
4113 2.871124963 2.86673087643
4116 2.94751120525 2.94300021406
4119 2.84733825189 2.84298056947
4122 2.91440877219 2.90994844232
4125 3.05811631546 3.05343604971
4128 3.02322249748 3.01859563465
4131 3.00513277364 3.00053359605
4134 3.03239210219 3.02775120583
4137 3.01971537534 3.01509387996
4140 2.92865674388 2.92417460833
4143 2.68545434306 2.68134441437
4146 2.87306105976 2.86866401011
4149 3.01127216047 3.00666358692
4152 2.99173883186 2.98716015291
4155 3.01142971431 3.00682089964
4158 3.04588303127 3.04122148784
4161 3.03322423565 3.02858206575
4164 2.99756806499 2.99298046475
4167 2.97594806216 2.97139355005
4170 2.97147937375 2.9669317007
4173 2.98428417355 2.97971690351
4176 2.97410546306 2.96955377093
4179 2.98134056362 2.9767777986
4182 2.98250507882 2.97794053158
4185 2.95298314408 2.94846377842
4188 2.94343216343 2.93892741498
4191 2.94496848627 2.94046138657
4194 2.95399636427 2.94947544793
4197 2.94660423383 2.94209463071
4200 2.93709557579 2.9326005251
4203 2.94202969651 2.93752709445
4206 2.92888681511 2.92440432744
4209 2.91980449595 2.91533590824
4212 2.92453330111 2.92005747624
4215 2.92031618833 2.91584681751
4218 2.90118652248 2.89674642848
4221 2.89039625752 2.88597267738
4224 2.89096173654 2.88653729096
4227 2.87535736136 2.87095679735
4230 2.87977275524 2.87536543374
4233 2.87137176925 2.86697730496
4236 2.85263579171 2.84827000173
4239 2.84887631475 2.84451627842
4242 2.83901829073 2.83467334152
4245 2.83991808943 2.83557176313
4248 2.83754908898 2.8332063883
4251 2.81797209481 2.81365935556
4254 2.79246347601 2.78818977618
4257 2.82374868959 2.8194271096
4260 2.81654159297 2.81223104301
4263 2.80791085732 2.80361351619
4266 2.7164167475 2.71225943268
4269 2.75664778619 2.75242890015
4272 2.78032652721 2.77607140226
4275 2.71959377794 2.71543160086
4278 2.73833936589 2.73414849981
4281 2.74072068862 2.73652617806
4284 2.70654334733 2.70240114316
4287 2.73409836515 2.72991398966
4290 2.72424848143 2.72007918061
4293 2.71421174603 2.71005780583
4296 2.71183421611 2.70768391459
4299 2.71835019515 2.7141899213
4302 2.68080556842 2.6767027544
4305 2.67504602946 2.67095203008
4308 2.67456844485 2.67047517638
4311 2.66038160921 2.65631005285
4314 2.63620775151 2.63217319181
4317 2.57968699415 2.57573893611
4320 2.58273641517 2.57878369017
4323 2.56573910665 2.56181239504
4326 2.50395558726 2.50012343166
4329 2.42741927732 2.423704256
4332 2.29059365034 2.28708803253
4335 2.05164887803 2.04850895103
4338 1.64741622106 1.64489494819
4341 1.51147560792 1.5091623841
4344 1.88527875915 1.88239345176
4347 2.14160521658 2.13832761674
4350 2.2765571809 2.27307304507
4353 2.40132440861 2.39764932394
4356 2.47602489282 2.47223548348
4359 2.50837113738 2.50453222404
4362 2.52032724306 2.51647003161
4365 2.50395492006 2.50012276547
4368 2.50966562878 2.50582473429
4371 2.49790196126 2.49407907037
4374 2.51602539586 2.51217476812
4377 2.52174377044 2.51788439108
4380 2.52149920736 2.51764020229
4383 2.47389870639 2.47011255106
4386 2.24874482488 2.24530325422
4389 2.24474006892 2.24130462731
4392 2.46151925478 2.45775204547
4395 2.46997954395 2.46619938667
4398 2.48083658714 2.47703981379
4401 2.48401694163 2.48021530094
4404 2.47360714114 2.46982143203
4407 2.46195507879 2.45818720247
4410 2.44306871229 2.43932974043
4413 2.39509032419 2.39142478042
4416 2.3740488035 2.37041546253
4419 2.39058583295 2.38692718304
4422 2.3997810821 2.3961083594
4425 2.35875620344 2.35514626689
4428 2.33871034681 2.33513108925
4431 2.33228406871 2.32871464619
4434 2.3452182472 2.34162902969
4437 2.31271832653 2.30917884821
4440 2.34883881234 2.34524405376
4443 2.36344389299 2.35982678221
4446 2.33486074133 2.33128737536
4449 2.34640760376 2.34281656601
4452 2.34179007373 2.33820610283
4455 2.35487338847 2.35126939434
4458 2.3470491071 2.34345708756
4461 2.33258127138 2.329011394
4464 2.29138242329 2.28787559832
4467 2.17570068407 2.17237090313
4470 1.89709454759 1.89419115683
4473 2.03914069174 2.03601990778
4476 2.25147973849 2.2480339822
4479 2.21867938172 2.21528382444
4482 2.22156576512 2.21816579039
4485 2.27627940061 2.27279568991
4488 2.27231127135 2.26883363364
4491 2.2654052152 2.2619381468
4494 2.27507703234 2.2715951618
4497 2.26835207313 2.26488049474
4500 2.260645684 2.25718589978
4503 2.24804599312 2.24460549198
4506 2.24381436061 2.24038033573
4509 2.24003195106 2.23660371494
4512 2.21730917084 2.21391571058
4515 2.22501798341 2.22161272527
4518 2.21696035806 2.21356743164
4521 2.21063437314 2.20725112826
4524 2.19444746016 2.19108898839
4527 2.17667869319 2.17334741547
4530 2.1683835618 2.16506497929
4533 2.18612950133 2.18278375971
4536 2.17597826869 2.17264806293
4539 2.1795301834 2.17619454164
4542 2.17086737337 2.16754498953
4545 2.1600987494 2.1567928463
4548 2.14535808943 2.14207474604
4551 2.09503964028 2.09183330629
4554 2.10665321014 2.10342910227
4557 2.12734811131 2.12409233112
4560 2.12537830872 2.1221255432
4563 2.11901558324 2.11577255549
4566 2.08166207201 2.0784762116
4569 2.08376288999 2.08057381441
4572 2.08717303131 2.0839787367
4575 2.06330366956 2.06014590559
4578 2.07791578414 2.0747356572
4581 2.06885652916 2.06569026687
4584 2.06598828249 2.06282640989
4587 2.05743255637 2.0542837778
4590 2.02932673878 2.02622097449
4593 2.04099969566 2.03787606661
4596 2.02423057481 2.0211326099
4599 2.02692323377 2.0238211479
4602 2.01431768214 2.01123488832
4605 2.01787365186 2.01478541584
4608 1.99770898235 1.99465160716
4611 2.00301140564 1.99994591541
4614 2.00138846862 1.9983254622
4617 1.98710632673 1.98406517829
4620 1.97471634669 1.97169416037
4623 1.99323938349 1.99018884877
4626 1.99224132342 1.98919231616
4629 1.96200991733 1.95900717745
4632 1.96993088076 1.96691601831
4635 1.97611522544 1.97309089823
4638 1.94838021745 1.94539833702
4641 1.93366848686 1.93070912186
4644 1.95667174183 1.95367717171
4647 1.92279706173 1.91985433481
4650 1.91211246477 1.90918608998
4653 1.95873512885 1.95573740084
4656 1.96439699706 1.96139060389
4659 1.94785744649 1.94487636613
4662 1.9381598383 1.93519359955
4665 1.94366010829 1.9406854517
4668 1.93932853278 1.93636050541
4671 1.93499302086 1.93203162874
4674 1.91354720874 1.91061863817
4677 1.9131926512 1.91026462326
4680 1.9307762037 1.92782126516
4683 1.92848808466 1.92553664796
4686 1.92877380901 1.92582193503
4689 1.92824188068 1.92529082077
4692 1.92275203291 1.91980937489
4695 1.91392659336 1.91099744215
4698 1.89394767368 1.89104909903
4701 1.89836070979 1.89545538125
4704 1.89140475804 1.88851007517
4707 1.89978217774 1.89687467372
4710 1.8702376289 1.86737534107
4713 1.80715382246 1.80438808065
4716 1.87124309714 1.86837927049
4719 1.89597918963 1.89307750587
4722 1.89575901242 1.89285766563
4725 1.8844501599 1.88156612063
4728 1.88079704565 1.87791859726
4731 1.88627803366 1.88339119693
4734 1.87702579174 1.87415311503
4737 1.87427130839 1.87140284725
4740 1.88374681614 1.8808638533
4743 1.8812298011 1.8783506904
4746 1.8767501329 1.87387787806
4749 1.86648761357 1.86363106491
4752 1.85161430006 1.84878051412
4755 1.84751965894 1.84469213961
4758 1.84527599371 1.84245190818
4761 1.83005721109 1.82725641701
4764 1.82417901941 1.82138722155
4767 1.82134806768 1.81856060243
4770 1.81689370035 1.81411305224
4773 1.80639598783 1.80363140584
4776 1.80508454371 1.80232196881
4779 1.79517899713 1.79243158209
4782 1.79562428185 1.79287618532
4785 1.78982779615 1.7870885708
4788 1.78154437989 1.77881783182
4791 1.7723014147 1.76958901244
4794 1.77651867496 1.77379981843
4797 1.76136569064 1.75867002485
4800 1.75015035901 1.74747185763
4803 1.73760868076 1.73494937367
4806 1.7405305784 1.73786679952
4809 1.74300415086 1.74033658632
4812 1.72445421835 1.72181504339
4815 1.71400577626 1.71138259202
4818 1.71284212936 1.71022072601
4821 1.71531498351 1.7126897956
4824 1.71249009423 1.70986922965
4827 1.69712321625 1.69452586977
4830 1.6981557038 1.69555677715
4833 1.68887612891 1.68629140411
4836 1.68324703212 1.68067092232
4839 1.66733428211 1.66478252582
4842 1.6421151052 1.63960194537
4845 1.61639366799 1.61391987329
4848 1.57523324014 1.57282243903
4851 1.50195826054 1.49965960245
4854 1.40288342315 1.40073639323
4857 1.2270577155 1.2251797764
4860 1.00262592524 1.00109146569
4863 1.06870226708 1.06706668161
4866 1.29440208324 1.29242107758
4869 1.42447828736 1.42229820778
4872 1.49904669088 1.49675248877
4875 1.5403358852 1.53797849243
4878 1.55602511687 1.55364371266
4881 1.56870761396 1.56630679994
4884 1.58020478926 1.57778637949
4887 1.59074156559 1.58830702992
4890 1.58459417985 1.58216905238
4893 1.58683100862 1.58440245782
4896 1.59073711673 1.58830258787
4899 1.58455218995 1.58212712675
4902 1.58640296599 1.58397507029
4905 1.5810755242 1.57865578182
4908 1.5841505181 1.58172606963
4911 1.5845134009 1.58208839706
4914 1.58152091425 1.57910049024
4917 1.54672596543 1.54435879302
4920 1.40893679807 1.40678050381
4923 1.40551520907 1.40336415136
4926 1.53937935731 1.53702342845
4929 1.56635526374 1.56395804985
4932 1.5670356779 1.56463742268
4935 1.56282392708 1.56043211769
4938 1.55482695118 1.55244738069
4941 1.53769323477 1.53533988642
4944 1.53843439067 1.53607990803
4947 1.54428410888 1.54192067359
4950 1.54353922875 1.54117693346
4953 1.537023496 1.53467117264
4956 1.53617560825 1.53382458254
4959 1.52551196105 1.52317725542
4962 1.52480246785 1.52246884805
4965 1.51760357388 1.51528097157
4968 1.51278351479 1.51046828929
4971 1.51349906311 1.51118274251
4974 1.50286978716 1.50056973403
4977 1.50402392948 1.50172211001
4980 1.4988638184 1.49656989617
4983 1.49339624455 1.49111069012
4986 1.48529203205 1.48301888064
4989 1.48090032114 1.47863389098
4992 1.46898820145 1.46674000209
4995 1.47219958161 1.46994646741
4998 1.46463405081 1.46239251521
5001 1.43393715461 1.43174259879
5004 1.44141161503 1.43920561999
5007 1.43820601596 1.4360049269
5010 1.43771637337 1.43551603368
5013 1.40548410685 1.40333309673
5016 1.36551716824 1.36342732515
5019 1.42175313279 1.41957722389
5022 1.42675116633 1.42456760824
5025 1.40410286678 1.40195397057
5028 1.41974399256 1.41757115853
5031 1.41052385031 1.40836512716
5034 1.41022543283 1.40806716639
5037 1.40453374297 1.40238418733
5040 1.40143617282 1.39929135783
5043 1.39169865531 1.38956874301
5046 1.36865161421 1.36655697404
5049 1.37808239281 1.37597331939
5052 1.39960590026 1.39746388639
5055 1.38982916448 1.38770211332
5058 1.39033861044 1.38821077961
5061 1.39210602307 1.38997548732
5064 1.38428945449 1.38217088153
5067 1.3820618711 1.37994670733
5070 1.38427661344 1.38215806014
5073 1.37235609769 1.37025578803
5076 1.37395259928 1.37184984626
5079 1.37445314393 1.37234962486
5082 1.37157049965 1.3694713923
5085 1.37394684419 1.37184409998
5088 1.36523763072 1.36314821545
5091 1.36560343379 1.36351345868
5094 1.36313459796 1.36104840126
5097 1.36502251605 1.36293343
5100 1.35241906084 1.35034926363
5103 1.35439888822 1.35232606101
5106 1.35340749407 1.35133618412
5109 1.34211869075 1.34006465765
5112 1.33810119172 1.33605330716
5115 1.34217309236 1.340118976
5118 1.33935457354 1.33730477076
5121 1.33471771851 1.33267501216
5124 1.32523761017 1.32320941256
5127 1.32385387019 1.32182779032
5130 1.32727791724 1.32524659707
5133 1.32004478678 1.31802453648
5136 1.32846659935 1.32643345996
5139 1.32400656196 1.3219802484
5142 1.31076699723 1.30876094603
5145 1.29817998373 1.29619319622
5148 1.3060773548 1.30407848082
5151 1.30119451556 1.29920311448
5154 1.30059387296 1.29860339113
5157 1.29423655726 1.29225580493
5160 1.29649452373 1.29451031571
5163 1.29738303148 1.29539746365
5166 1.29258721098 1.29060898287
5169 1.28899593999 1.28702320811
5172 1.29465686782 1.29267547222
5175 1.28171661392 1.27975502261
5178 1.28877311761 1.28680072675
5181 1.28932925838 1.28735601638
5184 1.28694642071 1.28497682549
5187 1.27686934629 1.27491517344
5190 1.27578650147 1.27383398585
5193 1.26644427801 1.26450606011
5196 1.26953780858 1.26759485621
5199 1.27027511627 1.2683310355
5202 1.26636732859 1.26442922846
5205 1.26620407064 1.26426622036
5208 1.26595838408 1.26402090981
5211 1.26208860607 1.26015705427
5214 1.25529357651 1.2533724241
5217 1.25416951006 1.25225007797
5220 1.25028401196 1.24837052639
5223 1.25270154064 1.25078435518
5226 1.2489654299 1.24705396234
5229 1.24370406181 1.24180064647
5232 1.24714176339 1.24523308685
5235 1.23601305839 1.23412141367
5238 1.2351270264 1.2332367377
5241 1.22741482192 1.22553633629
5244 1.22521216946 1.22333705486
5247 1.22978949102 1.2279073711
5250 1.22427450978 1.22240083021
5253 1.22578765066 1.22391165532
5256 1.21917229816 1.21730642722
5259 1.21567259117 1.21381207633
5262 1.21164422809 1.20978987842
5265 1.20954282982 1.20769169621
5268 1.20700061373 1.20515337084
5271 1.2034861086 1.20164424445
5274 1.19741856566 1.19558598753
5277 1.19349395829 1.19166738653
5280 1.19901976675 1.19718473807
5283 1.19134598479 1.18952270038
5286 1.19390582715 1.19207862505
5289 1.19337995415 1.19155355686
5292 1.19306551383 1.19123959778
5295 1.18900697924 1.18718727454
5298 1.18093778503 1.17913042975
5301 1.18061887027 1.17881200307
5304 1.1745883489 1.17279071105
5307 1.18126441899 1.17945656382
5310 1.17643367684 1.17463321483
5313 1.17595675252 1.17415702041
5316 1.1691865407 1.16739717
5319 1.16698528865 1.16519928684
5322 1.1692212645 1.16743184066
5325 1.17434376446 1.17254650094
5328 1.16059659888 1.15882037458
5331 1.16469807958 1.16291557821
5334 1.15725673958 1.15548562673
5337 1.1545541523 1.1527871756
5340 1.15163701819 1.149874506
5343 1.1430645993 1.14131520668
5346 1.14750483758 1.14574864945
5349 1.1475243673 1.14576814927
5352 1.1420509908 1.14030314945
5355 1.14039043385 1.13864513388
5358 1.13530668312 1.13356916353
5361 1.1314173938 1.12968582654
5364 1.12559962182 1.12387695832
5367 1.12941213973 1.1276836414
5370 1.1297152081 1.12798624594
5373 1.13066586995 1.12893545285
5376 1.12784137619 1.12611528182
5379 1.12420877829 1.12248824339
5382 1.11777727032 1.11606657846
5385 1.11932899831 1.11761593162
5388 1.11939094648 1.11767778499
5391 1.11433467271 1.11262924955
5394 1.10931592525 1.10761818298
5397 1.10414398938 1.10245416245
5400 1.10177723245 1.1000910277
5403 1.10208559568 1.100398919
5406 1.09911015391 1.09742803097
5409 1.09598075753 1.09430342395
5412 1.09132075585 1.08965055412
5415 1.08640864481 1.08474596078
5418 1.08735721614 1.08569308037
5421 1.08224244972 1.0805861418
5424 1.07998913875 1.07833627939
5427 1.07758983795 1.07594065058
5430 1.07146445774 1.0698246449
5433 1.07362979277 1.07198666601
5436 1.06907522867 1.0674390724
5439 1.06606064753 1.0644291049
5442 1.06805526 1.06642066474
5445 1.06210904191 1.06048354697
5448 1.06213017921 1.06050465193
5451 1.05445060748 1.05283683332
5454 1.04984338449 1.04823666142
5457 1.05866231664 1.05704209672
5460 1.05910283301 1.0574819389
5463 1.05920221335 1.05758116714
5466 1.05937688782 1.05775557429
5469 1.05479770606 1.05318340069
5472 1.05004518345 1.04843815154
5475 1.05262115473 1.05101018044
5478 1.04893242504 1.04732709614
5481 1.04422946092 1.04263132963
5484 1.04436995791 1.04277161159
5487 1.03665784442 1.03507130104
5490 1.0372043066 1.03561692689
5493 1.03318904041 1.03160780582
5496 1.0330104516 1.03142949033
5499 1.03687611501 1.03528923758
5502 1.03617747638 1.03459166817
5505 1.02981460821 1.02823853799
5508 1.02480795465 1.02323954682
5511 1.02412576348 1.02255839971
5514 1.02737987124 1.02580752725
5517 1.02272689084 1.02116166796
5520 1.02020619844 1.01864483333
5523 1.01294586723 1.01139561362
5526 1.01435638596 1.01280397364
5529 1.01208505789 1.0105361217
5532 1.00819490231 1.00665191977
5535 1.00332482546 1.00178929628
5538 1.00135554528 0.999823029973
5541 1.00457747586 1.00304002958
5544 1.00263386189 1.0010993902
5547 1.00108353562 0.999551436612
5550 1.00153278656 1.0
5553 1.0019555784 1.00042214478
5556 1.00115932201 0.999627107011
5559 1.00061159017 0.999080213446
5562 0.998226149076 0.996698423125
5565 0.991262721248 0.98974565241
5568 0.992530539332 0.991011530173
5571 0.992219225464 0.990700692753
5574 0.988903963266 0.987390504367
5577 0.987092779693 0.985582092703
5580 0.988919991096 0.987406507667
5583 0.985941596257 0.984432671086
5586 0.984885881491 0.983378572028
5589 0.982837301811 0.981333127578
5592 0.977401333429 0.975905478624
5595 0.976246250877 0.974752163857
5598 0.976777015915 0.975282116591
5601 0.975195610721 0.973703131644
5604 0.97108740474 0.969601213028
5607 0.969989173768 0.968504662833
5610 0.969924460757 0.968440048862
5613 0.965857378243 0.964379190777
5616 0.964428187474 0.9629521873
5619 0.96304239896 0.961568519652
5622 0.958326771491 0.956860109172
5625 0.961635951052 0.96016422423
5628 0.956559829482 0.955095871363
5631 0.952857501661 0.951399209735
5634 0.951771832112 0.950315201739
5637 0.945079588671 0.94363320038
5640 0.940907487612 0.939467484475
5643 0.944266078223 0.942820934961
5646 0.938390571758 0.936954420611
5649 0.938437072331 0.937000850017
5652 0.937010816339 0.935576776826
5655 0.938232645828 0.936796736378
5658 0.93485577353 0.933425032182
5661 0.928466334404 0.927045371714
5664 0.926178900326 0.924761438419
5667 0.921389218144 0.919979086561
5670 0.927123241326 0.92570433416
5673 0.919513306555 0.918106045944
5676 0.912476786217 0.911080294582
5679 0.908741964537 0.907351188826
5682 0.914491409331 0.913091834435
5685 0.912252916464 0.910856767449
5688 0.914035605303 0.912636727988
5691 0.912375770913 0.910979433877
5694 0.9053828629 0.903997228095
5697 0.900630895458 0.899252533257
5700 0.906722808365 0.905335122852
5703 0.898726198138 0.897350750964
5706 0.893462220672 0.892094829703
5709 0.893661008565 0.892293313363
5712 0.892475116139 0.891109235876
5715 0.893418793946 0.892051469439
5718 0.891404860107 0.890040617806
5721 0.884863702197 0.883509470751
5724 0.885583947221 0.884228613483
5727 0.885458798419 0.884103656213
5730 0.881867696626 0.880518050389
5733 0.882569051804 0.881218332185
5736 0.87950655724 0.878160524587
5739 0.867630017557 0.866302161244
5742 0.873179713371 0.871843363577
5745 0.875804984681 0.874464617065
5748 0.869439235633 0.868108610419
5751 0.871567998839 0.870234115679
5754 0.871037515347 0.869704444061
5757 0.868121835161 0.86679322615
5760 0.866996000046 0.865669114059
5763 0.865399339203 0.86407489681
5766 0.861088103729 0.859770259427
5769 0.860261468113 0.858944888928
5772 0.854348899901 0.853041369551
5775 0.855091537501 0.853782870588
5778 0.839206388112 0.837922032478
5781 0.814850264091 0.813603184062
5784 0.84881520699 0.847516145629
5787 0.845316410436 0.844022703776
5790 0.848197468133 0.846899352185
5793 0.850904112966 0.849601854658
5796 0.843153817683 0.841863420743
5799 0.848171723394 0.846873646847
5802 0.848057808807 0.846759906599
5805 0.852379058365 0.851074542741
5808 0.848727237799 0.84742831107
5811 0.851002146056 0.849699737714
5814 0.848348282887 0.847049936126
5817 0.844715265895 0.843422479251
5820 0.847877187492 0.846579561715
5823 0.845108094973 0.843814707127
5826 0.845287075002 0.843993413238
5829 0.842579130831 0.841289613415
5832 0.841112302142 0.839825029621
5835 0.842114424837 0.840825618626
5838 0.841819852701 0.840531497315
5841 0.840755011622 0.839468285913
5844 0.837128732672 0.835847556767
5847 0.834323445299 0.833046562721
5850 0.829779255513 0.828509327547
5853 0.832244327209 0.830970626597
5856 0.833504282037 0.832228653139
5859 0.83320668767 0.831931514222
5862 0.82940918653 0.828139824933
5865 0.827508108187 0.826241656078
5868 0.822407338569 0.821148692885
5871 0.807487376838 0.806251565272
5874 0.736467191708 0.735340072325
5877 0.753644551932 0.752491143617
5880 0.81015710058 0.80891720316
5883 0.809332224148 0.808093589152
5886 0.805415469812 0.804182829176
5889 0.741106445452 0.739972225967
5892 0.790024337233 0.788815251814
5895 0.756180339847 0.75502305066
5898 0.790698615803 0.78948849844
5901 0.793561779555 0.79234728029
5904 0.800096354451 0.798871854406
5907 0.801537252543 0.800310547289
5910 0.797297214527 0.7960769984
5913 0.79681426163 0.795594784634
5916 0.791071282745 0.789860595037
5919 0.783813494501 0.782613914409
5922 0.786528411021 0.785324675909
5925 0.783473495491 0.782274435746
5928 0.787175182284 0.785970457327
5931 0.785130764939 0.783929168842
5934 0.785495897526 0.784293742615
5937 0.786223599027 0.785020330412
5940 0.777178409011 0.775988983523
5943 0.767697033431 0.766522118627
5946 0.766501368756 0.765328283845
5949 0.774164157018 0.772979344664
5952 0.773290173621 0.772106698846
5955 0.772957997741 0.771775031343
5958 0.768139294473 0.766963702815
5961 0.770686275769 0.769506786106
5964 0.772918630207 0.771735724058
5967 0.761726534433 0.760560757123
5970 0.762935359076 0.761767731732
5973 0.763204465993 0.762036426797
5976 0.758216715996 0.757056310256
5979 0.760561964998 0.759397969993
5982 0.757201886008 0.756043033405
5985 0.756346084536 0.755188541686
5988 0.755215708169 0.754059895293
5991 0.752391672248 0.751240181391
5994 0.751187964352 0.750038315699
5997 0.750696349574 0.749547453308
6000 0.746400953659 0.745258631243
6003 0.749243242557 0.748096570185
6006 0.745991574421 0.744849878535
6009 0.743241300368 0.742103813614
6012 0.74189700794 0.740761578545
6015 0.742224786791 0.74108885575
6018 0.740165830582 0.739033050651
6021 0.740027000392 0.738894432932
6024 0.737980613131 0.736851177547
6027 0.735363216023 0.734237786209
6030 0.730228416091 0.729110844785
6033 0.732174648454 0.731054098554
6036 0.729764266251 0.728647405298
6039 0.730158906361 0.729041441435
6042 0.728733521361 0.727618237903
6045 0.72615793119 0.725046589519
6048 0.7252806763 0.724170677216
6051 0.725550471987 0.724440059997
6054 0.724421257476 0.723312573682
6057 0.723114680531 0.722007996375
6060 0.723449353681 0.722342157327
6063 0.722628198384 0.721522258761
6066 0.721854524185 0.720749768623
6069 0.71689400065 0.715796836876
6072 0.720875325589 0.719772068633
6075 0.715152760294 0.714058261385
6078 0.720121810709 0.719019706963
6081 0.714305857328 0.713212654553
6084 0.711824530378 0.710735125127
6087 0.71102923689 0.709941048789
6090 0.70736684346 0.706284260435
6093 0.708738454637 0.707653772443
6096 0.706038845895 0.704958295291
6099 0.706960223552 0.705878262835
6102 0.707575972804 0.706493069719
6105 0.707837753221 0.706754449496
6108 0.703290378175 0.702214033939
6111 0.705512895228 0.704433149561
6114 0.703794788003 0.702717671798
6117 0.702545909253 0.701470704382
6120 0.700158645649 0.699087094343
6123 0.695880027029 0.694815023896
6126 0.697318311677 0.696251107334
6129 0.696045220783 0.69497996483
6132 0.694948566683 0.693884989094
6135 0.696667345009 0.695601136932
6138 0.691146390805 0.690088632222
6141 0.686981472212 0.685930087789
6144 0.687967148035 0.686914255094
6147 0.688253147324 0.687199816678
6150 0.683595648929 0.682549446308
6153 0.684834383907 0.683786285476
6156 0.678630906329 0.677592301952
6159 0.679467293197 0.67842740878
6162 0.682136818554 0.681092848586
6165 0.676415909602 0.675380695146
6168 0.675321310162 0.674287770926
6171 0.675548384766 0.674514498006
6174 0.674056566053 0.673024962433
6177 0.675075781084 0.674042617616
6180 0.676472777252 0.675437475764
6183 0.67335302489 0.672322497998
6186 0.670763675152 0.669737111107
6189 0.672920962802 0.671891097155
6192 0.670238420139 0.669212659966
6195 0.667603246648 0.666581519451
6198 0.672205310844 0.671176540461
6201 0.659051990019 0.658043350014
6204 0.658365654479 0.657358064869
6207 0.662616603265 0.66160250783
6210 0.665532903995 0.664514345335
6213 0.664945999869 0.66392833943
6216 0.664053215079 0.663036920995
6219 0.661603073707 0.660590529419
6222 0.661750984391 0.660738213734
6225 0.658513125239 0.657505309934
6228 0.658250353847 0.657242940698
6231 0.657756862341 0.656750204451
6234 0.656031268513 0.655027251543
6237 0.657667048523 0.656660528089
6240 0.650892633958 0.649896481364
6243 0.648884661572 0.64789158206
6246 0.652827340738 0.65182822719
6249 0.647998286237 0.64700656327
6252 0.647509058276 0.646518084043
6255 0.644366637732 0.643380472787
6258 0.643773907851 0.642788650045
6261 0.643076247042 0.642092056964
6264 0.635622183152 0.634649401077
6267 0.632599716538 0.631631560169
6270 0.62958332049 0.628619780536
6273 0.63637398511 0.635400052447
6276 0.604837979975 0.603912311298
6279 0.575478848396 0.57459811213
6282 0.584900394508 0.584005239124
6285 0.595467187512 0.594555860277
6288 0.615113100681 0.614171706542
6291 0.614975509566 0.614034326002
6294 0.61887879766 0.617931640344
6297 0.613730872047 0.612791593326
6300 0.618421246265 0.617474789204
6303 0.613220758848 0.612282260825
6306 0.609259753603 0.608327317664
6309 0.613196201575 0.612257741136
6312 0.61631505746 0.615371823796
6315 0.615707974032 0.614765669473
6318 0.613965289035 0.613025651552
6321 0.613948675056 0.613009063001
6324 0.613698314317 0.612759085424
6327 0.613028904456 0.612090700055
6330 0.614764072759 0.613823212786
6333 0.611966320654 0.611029742475
6336 0.611532978973 0.610597063997
6339 0.610345903573 0.609411805345
6342 0.611525998339 0.610590094047
6345 0.602788935857 0.601866403121
6348 0.603514935598 0.602591291763
6351 0.607786111677 0.60685593106
6354 0.609094860259 0.60816267668
6357 0.607132078387 0.606202898729
6360 0.605367022688 0.604440544343
6363 0.601574188622 0.600653514985
6366 0.604390292709 0.603465309191
6369 0.600902830854 0.59998318469
6372 0.598477497382 0.597561563047
6375 0.602854649008 0.601932015701
6378 0.597969660772 0.597054503651
6381 0.600687266292 0.599767950037
6384 0.599709014579 0.59879119548
6387 0.600473256939 0.599554268212
6390 0.601272257139 0.600352045589
6393 0.600832506791 0.599912968254
6396 0.595732221516 0.594820488662
6399 0.597050813796 0.596137062916
6402 0.585740428383 0.584843987377
6405 0.596405453484 0.595492690289
6408 0.594903768313 0.593993303359
6411 0.594632418366 0.593722368696
6414 0.595755120719 0.59484335282
6417 0.592346577121 0.591440025796
6420 0.592627375993 0.591720394922
6423 0.593046777255 0.592139154316
6426 0.591248325723 0.590343455207
6429 0.589667876225 0.588765424493
6432 0.589233913665 0.588332126087
6435 0.585283454336 0.584387712702
6438 0.585667609751 0.58477128019
6441 0.585078166374 0.58418273892
6444 0.579921861007 0.579034324974
6447 0.584275208379 0.583381009805
6450 0.580901780104 0.580012744363
6453 0.577960136073 0.577075602343
6456 0.576895567547 0.576012663076
6459 0.571336027363 0.570461631439
6462 0.573902670479 0.573024346459
6465 0.572335493462 0.571459567915
6468 0.571658960019 0.570784069866
6471 0.57160479751 0.570729990249
6474 0.568294249306 0.567424508643
6477 0.568780049125 0.567909564975
6480 0.56217057199 0.561310203252
6483 0.561288120719 0.560429102521
6486 0.567413638962 0.566545246021
6489 0.562874075686 0.562012630278
6492 0.564177219945 0.563313780152
6495 0.561361437102 0.560502306697
6498 0.562944682815 0.562083129346
6501 0.564775986609 0.563911630439
6504 0.56089223281 0.560033820494
6507 0.560279282353 0.559421808121
6510 0.558721517244 0.55786642708
6513 0.557700199849 0.556846672751
6516 0.545508554514 0.544673686006
6519 0.553582250798 0.552735025977
6522 0.554726404645 0.553877428764
6525 0.552889582569 0.552043417835
6528 0.549428371484 0.548587503929
6531 0.544573137948 0.54373970104
6534 0.5428075914 0.541976856556
6537 0.543051474382 0.54222036629
6540 0.541005532248 0.540177555349
6543 0.534062022818 0.533244672548
6546 0.530989986365 0.530177337665
6549 0.519052526604 0.518258147479
6552 0.502564759463 0.501795613888
6555 0.481647336469 0.48091020377
6558 0.440179928154 0.439506258866
6561 0.376699382982 0.376122866905
6564 0.385737157579 0.385146809723
6567 0.449275906906 0.448588316761
6570 0.481839750723 0.481102323545
6573 0.503142177441 0.502372148162
6576 0.504855800732 0.504083148854
6579 0.51362687371 0.512840798225
6582 0.5176248455 0.516832651357
6585 0.527429206529 0.526622007392
6588 0.530722728498 0.529910488821
6591 0.530351674885 0.529540003083
6594 0.532655620212 0.531840422358
6597 0.530118791117 0.52930747573
6600 0.530773894085 0.529961576101
6603 0.532318409929 0.531503728156
6606 0.531509862025 0.530696417686
6609 0.531903023759 0.53108897771
6612 0.526377919889 0.525572329684
6615 0.527274333909 0.526467371795
6618 0.531306697982 0.530493564574
6621 0.52986004573 0.529049126337
6624 0.530291443068 0.529479863448
6627 0.528145638987 0.527337343392
6630 0.526997497392 0.52619095896
6633 0.528047677928 0.527239532257
6636 0.526603922297 0.525797986209
6639 0.526349920374 0.525544373021
6642 0.526156629691 0.525351378157
6645 0.525152042106 0.524348328033
6648 0.5214581241 0.520660063351
6651 0.523404559913 0.522603520259
6654 0.521355152697 0.520557249539
6657 0.521140250427 0.520342676164
6660 0.518119208615 0.517326257878
6663 0.520112264725 0.519316263734
6666 0.518186494801 0.517393441086
6669 0.517755664733 0.516963270378
6672 0.512723498524 0.511938805601
6675 0.487502772907 0.48675667881
6678 0.464926103083 0.464214561241
6681 0.504856270527 0.50408361793
6684 0.513840648469 0.513054245814
6687 0.5127111417 0.511926467688
6690 0.510335310563 0.509554272621
6693 0.509302831105 0.508523373311
6696 0.508878765396 0.508099956609
6699 0.508444673654 0.507666529219
6702 0.506017123121 0.505242693908
6705 0.505187243738 0.504414084607
6708 0.505807220529 0.50503311256
6711 0.507068335955 0.506292297924
6714 0.504452916623 0.503680881335
6717 0.499421443072 0.498657108156
6720 0.498746747845 0.49798344551
6723 0.4984388988 0.49767606761
6726 0.498471334219 0.497708453389
6729 0.492612810291 0.491858895585
6732 0.497185360276 0.496424447552
6735 0.494238314661 0.493481912217
6738 0.494376557034 0.493619943017
6741 0.492370729994 0.491617185777
6744 0.491681920567 0.490929430532
6747 0.490350724681 0.489600271962
6750 0.49133611314 0.490584152342
6753 0.489643229856 0.488893859917
6756 0.489767142648 0.489017583068
6759 0.487951888087 0.487205106645
6762 0.489546864367 0.488797641909
6765 0.489236074636 0.488487327823
6768 0.486468789034 0.485724277388
6771 0.487914209797 0.48716748602
6774 0.486681072671 0.485936236137
6777 0.485125885518 0.484383429106
6780 0.482812776202 0.482073859867
6783 0.484277526961 0.483536368912
6786 0.476360658505 0.475631616753
6789 0.483485750275 0.482745803993
6792 0.482735242706 0.481996445031
6795 0.482040767561 0.481303032739
6798 0.480583667039 0.479848162223
6801 0.479093206384 0.47835998263
6804 0.480083009537 0.479348270948
6807 0.481041500961 0.480305295458
6810 0.475664820923 0.47493684411
6813 0.478420112315 0.477687918691
6816 0.479190475403 0.478457102784
6819 0.477319912157 0.476589402325
6822 0.478006625315 0.477275064509
6825 0.478398043876 0.477665884027
6828 0.477250515793 0.476520112167
6831 0.476758983224 0.47602933186
6834 0.472912501874 0.472188737322
6837 0.472153110336 0.471430507987
6840 0.472264413535 0.471541640843
6843 0.471946583345 0.471224297074
6846 0.470039837456 0.469320469346
6849 0.468414497028 0.467697616406
6852 0.467539195881 0.466823654855
6855 0.466658400538 0.465944207517
6858 0.466618980427 0.465904847736
6861 0.46348057192 0.462771242377
6864 0.466120210364 0.465406841012
6867 0.467213859886 0.466498816767
6870 0.463673944232 0.462964318744
6873 0.461564693212 0.460858295808
6876 0.462060386044 0.461353230012
6879 0.46080445579 0.460099221884
6882 0.461883208752 0.461176323879
6885 0.460457108905 0.459752406593
6888 0.457508050128 0.456807861176
6891 0.459809724461 0.459106012933
6894 0.458502594664 0.45780088362
6897 0.458088172901 0.457387096106
6900 0.458144843273 0.457443679747
6903 0.455730333723 0.45503286546
6906 0.457554949811 0.456854689082
6909 0.455808790941 0.455111202605
6912 0.454556670945 0.453860998904
6915 0.452768313916 0.452075378849
6918 0.452349148508 0.451656854949
6921 0.449512073168 0.448824121585
6924 0.448975745098 0.448288614333
6927 0.44902506399 0.448337857745
6930 0.442194055811 0.441517304019
6933 0.444735294539 0.444054653532
6936 0.443223828729 0.442545500931
6939 0.442993740862 0.4423157652
6942 0.442875497466 0.442197702769
6945 0.446521966224 0.445838590822
6948 0.443179613115 0.442501352986
6951 0.442619311475 0.441941908855
6954 0.444798881359 0.444118143037
6957 0.444159626145 0.443479866164
6960 0.442105272352 0.441428656439
6963 0.439749075526 0.439076065632
6966 0.437807772983 0.437137734137
6969 0.438185882731 0.437515265211
6972 0.434998779545 0.434333039697
6975 0.441391595226 0.440716071553
6978 0.43339744365 0.432734154552
6981 0.434561845002 0.433896773856
6984 0.437064800175 0.436395898406
6987 0.439012352634 0.43834047025
6990 0.435843192476 0.435176160305
6993 0.429694103863 0.429036482507
6996 0.431349580467 0.430689425502
6999 0.436931555658 0.436262857811
7002 0.436108588788 0.435441150444
7005 0.431035758961 0.430376084282
7008 0.432726965994 0.432064703022
7011 0.433169986864 0.432507045875
7014 0.432284943502 0.43162335702
7017 0.429717309614 0.429059652743
7020 0.429444372974 0.428787133816
7023 0.42961896621 0.428961459848
7026 0.42678861087 0.426135436199
7029 0.427977168668 0.427322174979
7032 0.426674868824 0.426021868228
7035 0.426101537457 0.425449414311
7038 0.424467500166 0.423817877817
7041 0.427960765405 0.427305796821
7044 0.4243550278 0.423705577584
7047 0.424945090993 0.424294737719
7050 0.423511003181 0.422862844694
7053 0.423829754654 0.423181108337
7056 0.425016435056 0.424365972595
7059 0.421139095591 0.420494567168
7062 0.411811845315 0.411181591696
7065 0.391631179046 0.391031810741
7068 0.41018033984 0.409552583144
7071 0.419950914186 0.419308204204
7074 0.417963228784 0.417323560837
7077 0.41403969078 0.413406027576
7080 0.413899022289 0.413265574369
7083 0.419101237579 0.418459827977
7086 0.416264645077 0.415627576711
7089 0.414095119412 0.413461371377
7092 0.420551987628 0.419908357739
7095 0.418633023143 0.417992330116
7098 0.415642680822 0.415006564336
7101 0.414343637855 0.413709509478
7104 0.412571350543 0.411939934546
7107 0.413685345313 0.413052224413
7110 0.413048985386 0.412416838397
7113 0.413091910844 0.41245969816
7116 0.411947469319 0.411317008136
7119 0.40718310795 0.406559938339
7122 0.412203803721 0.411572950232
7125 0.414072008151 0.413438295487
7128 0.406339353393 0.405717475098
7131 0.408820979432 0.408195303156
7134 0.409579486189 0.408952649064
7137 0.405215830798 0.404595671988
7140 0.406358512644 0.405736605027
7143 0.402332129385 0.401716383909
7146 0.402494363166 0.401878369401
7149 0.399114235956 0.398503415275
7152 0.393991375873 0.393388395426
7155 0.399231901413 0.398620900653
7158 0.390585264236 0.389987496641
7161 0.394999411415 0.394394888229
7164 0.398729910654 0.398119678161
7167 0.399389168504 0.398777927055
7170 0.397358781824 0.396750647762
7173 0.39396811028 0.39336516544
7176 0.391198044543 0.390599339124
7179 0.396368838526 0.395762219514
7182 0.399077710459 0.398466945678
7185 0.395484530447 0.394879264816
7188 0.394159297643 0.393556060202
7191 0.394200470564 0.39359717011
7194 0.39338575535 0.392783701769
7197 0.39251955767 0.391918829754
7200 0.393882291332 0.393279477832
7203 0.393703651237 0.393101111136
7206 0.391453796207 0.390854699376
7209 0.390137561558 0.389540479146
7212 0.39043693008 0.389839389502
7215 0.389533717577 0.388937559312
7218 0.3910438626 0.390445393148
7221 0.391479990108 0.390880853188
7224 0.382166794654 0.381581911027
7227 0.387763720892 0.387170271502
7230 0.387450561218 0.3868575911
7233 0.384982568193 0.384393375192
7236 0.37537608212 0.374801591277
7239 0.379996757774 0.379415195261
7242 0.389132410988 0.388536866899
7245 0.382327973213 0.381742842912
7248 0.380179933427 0.379598090574
7251 0.382294043147 0.381708964774
7254 0.381893464607 0.381308999296
7257 0.378598255591 0.378018833402
7260 0.37700764369 0.376430655838
7263 0.379986579251 0.379405032315
7266 0.379680710556 0.379099631734
7269 0.383050975315 0.382464738502
7272 0.380736872531 0.380154177316
7275 0.373677225254 0.373105334411
7278 0.372161731001 0.371592159531
7281 0.364098754838 0.363541523276
7284 0.367752396002 0.367189572758
7287 0.376747903563 0.376171313229
7290 0.376980819811 0.376403873012
7293 0.371266466362 0.370698265042
7296 0.37275290684 0.372182430611
7299 0.371535301223 0.370966688467
7302 0.36940657295 0.368841218087
7305 0.373261737295 0.372690482331
7308 0.372838866718 0.372268258932
7311 0.367803577855 0.36724067628
7314 0.369351410779 0.368786140338
7317 0.365906611104 0.365346612725
7320 0.367502605071 0.366940164117
7323 0.36577166013 0.365211868285
7326 0.369675738986 0.36910997218
7329 0.367210300758 0.366648307159
7332 0.363430395692 0.362874187014
7335 0.362677303353 0.362122247238
7338 0.365255435872 0.364696434078
7341 0.36398694038 0.363429879943
7344 0.36231482962 0.36176032825
7347 0.364553962829 0.363996034598
7350 0.362879487787 0.36232412224
7353 0.365637704069 0.365078117236
7356 0.363427043031 0.362870839484
7359 0.358785027988 0.358235928769
7362 0.359294134094 0.358744255719
7365 0.36182197682 0.361268229731
7368 0.360340879968 0.35978939961
7371 0.360390691604 0.359839135013
7374 0.360537140588 0.359985359866
7377 0.359665651019 0.35911520406
7380 0.361881297198 0.361327459323
7383 0.356778658136 0.356232629548
7386 0.360312346558 0.359760909869
7389 0.360075891952 0.359524817143
7392 0.359348824484 0.358798862409
7395 0.357786178144 0.357238607606
7398 0.355537387704 0.354993258807
