Wave Flux FluxNorm
3600 0.341610925686 0.323139467275
3603 0.251296830708 0.237708802316
3606 0.239575127694 0.22662091085
3609 0.170190555479 0.160988075315
3612 0.248332241904 0.234904513651
3615 0.284363109894 0.268987134002
3618 0.189033440495 0.178812094889
3621 0.238893145267 0.225975804323
3624 0.297652844009 0.281558270576
3627 0.376484893351 0.356127742784
3630 0.282311912773 0.267046848445
3633 0.216165453219 0.204477035552
3636 0.266193415841 0.251799904861
3639 0.337077354736 0.318851033881
3642 0.318430871653 0.301212796468
3645 0.259972819852 0.245915666615
3648 0.212681584713 0.201181545484
3651 0.287203468108 0.271673909427
3654 0.343804816303 0.325214730658
3657 0.378485769943 0.358020428723
3660 0.392377693057 0.371161192958
3663 0.347515945427 0.328725192994
3666 0.35496405622 0.335770572321
3669 0.311697912163 0.29484389905
3672 0.367939013313 0.348043952379
3675 0.372046578446 0.351929414785
3678 0.304535485842 0.28806875677
3681 0.298738313581 0.282585047043
3684 0.3392682997 0.320923510887
3687 0.242096516261 0.229005963836
3690 0.345886695615 0.32718403937
3693 0.355785933441 0.336548009304
3696 0.338288110186 0.319996321814
3699 0.4110150662 0.38879081302
3702 0.390321142501 0.369215843436
3705 0.242787194739 0.229659296206
3708 0.24877881972 0.235326944278
3711 0.337372911968 0.319130609853
3714 0.451617960933 0.427198243191
3717 0.385509687964 0.364664552072
3720 0.169721500928 0.160544383307
3723 0.239779704795 0.226814426135
3726 0.357066689413 0.337759512718
3729 0.310932626765 0.294119993878
3732 0.263458439417 0.24921281306
3735 0.119794168975 0.113316703404
3738 0.203722607384 0.192706994631
3741 0.331631789184 0.313699918916
3744 0.226821454168 0.214556849197
3747 0.184012981749 0.174063100513
3750 0.157393600779 0.148883072771
3753 0.33048929294 0.312619199303
3756 0.374229001705 0.353993830868
3759 0.188015779483 0.177849460463
3762 0.275231758717 0.260349529836
3765 0.273891031679 0.259081298089
3768 0.262469041215 0.248276913229
3771 0.332012799788 0.314060327657
3774 0.368593142822 0.348662712042
3777 0.34575929788 0.327063530237
3780 0.380057323823 0.359507006128
3783 0.379094223153 0.358595981878
3786 0.305516466257 0.288996693979
3789 0.231656512764 0.21913046831
3792 0.284419031351 0.269040031694
3795 0.231883461804 0.219345145847
3798 0.211385705767 0.19995573682
3801 0.290077051683 0.274392113664
3804 0.358943681198 0.339535012504
3807 0.277365541309 0.262367935332
3810 0.327834448198 0.310107906334
3813 0.276578347107 0.261623306001
3816 0.191620722787 0.181259478618
3819 0.194269347427 0.183764887816
3822 0.18447020699 0.174495602842
3825 0.137451095708 0.130018891387
3828 0.15604745051 0.147609711037
3831 0.183812554974 0.17387351114
3834 0.138514882261 0.131025157271
3837 0.190997787677 0.180670226624
3840 0.135256609214 0.127943064347
3843 0.24033515643 0.227339843597
3846 0.226224836744 0.213992491848
3849 0.195610248191 0.185033283895
3852 0.214061552902 0.202486896547
3855 0.191821145996 0.181449064619
3858 0.163925224419 0.155061520897
3861 0.151783491813 0.143576311522
3864 0.234892284824 0.222191276912
3867 0.205398520401 0.194292288305
3870 0.159987864885 0.151337060797
3873 0.17357135894 0.164186073234
3876 0.262030515745 0.247862099544
3879 0.190640310156 0.180332078493
3882 0.175424094696 0.165938628554
3885 0.27940025814 0.264292631715
3888 0.251680463193 0.238071691169
3891 0.340263014669 0.32186444
3894 0.357637826016 0.338299767036
3897 0.357112637081 0.337802975921
3900 0.324600144653 0.307048486842
3903 0.332505878222 0.314526744538
3906 0.270776360596 0.256135042338
3909 0.365609125488 0.345840045379
3912 0.398103263691 0.376577172675
3915 0.366828485914 0.346993473004
3918 0.344283390826 0.325667427878
3921 0.24806632107 0.234652971589
3924 0.288552375348 0.272949879058
3927 0.213727683595 0.202171080097
3930 0.109449153897 0.103531060118
3933 0.0517156304411 0.0489192821834
3936 0.0844940473073 0.0799253167328
3939 0.183657585447 0.173726921068
3942 0.229112356766 0.216723878965
3945 0.256493394669 0.242624379612
3948 0.321428884902 0.304048702264
3951 0.392599125923 0.371370652589
3954 0.39334239563 0.372073732494
3957 0.352286057747 0.333237377582
3960 0.347586356935 0.328791797237
3963 0.195610396274 0.185033423971
3966 0.123561675095 0.116880494339
3969 0.0605945669617 0.0573181201639
3972 0.157788766641 0.149256871372
3975 0.2827409842 0.267452719283
3978 0.391903716008 0.370712844619
3981 0.450618600005 0.426252919334
3984 0.433294240779 0.409865316391
3987 0.484785102526 0.458571983489
3990 0.482081672491 0.456014732313
3993 0.526592032833 0.498118345072
3996 0.478341198707 0.452476512031
3999 0.519826778643 0.49171889918
4002 0.574677846929 0.543604080984
4005 0.467244186507 0.441979533331
4008 0.539152765316 0.509999898318
4011 0.566131384956 0.535519740111
4014 0.574937823899 0.543850000577
4017 0.569965090158 0.539146150637
4020 0.585487175161 0.553828931256
4023 0.568441490072 0.537704934086
4026 0.59021047058 0.558296830409
4029 0.63524238254 0.600893793641
4032 0.481069660645 0.455057441594
4035 0.521691208316 0.493482516108
4038 0.648430012412 0.613368346915
4041 0.591080615505 0.559119925182
4044 0.509550816372 0.481998574904
4047 0.473731421658 0.448115993125
4050 0.613637364073 0.580456993665
4053 0.56691936864 0.536265116236
4056 0.532872052592 0.504058793947
4059 0.519756324456 0.491652254566
4062 0.548136809553 0.51849816067
4065 0.488635800778 0.462214468223
4068 0.557727750262 0.527570503614
4071 0.540668546584 0.511433718828
4074 0.602368716461 0.569797660159
4077 0.436081437192 0.41250180456
4080 0.587702040808 0.555924035515
4083 0.599083281928 0.566689874415
4086 0.589093171318 0.557239945335
4089 0.698437793278 0.660672125728
4092 0.640162930812 0.605548279865
4095 0.617977718453 0.584562658024
4098 0.569447481205 0.538656529642
4101 0.473768198059 0.448150780967
4104 0.5612104415 0.530864880072
4107 0.634983683733 0.600649083099
4110 0.567790806359 0.5370894339
4113 0.600193266772 0.567739840573
4116 0.63347748745 0.5992243293
4119 0.551307625013 0.521497524981
4122 0.582498491066 0.551001850171
4125 0.614256640881 0.581042785168
4128 0.565320944851 0.534753121821
4131 0.537750903194 0.508673837161
4134 0.493216073687 0.466547078325
4137 0.607784275151 0.574920390782
4140 0.626590025356 0.592709283484
4143 0.422404774121 0.399564660908
4146 0.561915940831 0.531532231907
4149 0.555342020426 0.525313774072
4152 0.534240024764 0.505352797639
4155 0.52954482727 0.50091147711
4158 0.573335934362 0.542334727812
4161 0.597358056383 0.565057934622
4164 0.603062082 0.570453534296
4167 0.551628029193 0.521800604385
4170 0.601544823464 0.569018316397
4173 0.463043375109 0.438005866639
4176 0.543882729888 0.514474106012
4179 0.530201610984 0.50153274746
4182 0.537436674755 0.508376599565
4185 0.623798265143 0.590068478287
4188 0.550871189441 0.52108468819
4191 0.569086709264 0.538315265227
4194 0.613301258528 0.580139061894
4197 0.491570895204 0.464990857319
4200 0.534582321889 0.505676586202
4203 0.528323741217 0.499756417167
4206 0.598689264474 0.566317162126
4209 0.64296357816 0.608197491655
4212 0.619744270052 0.586233689304
4215 0.496408814758 0.469567182693
4218 0.675128459407 0.638623165454
4221 0.728298070131 0.688917808842
4224 0.557095468325 0.52697241019
4227 0.337687950928 0.319428614143
4230 0.672907874883 0.636522651547
4233 0.626522828205 0.592645719792
4236 0.566933710946 0.53627868303
4239 0.594317195396 0.562181497935
4242 0.652446171093 0.617167345363
4245 0.7121993382 0.673689561532
4248 0.583514017942 0.551962465858
4251 0.570131267244 0.539303342258
4254 0.583370804861 0.551826996541
4257 0.662073812434 0.626274404477
4260 0.516652662731 0.488716412879
4263 0.668398378723 0.632256991179
4266 0.715978676172 0.677264544552
4269 0.611144319015 0.578098751609
4272 0.444575580723 0.420536655934
4275 0.520660302266 0.492507352825
4278 0.682087846459 0.645206247128
4281 0.568981836828 0.538216063415
4284 0.632144964518 0.59796385805
4287 0.565179462484 0.534619289636
4290 0.483308960222 0.4571756586
4293 0.618046976788 0.584628171448
4296 0.556286236371 0.526206934724
4299 0.406446203824 0.384468996464
4302 0.415782177392 0.393300158756
4305 0.424101852201 0.401169975215
4308 0.343573658708 0.32499607213
4311 0.406443962104 0.384466875958
4314 0.55780170865 0.527640462952
4317 0.830530933185 0.785622774699
4320 0.785491242454 0.743018453307
4323 0.620984291603 0.587406660874
4326 0.469650279952 0.44425552539
4329 0.770394645803 0.728738154193
4332 0.758355485206 0.717349970592
4335 0.815821683741 0.771708878299
4338 0.605881466766 0.573120470341
4341 0.558423985305 0.528229092096
4344 0.721758757354 0.682732087343
4347 0.756437419878 0.715535618177
4350 0.781311066366 0.73906430614
4353 0.62861343093 0.594623280227
4356 0.734632417891 0.694909648114
4359 0.701071651415 0.663163566872
4362 0.800532973701 0.757246853679
4365 0.843016407802 0.797433139395
4368 0.711357269232 0.672893024603
4371 0.737118049045 0.697260877149
4374 0.6360215483 0.601630828642
4377 0.732044363594 0.692461534123
4380 0.761188260948 0.720029573542
4383 0.493005938823 0.466348305795
4386 0.632747256101 0.598533582748
4389 0.675365708195 0.638847585814
4392 0.701061954608 0.663154394387
4395 0.687987109675 0.650786527586
4398 0.807554524411 0.763888737721
4401 0.690215055162 0.652894004437
4404 0.635703882196 0.60133033926
4407 0.686769965564 0.649635196437
4410 0.770961126274 0.729274004143
4413 0.853411111347 0.807265784412
4416 0.68293634305 0.646008864129
4419 0.836360230372 0.791136872306
4422 0.747836458522 0.707399724792
4425 0.792344204148 0.749500864215
4428 0.802127729136 0.758755378094
4431 0.756130831535 0.715245607564
4434 0.723553497438 0.684429782911
4437 0.78391005668 0.74152276482
4440 0.859917376641 0.813420245359
4443 0.720387956769 0.681435408175
4446 0.870813187888 0.823726902368
4449 0.858321246817 0.81191042087
4452 0.842254313372 0.796712252651
4455 0.706487734844 0.668286793859
4458 0.743879452425 0.70365668045
4461 0.695996319614 0.658362666516
4464 0.813513646374 0.769525640266
4467 0.825871533021 0.781215315881
4470 0.78567424776 0.743191563219
4473 0.896316478494 0.847851188568
4476 0.936649198633 0.886003052924
4479 0.901180822912 0.852452509971
4482 0.784769820944 0.742336040232
4485 0.955114312632 0.903469728175
4488 0.882085407456 0.834389614689
4491 0.862849848327 0.81619415353
4494 0.837197251125 0.791928633986
4497 0.852182386688 0.806103498893
4500 0.918769284658 0.869089934982
4503 0.967894757221 0.915559113336
4506 0.995907825842 0.942057469772
4509 0.972393530809 0.919814630918
4512 0.94609803151 0.894940972039
4515 0.895636560224 0.847208034585
4518 0.872619997034 0.825436014405
4521 0.961971310049 0.909955956588
4524 0.876247657259 0.828867521141
4527 0.778128190933 0.736053533958
4530 0.773113163379 0.731309677102
4533 0.828947998474 0.784125431843
4536 0.790101581304 0.747379503637
4539 0.915403487715 0.865906132154
4542 0.880358725458 0.832756297195
4545 0.840751077164 0.79529029887
4548 0.855194919473 0.808953139131
4551 0.859405853306 0.812936380923
4554 0.828106686316 0.783329610802
4557 0.911920108349 0.862611104776
4560 0.932091849922 0.881692127472
4563 0.894230910657 0.845878390776
4566 0.840462798483 0.795017607886
4569 0.935899919638 0.885294288664
4572 0.853603125985 0.807447416506
4575 0.935388391325 0.884810419518
4578 0.906390650753 0.857380633946
4581 0.802841525343 0.759430578179
4584 0.85568359521 0.809415391376
4587 0.8755975824 0.828252596887
4590 0.942313424705 0.891361005079
4593 0.851449353147 0.805410101668
4596 0.844298653892 0.798646052354
4599 0.880557313083 0.832944146865
4602 0.870119582502 0.823070801354
4605 0.875678889321 0.828329507411
4608 0.96241342997 0.910374170365
4611 0.942225300675 0.89127764606
4614 0.923666086256 0.873721958552
4617 0.940876973517 0.890002225144
4620 0.930474133008 0.880161883143
4623 0.949439277416 0.898101551344
4626 0.942654073789 0.891683234713
4629 0.93802944686 0.887308668885
4632 0.959129258082 0.907267578993
4635 0.914297002757 0.864859476638
4638 0.874362098072 0.827083917206
4641 0.918818733499 0.869136710043
4644 0.92352130322 0.873585004171
4647 0.815564781487 0.771465867167
4650 0.896592212477 0.848112013166
4653 0.932079894302 0.881680818311
4656 0.848375407764 0.802502369513
4659 0.996120525694 0.942258668597
4662 0.930468986401 0.880157014821
4665 0.891909099228 0.843682123468
4668 0.745238571281 0.704942309539
4671 0.916955601905 0.867374321005
4674 0.902715853355 0.853904538821
4677 0.956237065432 0.904531771905
4680 0.853296387979 0.807157264323
4683 0.885243145609 0.837376608804
4686 0.915146343999 0.865662892617
4689 0.89705687404 0.848551549723
4692 0.890152834557 0.842020822884
4695 0.950182383769 0.898804476728
4698 0.884678746235 0.836842727422
4701 0.87114657487 0.824042262574
4704 0.859743452873 0.813255725932
4707 0.870258250698 0.823201971534
4710 0.859550148288 0.81307287364
4713 0.917364899966 0.867761487654
4716 0.917284140147 0.86768509465
4719 0.982522141059 0.929395570738
4722 0.961769819931 0.909765361368
4725 0.991170494007 0.937576293174
4728 0.8491581345 0.803242772941
4731 0.870508214055 0.823438418966
4734 0.929742036214 0.879469372012
4737 0.904142380483 0.855253931307
4740 0.929729666857 0.879457671487
4743 0.957087956877 0.905336654265
4746 0.958972323338 0.907119129967
4749 0.967458154632 0.915146118559
4752 0.958596997152 0.906764098278
4755 0.912392435489 0.86305789242
4758 0.928672490131 0.878457658026
4761 0.945266260493 0.894154176233
4764 0.861054918187 0.814496278182
4767 0.881687093859 0.834012838556
4770 0.980604852342 0.92758195294
4773 0.941258684303 0.890363296206
4776 1.00156182889 0.947405751677
4779 0.993922429336 0.940179426884
4782 0.965289691407 0.913094907668
4785 0.959369804755 0.907495118917
4788 0.923724457363 0.873777173438
4791 0.931098723975 0.88075270146
4794 0.997829704825 0.943875429632
4797 0.996292962721 0.942421781673
4800 0.917264814076 0.867666813571
4803 1.01263384185 0.957879082886
4806 0.948610956384 0.897318018977
4809 0.942121584883 0.891179538349
4812 0.97808394066 0.925197351054
4815 0.991358450824 0.93775408686
4818 1.02114362356 0.965928726863
4821 1.01676535435 0.961787197785
4824 0.932717305452 0.882283763604
4827 0.999590508583 0.945541023866
4830 0.974116350537 0.921444294982
4833 0.939614383822 0.888807905728
4836 0.987188091514 0.933809225662
4839 0.947739863097 0.896494027121
4842 0.944589044222 0.893513578148
4845 0.986558823286 0.933213982991
4848 0.966019368572 0.913785130002
4851 0.989730503869 0.936214165645
4854 0.965860900753 0.913635230796
4857 0.917063421242 0.867476310375
4860 0.811349348564 0.767478369559
4863 0.791856130452 0.749039181458
4866 0.922186171906 0.872322065578
4869 0.925716147384 0.87566116954
4872 0.824823207303 0.78022367484
4875 0.909384654221 0.860212746777
4878 0.95656132532 0.904838498533
4881 0.971479003285 0.918949553386
4884 0.953943242806 0.902361979999
4887 0.885592094708 0.837706689658
4890 0.882410625111 0.834697247297
4893 0.948172449486 0.89690322286
4896 1.05752563936 1.00034350788
4899 1.01879822225 0.963710145216
4902 0.995458048816 0.941632012921
4905 0.982540049064 0.929412510428
4908 0.989291711981 0.935799099949
4911 0.894361723358 0.846002130222
4914 0.972667952354 0.920074214044
4917 0.995230713339 0.941416969843
4920 0.789796817347 0.747091218763
4923 0.916454362182 0.866900184129
4926 0.942167988782 0.891223433114
4929 1.00811624371 0.953605758631
4932 1.01205037489 0.957327164932
4935 0.935596427696 0.885007207025
4938 0.875251788298 0.827925500434
4941 0.97539668242 0.922655397237
4944 1.02914400128 0.973496511146
4947 0.989141792915 0.93565728725
4950 1.03364800222 0.977756973426
4953 1.01341098634 0.958614205907
4956 0.98817888171 0.93474644222
4959 0.920171260953 0.870416104137
4962 1.02507585777 0.969648338764
4965 0.980509989819 0.927492219788
4968 0.944346155835 0.893283823131
4971 0.962821333561 0.910760017946
4974 1.02526244302 0.96982483505
4977 0.98275290119 0.929613853293
4980 0.936657725656 0.886011118878
4983 0.836430314295 0.791203166677
4986 0.907470985145 0.858402552901
4989 0.973839612458 0.921182520581
4992 0.94377733168 0.892745756224
4995 0.960593582233 0.908652724756
4998 0.961495208043 0.909505598192
5001 0.897618775764 0.849083068506
5004 0.916464450758 0.866909727199
5007 0.859102819087 0.812649732256
5010 0.957554624816 0.905778088709
5013 0.833863043504 0.788774712393
5016 0.879758775155 0.832188787181
5019 0.881041703734 0.833402345725
5022 0.890983115737 0.84280620941
5025 0.929085298576 0.878848145247
5028 0.89509353029 0.846694367163
5031 0.974069948918 0.921400402374
5034 1.01870813154 0.963624925857
5037 0.89175290865 0.843534378369
5040 0.813849696595 0.769843519706
5043 0.877754514088 0.830292899771
5046 1.01816873318 0.963114693637
5049 0.894816211856 0.846432043788
5052 0.903421172853 0.854571720547
5055 1.00652633874 0.952101822409
5058 1.00287539881 0.94864829474
5061 1.01710917125 0.962112423944
5064 0.950758475157 0.899349417917
5067 0.916981518696 0.867398836433
5070 0.958522879548 0.906693988333
5073 0.923638411726 0.873695780429
5076 0.950334450671 0.898948321125
5079 0.877132078464 0.829704120253
5082 0.877138363156 0.829710065122
5085 0.928762741668 0.878543029516
5088 0.949081126402 0.897762766138
5091 0.975026819444 0.922305533354
5094 1.01070375382 0.95605335786
5097 0.9290058863 0.878773026922
5100 0.871875236936 0.824731524697
5103 0.964654469102 0.912494032866
5106 0.922259880003 0.872391788158
5109 0.895463372647 0.847044211542
5112 0.940121473738 0.889287576467
5115 0.971909839268 0.919357093366
5118 1.00862084203 0.954083072493
5121 0.950106880838 0.898733056363
5124 0.849649442134 0.803707514772
5127 0.887756187461 0.839753766396
5130 0.879193416943 0.831653998808
5133 0.933069054788 0.882616493281
5136 0.966638714232 0.914370986634
5139 0.868285112043 0.821335523696
5142 0.878226600397 0.830739459605
5145 0.901690061602 0.852934213297
5148 0.874397221524 0.827117141476
5151 0.885838660186 0.837939922939
5154 0.878653409382 0.831143190333
5157 0.957873628287 0.906079843144
5160 0.977039818801 0.924209686562
5163 0.929424611498 0.879169110967
5166 0.762731392526 0.721489265486
5169 0.701191082492 0.663276540116
5172 0.655103769976 0.619681243552
5175 0.848552208188 0.80266961005
5178 0.948158524506 0.896890050827
5181 0.899285611078 0.850659775324
5184 0.575060089333 0.543965654919
5187 0.920979722814 0.871180851151
5190 0.960421776056 0.908490208418
5193 0.832232160672 0.787232014049
5196 0.887199402076 0.839227087301
5199 0.957115579652 0.905362783431
5202 0.955300044041 0.903645416784
5205 0.863893161426 0.817181052994
5208 0.83857155913 0.793228630921
5211 0.905005173768 0.856070071956
5214 0.981669055237 0.928588612654
5217 0.9008723921 0.852160756515
5220 0.977771520181 0.924901823657
5223 0.959877168606 0.907975048779
5226 0.810371657851 0.766553544174
5229 0.925439211191 0.875399207738
5232 0.967725349014 0.915398865306
5235 0.911211616584 0.861940922313
5238 0.999630355757 0.945578716439
5241 1.00222618053 0.948034180742
5244 1.0053525315 0.950991484833
5247 0.923139151665 0.873223516171
5250 0.905675931586 0.856704560807
5253 0.949606561509 0.898259790114
5256 0.924656961498 0.874659255558
5259 1.02875346249 0.973127089422
5262 0.901744479479 0.85298568871
5265 0.790009834018 0.747292717275
5268 0.867749549049 0.820828919465
5271 0.807806473425 0.764127063442
5274 0.920715436048 0.8709308548
5277 0.96655484733 0.914291654553
5280 0.997506149092 0.943569369083
5283 0.918125973742 0.868481408933
5286 1.02418534383 0.968805976364
5289 1.038758877 0.982591494897
5292 1.04750676473 0.990866370101
5295 1.00561045197 0.95123545912
5298 0.860055718677 0.813551107015
5301 0.959738258735 0.907843649991
5304 1.03171132619 0.975925016619
5307 1.03186883 0.976074003945
5310 1.0666394476 1.00896451769
5313 1.04141385626 0.985102915107
5316 1.00640949792 0.951991299362
5319 1.01867472183 0.963593322658
5322 1.00614065311 0.951736991423
5325 0.956691166883 0.904961319351
5328 0.800870527939 0.75756615581
5331 0.97482492785 0.922114558367
5334 0.996659981626 0.942768955268
5337 1.0186123625 0.9635343352
5340 0.944461921174 0.893393328849
5343 1.00223140846 0.948039125994
5346 0.990855659265 0.937278482059
5349 0.964901567122 0.912727769894
5352 1.02663656934 0.971124660128
5355 1.06111978876 1.00374331578
5358 1.07873892053 1.02040975244
5361 1.04969876503 0.99293984538
5364 1.01849395931 0.963422334268
5367 1.00198649854 0.947807458753
5370 0.930697035144 0.880372732597
5373 0.987164697816 0.933787096899
5376 1.06519681406 1.0075998897
5379 1.0358284108 0.979819483762
5382 1.00982240103 0.955219661241
5385 1.03873800103 0.982571747716
5388 1.02139938135 0.966170655405
5391 0.969006047474 0.916610314317
5394 0.958234262501 0.90642097728
5397 0.902180267074 0.853397912562
5400 0.986154848196 0.932831851491
5403 0.990358114404 0.936807840258
5406 0.861531097175 0.814946709398
5409 0.940363578735 0.889516590453
5412 0.99329473535 0.939585673333
5415 1.01022295022 0.955598552092
5418 1.03946971795 0.983263899518
5421 0.988417011102 0.934971695569
5424 0.978296154255 0.925398089914
5427 1.04971695228 0.992957049217
5430 0.914630032531 0.86517449895
5433 0.966424974566 0.91416880422
5436 0.938773375675 0.888012372258
5439 1.05534124796 0.998277230081
5442 1.06632995894 1.00867176358
5445 1.00655231755 0.952126396495
5448 0.954331422716 0.90272917039
5451 1.06120711447 1.00382591964
5454 1.00577588447 0.951391946419
5457 0.987780005562 0.934369133955
5460 1.02559744523 0.970141723143
5463 0.969116999993 0.916715267454
5466 1.02645732143 0.970955104444
5469 1.02671447315 0.971198351553
5472 1.00457997509 0.950260701801
5475 0.968525206221 0.916155472934
5478 0.942699334551 0.891726048153
5481 0.953393049689 0.901841536718
5484 0.999269804438 0.945237660716
5487 0.999586721722 0.945537441767
5490 1.00004322113 0.945969257506
5493 1.00944044597 0.954858359114
5496 1.02456379469 0.969163963773
5499 1.03641330961 0.980372756143
5502 0.987213577395 0.93383333348
5505 1.00922179558 0.954651531509
5508 1.00728811854 0.952822411536
5511 0.989336426189 0.935841396387
5514 0.947533009215 0.896298358165
5517 1.00958324306 0.954993434935
5520 1.05429362575 0.997286254505
5523 1.03104612324 0.975295782272
5526 0.999359038678 0.945322069915
5529 0.948694335793 0.897396889926
5532 1.01670080516 0.961726138878
5535 0.986786876973 0.933429705444
5538 1.00856847041 0.954033532689
5541 1.04991981463 0.993148942468
5544 1.00638392865 0.951967112659
5547 1.01619549428 0.96124815098
5550 1.05716249571 1.0
5553 1.02257422665 0.967281974914
5556 1.02244090143 0.967155858808
5559 1.02479858612 0.969386059649
5562 1.00988376631 0.955277708402
5565 0.984315253041 0.931091726238
5568 0.992018805532 0.938378735115
5571 1.01033595489 0.955705446412
5574 0.996175011611 0.942310208371
5577 1.01100516563 0.95633847184
5580 1.02455083496 0.969151704795
5583 1.01677566669 0.961796952517
5586 0.963226898742 0.911143653558
5589 0.902444754807 0.853648099013
5592 0.963697841773 0.911589131933
5595 0.971448241215 0.918920454671
5598 0.98492239225 0.931666036443
5601 0.94722326666 0.896005363894
5604 0.979059740413 0.926120387726
5607 1.04996863404 0.993195122139
5610 1.05149549289 0.994639421241
5613 1.05039379087 0.993597290043
5616 0.918687535557 0.869012606187
5619 1.00251759866 0.948309841423
5622 1.03139062405 0.975621655368
5625 0.942650303919 0.891679668687
5628 1.01177876538 0.957070241797
5631 1.06071871587 1.00336392956
5634 1.02153594366 0.966299833573
5637 0.983451493695 0.930274671765
5640 0.999579750243 0.945530847248
5643 0.992844949452 0.93916020809
5646 1.00947942665 0.954895232045
5649 1.00725296692 0.952789160618
5652 1.02542117382 0.969974983018
5655 0.985647519519 0.9323519549
5658 0.905334906718 0.856381975708
5661 0.973720006049 0.921069381485
5664 0.990672950674 0.937105652819
5667 0.988613655409 0.935157706998
5670 0.993648345875 0.939920163561
5673 1.04775014319 0.991096588695
5676 1.03824283749 0.982103358475
5679 1.02730558639 0.97175750234
5682 0.989277683346 0.935785829864
5685 0.990606037835 0.937042358065
5688 0.967307568877 0.915003675221
5691 1.01179544692 0.957086021334
5694 1.0244995359 0.969103179556
5697 1.01959278609 0.964461745692
5700 0.974209177656 0.921532102787
5703 0.971887192083 0.919335670752
5706 0.958148290398 0.906339653828
5709 0.898779374526 0.850180911805
5712 0.920093189418 0.870342254058
5715 1.00879336091 0.954246263001
5718 1.01872813049 0.963643843423
5721 1.03990643916 0.983677006502
5724 1.04910413946 0.992377372179
5727 1.00286784206 0.948641146589
5730 1.03635771125 0.980320164077
5733 1.02234095812 0.967061319594
5736 1.04115235869 0.984855557136
5739 1.02742943081 0.971874650282
5742 1.01747355144 0.962457101507
5745 1.0412277171 0.984926840795
5748 0.993354997224 0.939642676749
5751 1.03190720159 0.976110300714
5754 0.946692346013 0.89550315099
5757 1.03569029685 0.979688837859
5760 1.0140791293 0.959246221291
5763 0.973766078651 0.921112962867
5766 1.05110194153 0.994267149845
5769 1.04715391849 0.990532602838
5772 1.02517672595 0.969743752843
5775 1.01830559563 0.963244155715
5778 1.03497222651 0.97900959475
5781 0.93939497664 0.888600362249
5784 0.952125649465 0.900642666886
5787 0.994290727881 0.940527810928
5790 1.01532178963 0.960421688958
5793 1.0145698724 0.959710429119
5796 1.03144678207 0.975674776827
5799 1.01792416049 0.962883345396
5802 1.06090781413 1.00354280297
5805 0.99599962696 0.942144307054
5808 1.02241917406 0.967135306272
5811 1.04767472701 0.991025250392
5814 1.04041506234 0.984158127596
5817 1.01654482391 0.961578591782
5820 1.06325493057 1.005763007
5823 1.05918696237 1.00191500046
5826 1.05774643781 1.0005523674
5829 1.05861071441 1.00136991116
5832 1.05373966969 0.996762251756
5835 1.03882856041 0.982657410407
5838 1.04061110886 0.984343573563
5841 1.06619354781 1.00854272843
5844 1.06241651177 1.00496992287
5847 1.02662939994 0.971117878383
5850 1.05214056389 0.995249612204
5853 1.00268793507 0.948470967468
5856 1.00864463039 0.954105574578
5859 0.98873556242 0.935273022299
5862 1.02725054883 0.971705440749
5865 1.0401241981 0.983882990856
5868 1.03158672618 0.975807153933
5871 1.06059045013 1.00324259935
5874 1.05139738659 0.99454661971
5877 1.05251634485 0.995605074077
5880 1.02159683911 0.966357436304
5883 1.02747351784 0.971916353458
5886 1.03933405975 0.983135576578
5889 0.863401077409 0.816715576759
5892 0.920400762979 0.870633196616
5895 0.902714393438 0.853903157844
5898 0.963103070624 0.911026521028
5901 1.02580565061 0.970338670522
5904 1.03536986676 0.979385733948
5907 1.02825301951 0.972653706207
5910 1.03059687524 0.974870825842
5913 1.02096467354 0.965759452956
5916 0.988174264581 0.934742074747
5919 1.02258916112 0.967296101854
5922 1.02507560848 0.969648102955
5925 1.04277830231 0.986393583338
5928 1.02425345873 0.968870408182
5931 1.01570735783 0.960786408858
5934 1.01564903144 0.960731236272
5937 1.03659506454 0.980544683292
5940 1.03198178748 0.976180853623
5943 1.00202924459 0.947847893448
5946 1.03261625102 0.976781010693
5949 0.981918634282 0.928824696554
5952 1.01057658111 0.95593306158
5955 1.02182287682 0.966571251789
5958 0.997781277959 0.943829621285
5961 1.03786509404 0.981746040232
5964 1.03670959387 0.980653019834
5967 1.01186561424 0.957152394592
5970 1.03504947491 0.97908266621
5973 1.04087208464 0.984590437956
5976 0.987335162864 0.933948344625
5979 1.0068254045 0.952384717195
5982 1.02477545697 0.969364181125
5985 0.97248119566 0.919897555588
5988 1.01011440704 0.955495878011
5991 1.00275543718 0.948534819627
5994 1.02850118171 0.972888449875
5997 0.99407007481 0.940319088927
6000 1.0155430149 0.960630952215
6003 0.992142892132 0.938496112151
6006 0.991408925992 0.937801832754
6009 0.958312153064 0.906494656173
6012 0.988154152147 0.934723049825
6015 0.990340928206 0.936791583346
6018 0.9870690248 0.933696597079
6021 0.956009240935 0.904316266248
6024 0.976429047813 0.923631940954
6027 0.988799988902 0.935333965136
6030 1.01569317859 0.960772996314
6033 1.025856237 0.970386521628
6036 1.02590159984 0.970429431623
6039 1.01641202863 0.961452976959
6042 1.00030616339 0.946217982054
6045 1.02407944356 0.968705802296
6048 1.02644943562 0.970947645034
6051 1.02229542183 0.967018245519
6054 1.00468455023 0.950359622393
6057 0.997165420176 0.943247063934
6060 1.02410894855 0.968733711901
6063 0.99147952059 0.937868610187
6066 0.962230470089 0.910201103423
6069 1.02355691097 0.968211523897
6072 1.02938115754 0.973720843979
6075 1.02834586689 0.972741533177
6078 0.983036175968 0.929881810943
6081 0.978739122729 0.925817106362
6084 0.980081870588 0.92708724966
6087 0.989842504115 0.936320109855
6090 0.965691362868 0.9134748601
6093 0.975684796407 0.922927932432
6096 1.00160949182 0.947450837393
6099 1.00200371819 0.947823747309
6102 0.926562380207 0.876461645178
6105 0.99486839901 0.941074246439
6108 0.976957657327 0.924131967692
6111 0.992658821065 0.938984143968
6114 1.01379795765 0.958980253049
6117 0.989052690056 0.935573002328
6120 0.970986359751 0.918483547889
6123 0.954364186598 0.902760162676
6126 0.985045416417 0.931782408493
6129 0.975122049808 0.922395614457
6132 1.00823644842 0.953719463672
6135 0.968918916784 0.916527894925
6138 0.88745064942 0.839464749293
6141 0.975286361646 0.922551041687
6144 1.00367759222 0.949407112247
6147 0.998001366435 0.944037809219
6150 0.978925772451 0.92599366363
6153 1.00024199047 0.94615727907
6156 0.978923048781 0.925991087233
6159 0.994166949293 0.940410725249
6162 0.870150900031 0.823100425493
6165 0.95965160193 0.90776167886
6168 0.971204882187 0.918690254461
6171 0.949268777212 0.897940270363
6174 0.987139444696 0.933763209256
6177 0.976386231111 0.923591439421
6180 0.995603560538 0.941769656587
6183 1.01932662829 0.964209979482
6186 1.00176093314 0.947594090042
6189 0.97599510084 0.9232214582
6192 0.933110798951 0.882655980269
6195 1.01453152661 0.959674156745
6198 1.01005926901 0.955443721388
6201 0.983558397544 0.930375795148
6204 1.01800730036 0.96296198976
6207 1.02084296853 0.965644328733
6210 1.01361640936 0.958808521376
6213 0.960791536653 0.908839975458
6216 0.943683847911 0.892657327273
6219 0.957045659509 0.905296643984
6222 0.982651037356 0.929517497402
6225 0.987603177508 0.934201867281
6228 0.990226269579 0.936683124497
6231 0.900826993264 0.852117812468
6234 0.989726071124 0.936209972586
6237 0.992161337205 0.938513559869
6240 0.952083901897 0.900603176677
6243 0.926049142019 0.875976158614
6246 0.928587489458 0.878377253478
6249 0.990592366432 0.937029425898
6252 0.921161355602 0.871352662759
6255 0.920061970297 0.870312723006
6258 0.88639204269 0.838463383151
6261 0.95091200141 0.899494642756
6264 0.97805825473 0.925173054003
6267 0.980325541197 0.927317744603
6270 0.960431205798 0.908499128279
6273 0.987642878276 0.934239421364
6276 0.945737575219 0.894600006206
6279 0.924905880391 0.874894715002
6282 0.936296077082 0.88566902523
6285 0.97718743229 0.924349318349
6288 0.991170466068 0.937576266746
6291 0.950083860103 0.898711280396
6294 0.959467254751 0.907587299633
6297 0.926801481938 0.87668781829
6300 0.93405374747 0.883547942027
6303 0.921860102303 0.872013627089
6306 0.960950443705 0.908990290147
6309 0.976173218947 0.923389945171
6312 0.940326823855 0.889481822969
6315 0.900925192689 0.85221070209
6318 0.895622367952 0.847194609712
6321 0.948631136377 0.897337107805
6324 0.964133097617 0.912000852786
6327 0.965250436492 0.91305777533
6330 0.961067851237 0.909101349264
6333 0.982174783867 0.929066995714
6336 0.90496750173 0.856034436906
6339 0.939794728871 0.888978499226
6342 0.966919920343 0.914636987474
6345 0.946561589106 0.895379464321
6348 0.973964105636 0.92130028221
6351 0.987079586763 0.93370658794
6354 0.959929310592 0.908024371363
6357 0.964329387652 0.9121865291
6360 0.929727885318 0.879455986279
6363 0.920002814858 0.870256766197
6366 0.956694836595 0.904964790636
6369 0.979020791626 0.926083544963
6372 0.986689142083 0.933337255238
6375 0.987645828034 0.934242211623
6378 0.975042310869 0.922320187132
6381 0.967014679028 0.914726622402
6384 0.982379822791 0.929260947849
6387 0.99429851594 0.940535177873
6390 0.987990572816 0.934568315495
6393 0.91771953904 0.868096950817
6396 0.981922189963 0.928828059973
6399 0.930259622545 0.879958971609
6402 0.969262945665 0.916853321606
6405 0.982058606381 0.928957100134
6408 0.93183256974 0.88144686699
6411 0.946195142548 0.895032832125
6414 0.959747386535 0.907852284236
6417 0.968782628064 0.916398975559
6420 0.923305628467 0.873380991302
6423 0.971480274438 0.918950755805
6426 0.979457458614 0.926496600658
6429 0.970821159924 0.918327280685
6432 0.931445340417 0.881080575787
6435 0.983003619991 0.92985101532
6438 0.940743550832 0.88987601684
6441 0.979088115881 0.926147228886
6444 0.984755570854 0.931508235351
6447 0.98657206253 0.933226506367
6450 0.862009789541 0.81539951809
6453 0.96980991507 0.917370715485
6456 0.928852502422 0.87862793676
6459 0.984848419778 0.931596063782
6462 0.908597627512 0.859468275882
6465 0.95715335009 0.90539851156
6468 0.960174868345 0.908256651409
6471 0.935103047948 0.884540505122
6474 0.963962589741 0.911839564548
6477 0.966334527234 0.914083247523
6480 0.964780956665 0.912613681041
6483 0.91970650995 0.869976482978
6486 0.969637172769 0.917207313642
6489 0.96647222843 0.914213502991
6492 0.928962065387 0.878731575477
6495 0.820347774199 0.775990235684
6498 0.883098137658 0.835347584921
6501 0.93522779023 0.884658502386
6504 0.960188751751 0.908269784117
6507 0.968213368528 0.915860496811
6510 0.965169156629 0.912980890402
6513 0.965639528265 0.913425828278
6516 0.931491034091 0.881123798729
6519 0.926470423704 0.876374660912
6522 0.957761769166 0.905974032427
6525 0.958025119559 0.906223143036
6528 0.942361308042 0.891406299286
6531 0.946219518354 0.895055889891
6534 0.936393318054 0.885761008225
6537 0.961873628355 0.909863556702
6540 0.965815043915 0.913591853512
6543 0.951896341539 0.900425758013
6546 0.909235479411 0.860071638092
6549 0.954062045991 0.902474359303
6552 0.944522438255 0.893450573674
6555 0.907983017233 0.858886898581
6558 0.929560875448 0.879298006904
6561 0.804459021769 0.760960613942
6564 0.718014190533 0.67918999534
6567 0.943676859132 0.89265071639
6570 0.92210038695 0.872240919154
6573 0.903063419452 0.854233311454
6576 0.928355071223 0.878157402475
6579 0.957913429407 0.906117492152
6582 0.933549265511 0.883070738229
6585 0.938412337728 0.887670856221
6588 0.950713312936 0.899306697691
6591 0.942215648886 0.891268516158
6594 0.882130346818 0.834432124107
6597 0.936385473005 0.885753587371
6600 0.947218983924 0.896001312732
6603 0.953934771966 0.902353967191
6606 0.934647161152 0.884109268867
6609 0.895527066285 0.847104461161
6612 0.955104506738 0.903460452501
6615 0.953342614125 0.901793828288
6618 0.947316518562 0.896093573514
6621 0.960180587924 0.908262061721
6624 0.932363418454 0.881949011851
6627 0.941220048428 0.890326749436
6630 0.943134798569 0.892137965923
6633 0.888682252085 0.840629757198
6636 0.936738566647 0.886087588665
6639 0.940356428598 0.889509826935
6642 0.937524904248 0.886831407712
6645 0.923801974471 0.87385049907
6648 0.93653457517 0.885894627338
6651 0.955386245877 0.903726957547
6654 0.952442697663 0.900942571773
6657 0.950925984474 0.899507869733
6660 0.948939798862 0.897629080408
6663 0.900372697063 0.851688080801
6666 0.931713391593 0.881334133
6669 0.938570191084 0.88782017419
6672 0.949145997169 0.897824129237
6675 0.948628132695 0.897334266538
6678 0.884457864433 0.836633789059
6681 0.941236352198 0.890342171635
6684 0.948378116953 0.897097769553
6687 0.950173355065 0.89879593622
6690 0.951371862817 0.899929638709
6693 0.961265397588 0.909288213961
6696 0.916541296407 0.866982417679
6699 0.927828047695 0.877658875966
6702 0.932792230612 0.882354637438
6705 0.912262009297 0.862934518584
6708 0.930662976629 0.880340515681
6711 0.92232937782 0.872457528115
6714 0.912719820562 0.863367575249
6717 0.881828597282 0.834146690659
6720 0.929812223075 0.879535763756
6723 0.934537736058 0.884005760566
6726 0.916496210974 0.866939770089
6729 0.920204853188 0.870447879986
6732 0.930078950427 0.879788068726
6735 0.932168007699 0.881764167274
6738 0.912378930888 0.863045118034
6741 0.916474526676 0.866919258296
6744 0.910583321666 0.861346600324
6747 0.920914267332 0.871118934953
6750 0.899673975607 0.851027140351
6753 0.914262251778 0.8648266047
6756 0.926625915045 0.876521744584
6759 0.939223802249 0.888438443536
6762 0.935177678569 0.884611100344
6765 0.923650122086 0.873706857591
6768 0.892116530262 0.843878338369
6771 0.883701607565 0.835918424229
6774 0.928402775473 0.878202527278
6777 0.938130324372 0.887404091786
6780 0.9404418854 0.889590662949
6783 0.90373196313 0.854865705888
6786 0.908933557894 0.859786041963
6789 0.93252480382 0.882101670848
6792 0.930088907506 0.87979748741
6795 0.909927866669 0.860726586845
6798 0.910084552606 0.860874800518
6801 0.928862479107 0.878637373989
6804 0.92338824403 0.873459139707
6807 0.917218566249 0.867623066439
6810 0.915592248076 0.866084685935
6813 0.92787350197 0.877701872454
6816 0.922081976987 0.872223504648
6819 0.928831452201 0.878608024758
6822 0.936003831718 0.885392582049
6825 0.940682712594 0.889818468225
6828 0.920148405428 0.870394484448
6831 0.942484593625 0.891522918618
6834 0.939756148474 0.888942004934
6837 0.928297453112 0.878102899868
6840 0.886251105733 0.838330066885
6843 0.878943565278 0.831417657028
6846 0.92360059886 0.873660012166
6849 0.920020256644 0.870273264877
6852 0.919494421061 0.86977586208
6855 0.881507343409 0.833842807505
6858 0.892378329011 0.844125981234
6861 0.881869675798 0.834185547992
6864 0.911496429714 0.862210335134
6867 0.912622729837 0.863275734377
6870 0.913974347562 0.864554267933
6873 0.887671026808 0.839673210517
6876 0.89603980782 0.847589477927
6879 0.90855028319 0.859423491545
6882 0.880033330198 0.832448496587
6885 0.899528416469 0.850889451832
6888 0.909093443564 0.859937282354
6891 0.916220938413 0.866679381963
6894 0.902270306866 0.853483083756
6897 0.904678824371 0.855761368802
6900 0.902552046234 0.853749589018
6903 0.909222993993 0.86005982778
6906 0.900365992979 0.851681739218
6909 0.911132131166 0.861865734802
6912 0.893324656967 0.845021139698
6915 0.867473175472 0.820567489857
6918 0.894520778294 0.846152584798
6921 0.911442386991 0.862159214589
6924 0.885742417389 0.837848884146
6927 0.894664173013 0.846288225932
6930 0.906027698618 0.857037307224
6933 0.884245953499 0.836433336494
6936 0.900505795614 0.851813982497
6939 0.907879276099 0.858788766899
6942 0.910624798466 0.861385834405
6945 0.861263234706 0.814693330688
6948 0.901654089184 0.852900185966
6951 0.882986990599 0.835242447765
6954 0.888922097807 0.840856634072
6957 0.900825423767 0.852116327836
6960 0.90003015378 0.85136405939
6963 0.895143524937 0.846741658517
6966 0.886681352578 0.838737049582
6969 0.899407273541 0.8507748593
6972 0.890508520237 0.842357276061
6975 0.880899981608 0.833268286745
6978 0.816204688609 0.772071173471
6981 0.869273909526 0.822270855292
6984 0.908090595196 0.858988659628
6987 0.902478860399 0.85368036046
6990 0.897727341206 0.849185763638
6993 0.909800634425 0.860606234255
6996 0.905502172066 0.856540196747
6999 0.879205446483 0.831665377891
7002 0.898036780258 0.849478470818
7005 0.87889922692 0.831375716118
7008 0.888472201459 0.840431064352
7011 0.891970845931 0.843740531426
7014 0.889375946775 0.841285942688
7017 0.824713101873 0.78011952299
7020 0.902117523462 0.853338561599
7023 0.866180421019 0.81934463674
7026 0.88665497238 0.838712095805
7029 0.89056533647 0.842411020148
7032 0.891674396206 0.84346011122
7035 0.888340847898 0.840306813291
7038 0.864320068164 0.81758487619
7041 0.91339197687 0.864003386972
7044 0.904859099863 0.855931896505
7047 0.908422981066 0.859303072853
7050 0.91460123732 0.865147260743
7053 0.863329675318 0.816648035496
7056 0.907913359782 0.858821007621
7059 0.888056613621 0.840037948024
7062 0.884546255077 0.836717400276
7065 0.884864520996 0.837018457039
7068 0.85831098531 0.811900714219
7071 0.898207384691 0.849639850392
7074 0.901417341064 0.852676239202
7077 0.889942996338 0.841822330959
7080 0.907441994417 0.858375129748
7083 0.880203242765 0.832609221705
7086 0.859400092567 0.812930931676
7089 0.884056538672 0.836254163634
7092 0.877934698902 0.830463341698
7095 0.883575214329 0.835798865281
7098 0.88933551479 0.841247696927
7101 0.893709875468 0.845385528807
7104 0.893083680815 0.844793193518
7107 0.880083483794 0.832495938296
7110 0.872629800647 0.825445287921
7113 0.872548947667 0.825368806792
7116 0.888018697035 0.840002081649
7119 0.879650550705 0.832086414603
7122 0.849061853061 0.803151697596
7125 0.888901090335 0.840836762509
7128 0.873051943885 0.825844605187
7131 0.841899539421 0.796376661904
7134 0.879311253779 0.831765464014
7137 0.88204938296 0.834355538097
7140 0.869697093991 0.822671157484
7143 0.87409409218 0.826830402829
7146 0.860936780569 0.814384528458
7149 0.822469450882 0.777997189857
7152 0.865636266843 0.818829905865
7155 0.855428797119 0.809174370633
7158 0.865625761913 0.818819968954
7161 0.860547951254 0.814016723776
7164 0.837777957068 0.792477940213
7167 0.871665310756 0.824532949567
7170 0.883647018768 0.835866787138
7173 0.894520680308 0.846152492111
7176 0.861408353058 0.814830602255
7179 0.872878016428 0.825680082271
7182 0.824018698471 0.779462667109
7185 0.86478807378 0.818027575981
7188 0.807500819102 0.763837936346
7191 0.845056475045 0.799362896884
7194 0.833809902243 0.788724444567
7197 0.854341424894 0.808145794393
7200 0.865354320535 0.818563204852
7203 0.846980869665 0.801183236357
7206 0.844521135716 0.798856504223
7209 0.824476743666 0.779895945056
7212 0.866772914572 0.819905093202
7215 0.83899176747 0.793626117913
7218 0.86149792282 0.814915328835
7221 0.849669342942 0.803726339511
7224 0.844547907473 0.798881828388
7227 0.862909783948 0.816250848335
7230 0.864351652092 0.817614752324
7233 0.879729731379 0.832161313849
7236 0.857663514728 0.811288253425
7239 0.870498415473 0.82342915021
7242 0.8724166411 0.825243654257
7245 0.852761768926 0.806651552992
7248 0.875611276071 0.828265550119
7251 0.841185647998 0.795701371752
7254 0.850115978403 0.804148824666
7257 0.872924659784 0.825724203545
7260 0.851809402321 0.805750682398
7263 0.833449451356 0.788383483846
7266 0.859488349001 0.813014415941
7269 0.869453192621 0.822440444257
7272 0.849253447425 0.803332932141
7275 0.850657040165 0.804660630338
7278 0.858835907148 0.81239725268
7281 0.849015610236 0.803107955195
7284 0.823320895331 0.77880259532
7287 0.848486687942 0.802607632591
7290 0.798725544991 0.755537155579
7293 0.799177440896 0.755964616738
7296 0.86092750433 0.8143757538
7299 0.847677490856 0.801842190107
7302 0.851612354966 0.805564289714
7305 0.85677709945 0.810449768063
7308 0.827595720489 0.782846273729
7311 0.826169063024 0.781496757953
7314 0.854795163078 0.808574998215
7317 0.840478444274 0.795032407684
7320 0.838954578138 0.793590939468
7323 0.842516184425 0.79695996391
7326 0.809142681191 0.765391020281
7329 0.841913097373 0.796389486756
7332 0.843509712829 0.797899770617
7335 0.843811188248 0.79818494477
7338 0.854431301389 0.808230811119
7341 0.85415302715 0.807967583621
7344 0.820776254475 0.776395547334
7347 0.848167674532 0.802305868755
7350 0.837035756857 0.791775871975
7353 0.8210790269 0.776681948362
7356 0.794555025061 0.751592142446
7359 0.841513138053 0.796011153887
7362 0.813521333339 0.769532911585
7365 0.825938954584 0.78127909185
7368 0.845674399534 0.799947409191
7371 0.843674956157 0.79805607897
7374 0.845491834958 0.799774716179
7377 0.838728345786 0.793376939867
7380 0.854561548564 0.808354015617
7383 0.831836489159 0.786857737138
7386 0.798419101362 0.755247281856
7389 0.795533832347 0.75251802403
7392 0.836254504792 0.79103686348
7395 0.84700833844 0.80120921985
7398 0.840815361392 0.795351107145
