Wave Flux FluxNorm
3600 0.461062772794 0.444323181695
3603 0.363882286412 0.350670981917
3606 0.367114333709 0.35378568478
3609 0.295925896273 0.285181852747
3612 0.352932822767 0.340119055343
3615 0.386829096361 0.372784672737
3618 0.31702792137 0.305517736458
3621 0.357133707818 0.344167420819
3624 0.403266266279 0.388625065991
3627 0.481903321177 0.464407082005
3630 0.396407324169 0.382015148294
3633 0.330981585763 0.318964791665
3636 0.353940224063 0.341089881389
3639 0.437004034363 0.421137932661
3642 0.42611569395 0.410644910147
3645 0.35226675211 0.339477167402
3648 0.334168726987 0.322036218838
3651 0.382684594027 0.368790642917
3654 0.43339352095 0.417658504475
3657 0.461847068913 0.44507900274
3660 0.462665061729 0.445867297072
3663 0.432605708457 0.416899294723
3666 0.453411490565 0.436949691002
3669 0.400301406216 0.38576784972
3672 0.455901522857 0.439349318852
3675 0.472619196947 0.455460032145
3678 0.414865875291 0.399803533408
3681 0.408378724893 0.393551908955
3684 0.444063382708 0.427940980538
3687 0.35502049485 0.342130931288
3690 0.44826945483 0.431994344761
3693 0.456241587616 0.439677037039
3696 0.470775538222 0.453683310277
3699 0.51451856947 0.495838183687
3702 0.51074891005 0.492205387533
3705 0.350153366742 0.337440511731
3708 0.369738897989 0.356314960228
3711 0.430907231314 0.415262483397
3714 0.556010688497 0.535823867696
3717 0.515938032337 0.497206110777
3720 0.290724117126 0.28016893217
3723 0.348567556068 0.335912276346
3726 0.482505721255 0.464987611024
3729 0.422635968601 0.407291521563
3732 0.394232926395 0.379919695367
3735 0.225797417177 0.21759949564
3738 0.309209722681 0.297983389463
3741 0.448683312639 0.432393176827
3744 0.365171218154 0.351913117015
3747 0.306583294233 0.295452317528
3750 0.250857604533 0.241749834459
3753 0.444193281069 0.42806616274
3756 0.508711750272 0.490242189965
3759 0.291570894821 0.280984966301
3762 0.392719737983 0.37846144558
3765 0.429896997731 0.414288927894
3768 0.405371037224 0.390653419999
3771 0.445355436242 0.429186124086
3774 0.500854737533 0.482670438125
3777 0.462304739129 0.445520056537
3780 0.500565029716 0.482391248595
3783 0.512249075411 0.493651087091
3786 0.449075727504 0.432771344468
3789 0.378700729393 0.364951418598
3792 0.426381301064 0.410900873986
3795 0.376757390096 0.363078635215
3798 0.334000969975 0.321874552502
3801 0.444300676595 0.428169659106
3804 0.523862921925 0.504843275094
3807 0.438810093341 0.422878419898
3810 0.486473817833 0.46881163977
3813 0.423613039925 0.408233118814
3816 0.344467578682 0.331961154927
3819 0.365179935099 0.351921517477
3822 0.32691249501 0.315043435492
3825 0.264807960729 0.255193701578
3828 0.301834377425 0.290875817428
3831 0.344113613216 0.33162004072
3834 0.25991413891 0.250477557466
3837 0.335075983498 0.32291053601
3840 0.268849511803 0.259088517942
3843 0.399933469852 0.38541327185
3846 0.406314016289 0.391562162762
3849 0.368851461308 0.355459743296
3852 0.374444757265 0.360849966066
3855 0.368708290865 0.355321770876
3858 0.333451512823 0.321345044235
3861 0.281006324311 0.270803958727
3864 0.413251829764 0.398248088279
3867 0.384102817494 0.370157375605
3870 0.321741953377 0.310060618303
3873 0.283112609367 0.272833771873
3876 0.396914134263 0.38250355787
3879 0.311611033551 0.300297517059
3882 0.285700752286 0.275327948295
3885 0.405081776259 0.390374661097
3888 0.378449337574 0.364709153945
3891 0.429298909153 0.413712553839
3894 0.454951705676 0.438433986241
3897 0.470400176703 0.453321576834
3900 0.440207709487 0.424225293447
3903 0.454185259918 0.437695367471
3906 0.390267561841 0.376098299454
3909 0.466057043856 0.449136128086
3912 0.50860703796 0.490141279395
3915 0.449618418111 0.43329433186
3918 0.441970642015 0.425924220005
3921 0.341418439983 0.329022719885
3924 0.368882052943 0.355489224256
3927 0.270598309533 0.260773822888
3930 0.135074663613 0.130170570786
3933 0.0676673305981 0.0652105643792
3936 0.0955709744445 0.0921011236399
3939 0.210105961083 0.202477741926
3942 0.294388149748 0.283699936468
3945 0.356977663179 0.34401704162
3948 0.416219997483 0.401108492116
3951 0.478924198744 0.461536121182
3954 0.491105304305 0.473274973023
3957 0.449749728441 0.433420874767
3960 0.4786217825 0.461244684622
3963 0.285463301776 0.275099118789
3966 0.149462220589 0.14403576544
3969 0.0813933351428 0.0784382252772
3972 0.189996032815 0.183097935446
3975 0.357701689167 0.344714780734
3978 0.489328484362 0.471562663252
3981 0.568373909124 0.547738222637
3984 0.563314657125 0.542862654541
3987 0.621679581202 0.599108550535
3990 0.626040600964 0.603311236786
3993 0.681268185112 0.656533698789
3996 0.614755063794 0.592435438352
3999 0.629790092951 0.606924597716
4002 0.722633521814 0.696397203499
4005 0.618517451119 0.596061226434
4008 0.693108480452 0.667944114047
4011 0.741996966332 0.715057628467
4014 0.726753090145 0.700367204584
4017 0.740969594117 0.714067556576
4020 0.731079074734 0.704536127668
4023 0.721150523015 0.694968047247
4026 0.755653922401 0.7282187478
4029 0.80283460415 0.773686462537
4032 0.648618028157 0.625068955857
4035 0.716349508594 0.690341341017
4038 0.853482468229 0.822495478231
4041 0.759246187927 0.731680590616
4044 0.723280158645 0.697020363189
4047 0.674860082281 0.650358251959
4050 0.787695703967 0.759097203343
4053 0.766990085014 0.739143333643
4056 0.742251261938 0.71530269148
4059 0.736224365637 0.709494610893
4062 0.792235329368 0.763472010682
4065 0.677257103362 0.652668245513
4068 0.758630030171 0.731086803413
4071 0.775822543065 0.747655115758
4074 0.786082988463 0.75754303995
4077 0.590639426768 0.569195356514
4080 0.7435200087 0.716525374446
4083 0.775246206606 0.747099704078
4086 0.763543455222 0.735821839031
4089 0.916714795283 0.883432058672
4092 0.845525584435 0.814827481307
4095 0.848663205469 0.817851186198
4098 0.78483948005 0.756344679016
4101 0.627277523118 0.604503250584
4104 0.741717629465 0.714788433353
4107 0.822843920911 0.792969310365
4110 0.753114177521 0.725771212253
4113 0.806437396282 0.777158449775
4116 0.838436090464 0.807995382288
4119 0.74027295924 0.713396214096
4122 0.789779668742 0.761105506581
4125 0.827975315453 0.797914401757
4128 0.771385673248 0.743379333304
4131 0.757191454485 0.729700457424
4134 0.676309631802 0.651755173362
4137 0.824918793652 0.794968851669
4140 0.861349085725 0.830076486115
4143 0.622234796963 0.599643608336
4146 0.780218240892 0.751891221033
4149 0.783234887987 0.754798344129
4152 0.788983654372 0.760338392733
4155 0.760401914554 0.732794356815
4158 0.824312885075 0.794384941532
4161 0.846270339599 0.815545196992
4164 0.851320201938 0.820411716335
4167 0.821135954295 0.791323354096
4170 0.827519385516 0.797475025056
4173 0.644420103647 0.621023443435
4176 0.76660190055 0.738769242811
4179 0.763422268866 0.735705052532
4182 0.78477035818 0.756278066722
4185 0.819212135424 0.78946938242
4188 0.752234135893 0.724923121886
4191 0.779976018179 0.751657792587
4194 0.865803186827 0.834368874245
4197 0.731372186446 0.704818597509
4200 0.715682535652 0.689698583551
4203 0.730861409842 0.704326365433
4206 0.746919354829 0.719801302099
4209 0.853480911135 0.82249397767
4212 0.825773004697 0.795792049271
4215 0.76008505441 0.732489000765
4218 0.818234565386 0.788527304562
4221 0.890924506311 0.858578125696
4224 0.726578257767 0.700198719764
4227 0.503169973652 0.484901616046
4230 0.82830554072 0.79823263769
4233 0.779126369443 0.750838991652
4236 0.731100850819 0.704557113139
4239 0.751606223748 0.724318007054
4242 0.813367903483 0.783837334282
4245 0.847586814622 0.816813875371
4248 0.706831777977 0.681169166208
4251 0.738035542596 0.711240030295
4254 0.765741030967 0.737939628419
4257 0.811550514898 0.782085928777
4260 0.696779709463 0.671482053458
4263 0.815537316625 0.785927983554
4266 0.870383856298 0.838783235485
4269 0.775308525356 0.74715976025
4272 0.634425562589 0.611391769519
4275 0.662778755954 0.638715556714
4278 0.839215606277 0.808746596584
4281 0.687938121153 0.662961472572
4284 0.779501568555 0.751200568585
4287 0.661370063769 0.637358009258
4290 0.589088123556 0.567700375744
4293 0.739612994861 0.712760210736
4296 0.687468439412 0.662508843347
4299 0.520600234866 0.501699044893
4302 0.523596960027 0.504586969351
4305 0.534135427297 0.514742821404
4308 0.469974457552 0.452911314069
4311 0.486761363373 0.469088745528
4314 0.631676966104 0.608742965045
4317 0.944997599876 0.910688012667
4320 0.930308554429 0.896532275544
4323 0.752637093421 0.725311449423
4326 0.642253160548 0.618935174529
4329 0.895261550807 0.86275770714
4332 0.891270771908 0.85891181959
4335 0.931933993099 0.89809870017
4338 0.727883277751 0.701456358996
4341 0.629900924669 0.607031405518
4344 0.840786620678 0.810260572898
4347 0.868280256946 0.836756010534
4350 0.894397870878 0.861925384436
4353 0.743248988946 0.716264194479
4356 0.852711292348 0.821752301074
4359 0.803671457021 0.774492932181
4362 0.908020560349 0.875053481272
4365 0.926127055673 0.892502592513
4368 0.813399708309 0.783867984386
4371 0.837921147614 0.807499135228
4374 0.753550542004 0.726191733854
4377 0.832797626449 0.802561631357
4380 0.872161508405 0.840496347206
4383 0.685025040046 0.660154155343
4386 0.756159511479 0.728705980691
4389 0.811165399032 0.781714795134
4392 0.833784174448 0.803512361217
4395 0.804564292144 0.775353351555
4398 0.904172188812 0.871344830766
4401 0.80084980723 0.771773726713
4404 0.830272967737 0.800128634251
4407 0.832998541587 0.802755251963
4410 0.859812616675 0.82859580093
4413 0.977329351209 0.941845910181
4416 0.831661753934 0.801466998436
4419 0.946632347965 0.91226340872
4422 0.907324273918 0.874382474587
4425 0.942891344878 0.908658228487
4428 0.906595322381 0.873679988755
4431 0.900613014048 0.867914877301
4434 0.869082750839 0.837529368655
4437 0.9275903695 0.893912778488
4440 0.991631813427 0.955629099572
4443 0.822510637937 0.79264812774
4446 0.947225589884 0.912835112081
4449 0.95959881327 0.924759106615
4452 0.940608194952 0.906457971821
4455 0.850498664275 0.819620005857
4458 0.90314317074 0.870353172773
4461 0.848266794124 0.817469167174
4464 0.941298853266 0.907123554726
4467 0.94786939321 0.913455541139
4470 0.907501425674 0.874553194578
4473 1.01995783133 0.982926697954
4476 1.04752328366 1.00949134425
4479 1.0363257949 0.998700397498
4482 0.94254818683 0.908327529319
4485 1.05410742199 1.01583643535
4488 1.01862163332 0.981639012663
4491 0.998329161071 0.962083289738
4494 0.998907424279 0.962640558214
4497 0.968263651772 0.933109354866
4500 1.0548865929 1.01658731726
4503 1.08747544245 1.04799297864
4506 1.10865109654 1.06839981813
4509 1.0928095336 1.05313340743
4512 1.07833868011 1.03918794048
4515 1.0362343049 0.998612229189
4518 0.997748052474 0.96152327918
4521 1.05963401705 1.0211623789
4524 0.980470313795 0.944872835303
4527 0.930296880597 0.896521025548
4530 0.920502270416 0.887082023711
4533 0.956141400419 0.92142722044
4536 0.895120880722 0.862622144298
4539 1.06213155532 1.02356924021
4542 1.02630227958 0.989040801277
4545 0.961768980244 0.926850482348
4548 0.981586228988 0.945948235483
4551 0.978338065996 0.94281800203
4554 0.927386335279 0.893716152042
4557 1.01975144291 0.982727802781
4560 1.05583332218 1.01749967409
4563 0.996391876631 0.960216341381
4566 0.996780965818 0.960591304088
4569 1.06988112741 1.0310374522
4572 0.961762883398 0.926844606858
4575 1.04717261402 1.00915340621
4578 1.02509300759 0.987875433762
4581 0.944988815435 0.910679547159
4584 0.979927185884 0.944349426483
4587 1.00796290825 0.971367268949
4590 1.04379671899 1.00590007823
4593 0.974080575883 0.938715086626
4596 1.01415730324 0.977336766934
4599 1.03228244207 0.994803844794
4602 0.980645450862 0.94504161375
4605 1.02809369788 0.99076717939
4608 1.04706107949 1.00904592112
4611 1.061086165 1.02256180439
4614 1.02472295845 0.987518819819
4617 1.02774068296 0.990426981218
4620 1.03239959885 0.994916748018
4623 1.06682705872 1.02809426616
4626 1.03638511145 0.998757560467
4629 1.01972322274 0.982700607183
4632 1.05587879552 1.01754349645
4635 1.03586776327 0.998258995413
4638 0.996678837987 0.960492884165
4641 1.03783416658 1.00015400544
4644 1.03762616282 0.999953553571
4647 0.961291157375 0.926390007572
4650 1.02379755456 0.986627014137
4653 1.00609287455 0.969565129691
4656 0.947629221163 0.913224088907
4659 1.06143514236 1.02289811159
4662 1.03449353568 0.99693466126
4665 1.02382457217 0.986653050838
4668 0.895202678748 0.862700972521
4671 0.987120520701 0.951281596248
4674 0.996552206502 0.96037085023
4677 1.03232436829 0.994844248819
4680 0.954066073682 0.919427241623
4683 0.964063540802 0.929061735367
4686 1.00525879482 0.96876133251
4689 1.00030220843 0.963984702586
4692 0.979967461069 0.944388239416
4695 1.045215525 1.00726737231
4698 1.00178688463 0.965415475341
4701 0.99271750221 0.956675370758
4704 0.966666967732 0.931570640888
4707 0.956596948407 0.92186622906
4710 0.943899513382 0.909629793887
4713 1.03165549243 0.994199657526
4716 0.99808448154 0.961847493673
4719 1.04079589382 1.00300820262
4722 1.02866599217 0.991318695655
4725 1.05446410096 1.01618016454
4728 0.976391282336 0.940941899337
4731 1.00542204669 0.968918657263
4734 1.01735191505 0.98041539346
4737 1.00703255318 0.970470691848
4740 1.03210251293 0.994630448262
4743 1.04361899931 1.00572881094
4746 1.04433034956 1.00641433452
4749 1.06850698371 1.02971319889
4752 1.06618446506 1.02747500285
4755 1.04420621286 1.0062947048
4758 1.03256970479 0.995080678005
4761 1.03913895647 1.00141142292
4764 0.972280880836 0.936980732268
4767 1.02195914208 0.984855348048
4770 1.06698668417 1.02824809616
4773 1.03052001423 0.993105404604
4776 1.08905784315 1.04951792786
4779 1.06632837374 1.0276136867
4782 1.05101314744 1.01285450318
4785 1.04231332667 1.00447054275
4788 1.00307067423 0.966652654987
4791 1.0331492756 0.995639206604
4794 1.07315742713 1.03419480083
4797 1.07199144698 1.03307115338
4800 1.02212224403 0.985012528326
4803 1.08067285969 1.04143737408
4806 1.04021876143 1.00245202391
4809 1.05720153361 1.0188182105
4812 1.06294304555 1.02435126804
4815 1.07973450733 1.04053309005
4818 1.0849450093 1.04555441675
4821 1.07891149121 1.0397399548
4824 1.00894484052 0.972313550662
4827 1.06754498403 1.02878612609
4830 1.05067162558 1.01252538079
4833 1.03917946831 1.00145046392
4836 1.06440001254 1.02575533761
4839 1.03602376013 0.998409328563
4842 1.03326969667 0.995755255604
4845 1.06407513435 1.02544225463
4848 1.04140074475 1.00359109351
4851 1.05727766632 1.0188915791
4854 1.04406596708 1.00615955086
4857 1.02192400618 0.98482148781
4860 0.877891228242 0.846018040776
4863 0.878052467987 0.846173426466
4866 0.998485545393 0.962233996288
4869 1.02841536891 0.991077171655
4872 0.940193371029 0.906058208716
4875 1.00837839016 0.971767666155
4878 1.01084134714 0.974141201699
4881 1.02348935317 0.98633000247
4884 1.00769312408 0.971107279706
4887 0.994485209422 0.958378898649
4890 0.965724673536 0.930662558129
4893 1.03487541061 0.997302671635
4896 1.10126206571 1.0612790574
4899 1.06297396918 1.02438106895
4902 1.0402079436 1.00244159884
4905 1.04169698539 1.00387657868
4908 1.0520053177 1.01381065117
4911 0.981659673453 0.946019013435
4914 1.03572780408 0.998124117651
4917 1.05614950405 1.01780437649
4920 0.907322704704 0.874380962346
4923 0.984533921599 0.948788907593
4926 1.01548491173 0.978616174556
4929 1.05675274 1.01838571103
4932 1.05895167667 1.02050481193
4935 0.978042415572 0.942533085648
4938 0.955132063935 0.920454529465
4941 1.01516600156 0.978308842912
4944 1.05382654776 1.01556575869
4947 1.03249662479 0.99501025128
4950 1.05917393715 1.0207190029
4953 1.05715856061 1.0187767977
4956 1.02719474419 0.989900863589
4959 0.979451631856 0.943891138174
4962 1.05097333277 1.01281613405
4965 1.02385363649 0.986681059933
4968 1.00727456703 0.970703919017
4971 1.01390597513 0.977094563674
4974 1.04857586565 1.01050571065
4977 1.02978301232 0.992395160672
4980 1.00331972835 0.966892666822
4983 0.91060734689 0.87754635056
4986 0.964195528159 0.92918893072
4989 1.00715705559 0.970590674011
4992 0.987267253616 0.951423001799
4995 0.995348393987 0.959210743974
4998 0.991182217524 0.955195826938
5001 0.954064239519 0.919425474052
5004 0.983619228283 0.94790742362
5007 0.924740036682 0.891165931374
5010 0.998064643978 0.961828376344
5013 0.890216415066 0.85789574279
5016 0.932068624798 0.898228443859
5019 0.945652045002 0.911318697159
5022 0.958410348992 0.923613791355
5025 0.974483663488 0.939103539517
5028 0.960979402791 0.926089571716
5031 0.996513359083 0.960333413226
5034 1.01934019265 0.982331483588
5037 0.926815480282 0.893166022811
5040 0.852623170432 0.821667378559
5043 0.926675410495 0.893031038472
5046 1.02636271513 0.989099042618
5049 0.956337146772 0.921615859922
5052 0.951300719898 0.916762288249
5055 1.03215253221 0.994678651511
5058 1.03376015943 0.996227911356
5061 1.01352881155 0.97673109359
5064 0.95903628274 0.924216999619
5067 0.976139773063 0.940699521493
5070 0.996760874325 0.960571942048
5073 0.966598887459 0.931505032374
5076 0.980600772565 0.944998557567
5079 0.901249398852 0.868528157178
5082 0.933926267478 0.900018641972
5085 0.981656574054 0.946016026564
5088 0.984675564136 0.948925407581
5091 0.996032675205 0.959870181313
5094 1.02596293907 0.988713781046
5097 0.976135101937 0.94069501996
5100 0.940771463769 0.906615312913
5103 0.994500006545 0.95839315854
5106 0.955327577843 0.920642944941
5109 0.930024385054 0.896258423374
5112 0.975110192592 0.939707321521
5115 0.992504886767 0.956470474645
5118 1.02304415954 0.985900972287
5121 0.986000062998 0.95020181848
5124 0.89671924039 0.864162473067
5127 0.929107431487 0.895374761212
5130 0.929338816277 0.895597745222
5133 0.962802909584 0.927846873298
5136 0.98278262301 0.947101192585
5139 0.90637085949 0.873463675332
5142 0.907365033366 0.874421754202
5145 0.943610673663 0.909351440938
5148 0.931301218536 0.897488899458
5151 0.910215301644 0.877168539118
5154 0.927971434442 0.894280008282
5157 0.998165923061 0.961925978334
5160 1.0080345986 0.97143635647
5163 0.982235119003 0.946573566551
5166 0.846749754589 0.816007206086
5169 0.797216786601 0.76827260847
5172 0.770985365613 0.742993559452
5175 0.937676680885 0.903632890868
5178 1.00032234357 0.964004106689
5181 0.964612545242 0.929590807358
5184 0.738480909236 0.711669227216
5187 0.967851955155 0.932712605526
5190 0.964123489972 0.92911950799
5193 0.868450693392 0.836920259024
5196 0.927636133779 0.893956881224
5199 0.961576707903 0.92666519075
5202 0.96167931038 0.926764068087
5205 0.878526392218 0.84663014415
5208 0.892733954256 0.860321878858
5211 0.929890158936 0.896129070541
5214 1.00285911298 0.966448774798
5217 0.935115865562 0.901165049873
5220 0.995868288012 0.959711762449
5223 0.996152607174 0.959985758968
5226 0.84630073529 0.815574489122
5229 0.951960666203 0.917398274192
5232 0.98397929564 0.94825441818
5235 0.950728605243 0.916210945095
5238 1.01158284694 0.97485578021
5241 1.00293632444 0.966523182972
5244 1.00971149354 0.97305236917
5247 0.935844622775 0.901867348438
5250 0.914138413353 0.88094921624
5253 0.952753924363 0.918162731898
5256 0.963455710381 0.928475973161
5259 1.02641561417 0.989150021077
5262 0.919420817497 0.8860398346
5265 0.847043148627 0.816289948004
5268 0.922574074905 0.889078608162
5271 0.868067654862 0.836551127294
5274 0.938346288039 0.904278186907
5277 0.983250286971 0.947551877288
5280 1.01004931508 0.97337792558
5283 0.941214805829 0.90704255876
5286 1.02221344501 0.985100418117
5289 1.0232865633 0.986134575205
5292 1.02536037978 0.988133098598
5295 1.00614072936 0.96961124706
5298 0.901628253733 0.868893257151
5301 0.965534951728 0.930479724462
5304 1.00984789262 0.973183816073
5307 1.00166545214 0.965298451647
5310 1.04197216716 1.00414176956
5313 1.03213738967 0.99466405875
5316 0.997661219388 0.961439598702
5319 1.00880137374 0.972175292666
5322 0.995512616549 0.959369004185
5325 0.974819869887 0.939427539427
5328 0.837836464299 0.807417526471
5331 0.982257483565 0.946595119133
5334 0.992812374787 0.956766798841
5337 0.989909603929 0.953969417531
5340 0.953562757016 0.918942198641
5343 1.00088537061 0.964546692172
5346 0.984874493016 0.949117114042
5349 0.964822939803 0.929793563222
5352 1.01698198545 0.980058894717
5355 1.02887468676 0.991519813265
5358 1.0406409991 1.0028589316
5361 1.02870166979 0.991353077949
5364 0.993479190202 0.9574094045
5367 0.987558740695 0.951703905992
5370 0.943909680318 0.909639591697
5373 0.985491598131 0.949711814209
5376 1.04292888027 1.00506374773
5379 1.02241602476 0.985295642895
5382 0.995013441019 0.958887951988
5385 1.01524176873 0.97838185924
5388 1.0277296199 0.990416319818
5391 0.993996791124 0.957908213126
5394 0.959331779818 0.924501768222
5397 0.91653545192 0.883259226645
5400 0.999441691811 0.963155428343
5403 0.991145250891 0.955160202436
5406 0.909279161158 0.876266386648
5409 0.96846440067 0.933302815267
5412 0.995266783026 0.959132096025
5415 0.995742204157 0.959590256262
5418 1.0141470014 0.977326839116
5421 1.00850688096 0.971891491896
5424 0.980851012065 0.945239711738
5427 1.01692876784 0.980007609262
5430 0.927732957973 0.894050190068
5433 0.966549886035 0.931457810022
5436 0.951732377455 0.917178273817
5439 1.03581334896 0.9982065567
5442 1.03868095499 1.00097004989
5445 0.985779841691 0.949989592645
5448 0.960100368679 0.925242452286
5451 1.04001382529 1.00225452829
5454 0.998712067472 0.962452294135
5457 0.987699252399 0.951839316204
5460 1.02573546231 0.988494563178
5463 0.978197770376 0.942682800058
5466 1.01958213524 0.982564642086
5469 1.03165365287 0.994197884752
5472 1.01786568693 0.98091051206
5475 0.985045798729 0.949282200239
5478 0.95917036351 0.92434621238
5481 0.987206552115 0.95136450416
5484 0.995374733613 0.959236127301
5487 1.01692420798 0.98000321495
5490 1.00554059044 0.969032897104
5493 1.01697052939 0.980047854587
5496 1.02074036864 0.983680824045
5499 1.01245249032 0.97569384986
5502 0.981302884153 0.945675177917
5505 1.01463543804 0.977797542311
5508 0.988222758005 0.952343815135
5511 1.00487264646 0.968389203857
5514 0.962083280813 0.927153371753
5517 1.02682889506 0.989548297171
5520 1.04221829741 1.00437896367
5523 1.03128400477 0.993841657293
5526 1.00353154835 0.967096796367
5529 0.962132354164 0.927200663421
5532 1.0258583933 0.988613030973
5535 0.993713691756 0.957635392116
5538 1.02609567566 0.988841698427
5541 1.04051102681 1.00273367814
5544 1.01361492501 0.976814080569
5547 1.02529219713 0.988067391415
5550 1.03767435909 1.0
5553 1.02581374199 0.988570000792
5556 1.02370193177 0.986534863087
5559 1.03515483886 0.997571954815
5562 1.02120108518 0.98412481356
5565 1.00259035057 0.966189770214
5568 0.998362167953 0.962115098255
5571 1.00213302639 0.965749049894
5574 0.999420355451 0.963134866633
5577 1.00641484522 0.96987541072
5580 1.01709690993 0.980169646693
5583 1.01185927551 0.975122172626
5586 0.98986778998 0.953929121702
5589 0.929015280131 0.895285955552
5592 0.986923726269 0.951091946739
5595 0.975279686869 0.939870662048
5598 0.981681716953 0.946040256611
5601 0.977745300097 0.942246757406
5604 0.980980745408 0.945364734913
5607 1.03962820708 1.00188291054
5610 1.03717911613 0.99952273759
5613 1.03762272385 0.999950239451
5616 0.94857726328 0.914137710901
5619 1.01856422113 0.981583684904
5622 1.02598629377 0.988736287814
5625 0.975394346344 0.939981158635
5628 1.01689642076 0.97997643659
5631 1.04057326321 1.00279365496
5634 1.0243483101 0.987157773659
5637 1.01060504193 0.97391347592
5640 1.00795027432 0.971355093713
5643 1.00869412071 0.972071933619
5646 1.02246265252 0.985340577766
5649 1.02067626025 0.983619043211
5652 1.02899479273 0.991635558603
5655 1.01033302772 0.973651337597
5658 0.93022281685 0.896449650799
5661 0.99451585285 0.95840842952
5664 0.998097385429 0.961859929067
5667 0.998985677188 0.96271597003
5670 0.999931440827 0.96362739627
5673 1.02615091451 0.988894931747
5676 1.01449298869 0.977660264801
5679 1.01366821179 0.976865432699
5682 1.0032376095 0.966813529423
5685 0.985136902972 0.949369996802
5688 0.981462928412 0.945829411524
5691 1.00605467082 0.969528313004
5694 1.01025119323 0.97357247423
5697 1.01254128576 0.975779421443
5700 0.988745674161 0.952847746018
5703 0.975894098216 0.940462766249
5706 0.981647556651 0.946007336551
5709 0.921334768455 0.887884296633
5712 0.935015311172 0.901068146265
5715 0.997575339647 0.961356836957
5718 0.99915523376 0.962879370591
5721 1.01830882667 0.981337562931
5724 1.01555444277 0.978683181163
5727 0.98771038595 0.951850045534
5730 1.00697321079 0.970413503977
5733 1.00348231036 0.967049346042
5736 1.01639805184 0.979496161716
5739 1.00349769604 0.967064173117
5742 0.99793445883 0.961702917767
5745 1.01125453958 0.974539392552
5748 0.993904280673 0.957819061409
5751 1.00069806795 0.964366189815
5754 0.957522877014 0.922758540409
5757 1.00788470945 0.971291909275
5760 1.00420999518 0.967750611143
5763 0.975075029842 0.939673435408
5766 1.01178094262 0.975046683731
5769 1.01138628653 0.97466635623
5772 1.00425547824 0.967794442872
5775 0.994986433394 0.958861924916
5778 1.00220093404 0.965814492055
5781 0.973460061894 0.938117101349
5784 0.980370328686 0.944776480306
5787 0.994135215138 0.958041611445
5790 0.996938524881 0.960743142728
5793 0.999914813422 0.963611372548
5796 1.01142366575 0.974702378344
5799 1.00109887417 0.964752444151
5802 1.0195955983 0.982577616348
5805 0.997057378601 0.960857681281
5808 1.00737710983 0.970802738844
5811 1.01737222456 0.980434965602
5814 1.01968707151 0.982665768479
5817 1.00993106887 0.973263972483
5820 1.02430689679 0.987117863924
5823 1.02144657262 0.984361388204
5826 1.02608137967 0.988827921478
5829 1.03083334972 0.99340736397
5832 1.02762833751 0.990318714643
5835 1.02727870471 0.989981775794
5838 1.02469464504 0.987491534377
5841 1.0310967495 0.993661200611
5844 1.03029666819 0.992890167485
5847 1.01501274254 0.97816114819
5850 1.02967651827 0.992292533054
5853 0.98619822254 0.950392783535
5856 0.996881186054 0.960687885675
5859 0.991935368039 0.955921633169
5862 1.00952375795 0.972871449612
5865 1.01777328733 0.980821467173
5868 1.01230030316 0.975547188081
5871 1.02432542553 0.987135719944
5874 1.02434543276 0.987155000785
5877 1.01147948255 0.97475616863
5880 0.994027056107 0.957937379294
5883 0.974019817239 0.938656533917
5886 0.928328645491 0.894624250236
5889 0.915364171593 0.882130471447
5892 0.912694242106 0.879557477845
5895 0.917362460487 0.884056209397
5898 0.959326872844 0.924497039403
5901 1.01071991468 0.974024178029
5904 0.998618258369 0.962361890915
5907 0.998246968711 0.962004081498
5910 1.00060452231 0.964276040495
5913 0.990116280352 0.95416859025
5916 0.949557863063 0.915082708505
5919 0.976309304983 0.940862898297
5922 0.997844873757 0.961616585218
5925 1.02111290048 0.98403983054
5928 1.00221975807 0.965832632647
5931 1.00614339551 0.969613816415
5934 1.00329562326 0.966869436899
5937 0.971955395234 0.93666706392
5940 0.983370705741 0.947667924071
5943 0.974858088639 0.939464370589
5946 0.996476565161 0.960297955164
5949 0.992856845031 0.956809654525
5952 0.986015548415 0.950216741675
5955 0.984679828334 0.94892951696
5958 0.992650867185 0.95661115502
5961 1.01838526709 0.981411228065
5964 0.983508251729 0.947800476241
5967 0.993334275456 0.957269751106
5970 1.0140781987 0.977260534399
5973 0.994708594238 0.958594173136
5976 0.984167695971 0.948435978348
5979 0.994195577012 0.958099781788
5982 0.99762508879 0.961404779881
5985 0.970066529314 0.934846776173
5988 0.989210160314 0.95329536829
5991 0.992643208548 0.956603774442
5994 1.00197880384 0.965600426627
5997 0.992457375222 0.95642468808
6000 0.998012492509 0.961778118314
6003 0.977916162871 0.942411416745
6006 0.965164306065 0.930122535658
6009 0.964725667689 0.929699822721
6012 0.97996045992 0.944381492455
6015 0.98115554768 0.945533190721
6018 0.984123012767 0.948392917437
6021 0.958660467581 0.923854829006
6024 0.965527892257 0.930472921295
6027 0.977003991457 0.941532363113
6030 0.986029310864 0.950230004457
6033 0.998162304829 0.961922491468
6036 0.996272390495 0.960101193372
6039 0.988555560138 0.952664534377
6042 0.987839685547 0.951974650711
6045 0.993450062819 0.957381334631
6048 0.993016347324 0.956963365842
6051 0.994618342991 0.9585071986
6054 0.990475391642 0.954514663454
6057 0.983927154296 0.948204169908
6060 0.991670276762 0.955666166436
6063 0.973880381607 0.93852216071
6066 0.952982345591 0.918382859942
6069 0.997503263949 0.961287378078
6072 0.998560809527 0.962306527842
6075 0.998393527464 0.962145319211
6078 0.977861913075 0.942359136571
6081 0.979403040644 0.94384431114
6084 0.970386515678 0.935155144942
6087 0.984730140802 0.948978002757
6090 0.969046700342 0.933863973657
6093 0.985366315363 0.949591080025
6096 0.994693474654 0.958579602493
6099 0.99351399443 0.957442945108
6102 0.933310712826 0.899425435976
6105 0.989230283909 0.953314761267
6108 0.963978077837 0.928979375266
6111 0.984299673086 0.948563163831
6114 0.993256804446 0.9571950928
6117 0.986604460959 0.950784272846
6120 0.965069028302 0.9300307171
6123 0.946540853909 0.912175236496
6126 0.965081393115 0.93004263299
6129 0.970641202151 0.935400584632
6132 0.985338383239 0.94956416202
6135 0.951755297678 0.917200361886
6138 0.89553880382 0.863024894058
6141 0.935595275286 0.901627053892
6144 0.977822497112 0.942321151665
6147 0.975454548696 0.940039175249
6150 0.96135495476 0.926451488695
6153 0.977044442054 0.94157134509
6156 0.974076614904 0.938711269456
6159 0.971494712925 0.936223107388
6162 0.883413904036 0.851340207356
6165 0.951890082923 0.917330253546
6168 0.939394929007 0.905288755357
6171 0.946886506871 0.912508339996
6174 0.957180161626 0.922428267829
6177 0.968843803346 0.933668443147
6180 0.964166990213 0.929161428887
6183 0.985648712301 0.949863224108
6186 0.978871380095 0.943331953343
6189 0.962275408233 0.927338523693
6192 0.908549913536 0.875563615479
6195 0.984350393541 0.948612042802
6198 0.970604634181 0.935365344318
6201 0.955842346864 0.921139024483
6204 0.981502113301 0.945867173745
6207 0.983440931727 0.947735600394
6210 0.981189118939 0.945565543123
6213 0.934698655846 0.900762987596
6216 0.945391615667 0.91106772311
6219 0.932148065298 0.898305000149
6222 0.963867901785 0.928873199324
6225 0.967329238516 0.932208866916
6228 0.965579111124 0.930522280584
6231 0.896399465684 0.863854308272
6234 0.962946432433 0.92798518533
6237 0.965298694413 0.930252044832
6240 0.944439959264 0.910150618053
6243 0.92184340797 0.88837446921
6246 0.91022023596 0.877173294286
6249 0.965566222972 0.930509860356
6252 0.91116157703 0.878080458525
6255 0.906325178865 0.873419653213
6258 0.887780227944 0.855548005178
6261 0.933920259676 0.900012852292
6264 0.939126715447 0.905030279702
6267 0.95601599201 0.921306365176
6270 0.941732555926 0.907541511145
6273 0.873675372989 0.841955248614
6276 0.878672047964 0.846770511641
6279 0.895870018187 0.863344083178
6282 0.925928904792 0.892311635804
6285 0.936275469388 0.902282552504
6288 0.941559586049 0.907374821205
6291 0.926556208318 0.892916164114
6294 0.935905192383 0.901925718973
6297 0.907993266724 0.875027178584
6300 0.909429938807 0.876411690084
6303 0.902326334729 0.869565993246
6306 0.945145888082 0.910830917043
6309 0.954570550525 0.919913402661
6312 0.935122248848 0.901171201404
6315 0.908377539735 0.875397499974
6318 0.907591068425 0.874639582711
6321 0.934274577404 0.900354305972
6324 0.9516020132 0.917052642636
6327 0.944159297659 0.909880146297
6330 0.952618905624 0.918032615222
6333 0.966461042927 0.9313721925
6336 0.90207316194 0.869322012283
6339 0.950865101653 0.916342485793
6342 0.963556484179 0.928573088212
6345 0.945104983416 0.910791497483
6348 0.968507229709 0.933344089332
6351 0.968960387168 0.933780794215
6354 0.94544474957 0.911118927906
6357 0.946022083584 0.911675300923
6360 0.943768742584 0.909503770924
6363 0.946134755946 0.911783882542
6366 0.960998552495 0.926108026161
6369 0.967813079754 0.932675141556
6372 0.97171180969 0.936432322122
6375 0.974589459071 0.939205494029
6378 0.970000746563 0.934783381766
6381 0.964743203029 0.929716721413
6384 0.967632092735 0.932500725548
6387 0.973694357891 0.93834289087
6390 0.964764496253 0.929737241554
6393 0.918280568616 0.884940984203
6396 0.969238764329 0.934049064466
6399 0.920665387481 0.887239218561
6402 0.958537296225 0.923736129575
6405 0.968678414235 0.933509058741
6408 0.939189594431 0.905090875767
6411 0.937603492143 0.903562359356
6414 0.963046815744 0.928081924071
6417 0.962660548952 0.927709681287
6420 0.928043069513 0.894349042532
6423 0.95799230381 0.923210923945
6426 0.971623828959 0.936347535667
6429 0.953078151556 0.918475187525
6432 0.930818647956 0.897023849343
6435 0.966193158895 0.931114034409
6438 0.930550534524 0.89676547018
6441 0.959061475805 0.924241278011
6444 0.968158662737 0.933008177619
6447 0.966122821176 0.931046250408
6450 0.88522700501 0.853087480918
6453 0.960071116086 0.925214261753
6456 0.91882796703 0.885468508478
6459 0.952392695828 0.917814618319
6462 0.884618468209 0.852501037979
6465 0.937045256584 0.903024391394
6468 0.94284175447 0.908610438535
6471 0.899068664086 0.866426597333
6474 0.937080199716 0.903058065863
6477 0.935307145573 0.90134938517
6480 0.922417503972 0.888927721776
6483 0.913555249536 0.880387225079
6486 0.943230929264 0.908985483741
6489 0.938677816085 0.904597678319
6492 0.906956612133 0.874028161328
6495 0.835351859875 0.805023129421
6498 0.875045438718 0.843275572006
6501 0.933133423875 0.899254583772
6504 0.948469793785 0.914034143251
6507 0.953392407319 0.91877803375
6510 0.936181639759 0.902192129503
6513 0.913449769744 0.880285574893
6516 0.921924664082 0.888452775194
6519 0.919211142128 0.885837771817
6522 0.94892555769 0.914473359948
6525 0.953289301186 0.918678671044
6528 0.931228620343 0.897418937054
6531 0.940264117657 0.90612638678
6534 0.940366643027 0.906225189809
6537 0.947520499563 0.913119314612
6540 0.9336878925 0.899788921563
6543 0.943104201321 0.908863356851
6546 0.896466593261 0.863918998679
6549 0.926651908679 0.893008389926
6552 0.932605872776 0.898746186225
6555 0.915940477673 0.882685853851
6558 0.924799367488 0.891223108084
6561 0.80155146312 0.772449907909
6564 0.724655715731 0.698345978565
6567 0.928350797762 0.894645598235
6570 0.914621674251 0.881414931609
6573 0.896114397307 0.863579589739
6576 0.922479106614 0.88898708784
6579 0.938450538005 0.904378651918
6582 0.92666157315 0.893017703514
6585 0.93250033909 0.898644484101
6588 0.934606179873 0.900673869105
6591 0.928324869041 0.894620610896
6594 0.875984387898 0.844180431196
6597 0.928683391947 0.894966117078
6600 0.928283825443 0.894581057449
6603 0.933917802428 0.900010484259
6606 0.918803342312 0.885444777799
6609 0.890679700044 0.858342207496
6612 0.92997239716 0.89620832298
6615 0.930608006963 0.896820855994
6618 0.933827689537 0.899923643055
6621 0.932459827677 0.898605443517
6624 0.918855006707 0.885494566438
6627 0.923917793346 0.890373540844
6630 0.924803577919 0.891227165649
6633 0.911490926259 0.878397850225
6636 0.923394065769 0.889868827999
6639 0.923576089551 0.890044243129
6642 0.913167034992 0.88001310526
6645 0.907755616375 0.874798156495
6648 0.921602724157 0.888142523792
6651 0.92839702431 0.894690146457
6654 0.930625312439 0.896837533168
6657 0.92661139984 0.892969351823
6660 0.929265528118 0.895527117903
6663 0.890254125042 0.857932083647
6666 0.918577007663 0.885226660576
6669 0.921967736824 0.888494284114
6672 0.929119300712 0.895386199507
6675 0.925751350163 0.892140527568
6678 0.874682526103 0.842925835489
6681 0.923395360136 0.889870075372
6684 0.924720064971 0.891146684767
6687 0.924066555081 0.890516901556
6690 0.925151776312 0.891562722165
6693 0.922113816217 0.888635059871
6696 0.91374910748 0.880574044713
6699 0.920015222721 0.88661265903
6702 0.918299681059 0.884959402739
6705 0.908452722437 0.875469953053
6708 0.916677854082 0.883396458679
6711 0.908648625534 0.875658743587
6714 0.911656625418 0.878557533422
6717 0.883257065349 0.851189062938
6720 0.913021971106 0.87987330814
6723 0.917057244754 0.88376207499
6726 0.914459785162 0.881258920153
6729 0.91753888773 0.884226231179
6732 0.912427987401 0.879300889925
6735 0.915251363284 0.882021758816
6738 0.906419366696 0.87351042141
6741 0.903848314197 0.871032714915
6744 0.904833554593 0.871982184648
6747 0.912550907513 0.879419347234
6750 0.883537540373 0.851459354886
6753 0.906097033724 0.873199791231
6756 0.91064707894 0.877584640077
6759 0.911827652101 0.878722350719
6762 0.914216767161 0.881024725293
6765 0.909957821818 0.876920407492
6768 0.876088528892 0.844280791191
6771 0.896038120289 0.863506082076
6774 0.904716640788 0.871869515578
6777 0.90901252798 0.876009433996
6780 0.913591992687 0.880422634214
6783 0.906152742687 0.873253477595
6786 0.898290626755 0.86567680784
6789 0.900179989423 0.867497574299
6792 0.899188119603 0.866541715833
6795 0.899969096598 0.867294338261
6798 0.903028954037 0.870243102883
6801 0.903342973683 0.870545721563
6804 0.899072943283 0.866430721167
6807 0.890107145868 0.857790440778
6810 0.896040812438 0.863508676482
6813 0.900724902113 0.868022703097
6816 0.896708455967 0.864152080189
6819 0.903575212179 0.870769528285
6822 0.902875163507 0.870094895954
6825 0.902684870192 0.86991151153
6828 0.893138815988 0.860712041464
6831 0.897853656715 0.865255702667
6834 0.901135925847 0.868418803985
6837 0.898941976132 0.866304508979
6840 0.877379425975 0.845524820275
6843 0.877479378361 0.845621143737
6846 0.894095644673 0.861634131016
6849 0.895964308214 0.863434949862
6852 0.896573783537 0.864022297248
6855 0.877946740082 0.846071537174
6858 0.891334100276 0.858972848724
6861 0.882540316636 0.850498336886
6864 0.834999215126 0.80468328798
6867 0.838515111348 0.808071534198
6870 0.859587299357 0.828378664102
6873 0.851089127954 0.820189031846
6876 0.880449760956 0.848483682036
6879 0.889361299631 0.857071673632
6882 0.884750377452 0.852628158054
6885 0.902422784649 0.869658941404
6888 0.914718784204 0.881508515837
6891 0.889788063558 0.85748294324
6894 0.882484602347 0.85044464539
6897 0.878048160287 0.846169275163
6900 0.860046518338 0.828821210434
6903 0.871596762108 0.83995210489
6906 0.881962223626 0.849941232429
6909 0.883564732924 0.85148556017
6912 0.874488989468 0.842739325499
6915 0.850214088211 0.819345761763
6918 0.873227044764 0.841523197633
6921 0.88555790128 0.853406363491
6924 0.866671455272 0.835205618872
6927 0.878153747821 0.84627102918
6930 0.875812853397 0.844015124518
6933 0.868258842051 0.836735373139
6936 0.865907538074 0.83446943686
6939 0.879882249221 0.847936774685
6942 0.872433416396 0.84075838316
6945 0.842237147693 0.811658436305
6948 0.875909884128 0.844108632399
6951 0.863157149312 0.83181890518
6954 0.865383612818 0.833964533514
6957 0.870666799924 0.839055906409
6960 0.874657798528 0.842902005687
6963 0.881702055457 0.849690510065
6966 0.869213217733 0.837655098748
6969 0.876505433433 0.844682559373
6972 0.869751813383 0.838174139857
6975 0.869587224301 0.838015526435
6978 0.834264741636 0.803975480676
6981 0.860668712904 0.829420815273
6984 0.870500243353 0.83889539693
6987 0.868221430928 0.836699320285
6990 0.871544373463 0.839901618294
6993 0.874262541463 0.842521099036
6996 0.875938719413 0.844136420775
6999 0.861772180938 0.830484220207
7002 0.862444458492 0.831132089694
7005 0.857316528546 0.826190337109
7008 0.871010415039 0.83938704605
7011 0.867730958678 0.836226655382
7014 0.85473595197 0.823703452323
7017 0.823780812581 0.793872186746
7020 0.864445505526 0.833060485646
7023 0.847425067907 0.816658001118
7026 0.864559573928 0.83317041262
7029 0.858617800094 0.827444363997
7032 0.862097061471 0.830797305454
7035 0.850371352938 0.819497316753
7038 0.841206166334 0.810664886305
7041 0.869494233463 0.837925911772
7044 0.870710167972 0.839097699913
7047 0.86626948515 0.834818242892
7050 0.872606388361 0.840925075113
7053 0.844078047961 0.813432499865
7056 0.863356427722 0.832010948482
7059 0.859684596439 0.828472428665
7062 0.854673093677 0.823642876197
7065 0.860226838023 0.828994983337
7068 0.843104880228 0.812494664479
7071 0.863052272346 0.831717835933
7074 0.857102238416 0.82598382711
7077 0.862278274526 0.830971939291
7080 0.868139999025 0.836620844892
7083 0.852662590029 0.821705366967
7086 0.840715599466 0.81019213022
7089 0.855205931165 0.824156368202
7092 0.852630468731 0.821674411882
7095 0.855853636059 0.824780557177
7098 0.858732521098 0.827554919879
7101 0.856504339649 0.825407635975
7104 0.856362927612 0.825271358119
7107 0.85578301385 0.824712499016
7110 0.848194716499 0.817399706438
7113 0.845965440228 0.815251367462
7116 0.856319494002 0.825229501433
7119 0.852807318279 0.821844840636
7122 0.829233797296 0.799127192487
7125 0.851222654083 0.820317710104
7128 0.851239558329 0.820334000615
7131 0.827870838644 0.797813718139
7134 0.844184191552 0.81353478975
7137 0.851924455144 0.820994031201
7140 0.845312728671 0.814622353598
7143 0.841723762703 0.811163690544
7146 0.831572147602 0.801380645399
7149 0.808629970876 0.779271419586
7152 0.83340583925 0.803147762059
7155 0.83008818848 0.799950563689
7158 0.836277192539 0.805914866463
7161 0.843220098124 0.812605699213
7164 0.816853596644 0.787196474008
7167 0.852596874194 0.821642037047
7170 0.877493810596 0.845635051987
7173 0.893211934147 0.860782504957
7176 0.872906109601 0.841213914513
7179 0.833642938138 0.803376252708
7182 0.825473110003 0.795503042714
7185 0.840974441329 0.810441574432
7188 0.800883581061 0.771806274333
7191 0.819966081929 0.79019595574
7194 0.820552388118 0.790760975184
7197 0.820692711921 0.790896204316
7200 0.833692019642 0.803423552233
7203 0.821483123047 0.791657918354
7206 0.820562937449 0.790771141505
7209 0.805534155976 0.776288002994
7212 0.823024046685 0.793142896396
7215 0.819513057896 0.789759379439
7218 0.82885989786 0.798766868043
7221 0.833211737811 0.802960707771
7224 0.812226907488 0.782737763897
7227 0.830642027947 0.800484295164
7230 0.822031301287 0.792186194142
7233 0.828024492348 0.79796179321
7236 0.818521913209 0.78880421978
7239 0.817137805188 0.787470363924
7242 0.824314897097 0.794386880504
7245 0.801100677999 0.772015489234
7248 0.82335370421 0.793460585199
7251 0.807303647712 0.777993250618
7254 0.826923914559 0.796901173585
7257 0.830885894676 0.800719307938
7260 0.817237464974 0.787566405408
7263 0.818003929684 0.788305042442
7266 0.840887631937 0.810357916788
7269 0.830582634616 0.800427058199
7272 0.815298315327 0.785697659564
7275 0.848725720788 0.817911431801
7278 0.899267207115 0.866617931952
7281 0.825242309287 0.795280621572
7284 0.811413139856 0.781953541347
7287 0.815800212297 0.786181334395
7290 0.78648750765 0.757932872447
7293 0.789373944818 0.760714513087
7296 0.820089074622 0.790314482995
7299 0.814481662566 0.784910656634
7302 0.817085616748 0.787420070265
7305 0.808612370216 0.779254457944
7308 0.815000795083 0.785410941249
7311 0.803317311085 0.774151644056
7314 0.824352970206 0.79442357131
7317 0.827041387107 0.797014381113
7320 0.818012332955 0.788313140619
7323 0.799625392261 0.770593766007
7326 0.786821390907 0.75825463356
7329 0.818521411288 0.788803736083
7332 0.821058041749 0.791248270285
7335 0.833450349276 0.803190656081
7338 0.826166597392 0.79617135198
7341 0.818992376662 0.789257602337
7344 0.812464529541 0.782966758717
7347 0.837014058275 0.806624979158
7350 0.819623350959 0.789865668144
7353 0.816308631167 0.786671294338
7356 0.799888902602 0.770847709202
7359 0.809858728202 0.780455564992
7362 0.818152869332 0.788448574608
7365 0.809482563796 0.780093057812
7368 0.817421694745 0.787743946436
7371 0.823378812983 0.79348478236
7374 0.829936021659 0.799803921518
7377 0.827347156823 0.79730904939
7380 0.82729465859 0.797258457186
7383 0.813372862371 0.78384211313
7386 0.792539606528 0.763765240593
7389 0.797626340601 0.768667292984
7392 0.8109718862 0.781528308082
7395 0.801897843169 0.7727837121
7398 0.812419673263 0.782923531015
