Wave Flux FluxNorm
3600 0.930775593953 0.928837509849
3603 0.914727869573 0.912823200439
3606 0.905383924139 0.903498711201
3609 0.902921095772 0.901041010997
3612 0.90584821175 0.903962032061
3615 0.898842163568 0.896970572047
3618 0.909974302486 0.908079531349
3621 0.907818631457 0.905928348911
3624 0.910583960096 0.908687919514
3627 0.917960971621 0.916049570442
3630 0.898230161636 0.896359844441
3633 0.895550443071 0.893685705652
3636 0.912215025718 0.910315588891
3639 0.912494954306 0.910594934604
3642 0.894336282621 0.892474073358
3645 0.89168532883 0.889828639448
3648 0.888743300014 0.886892736598
3651 0.890760386425 0.888905622982
3654 0.896612389251 0.894745440621
3657 0.89758440149 0.895715428912
3660 0.887449247087 0.88560137818
3663 0.885064325252 0.883221422289
3666 0.884480008388 0.882638322103
3669 0.887972011607 0.886123054187
3672 0.880145530578 0.878312869651
3675 0.873781631462 0.871962221605
3678 0.852940640562 0.851164626334
3681 0.859224248034 0.857435149923
3684 0.851367839957 0.849595100654
3687 0.850152508636 0.848382299926
3690 0.865410420804 0.86360844169
3693 0.880331568034 0.878498519736
3696 0.853713601609 0.851935977903
3699 0.899070622992 0.897198555767
3702 0.879971419644 0.878139121256
3705 0.822275154864 0.820562993074
3708 0.972630241256 0.970605006363
3711 0.801977032288 0.800307135754
3714 0.897693644732 0.895824444686
3717 1.10587100787 1.10356833574
3720 0.877808012017 0.875980218329
3723 0.787180754107 0.785541666751
3726 1.12572886975 1.12338484908
3729 1.21527421034 1.21274373613
3732 0.925971208703 0.924043128409
3735 0.708362908205 0.70688793733
3738 1.06026197392 1.05805427005
3741 1.37786740136 1.37499837156
3744 1.33959451194 1.33680517491
3747 0.99474843337 0.992677143427
3750 0.690030174566 0.688593376565
3753 0.972003272914 0.96997934351
3756 1.35118526411 1.34837179253
3759 1.48812145039 1.48502284687
3762 1.53715959172 1.53395887977
3765 1.33546047867 1.33267974963
3768 0.926401390147 0.924472414118
3771 0.684329027937 0.682904101005
3774 1.02353930014 1.02140806114
3777 1.45539563958 1.45236517856
3780 1.76392079891 1.76024791913
3783 1.89824015216 1.89428758928
3786 1.87748555083 1.8735762037
3789 1.70207117777 1.69852708281
3792 1.39742704045 1.39451728309
3795 0.947233168095 0.94526081562
3798 0.65367923117 0.652318124008
3801 0.957567594141 0.955573723067
3804 1.39327341551 1.39037230693
3807 1.72006203475 1.71648047878
3810 1.95483887462 1.95076846047
3813 2.00462527282 2.00045119219
3816 2.04450860292 2.04025147623
3819 2.05670679823 2.05242427215
3822 1.95170508592 1.94764119702
3825 1.7650525359 1.76137729958
3828 1.48290487474 1.47981713331
3831 1.11746349801 1.1151366877
3834 0.706617130381 0.705145794608
3837 0.713980731595 0.712494063148
3840 1.12503214508 1.12268957515
3843 1.53028864551 1.52710224041
3846 1.81439427654 1.81061629962
3849 1.97127114485 1.96716651501
3852 2.08543255903 2.08109021946
3855 2.10077808267 2.09640379027
3858 2.14421002005 2.13974529258
3861 2.16789527647 2.16338123098
3864 2.17569193865 2.17116165875
3867 2.19737656448 2.19280113232
3870 2.17478410992 2.17025572033
3873 2.07446464841 2.0701451465
3876 1.96098667437 1.95690345911
3879 1.74045234712 1.73682833393
3882 1.47860655756 1.47552776619
3885 1.08394700965 1.08168998822
3888 0.680804099241 0.679386512003
3891 0.767344814517 0.765747030048
3894 1.18468828925 1.18222150182
3897 1.53286394752 1.52967218006
3900 1.7592998336 1.75563657571
3903 1.93765327278 1.93361864292
3906 2.0555617678 2.05128162593
3909 2.19102073217 2.18645853428
3912 2.20598412568 2.20139077064
3915 2.20502376496 2.2004324096
3918 2.25218909535 2.24749953117
3921 2.27094910325 2.26622047651
3924 2.29267000899 2.28789615444
3927 2.26952285424 2.26479719728
3930 2.14732717611 2.14285595803
3933 1.76465911663 1.7609846995
3936 1.97483259704 1.97072055146
3939 2.23509729099 2.23044331579
3942 2.24861155243 2.24392943749
3945 2.21803077745 2.21341233856
3948 2.19505970458 2.19048909664
3951 2.1446617021 2.14019603414
3954 2.07402514034 2.06970655358
3957 1.94574131956 1.94168984856
3960 1.74856163583 1.74492073728
3963 1.45512715137 1.45209724941
3966 1.05305710019 1.05086439849
3969 0.636144861122 0.634820264461
3972 0.771929060136 0.770321730238
3975 1.19758973142 1.19509608027
3978 1.55475051662 1.5515131764
3981 1.8178585552 1.81407336488
3984 1.98889189677 1.98475057657
3987 2.1137587472 2.10935742613
3990 2.19994986394 2.19536907359
3993 2.25614300034 2.25144520324
3996 2.27459256278 2.26985634955
3999 2.29188610152 2.28711387924
4002 2.3062184986 2.30141643305
4005 2.29934943013 2.29456166752
4008 2.28085998757 2.27611072415
4011 2.33638501559 2.33152013657
4014 2.3399651143 2.33509278071
4017 2.37750778855 2.37255728267
4020 2.39498261212 2.38999571973
4023 2.34288127876 2.33800287305
4026 2.30220527837 2.29741156925
4029 2.33432395321 2.32946336578
4032 2.33757702057 2.33270965953
4035 2.36428234219 2.35935937466
4038 2.38523590328 2.38026930573
4041 2.38893500196 2.38396070205
4044 2.34884509649 2.34395427278
4047 2.32783317987 2.32298610769
4050 2.36487996799 2.35995575607
4053 2.33704577363 2.33217951876
4056 2.33624107654 2.33137649723
4059 2.3559878142 2.35108211774
4062 2.31631026109 2.31148718222
4065 2.29092958469 2.2861593541
4068 2.30322766655 2.29843182858
4071 2.26493222507 2.26021612683
4074 2.25940780182 2.25470320667
4077 2.20894855527 2.20434902762
4080 2.19749007394 2.19291440543
4083 2.15753462122 2.15304214894
4086 2.05477115173 2.0504926561
4089 1.93844537812 1.93440909892
4092 1.73756745994 1.73394945373
4095 1.45245916638 1.44943481976
4098 1.07617601156 1.07393517109
4101 0.716774272501 0.715281787273
4104 0.854291951193 0.852513123232
4107 1.25906097264 1.25643932455
4110 1.57868455018 1.57539737393
4113 1.81913575191 1.81534790218
4116 1.98573420482 1.98159945964
4119 2.06744710131 2.0631422115
4122 2.12563286089 2.12120681525
4125 2.17615369859 2.1716224572
4128 2.14681388549 2.14234373619
4131 2.14876000051 2.14428579897
4134 2.2210001321 2.21637551035
4137 2.26898657222 2.26426203192
4140 2.28519089139 2.28043261005
4143 2.25490710104 2.25021187736
4146 2.26301354971 2.25830144658
4149 2.2847884328 2.28003098946
4152 2.28145166279 2.27670116736
4155 2.26851529942 2.26379174041
4158 2.27501003993 2.27027295741
4161 2.26961337067 2.26488752523
4164 2.25963710723 2.25493203461
4167 2.26873010855 2.26400610226
4170 2.2435684705 2.23889685639
4173 2.18104273417 2.17650131272
4176 2.20406663878 2.19947727638
4179 2.18425102238 2.17970292055
4182 2.22463816321 2.22000596627
4185 2.23827805216 2.2336174539
4188 2.22354991559 2.21891998462
4191 2.23866137429 2.23399997787
4194 2.23990158079 2.23523760197
4197 2.2165300792 2.21191476511
4200 2.19041079009 2.18584986223
4203 2.20615525997 2.20156154859
4206 2.22366820732 2.21903803004
4209 2.22654459072 2.22190842416
4212 2.22350245754 2.21887262539
4215 2.19561708928 2.19104532074
4218 2.19727688308 2.19270165847
4221 2.20555389415 2.20096143494
4224 2.17231218171 2.16778893923
4227 2.13923173327 2.13477737172
4230 2.18106713737 2.1765256651
4233 2.12983768867 2.12540288763
4236 2.14804759279 2.14357487464
4239 2.16941293316 2.16489572756
4242 2.1563308777 2.15184091189
4245 2.14096094079 2.13650297864
4248 2.12036043694 2.11594536967
4251 2.12447478311 2.12005114885
4254 2.14133191185 2.13687317726
4257 2.14637396587 2.14190473259
4260 2.11025987116 2.10586583554
4263 2.13638820447 2.13193976378
4266 2.14481569079 2.14034970218
4269 2.11380412437 2.10940270882
4272 2.06750839415 2.06320337673
4275 2.08657050899 2.08222579995
4278 2.1064202575 2.10203421682
4281 2.10730601831 2.10291813328
4284 2.08741035046 2.08306389268
4287 2.07121690598 2.06690416659
4290 2.03552647426 2.03128805038
4293 2.04052181171 2.03627298641
4296 2.02517235787 2.02095549359
4299 1.98982203099 1.98567877404
4302 1.95346253328 1.94939498498
4305 1.98936115409 1.98521885679
4308 1.97581251165 1.97169842567
4311 1.96836889716 1.96427031046
4314 1.90529737319 1.90133011559
4317 1.91069816801 1.90671966473
4320 1.88121932211 1.87730220042
4323 1.81919005281 1.81540209001
4326 1.71342169025 1.70985396097
4329 1.60445575327 1.60111491557
4332 1.42030462807 1.41734723443
4335 1.15794909625 1.15553798583
4338 0.813772474518 0.812078017221
4341 0.661271922579 0.659895005726
4344 0.940153866515 0.938196254738
4347 1.24910742465 1.24650650208
4350 1.44676610352 1.44375361114
4353 1.60418344866 1.60084317796
4356 1.7518072653 1.74815960862
4359 1.82544749822 1.82164650601
4362 1.87800437034 1.8740939429
4365 1.91033601472 1.90635826553
4368 1.90648439508 1.90251466583
4371 1.93156123579 1.92753929092
4374 1.93777301329 1.9337381341
4377 1.95128960727 1.94722658349
4380 1.97015992512 1.9660576091
4383 1.8996308571 1.89567539845
4386 1.88913658816 1.88520298094
4389 1.9390356288 1.93499812056
4392 1.93227653302 1.92825309873
4395 1.91214183878 1.90816032946
4398 1.92902083832 1.92500418313
4401 1.93035862712 1.92633918634
4404 1.93872027885 1.93468342724
4407 1.94584506621 1.94179337919
4410 1.95423042919 1.95016128196
4413 1.93339597311 1.9293702079
4416 1.87558777493 1.87168237939
4419 1.9097940125 1.90581739188
4422 1.95127688416 1.94721388688
4425 1.94935922397 1.94530021968
4428 1.94294578276 1.9389001327
4431 1.94105300925 1.93701130037
4434 1.91911808462 1.91512204919
4437 1.92818155257 1.92416664496
4440 1.93031381329 1.92629446583
4443 1.87281180448 1.86891218913
4446 1.89785234028 1.8939005849
4449 1.90718094266 1.90320976304
4452 1.89585170271 1.89190411312
4455 1.89478037818 1.89083501932
4458 1.90223345219 1.89827257435
4461 1.90212946805 1.89816880673
4464 1.8923445832 1.88840429621
4467 1.85559625684 1.85173248813
4470 1.83597787523 1.83215495641
4473 1.87179780796 1.86790030398
4476 1.88766760356 1.8837370551
4479 1.80661011254 1.802848344
4482 1.73341317775 1.7298038217
4485 1.86445014948 1.86056794498
4488 1.84522017256 1.8413780092
4491 1.83698898172 1.83316395755
4494 1.86759934298 1.86371058115
4497 1.87347253012 1.869571539
4500 1.84753992926 1.84369293565
4503 1.84751531007 1.84366836772
4506 1.85222167318 1.84836493112
4509 1.83567974076 1.83185744272
4512 1.84787747245 1.844029776
4515 1.82774071582 1.82393494862
4518 1.81768107142 1.81389625066
4521 1.79309415943 1.78936053415
4524 1.80814897742 1.80438400462
4527 1.81337245827 1.80959660902
4530 1.80889648597 1.8051299567
4533 1.7800390094 1.77633256787
4536 1.79517928896 1.79144132197
4539 1.81786189058 1.81407669331
4542 1.80408552535 1.80032901358
4545 1.80532439123 1.80156529986
4548 1.7425410179 1.73891265563
4551 1.73029256402 1.72668970578
4554 1.75244778508 1.74879879469
4557 1.73864193305 1.73502168955
4560 1.76979635888 1.76611124486
4563 1.76401970044 1.76034661472
4566 1.76755795206 1.7638774989
4569 1.77489116668 1.77119544413
4572 1.74909916762 1.7454571498
4575 1.75289710349 1.74924717752
4578 1.75341843937 1.74976742787
4581 1.7250574244 1.7214654669
4584 1.69940647993 1.69586793347
4587 1.71999099399 1.71640958594
4590 1.71190208383 1.70833751871
4593 1.72945711582 1.72585599717
4596 1.73903610726 1.735415043
4599 1.74162742418 1.73800096422
4602 1.73811213013 1.73449298979
4605 1.73787785382 1.7342592013
4608 1.7378507322 1.73423213616
4611 1.73171989409 1.72811406384
4614 1.7188091682 1.71523022097
4617 1.69465178469 1.69112313857
4620 1.68132616919 1.67782527
4623 1.70557400183 1.7020226132
4626 1.69831411665 1.69477784474
4629 1.67534747317 1.67185902297
4632 1.67687801459 1.67338637746
4635 1.66823192142 1.6647582874
4638 1.68335457275 1.67984944997
4641 1.68905514991 1.68553815725
4644 1.6864364555 1.68292491554
4647 1.68123197854 1.67773127547
4650 1.67925502117 1.67575843458
4653 1.67594297636 1.67245328619
4656 1.6594035713 1.65594831989
4659 1.6671541286 1.66368273879
4662 1.66351222385 1.6600484173
4665 1.6474913035 1.64406085611
4668 1.636217278 1.63281030567
4671 1.64386431637 1.64044142118
4674 1.65119225309 1.64775409949
4677 1.64758884584 1.64415819534
4680 1.63840511703 1.63499358912
4683 1.64242323582 1.63900334129
4686 1.64343930524 1.64001729502
4689 1.63924563425 1.6358323562
4692 1.63669761636 1.63328964386
4695 1.63430005219 1.63089707195
4698 1.63256339621 1.62916403208
4701 1.61782038842 1.61445172254
4704 1.60255333183 1.5992164554
4707 1.61770012718 1.61433171172
4710 1.6150298237 1.61166696841
4713 1.61213177942 1.60877495851
4716 1.61141725744 1.60806192433
4719 1.61778863366 1.61442003391
4722 1.61027798251 1.60692502162
4725 1.60663265996 1.60328728945
4728 1.59560052051 1.59227812139
4731 1.58252182396 1.57922665763
4734 1.58298306545 1.57968693872
4737 1.57823311815 1.57494688187
4740 1.57727923553 1.57399498545
4743 1.58097379925 1.57768185626
4746 1.57542757705 1.57214718254
4749 1.57138342841 1.56811145474
4752 1.56125478431 1.55800390075
4755 1.55484323387 1.55160570059
4758 1.55445785109 1.55122112027
4761 1.54544432484 1.54222636221
4764 1.52732316755 1.52414293724
4767 1.53362076779 1.53042742447
4770 1.51927657996 1.51611310446
4773 1.51841992421 1.51525823246
4776 1.52119770905 1.51803023332
4779 1.51744166174 1.51428200695
4782 1.51665372806 1.51349571393
4785 1.51567394833 1.51251797432
4788 1.50650828872 1.50337139967
4791 1.50389010628 1.50075866888
4794 1.50623478197 1.50309846242
4797 1.49927958955 1.49615775228
4800 1.48899439462 1.48589397344
4803 1.47578629767 1.47271337871
4806 1.46893689308 1.46587823613
4809 1.47622152345 1.47314769825
4812 1.46802500028 1.46496824209
4815 1.46775918617 1.46470298147
4818 1.45696649049 1.45393275861
4821 1.43572207042 1.43273257419
4824 1.42137056592 1.41841095276
4827 1.42295319048 1.41999028193
4830 1.41923267792 1.41627751632
4833 1.40424417242 1.40132022026
4836 1.37904258678 1.37617110999
4839 1.34895393939 1.34614511393
4842 1.31123213212 1.30850185194
4845 1.26263596838 1.26000687634
4848 1.18514587212 1.18267813189
4851 1.0887653064 1.08649825218
4854 0.957182197662 0.95518912907
4857 0.77946481893 0.777841797886
4860 0.578931292644 0.5777258275
4863 0.596046605155 0.594805502081
4866 0.80932445534 0.807639259819
4869 0.97189079226 0.969867097067
4872 1.0879231258 1.08565782519
4875 1.17340661336 1.17096331691
4878 1.24117271252 1.23858831182
4881 1.29315556864 1.29046292794
4884 1.31637521654 1.3136342273
4887 1.33074152707 1.32797062394
4890 1.34034737625 1.33755647159
4893 1.35558439133 1.35276175978
4896 1.37562265992 1.37275830419
4899 1.37976705742 1.37689407212
4902 1.3840366616 1.38115478602
4905 1.37901544047 1.3761440202
4908 1.38681703933 1.38392937438
4911 1.38094433122 1.37806889457
4914 1.38997618527 1.38708194226
4917 1.38589419604 1.38300845266
4920 1.3599222978 1.35709063375
4923 1.3401043023 1.33731390377
4926 1.37194596754 1.36908926751
4929 1.39677210975 1.39386371611
4932 1.38373424569 1.38085299981
4935 1.37927545777 1.37640349609
4938 1.38417246024 1.38129030189
4941 1.38808595105 1.38519564393
4944 1.39334036227 1.3904391143
4947 1.38754946806 1.38466027803
4950 1.38812352594 1.38523314059
4953 1.3835314088 1.38065058527
4956 1.36933798571 1.36648671608
4959 1.36357896295 1.3607396849
4962 1.38456492771 1.38168195216
4965 1.37976646245 1.37689347839
4968 1.36941283772 1.36656141223
4971 1.3770077338 1.37414049402
4974 1.37908454472 1.37621298057
4977 1.37633085373 1.37346502338
4980 1.36663482404 1.363789183
4983 1.35758328429 1.35475649059
4986 1.36303403058 1.3601958872
4989 1.36373072738 1.36089113332
4992 1.35540406071 1.35258180464
4995 1.36081812879 1.35798459942
4998 1.36188568826 1.35904993599
5001 1.3401647585 1.33737423409
5004 1.33487723121 1.33209771662
5007 1.33469799729 1.33191885591
5010 1.34654787499 1.34374405949
5013 1.34676334303 1.34395907888
5016 1.31713228649 1.31438972087
5019 1.29550274629 1.29280521823
5022 1.32255535201 1.31980149435
5025 1.33961305007 1.33682367444
5028 1.33736390746 1.33457921505
5031 1.33317554494 1.33039957364
5034 1.32626596095 1.32350437696
5037 1.3216648114 1.31891280804
5040 1.31121372944 1.30848348759
5043 1.31556296495 1.31282366701
5046 1.32873236653 1.32596564693
5049 1.32706014322 1.32429690557
5052 1.31284265769 1.31010902404
5055 1.29872348393 1.29601924957
5058 1.30922248396 1.30649638832
5061 1.32566762089 1.32290728278
5064 1.32107293726 1.31832216631
5067 1.31504623444 1.31230801244
5070 1.3129939306 1.31025998197
5073 1.30704186256 1.30432030746
5076 1.30137467083 1.2986649161
5079 1.30491393401 1.30219680974
5082 1.30773853871 1.30501553299
5085 1.30449087131 1.30177462795
5088 1.29835346257 1.29564999868
5091 1.30449712391 1.30178086753
5094 1.29813906141 1.29543604395
5097 1.29316718369 1.29047451879
5100 1.28662559845 1.28394655461
5103 1.28912705474 1.28644280231
5106 1.2898953182 1.28720946607
5109 1.28647483678 1.28379610686
5112 1.28971664313 1.28703116304
5115 1.28955486909 1.28686972585
5118 1.28320334157 1.28053142364
5121 1.27849709779 1.27583497932
5124 1.27415584032 1.27150276133
5127 1.26559847407 1.26296321343
5130 1.26137523093 1.25874876404
5133 1.26405798204 1.26142592905
5136 1.26432989623 1.26169727706
5139 1.25452299582 1.25191079682
5142 1.2568685013 1.25425141843
5145 1.25292975118 1.25032086967
5148 1.2510721442 1.24846713064
5151 1.2505863904 1.2479823883
5154 1.24706805967 1.24447138352
5157 1.24967528525 1.24707318027
5160 1.25118040523 1.24857516625
5163 1.23950853264 1.23692759712
5166 1.20179973143 1.19929731412
5169 1.17598609487 1.17353742736
5172 1.19565941334 1.19316978156
5175 1.22802721341 1.22547018458
5178 1.23646376277 1.23388916716
5181 1.2170942464 1.21455998248
5184 1.19166646717 1.1891851496
5187 1.20680292378 1.2042900887
5190 1.21176064976 1.20923749158
5193 1.21185136912 1.20932802204
5196 1.2002338392 1.19773468243
5199 1.20316100713 1.20065575534
5202 1.21359924544 1.21107225889
5205 1.20835517192 1.20583910471
5208 1.20270056033 1.20019626729
5211 1.20959571082 1.20707706053
5214 1.20167906493 1.19917689888
5217 1.19354676003 1.19106152726
5220 1.20560260214 1.2030922664
5223 1.19340024602 1.19091531833
5226 1.17637166844 1.17392219808
5229 1.171991202 1.16955085276
5232 1.17453447321 1.1720888283
5235 1.15799432399 1.15558311939
5238 1.17222103589 1.16978020808
5241 1.18907609379 1.18660016995
5244 1.17418615222 1.1717412326
5247 1.17448825727 1.17204270859
5250 1.17863949574 1.17618530325
5253 1.17935253217 1.17689685498
5256 1.17058013122 1.16814272014
5259 1.16791323347 1.16548137547
5262 1.15429324317 1.15188974505
5265 1.1413306147 1.13895410769
5268 1.14133438737 1.13895787251
5271 1.13772976394 1.13536075471
5274 1.13569884341 1.13333406302
5277 1.13317862098 1.13081908826
5280 1.15120033484 1.14880327686
5283 1.14127269376 1.13889630736
5286 1.14608049022 1.14369409291
5289 1.15702160016 1.15461242099
5292 1.15339531843 1.15099369
5295 1.14959992561 1.14720620004
5298 1.14768345899 1.14529372393
5301 1.14391111385 1.14152923366
5304 1.13998366483 1.13760996247
5307 1.13982973823 1.13745635638
5310 1.13094449893 1.12858961815
5313 1.12476854492 1.12242652387
5316 1.10295382044 1.10065722255
5319 1.11654598009 1.11422108026
5322 1.12589411894 1.12354975418
5325 1.11570628002 1.11338312864
5328 1.10916477193 1.10685524144
5331 1.11081741512 1.10850444346
5334 1.10918326323 1.10687369423
5337 1.10920388 1.10689426807
5340 1.11006493315 1.10775352832
5343 1.11728272664 1.11495629274
5346 1.11517303348 1.11285099244
5349 1.11559235673 1.11326944257
5352 1.12067420453 1.11834070881
5355 1.11687939672 1.11455380265
5358 1.11501110988 1.112689406
5361 1.0971240432 1.09483958421
5364 1.09205824998 1.08978433912
5367 1.09798930611 1.09570304545
5370 1.09082717276 1.08855582527
5373 1.09772411977 1.09543841129
5376 1.10734577179 1.10504002887
5379 1.09864384954 1.09635622598
5382 1.08838033235 1.08611407974
5385 1.09218145051 1.08990728312
5388 1.09370328207 1.09142594588
5391 1.08774210741 1.08547718373
5394 1.08730188138 1.08503787434
5397 1.08119853217 1.07894723368
5400 1.0810852182 1.07883415566
5403 1.07466429765 1.0724266049
5406 1.07011570596 1.0678874844
5409 1.07804242502 1.07579769826
5412 1.07129830779 1.06906762379
5415 1.06967580876 1.06744850317
5418 1.07697728549 1.07473477658
5421 1.07693433486 1.07469191539
5424 1.06405445313 1.06183885247
5427 1.06468410388 1.06246719214
5430 1.06988502041 1.06765727919
5433 1.06283960913 1.06062653804
5436 1.06152419872 1.05931386661
5439 1.06672420093 1.06450304125
5442 1.06863013344 1.06640500519
5445 1.0607162709 1.05850762108
5448 1.05977802416 1.05757132798
5451 1.06224786745 1.06003602851
5454 1.05317611849 1.05098316897
5457 1.05521098252 1.05301379596
5460 1.05361872835 1.05142485722
5463 1.04616544603 1.0439870943
5466 1.04960076444 1.04741525961
5469 1.04711627162 1.04493594006
5472 1.04676464852 1.04458504912
5475 1.04133698394 1.03916868615
5478 1.03906725446 1.03690368277
5481 1.04575976654 1.04358225953
5484 1.04646706924 1.04428808947
5487 1.04195613562 1.03978654862
5490 1.03320299801 1.03105163702
5493 1.03559890735 1.03344255754
5496 1.03756198871 1.03540155132
5499 1.03271143468 1.03056109723
5502 1.02688079369 1.02474259695
5505 1.02195865643 1.01983070868
5508 1.02258738369 1.02045812679
5511 1.02378289843 1.0216511522
5514 1.02580050385 1.02366455651
5517 1.02609704003 1.02396047524
5520 1.0240560872 1.02192377213
5523 1.01846693681 1.01634625961
5526 1.00870835626 1.00660799861
5529 1.00257308814 1.0004855055
5532 1.00600969077 1.00391495236
5535 1.00525771184 1.00316453922
5538 1.00893069943 1.00682987882
5541 1.00897555929 1.00687464527
5544 1.00550389906 1.00341021382
5547 1.00181723272 0.999731223943
5550 1.00208656959 1.0
5553 1.00223614133 1.0001492603
5556 1.00055807478 0.998474687855
5559 1.00339428452 1.00130499197
5562 1.00129087426 0.999205961488
5565 0.996819958976 0.994744355651
5568 0.992859207379 0.990791851229
5571 0.987883952595 0.985826956045
5574 0.988625811811 0.986567270543
5577 0.989302177314 0.987242227701
5580 0.991106199474 0.989042493481
5583 0.987878425596 0.985821440555
5586 0.981109627488 0.979066736606
5589 0.976115327587 0.974082835961
5592 0.983730106424 0.981681759115
5595 0.980884827839 0.978842405041
5598 0.978531663142 0.976494140161
5601 0.976322965791 0.974290041815
5604 0.978855566914 0.976817369493
5607 0.979630663519 0.977590852173
5610 0.978042278171 0.976005774201
5613 0.973893568044 0.971865702621
5616 0.967372688877 0.965358401391
5619 0.970698243842 0.968677031802
5622 0.968703205633 0.966686147711
5625 0.966618682291 0.964605964816
5628 0.964508346175 0.962500022894
5631 0.964602882253 0.962594362127
5634 0.962194089983 0.960190585504
5637 0.958620568584 0.956624504981
5640 0.958123914775 0.956128885316
5643 0.954200070336 0.952213211203
5646 0.957755643104 0.95576138047
5649 0.950235451736 0.948256847831
5652 0.95318880503 0.95120405158
5655 0.948083885625 0.946109761765
5658 0.945167622573 0.943199571029
5661 0.941726324224 0.939765438237
5664 0.942849530178 0.940886305423
5667 0.939813310916 0.937856408252
5670 0.940864125088 0.938905034393
5673 0.939793047962 0.93783618749
5676 0.93893764517 0.93698256584
5679 0.93548852094 0.933540623462
5682 0.932263407556 0.930322225488
5685 0.930459196354 0.92852177106
5688 0.928396359585 0.926463229582
5691 0.927086382886 0.925155980548
5694 0.928983549951 0.927049197285
5697 0.922935598042 0.921013838572
5700 0.925917581398 0.923989612768
5703 0.924535232672 0.922610142403
5706 0.919021029129 0.917107420671
5709 0.918244500425 0.916332508876
5712 0.917998594918 0.916087115398
5715 0.915869773156 0.913962726322
5718 0.91433269358 0.912428847292
5721 0.910247151439 0.908351812169
5724 0.908950159828 0.907057521186
5727 0.908444431812 0.906552846209
5730 0.909054386161 0.907161530496
5733 0.905315786044 0.903430714985
5736 0.902672535521 0.900792968304
5739 0.90301735098 0.901137065779
5742 0.901122325304 0.899245985974
5745 0.897860293213 0.895990746167
5748 0.895396530694 0.893532113755
5751 0.894946915267 0.893083434529
5754 0.892161590219 0.890303909154
5757 0.895512994366 0.893648334924
5760 0.893198376342 0.891338536455
5763 0.889413325964 0.887561367403
5766 0.889687220539 0.887834691668
5769 0.891100993072 0.889245520409
5772 0.886956341226 0.88510949866
5775 0.887801188749 0.88595258702
5778 0.886433528141 0.88458777419
5781 0.882664162076 0.880826256792
5784 0.880979481078 0.879145083679
5787 0.880503293014 0.878669887145
5790 0.878680956671 0.876851345316
5793 0.87952482309 0.877693454616
5796 0.881084844017 0.879250227228
5799 0.879894688129 0.878062549512
5802 0.879435398889 0.877604216617
5805 0.874210528527 0.87239022561
5808 0.87778483199 0.875957086569
5811 0.877061400111 0.875235161037
5814 0.8731462605 0.871328173628
5817 0.874190214064 0.872369953445
5820 0.873251809991 0.87143350334
5823 0.872831102101 0.871013671459
5826 0.87400823254 0.872188350849
5829 0.873633524253 0.871814422788
5832 0.874458337228 0.872637518316
5835 0.870721572584 0.868908534458
5838 0.86977075296 0.867959694653
5841 0.870275754276 0.868463644443
5844 0.867564656764 0.865758192046
5847 0.866720410088 0.864915703281
5850 0.862758307943 0.860961851124
5853 0.861486713858 0.859692904784
5856 0.85633994034 0.854556848006
5859 0.8579457597 0.856159323688
5862 0.858399107516 0.856611727533
5865 0.858054558595 0.85626789604
5868 0.858336928462 0.85654967795
5871 0.853396133994 0.851619171327
5874 0.849054616468 0.847286693816
5877 0.847582663251 0.845817805537
5880 0.844510395815 0.842751935253
5883 0.844636373244 0.842877650369
5886 0.829615421835 0.827887975958
5889 0.817621582268 0.815919110262
5892 0.812813959591 0.811121498138
5895 0.819740697175 0.818033812696
5898 0.816488697885 0.8147885848
5901 0.828524115301 0.82679894177
5904 0.834988512087 0.833249878228
5907 0.834268861641 0.832531726256
5910 0.829307997165 0.827581191416
5913 0.827104302749 0.825382085587
5916 0.82433427343 0.822617824092
5919 0.818023782411 0.816320472934
5922 0.823932226269 0.822216614084
5925 0.823851615783 0.822136171447
5928 0.823329401662 0.821615044693
5931 0.820291716686 0.81858368486
5934 0.821316686206 0.819606520163
5937 0.822724278939 0.821011181971
5940 0.810593592009 0.808905753859
5943 0.804776510839 0.803100785161
5946 0.806676489739 0.804996807878
5949 0.806887280563 0.805207159788
5952 0.813113241722 0.811420157095
5955 0.806046745835 0.804368375242
5958 0.796139501354 0.794481759872
5961 0.805456935398 0.803779792923
5964 0.808174874498 0.806492072662
5967 0.796735179284 0.795076197466
5970 0.802989243282 0.801317239097
5973 0.802010929913 0.800340962797
5976 0.794540647841 0.792886235532
5979 0.796236746059 0.794578802091
5982 0.798766830127 0.797103617956
5985 0.795517149943 0.793860704337
5988 0.797471132355 0.795810618118
5991 0.793930996222 0.792277853344
5994 0.78919915386 0.787555863742
5997 0.790788915913 0.789142315553
6000 0.79421116079 0.792557434547
6003 0.794632186093 0.79297758318
6006 0.793289623502 0.791637816106
6009 0.782359687346 0.780730638535
6012 0.78373306678 0.782101158284
6015 0.783867776958 0.782235587966
6018 0.783356920555 0.781725795281
6021 0.782104680623 0.780476162794
6024 0.780699481447 0.779073889558
6027 0.776968360453 0.775350537598
6030 0.761585376054 0.759999584032
6033 0.776604924146 0.774987858047
6036 0.77483860378 0.773225215557
6039 0.775806931638 0.774191527138
6042 0.772413412395 0.770805073966
6045 0.769975867355 0.768372604442
6048 0.771114180708 0.769508547572
6051 0.769694674859 0.768091997453
6054 0.767125996528 0.765528667688
6057 0.768512856047 0.766912639453
6060 0.766482490977 0.76488650206
6063 0.766673984902 0.765077597251
6066 0.7660508522 0.764455762052
6069 0.76362878187 0.762038735017
6072 0.767330958191 0.765733202575
6075 0.766376310846 0.76478054302
6078 0.762020716344 0.760434017845
6081 0.758367049075 0.756787958333
6084 0.757758423188 0.756180599742
6087 0.759552784094 0.757971224385
6090 0.762544207443 0.760956418918
6093 0.761065787019 0.759481076898
6096 0.757333084086 0.755756146291
6099 0.754776289279 0.753204675307
6102 0.753363298094 0.751794626287
6105 0.75218275098 0.750616537337
6108 0.756120890889 0.754546477154
6111 0.751759323801 0.75019399183
6114 0.750942544528 0.749378913275
6117 0.748366438435 0.746808171214
6120 0.746732811315 0.745177945672
6123 0.744767533182 0.743216759691
6126 0.743349124932 0.741801304886
6129 0.745919677309 0.744366504794
6132 0.743106976231 0.741559660392
6135 0.741017666029 0.739474700604
6138 0.736268670289 0.734735593341
6141 0.737285476785 0.735750282618
6144 0.735940364978 0.734407971636
6147 0.732573945195 0.731048561496
6150 0.730585308121 0.729064065212
6153 0.731147310067 0.729624896943
6156 0.719664384851 0.718165881759
6159 0.719592176692 0.718093823954
6162 0.727139220644 0.725625153263
6165 0.730355202867 0.728834439088
6168 0.729968997551 0.728449037939
6171 0.731773826145 0.730250108473
6174 0.731700346788 0.730176782117
6177 0.727067773373 0.725553854762
6180 0.727734046401 0.726218740459
6183 0.729884615442 0.728364831532
6186 0.726466280599 0.724953614431
6189 0.724016335934 0.722508771101
6192 0.724920507467 0.723411059946
6195 0.722452188672 0.720947880747
6198 0.723449296325 0.721942912197
6201 0.721556287728 0.720053845269
6204 0.722078430136 0.720574900459
6207 0.720790607901 0.71928975976
6210 0.717411497433 0.71591768536
6213 0.717311347109 0.715817743571
6216 0.716116781084 0.714625664902
6219 0.714581741139 0.713093821255
6222 0.713014201163 0.71152954525
6225 0.712383207339 0.710899865297
6228 0.711094169083 0.709613511108
6231 0.706135156381 0.704664824185
6234 0.703388273907 0.701923661339
6237 0.702289495216 0.700827170552
6240 0.700563133798 0.699104403807
6243 0.69871933342 0.697264442636
6246 0.693037590747 0.691594530629
6249 0.696005047402 0.694555808372
6252 0.697455806643 0.696003546806
6255 0.695727890236 0.69427922831
6258 0.697800624931 0.696347647104
6261 0.697859470498 0.696406370142
6264 0.694037227523 0.692592085937
6267 0.69205591084 0.690614894801
6270 0.69321584118 0.691772409904
6273 0.691340731054 0.68990120418
6276 0.647786933412 0.646438095338
6279 0.646473398641 0.645127295642
6282 0.668836900643 0.667444231804
6285 0.684864588401 0.683438546312
6288 0.676151720378 0.674743820439
6291 0.6715609386 0.670162597701
6294 0.672095613648 0.670696159435
6297 0.673220831648 0.671819034479
6300 0.675145898117 0.673740092527
6303 0.67325456235 0.671852694946
6306 0.673949317377 0.672546003337
6309 0.673436854982 0.672034608004
6312 0.6794344453 0.67801970999
6315 0.673613240403 0.672210626151
6318 0.667506478273 0.666116579672
6321 0.672494912037 0.671094626395
6324 0.674269847626 0.67286586617
6327 0.675193354987 0.673787450581
6330 0.67300178304 0.67160044198
6333 0.672435587521 0.671035425407
6336 0.671488484758 0.670090294725
6339 0.670195339073 0.66879984166
6342 0.668108143042 0.66671699164
6345 0.657977423846 0.65660736688
6348 0.653717687574 0.652356500337
6351 0.664995210107 0.663610540532
6354 0.671104799143 0.669707408029
6357 0.669388049562 0.667994233107
6360 0.665340771541 0.663955382429
6363 0.665287811261 0.663902532424
6366 0.665707458279 0.664321305643
6369 0.653037184292 0.651677414015
6372 0.650580727778 0.649226072396
6375 0.658407765151 0.657036812117
6378 0.66460013285 0.663216285915
6381 0.663527577347 0.662145963714
6384 0.661864549908 0.660486399072
6387 0.66255321313 0.661173628342
6390 0.662564758938 0.661185150109
6393 0.660321311099 0.658946373633
6396 0.659819325383 0.658445433164
6399 0.658876872944 0.657504943123
6402 0.653268255328 0.65190800391
6405 0.660078796373 0.658704363877
6408 0.654599593164 0.653236569601
6411 0.653527639146 0.652166847632
6414 0.652261323148 0.650903168389
6417 0.648600004741 0.64724947367
6420 0.6486377023 0.647287092734
6423 0.647986635884 0.646637381986
6426 0.6482724858 0.646922636697
6429 0.648572439205 0.647221965532
6432 0.644176017723 0.642834698389
6435 0.645361012569 0.644017225809
6438 0.643718713741 0.642378346616
6441 0.642963207067 0.641624413076
6444 0.640479721257 0.639146098442
6447 0.641841629223 0.64050517061
6450 0.638886277614 0.637555972708
6453 0.628871924172 0.627562471401
6456 0.623674009582 0.622375380039
6459 0.622586779927 0.62129041424
6462 0.630238770005 0.628926471155
6465 0.629606791565 0.628295808635
6468 0.628293460962 0.626985212683
6471 0.627088359363 0.625782620376
6474 0.619886575061 0.618595831808
6477 0.623970042104 0.622670796154
6480 0.622307401814 0.621011617855
6483 0.615934201237 0.614651687716
6486 0.620262473649 0.61897094769
6489 0.620166998546 0.618875671389
6492 0.61355255484 0.612275000441
6495 0.6119363382 0.610662149128
6498 0.61618198313 0.614898953671
6501 0.617700836225 0.616414644172
6504 0.615350033392 0.614068736239
6507 0.612338978936 0.611063951475
6510 0.610656044653 0.609384521441
6513 0.603236287772 0.601980214162
6516 0.592635429823 0.591401429583
6519 0.60175218322 0.600499199849
6522 0.602856064692 0.601600782791
6525 0.601955916348 0.600702508759
6528 0.600201505806 0.598951751294
6531 0.592261149382 0.591027928478
6534 0.585096567813 0.583878265179
6537 0.581141769322 0.579931701468
6540 0.574086739516 0.57289136182
6543 0.557052530799 0.555892622157
6546 0.544536120267 0.543402273606
6549 0.525701887104 0.524607257552
6552 0.496461801848 0.495428056729
6555 0.462748477049 0.461784930654
6558 0.406385581492 0.405539395321
6561 0.337556469953 0.336853601471
6564 0.326515113288 0.325835235393
6567 0.391379837321 0.390564896484
6570 0.450444203704 0.449506277573
6573 0.486414834884 0.48540200981
6576 0.514384445621 0.513313381528
6579 0.534585394604 0.533472267592
6582 0.546428234311 0.545290447843
6585 0.556922694283 0.55576305599
6588 0.565593466758 0.564415773967
6591 0.569557721607 0.568371774345
6594 0.574230713894 0.573035036411
6597 0.576788271795 0.575587268902
6600 0.57811759574 0.576913824896
6603 0.580661145249 0.579452078162
6606 0.582300458614 0.581087978109
6609 0.583840591643 0.582624904234
6612 0.584608373907 0.583391087803
6615 0.583963907149 0.582747962969
6618 0.586453011969 0.585231884913
6621 0.583912083621 0.58269624735
6624 0.582843831735 0.581630219804
6627 0.584176570858 0.582960183865
6630 0.584537101364 0.583319963665
6633 0.584433862982 0.583216940248
6636 0.583012270992 0.581798308333
6639 0.584032143426 0.582816057163
6642 0.584194008069 0.582977584768
6645 0.584115379818 0.582899120238
6648 0.584848375099 0.583630589258
6651 0.582359732741 0.581147128814
6654 0.581285520987 0.58007515381
6657 0.580727305643 0.579518100795
6660 0.579221277626 0.578015208667
6663 0.579498605595 0.578291959177
6666 0.579753799846 0.578546622056
6669 0.581266832235 0.580056503972
6672 0.577647069027 0.576444277925
6675 0.577248547103 0.576046585813
6678 0.574632384597 0.573435870746
6681 0.576655460793 0.575454734442
6684 0.576720591369 0.575519729402
6687 0.576966572072 0.575765197918
6690 0.575546974522 0.574348556289
6693 0.574127115083 0.572931653316
6696 0.572726322258 0.571533777258
6699 0.572835522737 0.571642750356
6702 0.573195711104 0.57200218873
6705 0.573430104238 0.572236093805
6708 0.570401098514 0.569213395152
6711 0.57129967247 0.570110098075
6714 0.570524985106 0.569337023785
6717 0.568495243334 0.567311508391
6720 0.567808282707 0.566625978171
6723 0.568686417694 0.567502284683
6726 0.566222665676 0.565043662751
6729 0.557391113587 0.556230499939
6732 0.566117158744 0.564938375508
6735 0.563879691215 0.56270556689
6738 0.563717250768 0.56254346468
6741 0.562308644985 0.561137791931
6744 0.561597083519 0.560427712096
6747 0.560004066812 0.558838012408
6750 0.559911910429 0.558746047916
6753 0.560709058902 0.559541536546
6756 0.557022801413 0.555862954674
6759 0.55488910454 0.553733700638
6762 0.556669556403 0.555510445199
6765 0.555369501797 0.5542130976
6768 0.556792449833 0.555633082738
6771 0.555017195433 0.553861524817
6774 0.553972939562 0.552819443322
6777 0.552679402725 0.551528599919
6780 0.551978144989 0.55082880236
6783 0.550601678764 0.549455202246
6786 0.549247669996 0.548104012829
6789 0.551033565595 0.549886189792
6792 0.553526676109 0.552374109089
6795 0.55172444963 0.550575635251
6798 0.551892067635 0.550742904237
6801 0.550099415399 0.548953984706
6804 0.549422301659 0.54827828087
6807 0.549899013048 0.548753999639
6810 0.548631775982 0.547489401245
6813 0.548665641567 0.547523196314
6816 0.547203683203 0.546064282076
6819 0.546478577029 0.545340685737
6822 0.545745881642 0.544609515986
6825 0.545717321749 0.544581015561
6828 0.545733509838 0.544597169943
6831 0.546175704102 0.545038443459
6834 0.544422817567 0.543289206828
6837 0.542457518288 0.541327999745
6840 0.54150733976 0.540379799702
6843 0.540679108903 0.539553293407
6846 0.53898613206 0.537863841723
6849 0.540521703945 0.539396216202
6852 0.536206304468 0.535089802357
6855 0.533040317018 0.531930407205
6858 0.528834974767 0.527733821423
6861 0.530174938406 0.529070994956
6864 0.53478362516 0.533670085388
6867 0.532185846555 0.531077715942
6870 0.52771870755 0.526619878525
6873 0.528521608874 0.527421108027
6876 0.529008900374 0.527907384877
6879 0.529766006819 0.528662914856
6882 0.529297947558 0.5281958302
6885 0.52711400497 0.526016435071
6888 0.529339268911 0.528237065513
6891 0.528686495054 0.527585650878
6894 0.525957106857 0.52486194588
6897 0.526706807 0.525610084979
6900 0.525534115087 0.524439834875
6903 0.525772289851 0.524677513705
6906 0.524854197813 0.523761333341
6909 0.525959061745 0.524863896698
6912 0.522165996084 0.521078729053
6915 0.522779405331 0.521690861043
6918 0.523649871785 0.522559514991
6921 0.524702140954 0.523609593099
6924 0.52411673444 0.523025405533
6927 0.522852904927 0.521764207597
6930 0.521585475773 0.520499417516
6933 0.520296227651 0.519212853898
6936 0.518421743417 0.517342272762
6939 0.518801386562 0.517721125404
6942 0.51953105344 0.518449272951
6945 0.518144582707 0.517065689162
6948 0.518905493722 0.517825015789
6951 0.51743459926 0.516357184061
6954 0.517442827952 0.516365395619
6957 0.517243331163 0.516166314227
6960 0.514612468097 0.51354092921
6963 0.515680750242 0.514606986951
6966 0.513160047566 0.512091532945
6969 0.510483862042 0.509420919841
6972 0.51105602562 0.509991892045
6975 0.510917879057 0.509854033135
6978 0.509257150813 0.508196762901
6981 0.50720809523 0.506151973912
6984 0.508279702522 0.507221349877
6987 0.510608108652 0.509544907741
6990 0.509346038404 0.508285465407
6993 0.510203687752 0.509141328937
6996 0.510979325665 0.509915351797
6999 0.51049529308 0.509432327077
7002 0.507992699899 0.506934944858
7005 0.509897131375 0.508835410879
7008 0.509609676036 0.508548554087
7011 0.507016955825 0.505961232502
7014 0.508353911017 0.507295403853
7017 0.507239985394 0.506183797673
7020 0.505681256779 0.504628314682
7023 0.504980365857 0.503928883173
7026 0.505131645937 0.504079848254
7029 0.50421128822 0.503161406928
7032 0.504233788648 0.503183860506
7035 0.503898845345 0.50284961463
7038 0.501452216202 0.500408079919
7041 0.500803982866 0.49976119635
7044 0.499058942978 0.498019790028
7047 0.500075488928 0.499034219301
7050 0.496898593229 0.495863938613
7053 0.49792202699 0.496885241354
7056 0.497871984054 0.496835302619
7059 0.495210592511 0.494179452692
7062 0.495247851849 0.494216634448
7065 0.491824104326 0.490800015937
7068 0.495211571732 0.494180429873
7071 0.49549094409 0.494459220515
7074 0.492517522865 0.491491990622
7077 0.4914526739 0.490429358912
7080 0.494205563765 0.493176516641
7083 0.493280574462 0.492253453375
7086 0.489768815684 0.488749006868
7089 0.488378111729 0.487361198671
7092 0.490831920915 0.489809898475
7095 0.488612611136 0.487595209797
7098 0.488562416047 0.487545119226
7101 0.485877318483 0.48486561264
7104 0.484743130037 0.483733785828
7107 0.485600492393 0.484589362963
7110 0.480528832757 0.479528263663
7113 0.479109914923 0.478112300336
7116 0.480392457207 0.479392172078
7119 0.479861075846 0.478861897172
7122 0.481839406973 0.480836108969
7125 0.483472576969 0.482465878337
7128 0.483374102233 0.482367608648
7131 0.485681077519 0.484669780293
7134 0.484587163251 0.483578143801
7137 0.482331728651 0.481327405523
7140 0.482506906308 0.48150221842
7143 0.480587216027 0.479586525366
7146 0.476889699393 0.475896707793
7149 0.475180030262 0.474190598578
7152 0.475252785821 0.474263202644
7155 0.473891399381 0.472904650916
7158 0.469614644988 0.468636801688
7161 0.471003503172 0.470022767957
7164 0.478175346608 0.477179678001
7167 0.478235798452 0.477240003972
7170 0.475785931699 0.474795238391
7173 0.475265294494 0.474275685271
7176 0.472650795805 0.471666630556
7179 0.471719188404 0.470736962971
7182 0.471879055842 0.470896497529
7185 0.473680264467 0.472693955632
7188 0.471857491117 0.470874977707
7191 0.470175016219 0.4691960061
7194 0.468362950932 0.46738771394
7197 0.470171113261 0.469192111269
7200 0.469869928748 0.468891553889
7203 0.470501230427 0.469521541056
7206 0.46667788972 0.465706161404
7209 0.465302500062 0.464333635617
7212 0.463826095948 0.462860305708
7215 0.464638951364 0.463671468577
7218 0.462032231988 0.461070176977
7221 0.461938200907 0.460976341689
7224 0.465117717396 0.46414923771
7227 0.462130988824 0.461168728178
7230 0.461848410798 0.460886738544
7233 0.460847272656 0.459887684997
7236 0.461591089526 0.460629953072
7239 0.461903991153 0.460942203168
7242 0.457322433302 0.456370185151
7245 0.456405525775 0.455455186831
7248 0.457976377788 0.457022767977
7251 0.456221747888 0.455271791612
7254 0.455647172346 0.454698412464
7257 0.455656110213 0.454707331721
7260 0.453781922799 0.452837046787
7263 0.452977915187 0.4520347133
7266 0.453736372946 0.452791591779
7269 0.453186585755 0.452242949368
7272 0.451744815847 0.45080418155
7275 0.452500071098 0.45155786419
7278 0.450805872454 0.449867193248
7281 0.452377675003 0.45143572295
7284 0.451789317107 0.450848590148
7287 0.449709684404 0.448773287708
7290 0.451539421024 0.450599214405
7293 0.449619292416 0.448683083937
7296 0.447446099911 0.446514416507
7299 0.448020120001 0.447087241358
7302 0.44486195827 0.44393565563
7305 0.445450251929 0.444522724329
7308 0.445847033398 0.44491867961
7311 0.442863040263 0.44194089982
7314 0.441047555944 0.440129195747
7317 0.444383579258 0.443458272711
7320 0.441855834797 0.440935791582
7323 0.441666635058 0.440746985799
7326 0.441157052148 0.440238463956
7329 0.439038112402 0.438123936319
7332 0.440428333642 0.439511262806
7335 0.440481565398 0.439564383721
7338 0.438090969052 0.437178765134
7341 0.43813879127 0.437226487775
7344 0.438024941112 0.437112874679
7347 0.43868198354 0.437768548998
7350 0.436748079632 0.435838671912
7353 0.436470672679 0.435561842583
7356 0.435791253881 0.434883838487
7359 0.434873928708 0.433968423391
7362 0.433139450845 0.432237557102
7365 0.433865520044 0.432962114461
7368 0.434759438306 0.433854171384
7371 0.433754917427 0.432851742143
7374 0.433073559641 0.432171803098
7377 0.430397757161 0.429501572241
7380 0.431404391942 0.430506110981
7383 0.431320165266 0.430422059684
7386 0.433383182002 0.432480780755
7389 0.431218077738 0.430320184725
7392 0.42949102851 0.428596731602
7395 0.430768951363 0.429871993532
7398 0.429252994464 0.428359193197
