Wave Flux FluxNorm
3600 0.200877178149 0.184663738314
3603 0.133959479381 0.123147181144
3606 0.110579291176 0.101654082743
3609 0.0828062188297 0.0761226639367
3612 0.132689708154 0.121979897216
3615 0.170722212343 0.156942676292
3618 0.10598229344 0.0974281234042
3621 0.122848384166 0.112932897978
3624 0.182365796262 0.167646469294
3627 0.250214527466 0.230018912294
3630 0.17391454748 0.159877347844
3633 0.114736688848 0.105475923546
3636 0.16535348688 0.15200727784
3639 0.227277135105 0.208932870267
3642 0.219931947898 0.202180536624
3645 0.168303079769 0.154718799648
3648 0.107663071078 0.0989732401006
3651 0.178548947761 0.16413769085
3654 0.236232138995 0.217165087138
3657 0.27423674448 0.252102219304
3660 0.294113360548 0.270374530086
3663 0.250650981834 0.230420139033
3666 0.259939810083 0.238959236231
3669 0.216511464612 0.199036131489
3672 0.265362683352 0.243944412046
3675 0.273363374213 0.251299341546
3678 0.206012005073 0.189384116927
3681 0.18609381495 0.171073587664
3684 0.238189452369 0.218964419487
3687 0.144324462898 0.132675573674
3690 0.237564105074 0.218389545973
3693 0.264466769806 0.243120810549
3696 0.234941021567 0.215978179929
3699 0.31472078928 0.289318667304
3702 0.290952481656 0.267468775844
3705 0.150226856456 0.138101566161
3708 0.137943945975 0.126810048689
3711 0.230458875298 0.211857802028
3714 0.326009662709 0.299696379635
3717 0.234889209014 0.215930549334
3720 0.0836540542257 0.0769020678249
3723 0.12970121663 0.119232616405
3726 0.218646395097 0.200998744903
3729 0.180018987051 0.165489078564
3732 0.141916343938 0.130461821701
3735 0.0599161237501 0.0550801016768
3738 0.103686052481 0.0953172194003
3741 0.201942894517 0.185643437305
3744 0.115947608075 0.106589105607
3747 0.0896311712035 0.0823967525653
3750 0.0872476071196 0.0802055735657
3753 0.205169001491 0.188609154861
3756 0.241044342594 0.221588882387
3759 0.109840836565 0.100975231166
3762 0.174574317553 0.160483865764
3765 0.15279137652 0.140459095605
3768 0.162251570228 0.149155726807
3771 0.261814480979 0.24068259644
3774 0.26970973048 0.24794059509
3777 0.249215740113 0.229100740264
3780 0.275113570286 0.252908273694
3783 0.27520040354 0.252988098358
3786 0.217022603002 0.199506014264
3789 0.137116790069 0.126049655183
3792 0.197391489181 0.181459390457
3795 0.146459892275 0.134638645713
3798 0.14054819654 0.129204101857
3801 0.18937610461 0.174090953223
3804 0.238474859045 0.219226790077
3807 0.181429101586 0.166785378243
3810 0.213318506576 0.196100887313
3813 0.179215144534 0.164750116748
3816 0.112274811365 0.103212752072
3819 0.107389438438 0.0987216932265
3822 0.0962440302274 0.0884758665768
3825 0.0771743779731 0.0709453869769
3828 0.0922225753884 0.0847789962262
3831 0.119457311055 0.109815529229
3834 0.0873565596049 0.0803057321473
3837 0.128692865265 0.118305652305
3840 0.083357211878 0.0766291845729
3843 0.14464239455 0.132967844045
3846 0.143066664156 0.131519295894
3849 0.12355437392 0.11358190504
3852 0.136760867019 0.125722459821
3855 0.12163931682 0.111821418326
3858 0.100388887724 0.0922861793613
3861 0.0930865174708 0.0855732067785
3864 0.142415505633 0.130920694458
3867 0.128463732888 0.118095013936
3870 0.104030216111 0.0956336044831
3873 0.114702141406 0.105444164539
3876 0.171823053283 0.157954664837
3879 0.115162942008 0.105867772449
3882 0.114515391708 0.105272488006
3885 0.191148707669 0.175720483817
3888 0.155284990126 0.142751441677
3891 0.27205846871 0.250099759141
3894 0.290192634311 0.26677025821
3897 0.258090161281 0.237258878502
3900 0.22242097863 0.20446866972
3903 0.241805121127 0.22228825605
3906 0.198941680616 0.182884460981
3909 0.292961381219 0.269315530695
3912 0.306655331714 0.281904198626
3915 0.301148936778 0.276842242445
3918 0.251962356562 0.231625668511
3921 0.165401113955 0.152051060781
3924 0.200107608201 0.183956282819
3927 0.157453167977 0.144744618956
3930 0.0820834711887 0.0754582515705
3933 0.0417930924142 0.0384198381919
3936 0.0633640985494 0.0582497793969
3939 0.146013893931 0.134228645322
3942 0.167041254685 0.153558820505
3945 0.179735570869 0.165228537809
3948 0.237903127595 0.218701204902
3951 0.307351996396 0.282544633272
3954 0.312287102175 0.287081410872
3957 0.26837251117 0.246711307029
3960 0.259607476328 0.238653726196
3963 0.138550105372 0.127367283021
3966 0.0923641739435 0.0849091659087
3969 0.0458007311923 0.0421040076202
3972 0.118878549145 0.109283481045
3975 0.21646706034 0.198995311228
3978 0.302835652905 0.278392818317
3981 0.356077525878 0.327337369353
3984 0.339717593333 0.312297899314
3987 0.399296670425 0.367068158447
3990 0.371312733837 0.341342894927
3993 0.415925454361 0.382354780021
3996 0.388190370982 0.356858283972
3999 0.428271547993 0.39370438093
4002 0.483280693608 0.444273562379
4005 0.365253622282 0.335772833654
4008 0.436097910297 0.400899052489
4011 0.465276832742 0.427722850734
4014 0.48757162807 0.44821816179
4017 0.484851385433 0.445717478641
4020 0.50966773795 0.468530823936
4023 0.472108934186 0.434003511409
4026 0.472585891608 0.43444197207
4029 0.512973632947 0.471569889569
4032 0.315747524432 0.290262531376
4035 0.349296145618 0.321103335994
4038 0.523531420031 0.481275523874
4041 0.467347793478 0.429626657602
4044 0.365189627283 0.335714003897
4047 0.301055024949 0.276755910541
4050 0.48615664855 0.446917389795
4053 0.465556785673 0.427980207768
4056 0.39151309107 0.359912816689
4059 0.376145244588 0.345785358272
4062 0.3789433885 0.348357655035
4065 0.337634871522 0.310383280645
4068 0.415662504951 0.382113054099
4071 0.367556201162 0.337889564025
4074 0.45408536577 0.417434682872
4077 0.30625891314 0.281539776264
4080 0.467412962742 0.429686566846
4083 0.479371145371 0.44067956629
4086 0.466979776463 0.429288344418
4089 0.563956377053 0.518437653259
4092 0.492051983552 0.452336893445
4095 0.458889700621 0.421851244485
4098 0.415118567667 0.381613019734
4101 0.357944974848 0.329054090541
4104 0.424368954144 0.390116777919
4107 0.504473057066 0.463755422369
4110 0.421731254239 0.387691975213
4113 0.42346821787 0.389288742951
4116 0.466246427795 0.428614186668
4119 0.384267608225 0.353252139948
4122 0.409078992477 0.376060917984
4125 0.453318958212 0.416730134521
4128 0.414597121054 0.381133660746
4131 0.357330273965 0.328489004134
4134 0.341049857276 0.313522631971
4137 0.432493205044 0.397585294531
4140 0.435743195515 0.400572967872
4143 0.259715145475 0.238752705022
4146 0.368208458925 0.338489175977
4149 0.354915232082 0.326268888009
4152 0.324361078826 0.298180858232
4155 0.336453164891 0.309296953337
4158 0.37596615938 0.345620727604
4161 0.417685918193 0.383973151184
4164 0.417423052982 0.383731502665
4167 0.352561959163 0.324105555277
4170 0.423216814353 0.389057631017
4173 0.306918268138 0.28214591261
4176 0.359960690615 0.330907111439
4179 0.35285139921 0.324371633692
4182 0.360948896211 0.331815555799
4185 0.478732641033 0.44009259768
4188 0.383154557774 0.352228927361
4191 0.417808759933 0.384086077974
4194 0.444836499411 0.408932322113
4197 0.332646309263 0.305797361209
4200 0.379509959639 0.348878496404
4203 0.368044442327 0.338338397683
4206 0.457665062377 0.420725450712
4209 0.477025908232 0.438523620745
4212 0.453304547553 0.416716886992
4215 0.324095085416 0.297936334001
4218 0.587823917835 0.540378768452
4221 0.610298960584 0.561039778582
4224 0.411364849319 0.378162276005
4227 0.181415405428 0.166772787546
4230 0.532284682108 0.489322282159
4233 0.494603674682 0.454682629418
4236 0.454263390682 0.417598338824
4239 0.49557686576 0.45557727113
4242 0.575709371733 0.52924202613
4245 0.678131697229 0.623397517994
4248 0.523577262893 0.481317666612
4251 0.420015369514 0.386114585035
4254 0.433959066444 0.398932841568
4257 0.579828010016 0.533028235938
4260 0.414886237943 0.381399442085
4263 0.604910353351 0.556086103082
4266 0.671843716437 0.617617060253
4269 0.507432766748 0.466476244412
4272 0.305194943806 0.280561683299
4275 0.390839593754 0.359293679496
4278 0.619307944124 0.569321618233
4281 0.509150166215 0.468055027072
4284 0.549276217474 0.504942376335
4287 0.529136322933 0.486428037128
4290 0.377102436013 0.346665291714
4293 0.525621724792 0.483197113449
4296 0.509526262012 0.468400766974
4299 0.348941937033 0.320777716717
4302 0.371427803193 0.341448676667
4305 0.365476687363 0.335977894438
4308 0.255163582323 0.234568513097
4311 0.377792277781 0.347299454145
4314 0.527289688975 0.484730450905
4317 0.792966401039 0.728963545401
4320 0.710535153299 0.653185587438
4323 0.56803036237 0.522182814185
4326 0.347885394027 0.319806450678
4329 0.734248253055 0.674984727033
4332 0.703757257272 0.646954757088
4335 0.793504867552 0.729458550559
4338 0.535884561459 0.492631603729
4341 0.527475533414 0.484901295245
4344 0.668376047006 0.614429277518
4347 0.706460219472 0.649439554559
4350 0.748770495756 0.688334833055
4353 0.560460303639 0.515223759118
4356 0.695121014071 0.63901557271
4359 0.628707954481 0.577962923675
4362 0.756068832546 0.695044097729
4365 0.818514463536 0.752449542023
4368 0.64071586232 0.589001634848
4371 0.68580347124 0.630450078577
4374 0.558859998298 0.513752619542
4377 0.660903832293 0.607560169165
4380 0.658360014389 0.605221670944
4383 0.335488709779 0.308410342484
4386 0.528172860189 0.485542338544
4389 0.570583894322 0.524530242402
4392 0.590927911755 0.543232229089
4395 0.59840949752 0.550109952127
4398 0.746241512554 0.68600997218
4401 0.621418488331 0.571261813663
4404 0.468236547339 0.430443677295
4407 0.526933721402 0.484403214614
4410 0.686646956926 0.631225483834
4413 0.744599559895 0.684500546775
4416 0.553682052115 0.508992601964
4419 0.758278048902 0.697075001164
4422 0.634544393048 0.583328284609
4425 0.686098650483 0.630721432959
4428 0.709377113262 0.652121016517
4431 0.641043290234 0.589302635007
4434 0.606594022707 0.557633878096
4437 0.67838010528 0.623625876237
4440 0.765447747219 0.703666010188
4443 0.608652563771 0.559526267724
4446 0.802285457192 0.737530430712
4449 0.781976072748 0.718860281674
4452 0.754611571923 0.693704457275
4455 0.600451169923 0.551986834618
4458 0.615613136333 0.565925030202
4461 0.546714552554 0.502587471588
4464 0.710995399216 0.653608685434
4467 0.701777552729 0.645134840833
4470 0.675279505094 0.620775535414
4473 0.785365452449 0.721976093694
4476 0.823332409199 0.756878615874
4479 0.796271610019 0.732001980388
4482 0.662704385477 0.60921539394
4485 0.864555914225 0.794774839899
4488 0.757322413951 0.696196498568
4491 0.72834525922 0.669558182719
4494 0.672688016743 0.61839321438
4497 0.721604130409 0.663361151985
4500 0.812102810384 0.746555393913
4503 0.869764335404 0.799562872738
4506 0.876850030124 0.806076658364
4509 0.860177261381 0.790749602137
4512 0.830623718559 0.763581420324
4515 0.76396571002 0.702303592953
4518 0.765545518931 0.703755890432
4521 0.876200310908 0.805479380064
4524 0.774865356552 0.712323494136
4527 0.630266155721 0.579395357506
4530 0.623709807148 0.573368192806
4533 0.722635886356 0.664309631608
4536 0.694294184533 0.63825547923
4539 0.799221913655 0.734714155576
4542 0.752060825175 0.691359589458
4545 0.731353562684 0.672323676384
4548 0.767463408522 0.705518981017
4551 0.770063576732 0.707909281331
4554 0.715403218126 0.657660735175
4557 0.833611589022 0.766328130202
4560 0.853930899091 0.785007403735
4563 0.806011391103 0.740955632575
4566 0.750776422645 0.690178855167
4569 0.85821459688 0.788945350569
4572 0.764514634015 0.702808211536
4575 0.835608015966 0.768163419139
4578 0.803351752206 0.738510661644
4581 0.704107895615 0.647277094288
4584 0.770770437409 0.708559089021
4587 0.784345897196 0.721038830007
4590 0.87514148903 0.804506019089
4593 0.767500189797 0.705552793557
4596 0.728103840182 0.669336249384
4599 0.783079712761 0.71987484337
4602 0.784735328143 0.721396828737
4605 0.750302627787 0.689743301808
4608 0.92933210913 0.854322740835
4611 0.877639099761 0.806802039665
4614 0.850427526147 0.781786799232
4617 0.920779805057 0.846460720591
4620 0.87433598197 0.80376552708
4623 0.887966201352 0.816295607841
4626 0.868538398268 0.798435884911
4629 0.878286466638 0.80739715549
4632 0.901424036889 0.828667218409
4635 0.829555764355 0.762599664122
4638 0.779401069943 0.716493115586
4641 0.788546126135 0.724900045029
4644 0.772825045996 0.710447863573
4647 0.651107745761 0.598554756123
4650 0.785407076889 0.722014358492
4653 0.859064689631 0.789726829613
4656 0.762114503116 0.700601802882
4659 0.939216393347 0.863409232845
4662 0.843761827368 0.775659110331
4665 0.770682255351 0.708478024419
4668 0.627324057686 0.576690725618
4671 0.84722587782 0.778843566186
4674 0.805870935603 0.740826513687
4677 0.86961641914 0.799426895269
4680 0.766998222079 0.705091341261
4683 0.815550128634 0.749724468076
4686 0.820749090343 0.75450380495
4689 0.789027120101 0.725342216433
4692 0.774718266101 0.712188275826
4695 0.846154084682 0.777858280902
4698 0.763367352319 0.701753530617
4701 0.748055017254 0.687677103113
4704 0.773916046814 0.711450806225
4707 0.76842730783 0.706405080928
4710 0.77459566444 0.712075569738
4713 0.787656748403 0.72408245182
4716 0.826462250573 0.759755837736
4719 0.925966175054 0.85122848207
4722 0.893309140856 0.821207301601
4725 0.926530420955 0.851747185879
4728 0.713517798422 0.655927493728
4731 0.754595118054 0.69368933145
4734 0.834394971085 0.767048282992
4737 0.818076694471 0.7520471067
4740 0.864996409717 0.79517978159
4743 0.871900554769 0.801526671002
4746 0.881529174239 0.810378133785
4749 0.896527281524 0.824165695838
4752 0.859206881949 0.789857545134
4755 0.821405793868 0.755107503832
4758 0.853897694309 0.784976879018
4761 0.867599938497 0.797573171231
4764 0.792488775733 0.728524470762
4767 0.771541107216 0.709267555602
4770 0.904736427431 0.83171225531
4773 0.874799685669 0.80419180377
4776 0.929575198327 0.854546209526
4779 0.93821760787 0.86249106254
4782 0.864361176116 0.794595819726
4785 0.848804012394 0.780294324469
4788 0.842493552002 0.774493201528
4791 0.840896554509 0.773025102813
4794 0.974604435401 0.895940992787
4797 0.913303450701 0.839587806719
4800 0.838795762889 0.771093872807
4803 0.96703124886 0.888979062365
4806 0.872715268062 0.802275626178
4809 0.856203660326 0.787096723138
4812 0.898544085103 0.826019716747
4815 0.899102218755 0.826532801645
4818 0.96455587779 0.886703486415
4821 0.958671215313 0.881293793877
4824 0.829468586617 0.762519522778
4827 0.909914728928 0.836472599523
4830 0.895710489388 0.823414829609
4833 0.850829590044 0.782156411265
4836 0.911508127751 0.837937390029
4839 0.85110050432 0.782405459183
4842 0.861256872555 0.791742074438
4845 0.9096577574 0.83623636899
4848 0.866626374461 0.796678186663
4851 0.908749376289 0.835401306225
4854 0.848223768505 0.779760913921
4857 0.839596386389 0.771829875423
4860 0.717278856823 0.659384985071
4863 0.759038375965 0.697773959797
4866 0.844877803482 0.776685012442
4869 0.835595925246 0.7681523043
4872 0.701680123976 0.645045275867
4875 0.819980336982 0.753797100132
4878 0.888660669081 0.816934022858
4881 0.858833458652 0.789514262027
4884 0.853099601151 0.784243202512
4887 0.771376342623 0.709116089686
4890 0.761102143822 0.699671154347
4893 0.876510292646 0.805764342184
4896 1.00102228846 0.920226576389
4899 0.928770443286 0.853806408839
4902 0.914500888617 0.840688595589
4905 0.937886730602 0.862186891435
4908 0.900244496246 0.827582882266
4911 0.813796542957 0.748112419911
4914 0.919263862206 0.845067134339
4917 0.910435322723 0.836951174527
4920 0.644340289272 0.592333522703
4923 0.835337090979 0.767914361374
4926 0.864247631099 0.79449143929
4929 0.981398696955 0.90218686775
4932 0.950729078974 0.873992692776
4935 0.894611659218 0.822404689538
4938 0.757038090683 0.695935123941
4941 0.904538815359 0.831530593141
4944 0.97788096623 0.898953064328
4947 0.946316739277 0.869936487135
4950 0.985098556364 0.905588099667
4953 0.966268125805 0.888277533414
4956 0.899342822956 0.826753985912
4959 0.866615342998 0.796668045586
4962 0.986470811947 0.906849596111
4965 0.898613557373 0.826083581687
4968 0.87857300264 0.807660564254
4971 0.931314797489 0.856145400073
4974 0.993424031389 0.913241598962
4977 0.929816046172 0.854767617771
4980 0.869799718487 0.79959539994
4983 0.744184460779 0.684118951637
4986 0.842101945091 0.774133202464
4989 0.921901795924 0.847492151985
4992 0.905974040348 0.832849976529
4995 0.905620754938 0.832525205915
4998 0.908376708959 0.835058718068
5001 0.822914936466 0.756494838701
5004 0.809817900864 0.744454906752
5007 0.764632396323 0.702916468871
5010 0.877051598111 0.806261957153
5013 0.73778183712 0.67823310422
5016 0.807529253407 0.742350983355
5019 0.803388350785 0.738544306234
5022 0.788563735648 0.724916233222
5025 0.87708386288 0.80629161773
5028 0.808544927688 0.743284679314
5031 0.918751620616 0.844596237406
5034 0.988218726894 0.908456431249
5037 0.850895305695 0.782216822796
5040 0.706341228863 0.649330168063
5043 0.837419130027 0.769828352388
5046 0.995329314286 0.91499310038
5049 0.802394952051 0.737631087891
5052 0.827862024569 0.761042631494
5055 0.947757934616 0.871261358987
5058 0.951901450364 0.875070438319
5061 1.00236646652 0.921462261542
5064 0.878298096151 0.807407846348
5067 0.861284330208 0.791767315897
5070 0.89665385702 0.824282055021
5073 0.86138373283 0.791858695415
5076 0.881910510363 0.810728691049
5079 0.772637196636 0.710275176137
5082 0.791863634232 0.727949786431
5085 0.853384964256 0.784505533047
5088 0.887482165624 0.815850640185
5091 0.915769994888 0.841855268232
5094 0.962352980837 0.884678392324
5097 0.850657902233 0.781998580927
5100 0.806274114365 0.741197150601
5103 0.895627803799 0.823338817838
5106 0.861429985269 0.791901214671
5109 0.807151141924 0.74200339046
5112 0.864103001141 0.794358482879
5115 0.914191835581 0.840404487212
5118 0.964955241168 0.887070615897
5121 0.874835797036 0.804225000474
5124 0.740064268056 0.680331312852
5127 0.793695226002 0.729633544569
5130 0.800312379062 0.735716606031
5133 0.874846661216 0.804234987771
5136 0.898084207909 0.825596957712
5139 0.781761080742 0.718662642361
5142 0.797356398133 0.732999211782
5145 0.826273397062 0.759582227196
5148 0.786904792146 0.723391188359
5151 0.795035656777 0.730865784887
5154 0.796769044999 0.732459265798
5157 0.898786488408 0.826242554905
5160 0.908705770767 0.835361220245
5163 0.834501805937 0.76714649486
5166 0.613706873897 0.564172628306
5169 0.629931085749 0.579087332104
5172 0.51727623416 0.475525214071
5175 0.795287631292 0.731097421732
5178 0.876869227656 0.806094306401
5181 0.777757355758 0.714982070832
5184 0.490826556041 0.451210374109
5187 0.895718842087 0.823422508135
5190 0.937792816244 0.862100557206
5193 0.751676438628 0.69100622798
5196 0.831000492592 0.76392778372
5199 0.925458807477 0.850762065754
5202 0.906250646262 0.833104256694
5205 0.743425509103 0.683421257379
5208 0.690130434509 0.634427798794
5211 0.836669313835 0.76913905626
5214 0.932429072603 0.857169738477
5217 0.866736003289 0.796778966998
5220 0.965055462153 0.887162747726
5223 0.895005074507 0.82276635102
5226 0.693889318082 0.637883290846
5229 0.89598662077 0.823668673544
5232 0.911020049335 0.837488705984
5235 0.877278290513 0.806470352486
5238 0.9898693372 0.909973815516
5241 0.97269572466 0.894186340197
5244 0.999475058915 0.918804228693
5247 0.845912743473 0.777636419115
5250 0.841222212689 0.773324476079
5253 0.918068985143 0.843968699627
5256 0.895384676391 0.823115314022
5259 1.03114892388 0.947921594667
5262 0.844343557037 0.776193886737
5265 0.688059164191 0.632523707331
5268 0.762646226462 0.701090609136
5271 0.716277104903 0.658464087754
5274 0.876847439193 0.806074276555
5277 0.962424106388 0.884743777104
5280 0.963966015331 0.886161233643
5283 0.860242647704 0.79080971092
5286 1.03435065332 0.950864902272
5289 1.02747011954 0.944539718394
5292 1.05255978459 0.967604316294
5295 0.97561167039 0.896866930617
5298 0.794464249687 0.730340497892
5301 0.92117555414 0.8468245275
5304 1.03772059014 0.953962840709
5307 1.03236763376 0.949041938566
5310 1.08076668889 0.993534551091
5313 1.03575410118 0.952155073371
5316 1.00061180167 0.919849221304
5319 1.0005083315 0.919754102544
5322 0.997162872649 0.91667866638
5325 0.904531476413 0.831523846545
5328 0.667368676096 0.613503214738
5331 0.950121305151 0.873433974323
5334 0.997842224938 0.917303185972
5337 1.02618294925 0.943356439733
5340 0.876115811746 0.805401701101
5343 0.998117785236 0.917556504917
5346 0.953136792887 0.876206072395
5349 0.913182071985 0.839476224867
5352 1.02594308724 0.943135937755
5355 1.10196220088 1.01301930548
5358 1.10034984772 1.01153709051
5361 1.05317695071 0.968171668958
5364 1.01244923002 0.930731212936
5367 0.983071132075 0.903724315279
5370 0.843765704294 0.775662674338
5373 0.965565317993 0.887631451469
5376 1.04371398048 0.95947248534
5379 1.04234784089 0.958216611245
5382 1.00849792615 0.927098831446
5385 1.02679475495 0.943918864644
5388 0.98586012296 0.906288197786
5391 0.91248729727 0.838837527643
5394 0.921347653287 0.846982735974
5397 0.813095972225 0.747468394484
5400 0.955836958804 0.87868829928
5403 0.948755894989 0.872178770784
5406 0.75927854267 0.697994741879
5409 0.881647200824 0.810486634066
5412 0.980568355874 0.901423546154
5415 0.996252291351 0.915841581012
5418 1.04764745817 0.963088479461
5421 0.973316183742 0.894756720042
5424 0.941146689685 0.865183728789
5427 1.06069337614 0.975081419639
5430 0.856926967665 0.787761650028
5433 0.90776936148 0.834500391547
5436 0.883799609298 0.812465314765
5439 1.06212793711 0.97640019261
5442 1.06852498951 0.982280918442
5445 0.969113388767 0.890893146097
5448 0.926116010566 0.851366223878
5451 1.06593952475 0.979904134811
5454 0.959858895257 0.882385612372
5457 0.966513156145 0.888502786571
5460 1.04150017498 0.957437363169
5463 0.945065209853 0.868785972655
5466 1.02093496226 0.938532034574
5469 1.01258967004 0.93086031759
5472 0.981698589232 0.902462554762
5475 0.945940371776 0.869590497459
5478 0.910458131083 0.836972141952
5481 0.897246497097 0.82482686122
5484 1.00563639234 0.924468261182
5487 0.973841696881 0.895239817333
5490 0.980801722212 0.901638076749
5493 0.990153456362 0.910235002511
5496 1.01050987889 0.928948393036
5499 1.05376434965 0.968711657049
5502 0.969681659423 0.89141554981
5505 0.970114652023 0.891813594192
5508 0.998427870543 0.917841562246
5511 0.970960721012 0.892591374246
5514 0.922578583106 0.848114313508
5517 0.984985672997 0.905484327477
5520 1.05641142939 0.97114508252
5523 1.03411751926 0.950650585209
5526 1.00870772675 0.92729169836
5529 0.937978995965 0.862271709766
5532 1.0168719507 0.934796961677
5535 0.983187219267 0.903831032703
5538 0.987277997075 0.907591630744
5541 1.06827444375 0.98205059503
5544 1.01376695257 0.93194257788
5547 1.01946764748 0.937183151464
5550 1.08779980294 1.0
5553 1.03412788892 0.950660117908
5556 1.03865900798 0.954825515843
5559 1.03557779733 0.951992999563
5562 1.00320393415 0.92223213448
5565 0.997815978386 0.917279057863
5568 0.988193162192 0.908432929956
5571 1.02737144988 0.944449012675
5574 1.01803614797 0.935867192855
5577 1.03522549131 0.951669129294
5580 1.03971602072 0.955797213704
5583 1.02601369608 0.943200847532
5586 0.926439405248 0.85166351634
5589 0.883348285672 0.812050418912
5592 0.948174278451 0.871644098378
5595 0.987303178656 0.907614779839
5598 0.99411445345 0.913876294849
5601 0.924550262016 0.849926851904
5604 0.997493269792 0.916982396112
5607 1.09413318312 1.0058221928
5610 1.07464589625 0.987907787207
5613 1.08961240979 1.00166630555
5616 0.893721079653 0.8215859915
5619 0.991123544625 0.911126791846
5622 1.03886634484 0.955016117886
5625 0.901480659611 0.828719270929
5628 1.00724619818 0.92594813444
5631 1.08492246102 0.99735489755
5634 1.03521843761 0.951662644918
5637 0.974087825363 0.895466079998
5640 0.998201455114 0.917633421531
5643 0.979562389342 0.9004987744
5646 1.00613068881 0.924922661402
5649 0.995637954112 0.915276828898
5652 1.04928622311 0.964594974439
5655 0.97582986389 0.897067513021
5658 0.889217429308 0.817445845185
5661 0.974139470063 0.895513556289
5664 1.00546975274 0.924315071594
5667 0.99220740747 0.912123172653
5670 1.00099878326 0.92020496837
5673 1.0834996374 0.996046914581
5676 1.07265847412 0.986080776282
5679 1.0389346247 0.95507888666
5682 0.98540620938 0.905870921023
5685 1.01404987772 0.932202667231
5688 0.968431109307 0.890265935596
5691 1.04189617642 0.957801402058
5694 1.05160822817 0.966729563036
5697 1.03609176909 0.952465487025
5700 0.968228511039 0.890079689682
5703 0.964670369883 0.886808737485
5706 0.946523838969 0.870126871148
5709 0.878662011109 0.807742388565
5712 0.912259026189 0.838627681052
5715 1.01988519921 0.937567001256
5718 1.04515458437 0.960796813481
5721 1.07239906501 0.985842304905
5724 1.09190740031 1.00377606004
5727 1.0118873465 0.93021468083
5730 1.05519274054 0.970024757945
5733 1.04714283194 0.962624583222
5736 1.06360463723 0.977757703532
5739 1.04771737848 0.963152756278
5742 1.03473306176 0.951216445309
5745 1.08114650776 0.993883713562
5748 0.994620608149 0.914341596183
5751 1.06130431586 0.975643048465
5754 0.939951437163 0.864084948922
5757 1.07788354464 0.990884114636
5760 1.01606474891 0.934054911721
5763 0.976999839282 0.898143055956
5766 1.10366085495 1.01458085574
5769 1.08680244914 0.999083145812
5772 1.05190176134 0.966999404202
5775 1.04491166465 0.960573500586
5778 1.07118177796 0.984723268991
5781 0.898817499956 0.826271063411
5784 0.921192006657 0.846839652081
5787 0.987833319049 0.908102130905
5790 1.0211416984 0.938722084379
5793 1.04684966929 0.962355082673
5796 1.06301916603 0.977219487592
5799 1.04937554864 0.96467709022
5802 1.11428904233 1.02435120812
5805 1.01894170938 0.936699663508
5808 1.04888209597 0.964223465691
5811 1.09153995451 1.00343827197
5814 1.07024865553 0.983865461862
5817 1.04014406653 0.95619071057
5820 1.12561683574 1.03476469907
5823 1.0945339132 1.00619057867
5826 1.10344039739 1.01437819202
5829 1.11306159171 1.02322282896
5832 1.0919271886 1.00379425116
5835 1.05348083377 0.96845102465
5838 1.06268525872 0.976912531007
5841 1.1199074143 1.02951610331
5844 1.10670320617 1.01737764907
5847 1.05020462792 0.965439251852
5850 1.08376630858 0.996292061871
5853 1.01952620454 0.937236982195
5856 1.03016978705 0.947021487097
5859 0.997479304227 0.916969557753
5862 1.05636155684 0.971099235339
5865 1.07069427325 0.984275112343
5868 1.06418059964 0.978287178173
5871 1.10027751118 1.01147059248
5874 1.09018878526 1.00219615991
5877 1.08120090413 0.993933719425
5880 1.01253500738 0.930810066928
5883 1.04929686685 0.964604759083
5886 1.04784127486 0.963266652582
5889 0.696744692217 0.640508198597
5892 0.831761072338 0.76462697464
5895 0.776635699237 0.713950946798
5898 0.932060938725 0.856831317862
5901 1.05152141898 0.966649760492
5904 1.05887464174 0.973409481115
5907 1.05529616911 0.970119838465
5910 1.07303813936 0.986429797517
5913 1.05560488352 0.970403635545
5916 1.00025427941 0.919520555813
5919 1.06056510783 0.974963504278
5922 1.05343940806 0.968412942543
5925 1.08823407323 1.00039921894
5928 1.0625680551 0.976804787264
5931 1.05712470851 0.971800790597
5934 1.04210552232 0.957993850984
5937 1.06666413526 0.980570259687
5940 1.05728002259 0.971943568784
5943 1.04043697162 0.95645997435
5946 1.08673275916 0.999019080735
5949 1.02524483649 0.942494045059
5952 1.04660925386 0.962134071936
5955 1.06306670225 0.977263187011
5958 1.02727958155 0.944364559334
5961 1.09126959432 1.00318973341
5964 1.08260170739 0.995221459371
5967 1.06909303064 0.982803111153
5970 1.10520088108 1.01599658144
5973 1.10263918414 1.01364164726
5976 1.02724911312 0.944336550111
5979 1.04646307868 0.961999695025
5982 1.05840546024 0.972978168753
5985 0.995283602711 0.914951078332
5988 1.05614833132 0.97090321993
5991 1.04500252797 0.960657030034
5994 1.09014269281 1.00215378773
5997 1.01763630484 0.935499622347
6000 1.04906050813 0.964387477639
6003 1.03277799477 0.949419178029
6006 1.0259072252 0.943102970255
6009 1.00293448631 0.921984434633
6012 1.03123586813 0.94800152137
6015 1.02062186262 0.938244206207
6018 1.02100784032 0.938599030412
6021 0.992567534037 0.912454232252
6024 1.02819674033 0.945207691297
6027 1.04625094027 0.961804678988
6030 1.07780696077 0.990813712096
6033 1.09246294827 1.00428676794
6036 1.07926268263 0.992151937988
6039 1.07522505855 0.988440203465
6042 1.06423003694 0.978332625235
6045 1.09670182879 1.00818351485
6048 1.09193679217 1.00380307959
6051 1.10512179747 1.01592388092
6054 1.0540093262 0.968936860766
6057 1.03657326572 0.952908120515
6060 1.08297218286 0.995562032579
6063 1.03916852481 0.955293907941
6066 1.01588400474 0.933888755996
6069 1.11383998764 1.02393839806
6072 1.11752906208 1.0273297155
6075 1.11159406732 1.02187375316
6078 1.04527763341 0.960909930834
6081 1.03778712777 0.954024007876
6084 1.04019867126 0.956240907979
6087 1.0497853393 0.965053805365
6090 1.012532412 0.930807681032
6093 1.01559817349 0.933625995103
6096 1.06741671231 0.981262093837
6099 1.06889222779 0.982618515739
6102 0.970931564518 0.892564571066
6105 1.05637680789 0.971113255431
6108 1.04883992791 0.964184701148
6111 1.05523644487 0.97006493476
6114 1.09647183458 1.00797208422
6117 1.048439416 0.963816515838
6120 1.01179218434 0.930127199516
6123 0.994302076581 0.914048774317
6126 1.04535534479 0.960981369883
6129 1.01770002842 0.935558202592
6132 1.08496562593 0.997394578482
6135 0.991979039345 0.91191323685
6138 0.894939888808 0.822706426668
6141 1.03843111544 0.954616017241
6144 1.07805034193 0.991037449186
6147 1.06041284509 0.97482353115
6150 1.01908094756 0.936827663334
6153 1.06752422775 0.98136093136
6156 1.02586004095 0.943059594404
6159 1.04871467884 0.964069561332
6162 0.861357722073 0.791834784069
6165 1.00439293629 0.923325168449
6168 1.03679193561 0.95310914086
6171 0.984357491445 0.904906848468
6174 1.05261057594 0.967651008111
6177 1.03434629903 0.950860899432
6180 1.05762805098 0.972263506689
6183 1.09153325619 1.00343211429
6186 1.04902267205 0.964352695426
6189 1.02243997117 0.939915569399
6192 0.950672475061 0.873940657546
6195 1.08998007733 1.00200429746
6198 1.07742181242 0.990459650298
6201 1.03483080036 0.951306295116
6204 1.09481905168 1.00645270271
6207 1.09728509538 1.00871970413
6210 1.07245907499 0.985897471294
6213 0.991301370985 0.911290265272
6216 0.958014909449 0.880690460559
6219 0.994925407413 0.914621794123
6222 1.01580285337 0.933814154606
6225 1.02994859461 0.946818147809
6228 1.04694914896 0.962446533015
6231 0.900781675544 0.828076704103
6234 1.04378435285 0.959537177726
6237 1.06609461313 0.980046705511
6240 0.967897255596 0.889775170926
6243 0.934960371936 0.859496728541
6246 0.975209013926 0.896496773845
6249 1.0522278555 0.967299178264
6252 0.953234048287 0.876295478
6255 0.951989726106 0.875151589044
6258 0.874392873657 0.803817826858
6261 0.990576037177 0.910623475476
6264 1.04401222959 0.959746661805
6267 1.02008176466 0.937747701275
6270 1.00622298215 0.925007505452
6273 1.0423088866 0.958180801086
6276 0.985278215688 0.905753258112
6279 0.975640728295 0.896893643166
6282 0.97145749682 0.893048053689
6285 1.0361705671 0.952537924995
6288 1.06907865154 0.982789892632
6291 1.00656699721 0.925323753958
6294 1.01905832406 0.936806865841
6297 0.956423663718 0.879227649363
6300 1.00751072576 0.926191311153
6303 0.974328939817 0.895687733333
6306 1.00725034996 0.925951951116
6309 1.05754346156 0.972185744747
6312 0.99805837668 0.917501891415
6315 0.953576753433 0.876610522317
6318 0.92428769679 0.849685479158
6321 1.0145378069 0.932651214094
6324 1.04551347153 0.961126733712
6327 1.0394807521 0.955580934372
6330 1.04339731549 0.959181379396
6333 1.06774557088 0.981564409184
6336 0.94965132718 0.873001929778
6339 1.00958727568 0.928100256085
6342 1.02416184806 0.941498468094
6345 0.994180378973 0.913936899312
6348 1.04941981216 0.964717781085
6351 1.06095943301 0.97532600221
6354 1.01871248713 0.936488942524
6357 1.0200166838 0.937687873307
6360 0.945924913708 0.869576287061
6363 0.925036436879 0.850373786038
6366 1.00305285937 0.922093253421
6369 1.06500329765 0.979043473597
6372 1.07667438529 0.989772550408
6375 1.06998490151 0.983622996268
6378 1.0532407522 0.968230320828
6381 1.04286449349 0.958691563166
6384 1.05401570659 0.968942726169
6387 1.08490871072 0.997342257081
6390 1.09201678569 1.00387661658
6393 0.966575246414 0.888559865335
6396 1.06830642443 0.982079994444
6399 1.00642279384 0.925191189704
6402 1.06185233379 0.97614683411
6405 1.07790233465 0.990901388042
6408 1.00010583582 0.919384093577
6411 1.01955455773 0.937263046909
6414 1.03998916431 0.956048311001
6417 1.06169167306 0.975999140827
6420 0.985713946406 0.906153819609
6423 1.08407021535 0.996571439357
6426 1.08316933417 0.99574327118
6429 1.07162935037 0.985134716402
6432 1.00527817844 0.924138959872
6435 1.08480187285 0.99724404244
6438 1.01755735588 0.935427045607
6441 1.08380575154 0.996328321266
6444 1.08837320438 1.00052712037
6447 1.10859370065 1.01911555568
6450 0.885613407398 0.814132715416
6453 1.06428138782 0.978379831416
6456 1.02512003081 0.942379312842
6459 1.10625678109 1.01696725639
6462 1.00310107346 0.922137576005
6465 1.05351160145 0.968479308972
6468 1.0788195433 0.99174456585
6471 1.02925711282 0.946182477725
6474 1.07105076909 0.98460283427
6477 1.08568498584 0.998055876556
6480 1.07503888124 0.988269053121
6483 0.997847690351 0.917308210253
6486 1.07700974155 0.990080838991
6489 1.07269466205 0.986114043363
6492 1.01952510385 0.937235970341
6495 0.843975388645 0.775855434394
6498 0.953139754769 0.876208795213
6501 1.01245934856 0.930740514777
6504 1.05234464532 0.967406541602
6507 1.07096686822 0.984525705303
6510 1.05652391739 0.971248491252
6513 1.07508229254 0.988308960558
6516 1.03729502403 0.953571623403
6519 1.02299041593 0.940421586
6522 1.0720765452 0.9855458167
6525 1.08717096063 0.999421913566
6528 1.03937741261 0.955485935741
6531 1.0521802297 0.967255396489
6534 1.04350590018 0.95928119987
6537 1.06660570043 0.980516541318
6540 1.09329419083 1.00505091826
6543 1.05212581344 0.967205372342
6546 1.00622565352 0.925009961206
6549 1.07750990051 0.990540628517
6552 1.03773737542 0.953978271194
6555 0.991587438032 0.911553242931
6558 1.03365503021 0.950225425129
6561 0.92550467581 0.850804231907
6564 0.823691244868 0.757208488769
6567 1.07802980517 0.991018570007
6570 1.01779113527 0.935641955916
6573 0.990346193479 0.910412183198
6576 1.02791334823 0.944947172676
6579 1.08130229723 0.994026928769
6582 1.03169373526 0.948422432571
6585 1.05655728451 0.971279165201
6588 1.08516232776 0.997575403879
6591 1.06074164434 0.975125791963
6594 0.96745619564 0.88936971033
6597 1.04013215881 0.956179763958
6600 1.06521412738 0.979237286588
6603 1.0754764594 0.988671312952
6606 1.02426639744 0.941594578959
6609 0.976820860952 0.89797852354
6612 1.07430382446 0.987593325123
6615 1.07864046884 0.991579945059
6618 1.07256005469 0.985990300597
6621 1.09928890894 1.01056178349
6624 1.02394185999 0.941296235961
6627 1.06618332546 0.980128257587
6630 1.04625678211 0.961810049315
6633 0.980697905478 0.901542639395
6636 1.05279765184 0.96782298452
6639 1.0468142918 0.962322560616
6642 1.05321357073 0.968205333262
6645 1.04307216663 0.958882474335
6648 1.04262725252 0.958473470667
6651 1.0791646997 0.992061863571
6654 1.07006609883 0.98369763989
6657 1.06956727451 0.983239077278
6660 1.05504672761 0.969890530183
6663 0.993202709922 0.913038141059
6666 1.02017684711 0.937835109321
6669 1.04223319409 0.958111217961
6672 1.07090104621 0.984465196001
6675 1.07241617309 0.98585803214
6678 0.960020320793 0.882534008736
6681 1.06741657921 0.981261971477
6684 1.08483783338 0.997277100483
6687 1.08066308194 0.993439306588
6690 1.08372083823 0.996250261583
6693 1.07596913917 0.989124226959
6696 1.01208068821 0.930392417309
6699 1.04149198452 0.95742983378
6702 1.06045539138 0.974862643392
6705 1.02768442817 0.944736729485
6708 1.03418620135 0.950713723747
6711 1.02906892573 0.946009479816
6714 1.0088534987 0.927425704597
6717 0.970370227452 0.89204854131
6720 1.06437503341 0.978465918578
6723 1.04984830221 0.96511168633
6726 1.04112349072 0.957091082296
6729 1.05993989275 0.974388752312
6732 1.06229843389 0.97655692805
6735 1.05774599553 0.972371931553
6738 1.01585024533 0.933857721414
6741 1.03525089841 0.951692485703
6744 1.02108676119 0.93867158132
6747 1.02252002909 0.939989165582
6750 1.01980655002 0.937494700095
6753 1.01199130086 0.930310244698
6756 1.04740213475 0.962862956872
6759 1.07676087569 0.989852059891
6762 1.05836429041 0.972940321879
6765 1.05140595458 0.9665436156
6768 1.00467814198 0.923587354273
6771 0.991607580601 0.911571759729
6774 1.05632412112 0.971064821176
6777 1.0528637836 0.967883778568
6780 1.07347795518 0.986834114397
6783 1.00233953988 0.921437508232
6786 0.999285229764 0.918629721261
6789 1.03154298029 0.948283845522
6792 1.01646053451 0.934418752201
6795 1.00217004565 0.921281694429
6798 1.01810715913 0.93593247248
6801 1.03803485277 0.954251738196
6804 1.02752036323 0.944585906751
6807 1.0331216138 0.949735062464
6810 1.02937375163 0.946289702247
6813 1.04282555552 0.958655768001
6816 1.04890380907 0.964243426258
6819 1.05330500418 0.968289386822
6822 1.06909265602 0.982802766763
6825 1.08030333655 0.993108597397
6828 1.03605392667 0.952430698987
6831 1.06803177647 0.981827514197
6834 1.06101125201 0.975373638733
6837 1.05005232032 0.965299237488
6840 0.988647915343 0.908850978525
6843 0.993881531772 0.913662173025
6846 1.06136628862 0.975700019208
6849 1.06324692518 0.977428863565
6852 1.06625272423 0.980192054956
6855 0.996927215643 0.916462030005
6858 1.02714144785 0.94423757485
6861 0.98896290783 0.90914054696
6864 1.05315634187 0.968152723529
6867 0.929446244028 0.854427663541
6870 0.948532603873 0.871973502209
6873 0.923531475331 0.848990294753
6876 0.96806676615 0.889930999741
6879 1.01195919384 0.930280729137
6882 0.965622002726 0.887683560996
6885 1.01075395229 0.92917276649
6888 1.00618679233 0.924974236624
6891 1.02767938262 0.944732091179
6894 1.00615301741 0.924943187791
6897 1.02742398079 0.944497303648
6900 1.00711383977 0.925826459101
6903 1.01576436626 0.93377877392
6906 1.01976991375 0.937461020853
6909 1.04229693885 0.958169817673
6912 0.999970539822 0.919259717751
6915 0.995303330412 0.914969213747
6918 1.01544511535 0.933485290767
6921 1.05592629831 0.970699107916
6924 0.990984611653 0.910999072598
6927 0.991475547465 0.911450383411
6930 1.01580790862 0.933818801833
6933 0.975496075862 0.896760666093
6936 1.01708307679 0.934991047103
6939 1.02097801283 0.938571610395
6942 1.01784338667 0.935689989937
6945 0.95048717885 0.873770317185
6948 1.01041468728 0.928860884645
6951 0.976014604876 0.897237342971
6954 0.96979963584 0.891524003973
6957 1.01193328026 0.930256907128
6960 1.00064437918 0.919879169382
6963 1.00889444435 0.927463345389
6966 0.987546125704 0.907838117853
6969 1.01859927895 0.936384871733
6972 1.00244724612 0.921536521157
6975 0.972746035289 0.894232590095
6978 0.872283715242 0.801878905368
6981 0.967247534819 0.889177891192
6984 1.01978088049 0.937471102435
6987 1.0121982439 0.930500484708
6990 0.996753885993 0.916302690345
6993 1.02117738437 0.938754890014
6996 1.01120328769 0.929585834591
6999 0.96389733248 0.886098094404
7002 0.995053732388 0.914739761578
7005 0.956999961146 0.879757431982
7008 0.984563694724 0.905096408421
7011 0.976188540567 0.897397239756
7014 0.976086750686 0.897303665662
7017 0.902172700681 0.82935545515
7020 1.00919170509 0.927736613264
7023 0.944402009309 0.86817630115
7026 0.963257934282 0.885510304081
7029 0.985585931575 0.906036137265
7032 0.983493348743 0.904112453489
7035 0.999330255696 0.918671113006
7038 0.941713411896 0.865704709037
7041 1.0543610955 0.969260237636
7044 1.01201774709 0.930334556369
7047 1.02766846323 0.944722053129
7050 1.04017551615 0.956219621788
7053 0.941516746349 0.865523916995
7056 1.04232131489 0.958192226241
7059 0.992971846152 0.912825911042
7062 1.00220553124 0.921314315857
7065 1.00880713006 0.927383078517
7068 0.922698248289 0.848224320131
7071 1.02379347852 0.941159830833
7074 1.02823045999 0.945238689333
7077 1.01848292411 0.936277908262
7080 1.0480124498 0.96342401145
7083 0.970351048924 0.892030910743
7086 0.959649047508 0.882192702106
7089 0.992673885033 0.912551999319
7092 0.974683567235 0.896013737637
7095 0.986126004341 0.906532619029
7098 1.00641671189 0.925185598644
7101 0.998641915496 0.918038330945
7104 0.999998357514 0.919285290188
7107 0.966146061092 0.888165320934
7110 0.963539509701 0.885769152646
7113 0.969733934666 0.891463605751
7116 0.978018393012 0.899079398955
7119 0.964768413772 0.886898867938
7122 0.949335299227 0.872711409452
7125 0.9938662164 0.913648093806
7128 0.979218616797 0.900182748838
7131 0.918454167046 0.844322792265
7134 0.999056482383 0.918419436813
7137 1.01286976902 0.931117808882
7140 0.970411307849 0.892086305977
7143 0.992369859569 0.912272512722
7146 0.986223611722 0.906622348207
7149 0.925655777127 0.850943137353
7152 0.993020207325 0.91287036883
7155 0.955780105305 0.878636034608
7158 1.00314985095 0.922182416508
7161 0.97413353185 0.895508097368
7164 0.909990803197 0.836542533595
7167 0.959123124957 0.881709228447
7170 0.963385681778 0.885627740668
7173 0.984756171294 0.905273349591
7176 0.91259868234 0.838939922467
7179 0.966886091104 0.888845620756
7182 0.900975047479 0.828254468371
7185 0.920791628031 0.846471589295
7188 0.851837064728 0.783082569444
7191 0.900975151381 0.828254563886
7194 0.892718813423 0.820664621384
7197 0.921350118763 0.846985002453
7200 0.924164425864 0.849572157822
7203 0.940956714537 0.865009087143
7206 0.913954955254 0.840186726255
7209 0.907534528354 0.834284512554
7212 0.979257640015 0.900218622367
7215 0.926507803085 0.851726393569
7218 0.982909915329 0.903576110853
7221 0.93212984458 0.856894662106
7224 0.941079114658 0.865121607958
7227 0.971667993399 0.893241560415
7230 0.963391679139 0.885633253962
7233 0.961270710343 0.883683475345
7236 0.949538408817 0.872898125417
7239 0.944228458917 0.868016758565
7242 0.970886845166 0.892523461156
7245 0.910737555529 0.837229013157
7248 0.993193277042 0.913029469536
7251 0.916048814677 0.842111583584
7254 0.936903681638 0.861283187499
7257 0.981281060504 0.902078726113
7260 0.928578753533 0.853630190979
7263 0.912685192889 0.839019450473
7266 0.947127017744 0.870681365434
7269 0.959002950229 0.881598753406
7272 0.92349331526 0.848955214703
7275 0.935169770149 0.859689225554
7278 0.927732286209 0.852852044742
7281 0.933922804175 0.858542906194
7284 0.891694034095 0.819722555275
7287 0.936757802216 0.861149082471
7290 0.858264412527 0.788991145435
7293 0.857017110438 0.787844517088
7296 0.971633180215 0.893209557115
7299 0.923955212374 0.849379830623
7302 0.917043293479 0.843025794819
7305 0.953780349891 0.876797685854
7308 0.897055564093 0.82465133903
7311 0.912186376406 0.838560895064
7314 0.955626611616 0.878494929886
7317 0.913124242872 0.839423063327
7320 0.940528773696 0.864615686776
7323 0.947286282318 0.870827775254
7326 0.893907527837 0.821757390854
7329 0.9476032305 0.871119141534
7332 0.946220302131 0.869847833739
7335 0.949389765237 0.872761479336
7338 0.981449806379 0.902233851969
7341 0.983744873369 0.904343676758
7344 0.919232218958 0.845038045118
7347 0.968296387482 0.8901420876
7350 0.946206681816 0.869835312764
7353 0.956258634824 0.879075940479
7356 0.881055628433 0.809942809376
7359 0.98254389968 0.903239637499
7362 0.911189293966 0.837644290339
7365 0.949908750993 0.873238576091
7368 0.96586072583 0.887903015994
7371 0.988676315654 0.908877086556
7374 0.980469146086 0.901332343906
7377 0.971236558628 0.892844948125
7380 1.00952372963 0.928041839045
7383 0.96406181317 0.886249299331
7386 0.918233557212 0.844119988558
7389 0.902248714196 0.829425333371
7392 0.990270865874 0.910342935525
7395 1.00358702285 0.92258430286
7398 0.98021025368 0.901094347534
