Wave Flux FluxNorm
3600 0.254339729327 0.236386198763
3603 0.17927164861 0.166617082093
3606 0.151112478369 0.140445633255
3609 0.106266867197 0.0987656189526
3612 0.171873131882 0.159740817616
3615 0.215102051463 0.199918260611
3618 0.134671950125 0.125165621801
3621 0.158905153582 0.147688233051
3624 0.220071467561 0.204536891702
3627 0.291231552759 0.270673873478
3630 0.214156494848 0.199039449681
3633 0.143203033896 0.133094506798
3636 0.197296471274 0.18336955456
3639 0.261836899451 0.243354152812
3642 0.253824218152 0.235907076892
3645 0.198794729436 0.184762052511
3648 0.134269960972 0.124792008572
3651 0.206873163752 0.192270240024
3654 0.268028228878 0.249108443864
3657 0.303941139377 0.282486305915
3660 0.314952039953 0.292719960479
3663 0.273420374334 0.254119964365
3666 0.285326900635 0.265186023529
3669 0.237672636917 0.22089561603
3672 0.288539760364 0.268172091418
3675 0.298149526371 0.27710351579
3678 0.227737122493 0.211661437424
3681 0.207684045475 0.193023882597
3684 0.256359416193 0.238263318401
3687 0.165069492256 0.153417438594
3690 0.259336049601 0.241029834897
3693 0.279104165854 0.259402543989
3696 0.252676925898 0.234840770595
3699 0.326151874109 0.303129212034
3702 0.300268277626 0.279072706984
3705 0.165302139854 0.153633663883
3708 0.157827133062 0.146686308681
3711 0.245025974256 0.227729890276
3714 0.337969340315 0.314112497747
3717 0.255926968756 0.237861396901
3720 0.0953288267564 0.0885996814146
3723 0.141303560335 0.131329114754
3726 0.241002390676 0.223990326542
3729 0.197594675498 0.183646708912
3732 0.155997675419 0.144985990217
3735 0.0629339292861 0.0584915001542
3738 0.111954176598 0.104051468135
3741 0.217380141207 0.202035542785
3744 0.128043148589 0.119004739262
3747 0.0970714766443 0.0902193197772
3750 0.0908447392947 0.084432120205
3753 0.218333024479 0.202921163192
3756 0.254510177405 0.236544615119
3759 0.114342955901 0.106271626428
3762 0.182438478651 0.169560369473
3765 0.163836327001 0.152271320967
3768 0.165967112993 0.154251697381
3771 0.25557989585 0.237538823447
3774 0.271911544602 0.252717641079
3777 0.250166406512 0.232507465703
3780 0.281690502319 0.261806314125
3783 0.2803569337 0.260566880484
3786 0.217782134538 0.202409159898
3789 0.14432413078 0.134136466824
3792 0.203106046165 0.188769038662
3795 0.15258091777 0.141810417314
3798 0.141895019257 0.131878823313
3801 0.189245036626 0.175886460842
3804 0.247168347986 0.229721036463
3807 0.186676548974 0.173499279593
3810 0.222257870744 0.206568959357
3813 0.181409894318 0.168604391651
3816 0.114363996764 0.106291182042
3819 0.112266780788 0.104342005978
3822 0.102446339625 0.0952147777508
3825 0.0793218644244 0.0737226309852
3828 0.0939994965037 0.0873641869593
3831 0.120693586401 0.112173973684
3834 0.0873345182773 0.081169681398
3837 0.13160251911 0.12231285817
3840 0.0849780866053 0.078979587357
3843 0.158772582312 0.147565019826
3846 0.151112858846 0.140445986875
3849 0.129726138402 0.120568928881
3852 0.143216257482 0.133106796947
3855 0.126107331475 0.117205569111
3858 0.104147406008 0.0967957679374
3861 0.0968385976666 0.0900028794419
3864 0.153678366127 0.142830398133
3867 0.135805806389 0.126219440538
3870 0.108092948969 0.100462799844
3873 0.120187506883 0.111703617701
3876 0.17907070608 0.166430323851
3879 0.121348952313 0.112783078117
3882 0.119057657622 0.110653523118
3885 0.193127236365 0.179494620846
3888 0.161111753838 0.149739072092
3891 0.261792545755 0.24331292999
3894 0.280617109384 0.260808690685
3897 0.254358405478 0.236403556587
3900 0.224251445651 0.208421810248
3903 0.242744406797 0.225609375875
3906 0.198914169039 0.184873061018
3909 0.284860304203 0.264752363569
3912 0.304433210466 0.282943642307
3915 0.290966260411 0.270427307793
3918 0.25509742972 0.237090414011
3921 0.173310908568 0.161077103403
3924 0.202548117929 0.188250493898
3927 0.158923558308 0.14770533861
3930 0.0843665000657 0.0784111719636
3933 0.0414341376687 0.0385093525437
3936 0.0659816575898 0.0613240930427
3939 0.147835274226 0.137399762946
3942 0.171134608995 0.159054426157
3945 0.19035768297 0.17692056684
3948 0.246299427794 0.228913452286
3951 0.311095734932 0.289135867316
3954 0.31460322862 0.292395771312
3957 0.278714780686 0.259040645045
3960 0.272420739246 0.253190892296
3963 0.149750984362 0.139180245446
3966 0.0968580563234 0.0900209645359
3969 0.0499243579566 0.0464002585606
3972 0.126876379151 0.117920330652
3975 0.225987073631 0.210034922371
3978 0.31633373987 0.294004127889
3981 0.370807785703 0.344632917421
3984 0.3564852308 0.331321374159
3987 0.412777189726 0.383639752521
3990 0.396924148864 0.368905758433
3993 0.438229252574 0.407295185368
3996 0.406711943025 0.37800264417
3999 0.447856008585 0.416242400441
4002 0.501747516036 0.466329772262
4005 0.389878580151 0.362357527802
4008 0.464220739644 0.431451965139
4011 0.490560700172 0.455932620055
4014 0.508570534354 0.472671162058
4017 0.505996448367 0.470278777654
4020 0.530143895467 0.492721685984
4023 0.503867615444 0.468300216445
4026 0.507579315193 0.471749911846
4029 0.558018171495 0.518628350943
4032 0.37219570458 0.345922864801
4035 0.411676940066 0.382617168139
4038 0.569386519564 0.529194221219
4041 0.511734825983 0.47561209021
4044 0.407366939443 0.378611405191
4047 0.354026739731 0.329036424969
4050 0.537643479507 0.499691883554
4053 0.509475080232 0.473511857149
4056 0.445992027344 0.414509995356
4059 0.433302749251 0.402716437891
4062 0.438134674323 0.40720728328
4065 0.391886294816 0.364223520344
4068 0.471875595702 0.438566474266
4071 0.425424385408 0.395394198121
4074 0.515734001737 0.479328969036
4077 0.350856204091 0.326089693564
4080 0.52471298316 0.487674135137
4083 0.537630567552 0.499679883038
4086 0.524797375243 0.487752570086
4089 0.634070342032 0.589312091735
4092 0.567089267305 0.527059129189
4095 0.528322347849 0.491028719186
4098 0.487203237637 0.452812156695
4101 0.411412667698 0.382371550435
4104 0.492528902549 0.457761889432
4107 0.567577903424 0.527513273082
4110 0.492446582467 0.457685380224
4113 0.511570273881 0.475459153639
4116 0.550713468502 0.511839278005
4119 0.457184375038 0.424912288909
4122 0.499275895835 0.464032620709
4125 0.539568154844 0.501480698412
4128 0.483835913946 0.449682528267
4131 0.435767625292 0.405007321346
4134 0.406550987516 0.377853050313
4137 0.517516517981 0.480985659637
4140 0.527902624858 0.490638623927
4143 0.319049080872 0.296527796289
4146 0.455890409732 0.423709663032
4149 0.449823308023 0.418070830616
4152 0.423284897994 0.393405734508
4155 0.426462296005 0.396358843878
4158 0.474323832385 0.440841892915
4161 0.506719466929 0.47095075922
4164 0.510666125105 0.47461882762
4167 0.441208408004 0.410064045858
4170 0.506020651394 0.470301272219
4173 0.376804230538 0.350206080545
4176 0.437177623154 0.406317789182
4179 0.434573824086 0.403897789107
4182 0.43841851652 0.407471089403
4185 0.546413094895 0.507842462513
4188 0.450829033938 0.419005563568
4191 0.483625780179 0.449487227585
4194 0.513681942233 0.477421761904
4197 0.389430350008 0.361940937677
4200 0.441290841571 0.410140660539
4203 0.430046398215 0.399689948695
4206 0.525234767686 0.488159087531
4209 0.552663235919 0.513651413723
4212 0.527005905904 0.489805203268
4215 0.389269527773 0.361791467688
4218 0.627204476135 0.582930878918
4221 0.656348968982 0.610018097644
4224 0.460046289117 0.427572183972
4227 0.232273363686 0.215877470896
4230 0.587250265899 0.545796987539
4233 0.540259906315 0.502123619992
4236 0.491347541136 0.456663918876
4239 0.530292991108 0.492860257146
4242 0.605977862567 0.563202626053
4245 0.690133546264 0.641417862917
4248 0.542589746091 0.504288999227
4251 0.466966405336 0.434003817647
4254 0.481826950476 0.447815375072
4257 0.609279491218 0.566271196773
4260 0.444073508985 0.412726902863
4263 0.631051617097 0.586506454903
4266 0.691602816452 0.642783419119
4269 0.546550686573 0.507970341762
4272 0.347896338726 0.323338761477
4275 0.440357860913 0.409273537846
4278 0.650563669657 0.604641175526
4281 0.529325682622 0.491961229783
4284 0.574365746227 0.53382197036
4287 0.546115132896 0.507565533288
4290 0.414469309673 0.38521242779
4293 0.557479968943 0.518128139451
4296 0.523694302207 0.486727361627
4299 0.362781216218 0.337172933663
4302 0.387437054476 0.36008834644
4305 0.385808173132 0.358574445839
4308 0.284571250642 0.264483713946
4311 0.38888139773 0.361430735269
4314 0.538033153471 0.50005405091
4317 0.806967595946 0.750004739861
4320 0.737848659073 0.685764824245
4323 0.582720246849 0.541586736995
4326 0.387326772366 0.35998584901
4329 0.748439713139 0.695608268752
4332 0.724720729466 0.67356357914
4335 0.799834686101 0.743375333403
4338 0.561066662837 0.521461653008
4341 0.545486826342 0.506981578125
4344 0.694177562278 0.645176416785
4347 0.722152869612 0.671176981374
4350 0.757730937159 0.704243636626
4353 0.591391615721 0.54964600454
4356 0.715287928043 0.664796627637
4359 0.65335774157 0.607238017319
4362 0.773427043792 0.71883177428
4365 0.832013153209 0.773282361855
4368 0.668679576636 0.621478302778
4371 0.711755701371 0.661513736528
4374 0.588018002002 0.546510530089
4377 0.69231367946 0.643444103176
4380 0.702032812603 0.652477174592
4383 0.382792743117 0.355771871342
4386 0.566698863224 0.526696283255
4389 0.615051219094 0.571635505434
4392 0.64156898788 0.59628141734
4395 0.642982847134 0.597595473997
4398 0.772620345186 0.718082019543
4401 0.658179568586 0.61171947746
4404 0.523734131402 0.486764379328
4407 0.591704510402 0.549936812368
4410 0.724355423021 0.67322405923
4413 0.789045597201 0.733347833098
4416 0.611887100845 0.568694738424
4419 0.800127062911 0.74364707169
4422 0.686679579998 0.638207707907
4425 0.737687817462 0.685615336246
4428 0.752424077561 0.699311381759
4431 0.699871172813 0.650468122313
4434 0.663143908811 0.616333390978
4437 0.743498329729 0.691015691556
4440 0.808677744204 0.751594170844
4443 0.666977029445 0.619895936312
4446 0.849954006406 0.789956792157
4449 0.834596405538 0.77568326556
4452 0.806132646052 0.74922872806
4455 0.660439808673 0.613820169962
4458 0.682596755926 0.634413085396
4461 0.614090896352 0.570742970701
4464 0.770437663446 0.716053410639
4467 0.766302529488 0.712210170732
4470 0.735622046795 0.683695385805
4473 0.851408210352 0.791308345624
4476 0.894833176183 0.831667996204
4479 0.854381403568 0.794071664766
4482 0.734061770697 0.682245247689
4485 0.929207578825 0.863615951786
4488 0.825079181885 0.76683785109
4491 0.807182684447 0.750204645528
4494 0.753280450701 0.700107304566
4497 0.797924526854 0.741600009961
4500 0.885501190757 0.822994744221
4503 0.947037229304 0.880187029035
4506 0.955197168078 0.887770967706
4509 0.930125033442 0.864468644403
4512 0.906094536139 0.842134430528
4515 0.845093061458 0.785438975371
4518 0.836216356177 0.777188865864
4521 0.946119599685 0.879334173768
4524 0.837784289265 0.778646120472
4527 0.708798555693 0.658765332148
4530 0.706791464569 0.656899919133
4533 0.793706718975 0.737679931984
4536 0.76155896408 0.707801447807
4539 0.870124983217 0.808703924374
4542 0.830914836788 0.772261574248
4545 0.804728921235 0.747924090461
4548 0.834740868239 0.775817530816
4551 0.837128021992 0.778036178304
4554 0.771991797633 0.717497840393
4557 0.894865462653 0.831698003612
4560 0.91139347093 0.84705931999
4563 0.860208068546 0.799487032587
4566 0.809937491397 0.752764994023
4569 0.919086782889 0.854209570463
4572 0.828831136797 0.770324960091
4575 0.904424359523 0.840582149638
4578 0.875911784621 0.814082242541
4581 0.765437288528 0.711406006073
4584 0.825456137634 0.767188197993
4587 0.847830475751 0.787983158935
4590 0.926114407998 0.860741124107
4593 0.82166386921 0.763663621162
4596 0.791571422806 0.735695363761
4599 0.842392904641 0.782929419322
4602 0.844111430451 0.784526636497
4605 0.819999582618 0.762116814525
4608 0.968113295401 0.899775361392
4611 0.92205543777 0.856968671625
4614 0.899922971321 0.836398508926
4617 0.950430826725 0.883341076562
4620 0.917990396742 0.853190576874
4623 0.928604407473 0.863055357563
4626 0.918782197678 0.853926485549
4629 0.919890524106 0.854956576569
4632 0.940414879498 0.874032142805
4635 0.877847561546 0.81588137534
4638 0.830868622918 0.772218622558
4641 0.864930176898 0.803875813083
4644 0.846782857479 0.787009490757
4647 0.726440569104 0.6751620174
4650 0.84748064484 0.787658022161
4653 0.901160814057 0.837548973856
4656 0.814696912602 0.757188453504
4659 0.985832493685 0.91624378313
4662 0.890014687139 0.827189638411
4665 0.825860175989 0.767563715775
4668 0.689107614915 0.640464350808
4671 0.893101548781 0.830058602263
4674 0.85772150824 0.797175995533
4677 0.929655084065 0.864031868179
4680 0.814417384682 0.756928657117
4683 0.862419871116 0.801542706717
4686 0.874776290062 0.813026901156
4689 0.84647085926 0.78671951611
4692 0.843620037247 0.784069930138
4695 0.915543013934 0.850915951826
4698 0.835397876944 0.776428162079
4701 0.819449065084 0.761605157351
4704 0.84092358535 0.781563817484
4707 0.834026808198 0.7751538754
4710 0.840396649206 0.781074077119
4713 0.862368099608 0.801494589696
4716 0.897216348242 0.833882943061
4719 0.985375354971 0.915818913278
4722 0.959841888895 0.892087823358
4725 0.991134692326 0.92117170605
4728 0.798702858723 0.742323400335
4731 0.840741348775 0.781394444766
4734 0.918091742338 0.853284768608
4737 0.893031929027 0.829993896883
4740 0.927928755132 0.862427398695
4743 0.950026410918 0.882965207973
4746 0.962200891409 0.894280306769
4749 0.976260830918 0.907347772337
4752 0.949448383142 0.882427982471
4755 0.910165888813 0.845918391393
4758 0.939670870937 0.8733406529
4761 0.948172002458 0.881241699939
4764 0.879132873149 0.817075958368
4767 0.866095234516 0.804958630707
4770 0.987711645568 0.917990287979
4773 0.955037996685 0.887623032027
4776 1.00918869367 0.937951297507
4779 1.0111834026 0.939805202378
4782 0.958293856346 0.890649064535
4785 0.941092574149 0.87466199982
4788 0.922988617849 0.857835979663
4791 0.926774593572 0.861354707988
4794 1.04168570691 0.968154386317
4797 0.992511651001 0.922451466897
4800 0.914820152884 0.850244116654
4803 1.03152329452 0.958709326189
4806 0.95241633444 0.885186429715
4809 0.935793887885 0.869737341342
4812 0.978988133982 0.909882558412
4815 0.981273278483 0.912006397355
4818 1.03772155199 0.964470056241
4821 1.03523756963 0.962161415165
4824 0.917053367207 0.852319691108
4827 0.987326285792 0.917632130278
4830 0.970277749185 0.901787029029
4833 0.937632887914 0.871446528607
4836 0.981445021258 0.912166017018
4839 0.933769830932 0.867856160094
4842 0.942134182764 0.875630082556
4845 0.989825459135 0.91995489003
4848 0.94341708779 0.876822428885
4851 0.98487552255 0.915354363418
4854 0.933505394312 0.867610389733
4857 0.918054117639 0.85324979979
4860 0.774723540096 0.720036752495
4863 0.824033097911 0.765865608905
4866 0.922656373897 0.857527188406
4869 0.908983133029 0.844819124894
4872 0.779413493832 0.72439564813
4875 0.892407819543 0.829413842525
4878 0.956180394297 0.888684789189
4881 0.934881847475 0.868889680749
4884 0.93174603183 0.865975218497
4887 0.852145590353 0.791993674873
4890 0.83980013694 0.780519671924
4893 0.951169406123 0.884027520544
4896 1.06817770186 0.992776343724
4899 1.00376871346 0.932913907076
4902 0.975747489449 0.906870667014
4905 1.0027993963 0.93201301283
4908 0.974340828001 0.905563300078
4911 0.883121724196 0.820783241296
4914 0.981493556616 0.912211126324
4917 0.969876263104 0.901413883359
4920 0.720797225259 0.669917030298
4923 0.90263104782 0.838915425615
4926 0.933998366409 0.868068563531
4929 1.03193680656 0.959093648918
4932 1.00802785914 0.936872404873
4935 0.944360094536 0.877698869938
4938 0.827307113434 0.768908515674
4941 0.969403403035 0.900974401905
4944 1.03084559176 0.958079461643
4947 1.00340854886 0.932579166056
4950 1.03923801003 0.965879469368
4953 1.01439306857 0.942788301951
4956 0.951001455453 0.883871425306
4959 0.930972592595 0.865256375392
4962 1.03355616959 0.960598703092
4965 0.956075512885 0.888587311227
4968 0.933456563987 0.867565006281
4971 0.977313978652 0.90832657966
4974 1.04829466541 0.974296826511
4977 0.979667953307 0.910514390122
4980 0.926030289368 0.860662943307
4983 0.807364602219 0.750373721947
4986 0.897021719654 0.833702053067
4989 0.970275223211 0.90178468136
4992 0.957840452832 0.890227666221
4995 0.960567593215 0.892762301098
4998 0.95599035427 0.888508163854
5001 0.884665569415 0.822218108368
5004 0.882586397707 0.820285702849
5007 0.839198975048 0.779960945315
5010 0.938231063258 0.872002479484
5013 0.800709062899 0.744187989011
5016 0.866207118304 0.805062616756
5019 0.868102321228 0.806824039623
5022 0.849090136523 0.789153901794
5025 0.929069960166 0.86348804746
5028 0.866211415966 0.805066611051
5031 0.975010029226 0.906185263207
5034 1.02470392523 0.952371327845
5037 0.899913497 0.836389703385
5040 0.765607944579 0.711564615722
5043 0.888168413254 0.825473690743
5046 1.0434847268 0.969826415589
5049 0.868040889535 0.806766944317
5052 0.886650762665 0.824063169254
5055 0.995388639596 0.925125372383
5058 0.999299647787 0.928760307287
5061 1.0388639553 0.965531818701
5064 0.930916039424 0.86520381424
5067 0.916500918819 0.851806239376
5070 0.953282539172 0.885991490114
5073 0.916488233088 0.851794449116
5076 0.932637268789 0.866803544129
5079 0.827103381838 0.768719165243
5082 0.857093943089 0.796592729439
5085 0.915549396643 0.850921883988
5088 0.935139028223 0.869128707422
5091 0.969768805215 0.901314010792
5094 1.01730733609 0.94549685489
5097 0.904287994371 0.840455410335
5100 0.865344882839 0.804261245438
5103 0.950988186353 0.883859092855
5106 0.910398121258 0.846134230835
5109 0.867688576619 0.806439500739
5112 0.92074888706 0.855754348732
5115 0.957448684983 0.889863552786
5118 1.00658870554 0.935534839363
5121 0.926437477115 0.861041388169
5124 0.803578985909 0.746855327664
5127 0.860406891638 0.799671820999
5130 0.856032752253 0.795606446766
5133 0.921032179987 0.856017644358
5136 0.946144008929 0.879356859994
5139 0.833250800862 0.774432645473
5142 0.846059229521 0.786336942811
5145 0.879463885845 0.817383605283
5148 0.847998838638 0.788139637292
5151 0.85073145552 0.790679362089
5154 0.854692115645 0.794360444058
5157 0.956053011745 0.888566398415
5160 0.96282372391 0.894859174285
5163 0.901540357044 0.837901725368
5166 0.67649121333 0.628738525587
5169 0.685524907402 0.637134542238
5172 0.570701743377 0.530416604991
5175 0.850374759272 0.790347844593
5178 0.930203448673 0.864541524399
5181 0.837421915285 0.778309326028
5184 0.541073018652 0.502879335724
5187 0.92936792663 0.863764980836
5190 0.965436067936 0.89728711614
5193 0.800052519262 0.743577789987
5196 0.871229335731 0.809730321994
5199 0.958066818742 0.890438053238
5202 0.942646703542 0.876106425119
5205 0.797868903943 0.741548313403
5208 0.757108244875 0.70366489943
5211 0.889477299971 0.826690184747
5214 0.966047104061 0.897855019972
5217 0.901391771115 0.837763627938
5220 0.992153894547 0.922118964033
5223 0.930313182868 0.864643512592
5226 0.748051857441 0.695247791314
5229 0.927385401429 0.861922399665
5232 0.944219111805 0.877567839005
5235 0.903955666138 0.840146540746
5238 1.01529890933 0.94363020052
5241 1.01337388855 0.941841064599
5244 1.02267881806 0.950489170515
5247 0.894501009545 0.831359276804
5250 0.878897131531 0.816856857462
5253 0.941853488761 0.8753692024
5256 0.92722436335 0.861772729067
5259 1.04489803041 0.971139955823
5262 0.875471041955 0.813672611362
5265 0.732557421288 0.680847088466
5268 0.810420718913 0.753214111099
5271 0.769678322825 0.715347670944
5274 0.902583130116 0.838870890363
5277 0.984621178762 0.915117973446
5280 0.9802414731 0.911047425853
5283 0.887277858142 0.824645998827
5286 1.0448638336 0.971108172928
5289 1.04364960129 0.969979651786
5292 1.05664644772 0.982059066715
5295 1.0049658183 0.934026509755
5298 0.831697527799 0.772989016056
5301 0.94153016771 0.875068704186
5304 1.04838065524 0.974376746425
5307 1.04281882827 0.969207522018
5310 1.088667372 1.0118196731
5313 1.04752641411 0.973582805129
5316 1.01448984226 0.942878244503
5319 1.01220296783 0.940752797743
5322 1.00873320249 0.937527958899
5325 0.929045720758 0.863465519082
5328 0.709431456325 0.659353557098
5331 0.966731357949 0.898490973214
5334 1.00930789799 0.938062087345
5337 1.03286982699 0.959960808577
5340 0.902451435595 0.838748491997
5343 1.00735517035 0.936247200358
5346 0.976734780944 0.90778826681
5349 0.940149019613 0.873785049645
5352 1.0370955157 0.963888211087
5355 1.08808792647 1.01128112992
5358 1.09405443769 1.01682647241
5361 1.04812446397 0.974138639387
5364 1.01160493046 0.940196975096
5367 0.989370915647 0.919532432212
5370 0.87495598873 0.813193915114
5373 0.977148887427 0.908173142022
5376 1.05462629521 0.980181514307
5379 1.04478342612 0.97103344131
5382 1.00671348012 0.935650806255
5385 1.03094723508 0.95817393008
5388 0.997831248591 0.927395560595
5391 0.940384430629 0.874003843285
5394 0.939320972008 0.873015452908
5397 0.841670506822 0.782258014683
5400 0.95539175586 0.887951819775
5403 0.95946504546 0.891737580841
5406 0.802290872959 0.745658141033
5409 0.903894235429 0.840089446356
5412 0.989654125185 0.919795650334
5415 0.99978219622 0.929208793216
5418 1.04185279393 0.968309678865
5421 0.969554863964 0.901115171392
5424 0.951989422231 0.884789652717
5427 1.05004755749 0.975925984082
5430 0.868699289162 0.80737886832
5433 0.929937282702 0.864294146758
5436 0.904251457705 0.840421452747
5439 1.06493631913 0.989763766242
5442 1.06520764534 0.990015939868
5445 0.974745706443 0.905939598646
5448 0.942272868087 0.875758978252
5451 1.05876732491 0.984030233785
5454 0.971830045247 0.903229750409
5457 0.988202049679 0.918446075063
5460 1.05114869556 0.976949394161
5463 0.951607065282 0.884434285877
5466 1.02261338588 0.950428357106
5469 1.01685878911 0.945079970289
5472 0.983479892789 0.914057249455
5475 0.942523443653 0.875991865995
5478 0.929779586274 0.864147581928
5481 0.915830480764 0.851183126724
5484 0.996663985174 0.926310692876
5487 0.975332297951 0.906484783376
5490 0.987816027905 0.918087302094
5493 0.988428570297 0.918656605868
5496 1.01161301463 0.940204488618
5499 1.04501498323 0.971248653088
5502 0.975097165631 0.90626624876
5505 0.981842749801 0.912535670389
5508 0.996751728029 0.92639224207
5511 0.970767268548 0.902241993818
5514 0.92898527612 0.863409341157
5517 0.988137205372 0.918385808036
5520 1.0469739221 0.973069312859
5523 1.03291339309 0.960001299403
5526 1.00037958149 0.929764009792
5529 0.941342275664 0.87489407521
5532 1.01199483559 0.9405593573
5535 0.982486647229 0.913134115885
5538 0.992182885822 0.92214590885
5541 1.0619261398 0.98696607179
5544 1.01065500181 0.939314100749
5547 1.01914587557 0.947205614115
5550 1.07594999479 1.0
5553 1.02768685682 0.95514369794
5556 1.0397126891 0.966320641422
5559 1.03774464901 0.964491522876
5562 1.007920206 0.936772350834
5565 0.993895118363 0.923737276988
5568 0.991554152638 0.921561557172
5571 1.02275736164 0.950562169795
5574 1.01417043009 0.942581379245
5577 1.03081220729 0.95804843374
5580 1.0411186273 0.967627336158
5583 1.02598112154 0.953558368424
5586 0.943481482864 0.876882278389
5589 0.900026046425 0.836494308084
5592 0.965441300928 0.897291979742
5595 0.992241578294 0.922200458292
5598 1.00135837875 0.930673714944
5601 0.942550807025 0.87601729782
5604 1.00178391273 0.931069211009
5607 1.08589597711 1.00924390758
5610 1.07328118188 0.997519575333
5613 1.08233475161 1.00593406464
5616 0.91127572799 0.84694988838
5619 1.00526875118 0.934308058966
5622 1.04996689424 0.975851014755
5625 0.928159714357 0.86264205479
5628 1.01997417338 0.947975443389
5631 1.08761874313 1.01084506566
5634 1.04618607624 0.972337080072
5637 0.985840393444 0.916251125254
5640 1.01457044526 0.942953157839
5643 0.998744721831 0.928244552876
5646 1.02304136104 0.950826122023
5649 1.01223611321 0.94078360343
5652 1.05035549781 0.976212187275
5655 0.993992535736 0.923827817788
5658 0.911859897097 0.847492821704
5661 0.985726156978 0.916144952601
5664 1.01650604672 0.944752127554
5667 1.00945794061 0.93820153864
5670 1.01737980599 0.945564209227
5673 1.08483094284 1.00825405279
5676 1.07785339513 1.00176904164
5679 1.05068654164 0.97651986312
5682 1.00264459748 0.931869141071
5685 1.02456114765 0.952238628756
5688 0.982639963709 0.913276609942
5691 1.0471294532 0.973213865212
5694 1.05486205485 0.980400631964
5697 1.04750960967 0.973567186902
5700 0.985169095063 0.915627213006
5703 0.985895682155 0.916302511203
5706 0.964636939515 0.896544397217
5709 0.903943197477 0.840134952232
5712 0.934078830822 0.868143348059
5715 1.03437212118 0.96135705766
5718 1.05487428168 0.980411995715
5721 1.07983055725 1.0036066383
5724 1.09809617013 1.0205829039
5727 1.02481711674 0.9524765293
5730 1.06738623799 0.992040748319
5733 1.05712326101 0.982502222346
5736 1.08139022196 1.00505620818
5739 1.05970302942 0.984899888054
5742 1.04934715357 0.975275020816
5745 1.09032627701 1.01336147804
5748 1.02099584624 0.948924997618
5751 1.07443056639 0.998587826191
5754 0.966663777814 0.898428163479
5757 1.08784015955 1.01105085257
5760 1.03613468789 0.96299520694
5763 0.997018285433 0.926639983513
5766 1.1062786708 1.02818781185
5769 1.09516422462 1.01785792084
5772 1.06390134254 0.988801847379
5775 1.05881502797 0.984074569541
5778 1.08029812147 1.00404119773
5781 0.936190946764 0.87010637232
5784 0.957025502326 0.889470242075
5787 1.01437245159 0.942769140293
5790 1.04371133692 0.970037029579
5793 1.06065771045 0.985787179317
5796 1.07771278316 1.00163835529
5799 1.06320663528 0.988156178658
5802 1.11449087302 1.03582032475
5805 1.03123924116 0.958445323809
5808 1.06120186127 0.986292919194
5811 1.09754897871 1.02007433805
5814 1.08176282189 1.00540250674
5817 1.05674901058 0.982154389795
5820 1.12624882999 1.04674830192
5823 1.10396074946 1.02603350974
5826 1.11265817517 1.03411699481
5829 1.11197246826 1.0334796911
5832 1.10023519035 1.02257093329
5835 1.07013900653 0.994599202301
5838 1.07677181202 1.00076380616
5841 1.11891810906 1.03993504761
5844 1.11156673504 1.0331025981
5847 1.0620300892 0.987062683527
5850 1.09336988171 1.0161902384
5853 1.03231011915 0.959440609831
5856 1.03540124193 0.96231353403
5859 1.01593277105 0.944219318709
5862 1.06215016644 0.987174284667
5865 1.07743334541 1.00137864271
5868 1.07206422314 0.996388520219
5871 1.10626593641 1.02817597637
5874 1.0933874319 1.01620654974
5877 1.08711887241 1.0103804802
5880 1.03864558678 0.965328864547
5883 1.06762908959 0.992266457323
5886 1.07265445349 0.996937086936
5889 0.802932087734 0.746254093241
5892 0.905394775113 0.841484064777
5895 0.864550948643 0.803523354087
5898 0.981794447356 0.912490777554
5901 1.06960905407 0.994106658529
5904 1.07065926399 0.995082735423
5907 1.06433673949 0.989206510191
5910 1.07440423392 0.998563352501
5913 1.06061281659 0.985745454458
5916 1.02026550888 0.948246213877
5919 1.0697921893 0.994276866471
5922 1.06573137018 0.990502695605
5925 1.09157590342 1.01452289484
5928 1.06321452213 0.988163508789
5931 1.05594586067 0.981407933257
5934 1.04729691382 0.973369504991
5937 1.07442447494 0.998582164735
5940 1.06420206572 0.989081342878
5943 1.0454162164 0.9716215637
5946 1.08966632888 1.01274811483
5949 1.02767380799 0.955131570205
5952 1.04427548027 0.970561350735
5955 1.06902407924 0.993562976363
5958 1.03259895433 0.959709056491
5961 1.09161147236 1.01455595302
5964 1.08087884417 1.00458092793
5967 1.07314295719 0.997391107755
5970 1.10029102442 1.0226228261
5973 1.1070151915 1.02887234245
5976 1.03403726712 0.961045840541
5979 1.05648865272 0.98191241028
5982 1.07127238016 0.995652572472
5985 1.0136436381 0.942091772859
5988 1.06190079801 0.986942518841
5991 1.05869437386 0.983962432259
5994 1.09804260085 1.02053311601
5997 1.03936270043 0.965995358017
6000 1.06985829511 0.994338305951
6003 1.05185928647 0.977609825326
6006 1.04355470952 0.969891458312
6009 1.01582972257 0.944123544302
6012 1.04404295829 0.970345242205
6015 1.03383200376 0.960855066467
6018 1.03076152065 0.958001325003
6021 1.00064709566 0.930012640458
6024 1.03325739656 0.960321020089
6027 1.05223893888 0.977962678539
6030 1.07860376283 1.0024664418
6033 1.08802306866 1.01122085035
6036 1.08714107053 1.01040111139
6039 1.07712023389 1.00108763335
6042 1.05775384874 0.983088297659
6045 1.09298006038 1.01582793408
6048 1.09299663403 1.01584333782
6051 1.09854601583 1.02100099554
6054 1.05918698647 0.984420271944
6057 1.05013025281 0.976002842041
6060 1.08908905903 1.01221159376
6063 1.04467989413 0.970937217517
6066 1.01906991673 0.947135017118
6069 1.10684119489 1.02871062805
6072 1.1072145135 1.02905759455
6075 1.10193534442 1.02415107556
6078 1.04226965858 0.968697117546
6081 1.0422666925 0.968694360841
6084 1.03890774932 0.965572521351
6087 1.05116331463 0.976962981295
6090 1.01836179377 0.946476879688
6093 1.02469451712 0.952362583837
6096 1.06728780218 0.99194926098
6099 1.06813142451 0.992733333036
6102 0.975715086873 0.906840551696
6105 1.05398437056 0.979584902329
6108 1.0470092322 0.97310213046
6111 1.05406345606 0.979658405283
6114 1.08667425419 1.00996724704
6117 1.04696117673 0.97305746717
6120 1.01900277732 0.947072616993
6123 1.00258386463 0.931812695277
6126 1.04555270967 0.971748422073
6129 1.02303416203 0.950819431181
6132 1.0751920038 0.999295514669
6135 1.00358495734 0.932743122076
6138 0.910293341434 0.84603684729
6141 1.03032343208 0.957594160571
6144 1.06239404472 0.987400947876
6147 1.05251395873 0.978218285077
6150 1.02409594089 0.951806260377
6153 1.05855417702 0.983832131743
6156 1.02736257814 0.954842309692
6159 1.03980851789 0.966409705769
6162 0.879077434908 0.817024433444
6165 0.999664704447 0.929099595044
6168 1.02052540952 0.948487768453
6171 0.980954394374 0.911710022886
6174 1.03871452102 0.965392932807
6177 1.03115785859 0.958369685934
6180 1.04813236743 0.974145984948
6183 1.07547420559 0.999557796183
6186 1.04503359326 0.971265949455
6189 1.01982883553 0.94784036476
6192 0.95539472639 0.887954580618
6195 1.07961420759 1.0034055605
6198 1.06598689542 0.990740183635
6201 1.02653471506 0.954072884453
6204 1.07575297298 0.999816885716
6207 1.079772243 1.00355244038
6210 1.06283734472 0.987812955872
6213 0.992766372175 0.922688207614
6216 0.965360028176 0.897216443934
6219 0.995241894332 0.924988985688
6222 1.01764396186 0.945809718658
6225 1.02715082708 0.954645505879
6228 1.0357242083 0.962613702599
6231 0.914896875329 0.850315423355
6234 1.03337055542 0.9604261912
6237 1.0463439811 0.97248383862
6240 0.971696730454 0.903105846144
6243 0.941471877586 0.87501452869
6246 0.968424564934 0.900064658788
6249 1.03834282561 0.965047474915
6252 0.950755930237 0.883643231415
6255 0.951101975644 0.8839648499
6258 0.893921517114 0.830820690034
6261 0.983617586104 0.914185223167
6264 1.02871666129 0.95610080977
6267 1.01719852223 0.945395722064
6270 0.99975102617 0.929179823422
6273 1.02991936693 0.957218617885
6276 1.01009676613 0.938795270246
6279 0.942654214685 0.87611340606
6282 0.955112414104 0.887692196412
6285 1.01095639144 0.939594215657
6288 1.0450828481 0.971311727456
6291 0.998397515808 0.927921855702
6294 1.00580571797 0.934807121926
6297 0.953113463271 0.885834349074
6300 0.984318776826 0.914836917694
6303 0.952810088759 0.885552389398
6306 0.995209864306 0.924959216623
6309 1.03374320399 0.960772534967
6312 0.987508993071 0.917801940473
6315 0.936263825107 0.870174106269
6318 0.925044069987 0.859746339948
6321 0.997902541034 0.927461820592
6324 1.02608715489 0.953656917011
6327 1.02145149681 0.949348484367
6330 1.01652178052 0.944766750722
6333 1.04914303153 0.975085307501
6336 0.941756049387 0.875278641151
6339 0.991062912291 0.921104992881
6342 1.01346854311 0.941929037615
6345 0.988707071079 0.91891544762
6348 1.0320847619 0.959231160273
6351 1.04637207641 0.97250995072
6354 1.00620446061 0.935177717812
6357 1.00872431797 0.937519701527
6360 0.954332674924 0.886967498067
6363 0.939016891034 0.872732836638
6366 0.994627576915 0.924418032187
6369 1.03882230249 0.965493106109
6372 1.04695547597 0.973052168817
6375 1.04812194378 0.974136297092
6378 1.03123889624 0.958445003242
6381 1.01974087984 0.947758617755
6384 1.03256222869 0.959674923266
6387 1.05256861356 0.978269081883
6390 1.05328826271 0.978937931882
6393 0.952763545547 0.885509131614
6396 1.04170684068 0.96817402828
6399 0.977913778261 0.908884040148
6402 1.03019839606 0.957477950694
6405 1.05003686876 0.975916049856
6408 0.984810308124 0.915293752398
6411 0.996160404205 0.925842659072
6414 1.02157408852 0.949462422478
6417 1.02998092255 0.957275828374
6420 0.969613291226 0.901169474344
6423 1.04191913017 0.968371332514
6426 1.05059367359 0.976433550515
6429 1.03640457864 0.963246046435
6432 0.984592481931 0.91509130229
6435 1.04667735413 0.972793679261
6438 0.997708940168 0.927281885774
6441 1.04556570232 0.971760497592
6444 1.05709364881 0.982474700431
6447 1.06345202001 0.98838424198
6450 0.885172475504 0.822689232576
6453 1.03116425768 0.958375633322
6456 0.989590448112 0.919736468148
6459 1.05877463451 0.984037027404
6462 0.962019335933 0.894111567073
6465 1.02087173938 0.948809651309
6468 1.04015649212 0.966733116926
6471 1.00130855956 0.930627412433
6474 1.04157903114 0.96805524066
6477 1.04339230838 0.969740520875
6480 1.04312556818 0.969492609538
6483 0.980377983556 0.911174300203
6486 1.04644710137 0.972579679757
6489 1.04058594451 0.967132254798
6492 0.999680374379 0.929114158855
6495 0.841960831615 0.782527845803
6498 0.928658324658 0.8631054688
6501 0.989877536179 0.92000329102
6504 1.03081486899 0.958050907552
6507 1.04360091324 0.969934400575
6510 1.03162003445 0.958799237369
6513 1.04754978136 0.973604522918
6516 1.01277606078 0.941285436762
6519 0.998257516326 0.927791738612
6522 1.04861364644 0.974593291063
6525 1.04993204429 0.975818624819
6528 1.00993960297 0.938649201045
6531 1.02810539924 0.955532695959
6534 1.01036976641 0.939048999772
6537 1.03429254985 0.961283103172
6540 1.05656280598 0.981981329146
6543 1.0340534711 0.9610609007
6546 0.981715179367 0.912417104997
6549 1.03709893388 0.963891387986
6552 1.01604135195 0.94432023502
6555 0.969267541139 0.900848130333
6558 1.003957891 0.933089730806
6561 0.886558060371 0.823977010701
6564 0.784694715541 0.729304074855
6567 1.03033313554 0.957603179081
6570 0.995600185725 0.92532198573
6573 0.963906050661 0.895865100914
6576 0.997617116612 0.927196543931
6579 1.04208302204 0.968523655451
6582 1.00535919466 0.934392118153
6585 1.02160432981 0.949490529073
6588 1.04014340349 0.966720952211
6591 1.02475623238 0.952419942692
6594 0.937551836965 0.871371198945
6597 1.00892254372 0.937703934761
6600 1.02497566779 0.952623888427
6603 1.03682002916 0.963632170809
6606 1.00119023714 0.930517442249
6609 0.951891842395 0.884698960922
6612 1.03257896412 0.959690477363
6615 1.0363834985 0.963226454315
6618 1.03608738557 0.962951243633
6621 1.05258591755 0.978285164405
6624 0.997716348981 0.927288771609
6627 1.02192573553 0.949789247154
6630 1.01258185858 0.941104943056
6633 0.957377527812 0.889797418512
6636 1.01557351352 0.943885420735
6639 1.01410375085 0.942519406814
6642 1.01902432699 0.947092645499
6645 1.00413508247 0.933254414546
6648 1.00920535309 0.937966780962
6651 1.04064891057 0.967190776164
6654 1.03033936418 0.957608968046
6657 1.03310224991 0.960176825054
6660 1.02467308616 0.952342665668
6663 0.968657330387 0.900280993613
6666 0.997790217251 0.927357425608
6669 1.01202577664 0.940588114263
6672 1.03431885274 0.961307549375
6675 1.03289313581 0.959982472058
6678 0.943647929138 0.877036975424
6681 1.03064885515 0.957896612423
6684 1.03660243893 0.963429940007
6687 1.012558922 0.941083625542
6690 1.03750231424 0.964266294218
6693 1.0370626575 0.963857672314
6696 0.981496812413 0.912214152298
6699 1.00640029905 0.935359732254
6702 1.02280519773 0.950606629196
6705 0.994775188278 0.924555223844
6708 1.01786890404 0.946018782443
6711 1.00095673764 0.930300425194
6714 0.985836959209 0.916247933438
6717 0.946708260383 0.879881281627
6720 1.0189438027 0.94701780532
6723 1.00100031506 0.930340926534
6726 1.00339339392 0.932565080885
6729 1.02231888497 0.950154644662
6732 1.0170742564 0.945280228012
6735 1.01669343136 0.944926284937
6738 0.984481080745 0.914987764777
6741 0.995696562866 0.925411559726
6744 0.987051412119 0.917376659601
6747 0.99521916015 0.924967856284
6750 0.978494342053 0.909423622651
6753 0.982746191652 0.913375339384
6756 1.0070561517 0.935969289075
6759 1.02372027279 0.951457110226
6762 1.0206194728 0.948575191918
6765 1.00119942885 0.930525985126
6768 0.971449328581 0.902875908068
6771 0.966846262222 0.898597766535
6774 1.00762729946 0.936500120212
6777 1.01380494 0.942241688654
6780 1.02713505164 0.954630844007
6783 0.97541187397 0.906558742221
6786 0.973554955915 0.904832901742
6789 1.00206142884 0.93132713759
6792 0.978227930706 0.909176016955
6795 0.970596325624 0.902083117546
6798 0.98652065787 0.916883370646
6801 0.996671244639 0.926317439905
6804 0.988779023637 0.918982321135
6807 0.992416672053 0.922363192396
6810 0.991185031613 0.921218491949
6813 1.00369787923 0.932848072947
6816 1.00543330972 0.934461001527
6819 1.00572991049 0.934736665606
6822 1.01944585449 0.947484417886
6825 1.02735780745 0.954837875763
6828 0.993550397517 0.923416889565
6831 1.02027211544 0.948252354085
6834 1.01536958042 0.943695883022
6837 0.998577960587 0.928089563104
6840 0.951989397954 0.884789630154
6843 0.950230111157 0.883154529261
6846 1.01044398402 0.939117978447
6849 1.01323537947 0.941712332712
6852 1.01096346735 0.939600792091
6855 0.957481719097 0.889894255061
6858 0.979057892614 0.909947392867
6861 0.953594770692 0.886281681593
6864 1.00728809962 0.936184864074
6867 1.00686656433 0.93579308444
6870 1.02726225052 0.954749064075
6873 0.986838671109 0.91717893572
6876 0.992375141478 0.922324593414
6879 0.99469183123 0.924477750868
6882 0.94230565611 0.875789451809
6885 1.00106263088 0.930398843555
6888 1.00954046796 0.938278240483
6891 1.02052721934 0.948489450516
6894 0.999789655254 0.929215725727
6897 1.00077261875 0.930129303034
6900 0.997404292752 0.926998743048
6903 1.00200242005 0.931272294162
6906 0.988623923068 0.918838168925
6909 1.01051208586 0.93918127306
6912 0.978138069871 0.909092499286
6915 0.954130889047 0.886779956009
6918 0.98307900548 0.913684660291
6921 1.01061585727 0.939277719377
6924 0.963396662868 0.895391670183
6927 0.963027084237 0.895048179655
6930 0.98026060333 0.911065205703
6933 0.951460532204 0.884298096391
6936 0.980168427091 0.910979536073
6939 0.980886034517 0.911646488467
6942 0.977534868644 0.908531877296
6945 0.929596512591 0.863977431194
6948 0.97762487479 0.908615530019
6951 0.944985680871 0.878280296897
6954 0.953587475713 0.886274901557
6957 0.976991058621 0.908026454158
6960 0.96834436852 0.899990123341
6963 0.976419802736 0.907495522528
6966 0.956356100481 0.888848092487
6969 0.981815099375 0.912509971773
6972 0.960397853679 0.892604543268
6975 0.945634940735 0.878883726301
6978 0.856812831006 0.796331460714
6981 0.936923882937 0.870787571424
6984 0.985265813491 0.915717104198
6987 0.973055684853 0.904368873614
6990 0.961797254259 0.893905161872
6993 0.98148829395 0.912206235144
6996 0.977705002165 0.9086900013
6999 0.942535825644 0.876003373956
7002 0.964797896347 0.896693992303
7005 0.940170450662 0.873804967902
7008 0.960098308564 0.892326142677
7011 0.955573172798 0.888120430712
7014 0.954499807862 0.887122833295
7017 0.886362017103 0.823794805887
7020 0.981323554319 0.912053124282
7023 0.919295514166 0.854403567654
7026 0.948677177789 0.881711215561
7029 0.955965762942 0.888485308398
7032 0.961010091166 0.89317356366
7035 0.964418556924 0.896341429986
7038 0.91954227793 0.854632912665
7041 1.00682298318 0.935752579636
7044 0.98189113686 0.912580641865
7047 0.994022215006 0.923855402035
7050 1.00236404271 0.931608390317
7053 0.924949544449 0.859658486852
7056 0.991038522791 0.921082325005
7059 0.964820295985 0.896714810779
7062 0.965455589828 0.897305260006
7065 0.966226688295 0.898021927575
7068 0.91109412597 0.846781105425
7071 0.982971679301 0.913584910136
7074 0.992103947592 0.922072542772
7077 0.982781177269 0.91340785541
7080 1.00002935774 0.929438507907
7083 0.942546412463 0.876013213465
7086 0.934172547432 0.868230449329
7089 0.963782416863 0.895750194275
7092 0.952628090233 0.885383237925
7095 0.962972808455 0.894997735135
7098 0.97662902486 0.907689975918
7101 0.975283688625 0.906439605323
7104 0.976188972581 0.907280986392
7107 0.952109699154 0.884901439439
7110 0.946291375217 0.879493823876
7113 0.950943039395 0.883817132766
7116 0.953849105113 0.886518062858
7119 0.953674460521 0.886355746214
7122 0.931083243222 0.865359215327
7125 0.975458680924 0.906602245129
7128 0.957389349999 0.889808406185
7131 0.909654511297 0.845443111392
7134 0.971015968242 0.902473138105
7137 0.982212182034 0.912879024853
7140 0.955686328919 0.888225599281
7143 0.964217929015 0.896154964156
7146 0.958910030196 0.891221743426
7149 0.910527055263 0.846254063545
7152 0.958402331447 0.890749882512
7155 0.938026864367 0.871812694743
7158 0.968843175443 0.900453720093
7161 0.954554409716 0.887173580871
7164 0.904260839706 0.840430172485
7167 0.952155325909 0.884943845457
7170 0.955989756618 0.88850760839
7173 0.975337146009 0.906489289216
7176 0.928951797594 0.86337822584
7179 0.950287433823 0.88320780559
7182 0.899835153245 0.836316889821
7185 0.946084175926 0.87930125053
7188 0.882610329262 0.820307945105
7191 0.917804908735 0.853018182239
7194 0.907006619331 0.842982130882
7197 0.920318730808 0.855354556684
7200 0.941085764066 0.874655670452
7203 0.9360843887 0.870007336059
7206 0.908880996617 0.844724198168
7209 0.912700134401 0.848273747684
7212 0.953812215806 0.886483777522
7215 0.918597357004 0.853754692553
7218 0.950131681154 0.883063047312
7221 0.924162690078 0.858927175568
7224 0.92574181651 0.860394833396
7227 0.950585113523 0.883484472444
7230 0.949138678328 0.882140139341
7233 0.966262922888 0.898055604412
7236 0.928021799006 0.862513874715
7239 0.940334035877 0.873957005837
7242 0.958128036179 0.890494949411
7245 0.907251750265 0.843209958324
7248 0.960450934494 0.892653877173
7251 0.9113717541 0.847039136124
7254 0.920148419239 0.855196267201
7257 0.956903289373 0.889356655984
7260 0.91653682166 0.85183960788
7263 0.909760275982 0.845541410277
7266 0.930234536067 0.864570417372
7269 0.938626686047 0.872370175744
7272 0.933692149177 0.8677839618
7275 0.936570507384 0.87045914022
7278 0.917009186444 0.852278629011
7281 0.91561382464 0.850981764091
7284 0.882604959631 0.82030295451
7287 0.92379977301 0.858589876373
7290 0.860785705195 0.80002389457
7293 0.851115946076 0.791036711927
7296 0.940107036128 0.873746029723
7299 0.912652076074 0.848229081735
7302 0.910697970726 0.846412914295
7305 0.935495037084 0.869459586053
7308 0.888937233982 0.826188241355
7311 0.888833210482 0.826091560747
7314 0.933798143301 0.867882473928
7317 0.898700834954 0.835262641671
7320 0.911638498611 0.847287051467
7323 0.919135677996 0.854255014124
7326 0.869899113964 0.808493998955
7329 0.920037333846 0.855093023189
7332 0.919611080827 0.854696858851
7335 0.924486126684 0.85922778118
7338 0.940225001187 0.873855667773
7341 0.94258700897 0.876050944314
7344 0.889785936754 0.826977035237
7347 0.924338503005 0.859090578076
7350 0.903541300637 0.839761424799
7353 0.911734106854 0.847375910841
7356 0.859255577935 0.798601777123
7359 0.929525989265 0.863911886022
7362 0.886373181967 0.823805182638
7365 0.905076489688 0.841188246732
7368 0.927952613684 0.8624495731
7371 0.940543421686 0.874151611358
7374 0.936946653981 0.870808735088
7377 0.925163670901 0.859857498379
7380 0.950519709177 0.88342368491
7383 0.913120554293 0.84866449065
7386 0.879160785269 0.817101900206
7389 0.864942622622 0.803887380279
7392 0.929686335105 0.864060913246
7395 0.940975071016 0.874552791089
7398 0.930655498278 0.864961664375
