Wave Flux FluxNorm
3600 0.0793380204209 0.0713150612239
3603 0.0487736717828 0.0438414945426
3606 0.0332091664206 0.0298509305364
3609 0.0317208552132 0.0285131229592
3612 0.0503285782444 0.0452391630112
3615 0.0658532926911 0.059193959909
3618 0.0436137894604 0.0392033989388
3621 0.0538654536089 0.0484183762286
3624 0.0734014145889 0.0659787873148
3627 0.0984607864074 0.0885040611493
3630 0.0659620160982 0.0592916887961
3633 0.0461545198968 0.0414872011519
3636 0.0630436272029 0.0566684183687
3639 0.0891670734201 0.0801501633942
3642 0.0797927777914 0.0717238318177
3645 0.0644678696871 0.057948636093
3648 0.043094199732 0.0387363520791
3651 0.0656568600761 0.0590173912993
3654 0.0813233525627 0.0730996291082
3657 0.101013842452 0.0907989425587
3660 0.109993367333 0.098870424091
3663 0.0957951799261 0.0861080108269
3666 0.104163303088 0.0936299178827
3669 0.0840454097132 0.0755464215957
3672 0.0970558663705 0.0872412119137
3675 0.10328644132 0.092841727677
3678 0.079483277451 0.0714456293165
3681 0.0721660375749 0.0648683362735
3684 0.0871056141329 0.0782971666281
3687 0.051820032276 0.0465797955984
3690 0.0827008663421 0.0743378435102
3693 0.0960048974704 0.0862965209438
3696 0.089395181054 0.0803552039258
3699 0.116638055933 0.104843176774
3702 0.103215642681 0.0927780884624
3705 0.0518502156752 0.0466069267387
3708 0.0517186627149 0.0464886769088
3711 0.0787204467473 0.0707599389243
3714 0.108632092752 0.0976468067188
3717 0.0779906579449 0.070103949112
3720 0.032142153895 0.0288918183328
3723 0.0491841861792 0.0442104961783
3726 0.0720207314557 0.064737724056
3729 0.0593627716332 0.0533597847663
3732 0.0479090887773 0.0430643414243
3735 0.0260476844455 0.0234136445694
3738 0.0389381577985 0.0350005847463
3741 0.0633664967677 0.056958638148
3744 0.0428317661669 0.0385004567837
3747 0.0358668877718 0.0322398931028
3750 0.0341145261384 0.0306647368724
3753 0.0676728738539 0.0608295381771
3756 0.0813717476854 0.0731431303339
3759 0.0436229020218 0.0392115900037
3762 0.0642263912893 0.0577315768996
3765 0.0574755330207 0.0516633908245
3768 0.0602887577969 0.0541921317243
3771 0.102656781215 0.0922757411715
3774 0.106698745925 0.0959089671983
3777 0.0934024407779 0.0839572344659
3780 0.109449045103 0.0983811457736
3783 0.108831449149 0.0978260034468
3786 0.0875979320084 0.0787396994672
3789 0.0560056592173 0.0503421561916
3792 0.0778400727517 0.0699685916602
3795 0.0617594248355 0.0555140793775
3798 0.0582600417034 0.0523685670369
3801 0.0760116019129 0.0683250226737
3804 0.100125902998 0.0900007948836
3807 0.0774357570567 0.0696051618899
3810 0.0948468250294 0.0852555571462
3813 0.0745963563475 0.0670528920658
3816 0.0526600226443 0.0473348429796
3819 0.0485945938649 0.0436805256577
3822 0.041811682181 0.0375835275293
3825 0.0352074891352 0.0316471753378
3828 0.0482346203399 0.0433569540102
3831 0.0627466044081 0.0564014316366
3834 0.0445892450309 0.0400802127711
3837 0.0661241006733 0.059437382769
3840 0.0437333914503 0.0393109063254
3843 0.0704825649361 0.0633551027234
3846 0.0809869892098 0.0727972800833
3849 0.0675022176875 0.0606761394044
3852 0.0731157568989 0.0657220164054
3855 0.070077337352 0.0629908532775
3858 0.0552280596023 0.0496431903761
3861 0.0519638693467 0.0467090873232
3864 0.0729814596894 0.0656012998352
3867 0.0701541093513 0.0630598618034
3870 0.073078910872 0.0656888963874
3873 0.0574530129325 0.0516431480524
3876 0.0705690329354 0.0634328267532
3879 0.0598944527454 0.0538377002836
3882 0.0703747243465 0.06325816738
3885 0.0740461843661 0.0665583555457
3888 0.0625732238039 0.0562455839316
3891 0.0979567516596 0.0880509962921
3894 0.101241542396 0.0910036166273
3897 0.0914434911533 0.0821963811994
3900 0.0816220593973 0.0733681295835
3903 0.0947073627095 0.085130197781
3906 0.084137315012 0.0756290330848
3909 0.114064487843 0.102529857574
3912 0.113459929588 0.101986434525
3915 0.11109892445 0.0998641831117
3918 0.0936067010098 0.0841408391344
3921 0.0664598687151 0.0597391966828
3924 0.0727464248411 0.0653900325952
3927 0.0642243972962 0.0577297845466
3930 0.037008147928 0.0332657447371
3933 0.0242204258074 0.0217711652013
3936 0.0286092142483 0.0257161428387
3939 0.0581381524649 0.0522590036969
3942 0.0617977327524 0.0555485134536
3945 0.063605079916 0.0571730948705
3948 0.0894406386676 0.0803960646944
3951 0.115642919518 0.103948672298
3954 0.122221151533 0.109861688736
3957 0.0991403446569 0.0891148999112
3960 0.0823878243573 0.074056457509
3963 0.0513073655829 0.0461189716906
3966 0.0421583021056 0.0378950959428
3969 0.0279680663231 0.0251398302046
3972 0.0535930489917 0.0481735181914
3975 0.0930004308408 0.0835958772865
3978 0.119742679203 0.107633848856
3981 0.139051190474 0.124989810804
3984 0.145083404049 0.13041202424
3987 0.177620272112 0.159658641759
3990 0.149124308949 0.13404429763
3993 0.185500864998 0.166742319436
3996 0.171098854741 0.153796694655
3999 0.178027582639 0.160024763513
4002 0.224142330614 0.20147621463
4005 0.169002675 0.151912488498
4008 0.202724679965 0.182224397415
4011 0.218995353962 0.196849719626
4014 0.238799449818 0.21465115078
4017 0.248168100284 0.223072408054
4020 0.252781117655 0.227218939749
4023 0.221934814287 0.199491930661
4026 0.231946596338 0.208491283634
4029 0.255580124728 0.229734900693
4032 0.13198770275 0.11864060954
4035 0.162171431733 0.145772046258
4038 0.274179729052 0.246453643032
4041 0.235029658306 0.211262574773
4044 0.175956434532 0.158163057697
4047 0.144623149105 0.129998312008
4050 0.258526004802 0.232382882288
4053 0.266936313513 0.239942708931
4056 0.219664382602 0.197451093572
4059 0.206306272014 0.185443805398
4062 0.204581271594 0.183893243512
4065 0.17625203584 0.158428766688
4068 0.232516988672 0.209003995748
4071 0.202458159363 0.181984828379
4074 0.251078746503 0.225688718774
4077 0.161419098606 0.145095791888
4080 0.260898519666 0.23451547952
4083 0.273904374865 0.246206133697
4086 0.27544956891 0.247595071905
4089 0.353645773847 0.317883782323
4092 0.295605168563 0.265712461469
4095 0.268489010192 0.241338391079
4098 0.227887235975 0.204842421067
4101 0.186943025262 0.168038643026
4104 0.238994033702 0.21482605761
4107 0.306215098319 0.275249475201
4110 0.252518934914 0.226983269913
4113 0.231403456923 0.20800306852
4116 0.25445313863 0.228721879671
4119 0.214816726818 0.193093650984
4122 0.236610523956 0.21268357734
4125 0.299550985004 0.269259262103
4128 0.259365560554 0.233137539002
4131 0.203670141013 0.183074249884
4134 0.204486079911 0.18380767797
4137 0.258871619263 0.232693546914
4140 0.25798866459 0.23189987994
4143 0.14617606611 0.131394192202
4146 0.230467000245 0.207161309866
4149 0.234429955473 0.210723516148
4152 0.213495280099 0.19190583393
4155 0.235852192871 0.212001931547
4158 0.270694263324 0.243320640715
4161 0.281004707257 0.252588453756
4164 0.284579714622 0.255801942923
4167 0.23635676934 0.212455483345
4170 0.258196758345 0.232086930472
4173 0.178441163294 0.160396521336
4176 0.225629682435 0.202813159837
4179 0.258994360396 0.232803876001
4182 0.24284619311 0.218288672162
4185 0.305107681006 0.274254044093
4188 0.254381913814 0.228657857376
4191 0.255772064121 0.229907430452
4194 0.302312578895 0.271741593227
4197 0.227373299152 0.20438045547
4200 0.212736779685 0.191224035933
4203 0.221500790893 0.199101797346
4206 0.271687855813 0.244213757393
4209 0.320658355536 0.288232175894
4212 0.301840294448 0.271317067961
4215 0.216425305309 0.194539563965
4218 0.329580893601 0.296252433331
4221 0.311268680495 0.279792020129
4224 0.15872214382 0.14267156332
4227 0.0499412576284 0.0448910097136
4230 0.193879622267 0.174273785238
4233 0.248629306772 0.223486975607
4236 0.259936965377 0.23365116122
4239 0.303598947994 0.272897879842
4242 0.331407170022 0.297894029808
4245 0.449230751187 0.403802847041
4248 0.345671839563 0.310716202283
4251 0.233045218449 0.209478808942
4254 0.198086279163 0.178055049158
4257 0.331778794344 0.29822807408
4260 0.256026209296 0.230135875511
4263 0.369106067944 0.3317806733
4266 0.431790423735 0.388126151134
4269 0.32165904949 0.289131675909
4272 0.170062069225 0.152864752792
4275 0.192463171113 0.173000570955
4278 0.383802782152 0.344991200459
4281 0.328639859256 0.29540655992
4284 0.338591483098 0.304351838109
4287 0.315773026374 0.283840869602
4290 0.175107671099 0.157400124416
4293 0.314298603778 0.282515546167
4296 0.342912095802 0.308235534197
4299 0.239175213852 0.214988916142
4302 0.251703026842 0.226249869536
4305 0.26217256158 0.235660685521
4308 0.161712937348 0.14535991655
4311 0.317645417493 0.285523917484
4314 0.361229552684 0.324700660905
4317 0.539131235968 0.48461225648
4320 0.450711325386 0.405133700005
4323 0.396508018092 0.356411635128
4326 0.215866586756 0.194037345134
4329 0.500193899775 0.449612410255
4332 0.487984654325 0.438637809652
4335 0.569117680945 0.511566359292
4338 0.349568430295 0.314218755096
4341 0.353769322682 0.317994837436
4344 0.452614025452 0.40684399188
4347 0.480245781225 0.431681520523
4350 0.530225445123 0.476607052719
4353 0.376349190531 0.338291344073
4356 0.507687179522 0.456347941354
4359 0.44620345789 0.401081685035
4362 0.515548203513 0.463414029016
4365 0.581056833316 0.522298179645
4368 0.44181127869 0.397133659524
4371 0.494234734435 0.44425585814
4374 0.388927175613 0.349597395969
4377 0.466838383172 0.419629929017
4380 0.42988751004 0.386415667233
4383 0.207781865769 0.186770181559
4386 0.349308933773 0.313985499839
4389 0.397288351509 0.357113058292
4392 0.416994091906 0.374826080062
4395 0.407470333864 0.366265400274
4398 0.549422769882 0.493863071754
4401 0.438529483589 0.394183731895
4404 0.294022137999 0.264289512913
4407 0.305685802991 0.274773704208
4410 0.474185508242 0.42623408515
4413 0.507731182028 0.456387494161
4416 0.353117877707 0.317409269028
4419 0.548811806415 0.493313891212
4422 0.434090617625 0.390193740761
4425 0.483877593375 0.434946070161
4428 0.485405831674 0.436319767252
4431 0.462025099096 0.41530338234
4434 0.408378713842 0.36708192145
4437 0.468588494976 0.421203062929
4440 0.577820266123 0.519388906307
4443 0.412006711819 0.370343042619
4446 0.594965687658 0.534800518293
4449 0.565599461368 0.508403915319
4452 0.544644002063 0.48956755092
4455 0.406692808823 0.365566501491
4458 0.424804045658 0.3818462619
4461 0.362016842036 0.325408336595
4464 0.522748077405 0.469885824564
4467 0.489849831561 0.440314373146
4470 0.476594718033 0.428399666581
4473 0.575646798744 0.517435228129
4476 0.596451244201 0.536135849768
4479 0.609316243143 0.547699891602
4482 0.481415771129 0.432733196645
4485 0.667916477493 0.600374249725
4488 0.57665504876 0.518341520109
4491 0.539344466255 0.484803924117
4494 0.492768118054 0.442937551526
4497 0.493893186148 0.443948848501
4500 0.634134430592 0.570008370538
4503 0.694730305362 0.624476562412
4506 0.651913171377 0.585989258148
4509 0.660643269467 0.593836535866
4512 0.616582287109 0.554231165858
4515 0.593298914156 0.5333022952
4518 0.575620649579 0.517411723266
4521 0.694706508391 0.62445517188
4524 0.580762064527 0.522033218986
4527 0.438205294758 0.393892326258
4530 0.44832400089 0.402987790746
4533 0.508944987454 0.457478555015
4536 0.488962902706 0.439517133875
4539 0.613119060136 0.55111815343
4542 0.560131463814 0.503488862255
4545 0.555947787198 0.499728254764
4548 0.590918933644 0.531162987274
4551 0.623089042326 0.560079933501
4554 0.518362591547 0.46594381554
4557 0.682377073448 0.613372535798
4560 0.693315806094 0.623205102632
4563 0.634827302981 0.570631177064
4566 0.628746478114 0.565165268091
4569 0.726302324939 0.652855900555
4572 0.595240790669 0.535047801852
4575 0.672679031628 0.604655196463
4578 0.643377326049 0.578316589623
4581 0.579178681077 0.520609953228
4584 0.64516521982 0.579923684847
4587 0.642958568838 0.577940178717
4590 0.713291083996 0.64116040526
4593 0.608030782102 0.546544421219
4596 0.60241579954 0.541497246825
4599 0.648732980013 0.583130659704
4602 0.632007116622 0.568096178562
4605 0.593683516608 0.533648005205
4608 0.774755103121 0.696408951465
4611 0.740442579233 0.66556623912
4614 0.730725318434 0.656831624302
4617 0.809459753052 0.727604136591
4620 0.752945409565 0.676804736197
4623 0.763181644675 0.686005844691
4626 0.712616843919 0.640554346877
4629 0.715335747118 0.642998304353
4632 0.773371822572 0.69516555345
4635 0.670961676326 0.603111506592
4638 0.635045849243 0.570827623105
4641 0.605239616909 0.544035509155
4644 0.630254989986 0.566521233566
4647 0.506702796248 0.455463102622
4650 0.652800583423 0.586786931749
4653 0.704737806384 0.633472067269
4656 0.621627237167 0.55876595158
4659 0.815513665674 0.733045854786
4662 0.735299550682 0.66094329297
4665 0.667075278577 0.599618116009
4668 0.516393719717 0.464174043439
4671 0.699397216148 0.628671537616
4674 0.657630382963 0.591128323783
4677 0.729468238005 0.655701664577
4680 0.639846081236 0.575142437575
4683 0.671608243406 0.603692690375
4686 0.678184836722 0.609604233826
4689 0.671583807831 0.603670725818
4692 0.6514712673 0.585592041074
4695 0.738255050123 0.663599921186
4698 0.642932030057 0.577916323638
4701 0.654373386538 0.588200687094
4704 0.678548721645 0.609931321336
4707 0.637759260597 0.573266644092
4710 0.6481439466 0.582601191565
4713 0.673536074838 0.605425572238
4716 0.676997189283 0.608536685765
4719 0.777656545477 0.69901698905
4722 0.749721620459 0.673906948777
4725 0.800782993277 0.719804803418
4728 0.575238679364 0.517068379316
4731 0.619110887684 0.556504064827
4734 0.692853711515 0.622789736797
4737 0.708473882622 0.636830337418
4740 0.743460442864 0.668278925024
4743 0.70776023304 0.636188854767
4746 0.737197563036 0.662649371173
4749 0.758571674546 0.68186205209
4752 0.722202907994 0.649171032078
4755 0.71816209879 0.645538844708
4758 0.695202370724 0.624900890747
4761 0.701759569652 0.630795001044
4764 0.638057418724 0.573534651347
4767 0.60975588768 0.548095077629
4770 0.70837158394 0.636738383564
4773 0.684667257146 0.615431127501
4776 0.727596008497 0.654018761963
4779 0.719380650205 0.646634171617
4782 0.644812053282 0.579606231839
4785 0.643232141102 0.578186086324
4788 0.663190282198 0.596125985084
4791 0.669787215699 0.602055811844
4794 0.801026522213 0.720023705791
4797 0.754680153882 0.678364056641
4800 0.695495918419 0.625164753795
4803 0.818811768136 0.736010440715
4806 0.700626315521 0.629776345835
4809 0.699972524509 0.62918866863
4812 0.734903609818 0.660587391137
4815 0.717351213474 0.644809959167
4818 0.80153458932 0.72048039524
4821 0.798879378422 0.718093689261
4824 0.683376315408 0.61427073065
4827 0.753275383186 0.677101341644
4830 0.74353677302 0.668347536387
4833 0.675158671838 0.606884086123
4836 0.758007730733 0.681355136398
4839 0.708306290364 0.63667969272
4842 0.712743329554 0.640668041809
4845 0.749070725831 0.673321875064
4848 0.712713851121 0.640641544346
4851 0.754842737801 0.678510199462
4854 0.71164642749 0.63968206261
4857 0.723498262663 0.650335395608
4860 0.639946834574 0.575233002355
4863 0.656472331269 0.590087378635
4866 0.710448858085 0.63860559593
4869 0.720600680721 0.647730828057
4872 0.614297900087 0.552177784649
4875 0.699072580224 0.628379730099
4878 0.787354157077 0.70773394167
4881 0.699259321248 0.628547587167
4884 0.731127339078 0.657192991106
4887 0.650748238111 0.584942127318
4890 0.646046481621 0.580715830139
4893 0.737430345636 0.66285861392
4896 0.897991737038 0.807183433185
4899 0.819909854388 0.736997484353
4902 0.780398700398 0.701481846946
4905 0.809317538112 0.727476302961
4908 0.797188235825 0.716573561367
4911 0.747079208231 0.671531747218
4914 0.817372202391 0.734716449276
4917 0.83789997544 0.753168376662
4920 0.572175959914 0.514315373583
4923 0.768919283881 0.691163272228
4926 0.773400206187 0.695191066807
4929 0.902980398933 0.811667622815
4932 0.858614145392 0.771787851795
4935 0.809428183843 0.727575759779
4938 0.67705587072 0.608589433115
4941 0.787383573907 0.70776038376
4944 0.866669652422 0.779028755639
4947 0.875934636578 0.787356829731
4950 0.916073229913 0.823436457455
4953 0.881206303929 0.79209540624
4956 0.74843838838 0.672753481956
4959 0.691711519732 0.621763047745
4962 0.804202179377 0.722878228551
4965 0.717427757058 0.644878762375
4968 0.703601171406 0.632450373098
4971 0.802068318638 0.720960151841
4974 0.848967899999 0.763117071038
4977 0.816253629017 0.733710990251
4980 0.72252587117 0.649461336003
4983 0.606972436573 0.545593099573
4986 0.71674990357 0.644269455983
4989 0.771985258443 0.693919203904
4992 0.784034610139 0.704750079812
4995 0.761606369018 0.684589866837
4998 0.766316841851 0.688823998929
5001 0.679909187092 0.611154211397
5004 0.69703765174 0.626550581241
5007 0.639509864107 0.574840219987
5010 0.743531740902 0.668343013136
5013 0.602964267552 0.541990251687
5016 0.656084832669 0.589739065351
5019 0.703913289008 0.632730928193
5022 0.638985834576 0.574369182294
5025 0.738022843702 0.663391196352
5028 0.678835719921 0.610189297266
5031 0.802738918003 0.721562937674
5034 0.849078162761 0.763216183615
5037 0.70374844641 0.632582755099
5040 0.571231976076 0.513466848943
5043 0.70008497262 0.629289745565
5046 0.88167633536 0.792517906324
5049 0.696274578168 0.62586467254
5052 0.710188917405 0.638371941429
5055 0.806751876214 0.725170090449
5058 0.836816685758 0.752194633309
5061 0.890209346304 0.800188027089
5064 0.713440528635 0.641294737496
5067 0.733651844275 0.659462208836
5070 0.747336333753 0.671762871239
5073 0.742660017496 0.667559441681
5076 0.735377177359 0.661013069746
5079 0.66142916586 0.594542959458
5082 0.634986930003 0.570774662001
5085 0.700074498648 0.629280330761
5088 0.750128673085 0.67427283871
5091 0.776015987676 0.697542330628
5094 0.820957182696 0.737938902881
5097 0.730242162522 0.656397326934
5100 0.660644793378 0.593837905673
5103 0.735122303992 0.660783970133
5106 0.702162325349 0.631157028569
5109 0.670433938855 0.60263713592
5112 0.688393916995 0.618780933482
5115 0.784112655065 0.704820232541
5118 0.827909210769 0.744187915713
5121 0.726129088706 0.652700182621
5124 0.592012767489 0.532146208524
5127 0.644936263293 0.579717881266
5130 0.631566304595 0.567699943107
5133 0.754386558333 0.678100150578
5136 0.794373337913 0.714043316525
5139 0.683971611726 0.614805828364
5142 0.712337211079 0.640302991562
5145 0.693265411425 0.623159804063
5148 0.664743027087 0.597521710566
5151 0.643644331532 0.578556594506
5154 0.613802704107 0.551732664749
5157 0.804811904076 0.723426295595
5160 0.792973791217 0.712785297258
5163 0.757377195263 0.680788363047
5166 0.509826631341 0.458271043754
5169 0.471372942899 0.423705937
5172 0.402952419097 0.36220435405
5175 0.581034772184 0.522278349418
5178 0.643128908762 0.578093293227
5181 0.550720179764 0.495029282666
5184 0.40519406781 0.36421931881
5187 0.75879845665 0.682065901135
5190 0.80012276872 0.719211343252
5193 0.581232014222 0.522455645599
5196 0.718466316533 0.645812298807
5199 0.808262888599 0.726528303576
5202 0.736263078934 0.66180938562
5205 0.504097676387 0.453121422284
5208 0.446276613272 0.401147442669
5211 0.629918351311 0.566218637061
5214 0.833912981684 0.749584562719
5217 0.810525892665 0.728562464154
5220 0.888921152835 0.799030100592
5223 0.814847772241 0.732447299002
5226 0.600946570034 0.540176591335
5229 0.852293402804 0.766106286485
5232 0.867282350808 0.779579495658
5235 0.820671860964 0.737682433956
5238 0.929506686142 0.835511472035
5241 0.886680722362 0.79701623088
5244 0.947890627034 0.85203635964
5247 0.688427892314 0.618811473089
5250 0.737880273772 0.66326304363
5253 0.819808395388 0.736906285269
5256 0.818247279398 0.735503035203
5259 0.960186053105 0.863088425955
5262 0.789487834494 0.709651853598
5265 0.61582039147 0.553546315973
5268 0.6888421845 0.61918387049
5271 0.617942285973 0.555453636519
5274 0.84174877893 0.756627974659
5277 0.913566013578 0.82118278027
5280 0.932281351109 0.838005552439
5283 0.810529305389 0.72856553177
5286 1.01022080334 0.908063473955
5289 0.958736709789 0.86178564569
5292 1.00224760864 0.900896558705
5295 0.944801741878 0.849259834176
5298 0.706438696499 0.635000956974
5301 0.851784797016 0.765649112828
5304 1.00241856993 0.901050231742
5307 1.00648863424 0.904708715836
5310 1.05495054087 0.948269972087
5313 0.987995203641 0.888085410536
5316 0.990604942621 0.890431242888
5319 0.952160461785 0.855874412633
5322 0.968151611971 0.870248477532
5325 0.894182973839 0.803759826454
5328 0.591889946742 0.532035807873
5331 0.870177860309 0.782182200342
5334 0.973604761454 0.875150184018
5337 0.98790273551 0.88800229313
5340 0.830095242277 0.746152887488
5343 0.936690712125 0.841969022275
5346 0.898323524571 0.807481669113
5349 0.84423805087 0.758865522053
5352 1.02534651491 0.921659616643
5355 1.1039739343 0.992335935485
5358 1.12280264955 1.0092606202
5361 1.04606076111 0.940279160319
5364 1.01775616218 0.914836828948
5367 0.993573612894 0.893099710052
5370 0.821083163416 0.738052143956
5373 0.939442919265 0.844442915872
5376 1.0353511976 0.930652588171
5379 1.09274428354 0.982241869272
5382 1.01111010605 0.908862847025
5385 1.01244770644 0.910065184233
5388 0.986650799665 0.886876957749
5391 0.866357453629 0.778748127563
5394 0.918691818261 0.825790244294
5397 0.75703449782 0.680480320459
5400 0.964161916482 0.866662235065
5403 0.953394216595 0.856983405513
5406 0.720929772847 0.648026641148
5409 0.819440857754 0.736575914424
5412 0.981513390455 0.882259062692
5415 1.041878326 0.936519668785
5418 1.08083419542 0.971536174088
5421 1.00102973678 0.899801842632
5424 0.995829677844 0.895127633224
5427 1.08496985653 0.97525362158
5430 0.827022872985 0.743391207741
5433 0.888269205011 0.798444080185
5436 0.861536397739 0.774414594987
5439 1.04030019656 0.935101125732
5442 1.1188840489 1.00573828319
5445 1.00082077587 0.899614012633
5448 0.833294793436 0.749028887993
5451 0.985218406516 0.885589413585
5454 0.880292387658 0.791273908621
5457 0.876575408683 0.787932804549
5460 0.975264954667 0.876642492245
5463 0.888863518913 0.798978294828
5466 0.974314855455 0.875788470641
5469 0.967313918216 0.869495494522
5472 0.938820084535 0.843883064534
5475 0.885357468038 0.795826789012
5478 0.901824160679 0.810628307725
5481 0.866525042568 0.778898769278
5484 0.981630117341 0.882363985716
5487 0.944913026667 0.849359865428
5490 0.949407233617 0.853399601258
5493 0.975983212112 0.877288116795
5496 0.964463730172 0.86693352822
5499 1.02697573137 0.923124080607
5502 0.947324611664 0.851527581874
5505 0.929910573315 0.835874516618
5508 0.976788029832 0.878011548318
5511 0.937900803843 0.843056744965
5514 0.837484162624 0.752794612403
5517 0.937664871457 0.84284467095
5520 1.0608032972 0.953530875672
5523 1.05262997691 0.946184072297
5526 1.01620887832 0.913446012253
5529 0.950787866305 0.854640619173
5532 1.01586908168 0.913140577126
5535 0.994741277237 0.894149295782
5538 1.00294262467 0.901521292096
5541 1.09903229106 0.987894009813
5544 1.03202709523 0.927664631546
5547 1.03210846404 0.927737772035
5550 1.11250020766 1.0
5553 1.06333350981 0.955805223664
5556 1.04144343593 0.93612875643
5559 1.03796038036 0.932997920552
5562 1.00436894554 0.902803378038
5565 1.00107508269 0.899842602995
5568 0.997095244382 0.896265220911
5571 1.0535644214 0.947024022239
5574 1.03714711398 0.93226689473
5577 1.06224466545 0.954826487341
5580 1.06597172199 0.958176649898
5583 1.02968777539 0.925561872524
5586 0.939879874477 0.844835684528
5589 0.866915335427 0.779249594254
5592 0.936937288152 0.842190663607
5595 1.01756426992 0.914664341557
5598 0.95788357094 0.861018779452
5601 0.916219795449 0.823568201732
5604 0.969241429594 0.871228088696
5607 1.09587144765 0.98505280278
5610 1.0642925995 0.956667326596
5613 1.10339871577 0.991818885219
5616 0.908985285331 0.817065272502
5619 0.96399462965 0.866511864908
5622 1.0318623489 0.927516544979
5625 0.877190014595 0.788485259198
5628 0.991942500613 0.891633541983
5631 1.04336912852 0.93785971574
5634 1.04920548761 0.943105880233
5637 0.97221178864 0.873898073857
5640 0.98133277354 0.882096710439
5643 0.973373175587 0.874942016986
5646 0.993734577333 0.893244397161
5649 0.994278378745 0.893733207327
5652 1.09142442988 0.981055484183
5655 1.03859087185 0.93356465437
5658 0.897202623613 0.806474117879
5661 0.998000223045 0.897078684726
5664 1.00331484543 0.901855872494
5667 1.00765258882 0.905754966945
5670 0.99857476979 0.897595131142
5673 1.09131238235 0.980954767321
5676 1.11005496948 0.997802033508
5679 1.07598353549 0.967176031146
5682 1.0220990502 0.918740547789
5685 1.08735817851 0.977400427451
5688 0.993288949678 0.892843833052
5691 1.10723171859 0.995264280371
5694 1.12710632237 1.01312908943
5697 1.0698520608 0.96166459425
5700 0.999139613346 0.898102855591
5703 0.97670204452 0.877934258165
5706 0.994863304375 0.894258983077
5709 0.881849169627 0.792673262939
5712 0.946650794625 0.85092190375
5715 1.07496687356 0.966262177894
5718 1.07691171335 0.968010348166
5721 1.12409145911 1.01041910048
5724 1.13656322314 1.0216296728
5727 1.01153724333 0.90924679058
5730 1.09183468641 0.981424254032
5733 1.08852645994 0.978450567868
5736 1.10028669313 0.989021562019
5739 1.07892293708 0.969818189378
5742 1.08304841819 0.97352648632
5745 1.14580583618 1.02993763803
5748 1.04418758599 0.938595407714
5751 1.13151481412 1.0170917779
5754 1.00362514965 0.902134797585
5757 1.1718681628 1.0533644441
5760 1.06446653547 0.956823673503
5763 1.01345106447 0.910967078923
5766 1.16558169593 1.04771368841
5769 1.15476583707 1.03799156991
5772 1.10872147305 0.996603385258
5775 1.09830862727 0.987243525623
5778 1.12198047793 1.00852158966
5781 0.941374528471 0.846179193486
5784 0.943477399871 0.848069414616
5787 1.01247716809 0.91009166661
5790 1.05049945695 0.944268998526
5793 1.1306201484 1.01628758414
5796 1.15567747065 1.03881101567
5799 1.12100105378 1.00764120857
5802 1.22871642444 1.10446399558
5805 1.12048727175 1.00717938211
5808 1.14796028343 1.03187421946
5811 1.17648503347 1.05751443943
5814 1.12970932322 1.01546886503
5817 1.105467083 0.993678091369
5820 1.21108298218 1.08861371336
5823 1.15105480231 1.03465580895
5826 1.17790346207 1.05878943119
5829 1.19926484236 1.07799066832
5832 1.18516539465 1.06531700982
5835 1.13170037507 1.01725857423
5838 1.13263962926 1.0181028475
5841 1.20808125308 1.0859155304
5844 1.20117783607 1.07971021291
5847 1.12443239598 1.01072556053
5850 1.13598054905 1.0211059209
5853 1.04779340608 0.941836593702
5856 1.08177774261 0.972384306231
5859 1.05389028094 0.947316929637
5862 1.10126918067 0.989904696722
5865 1.0869253751 0.977011390751
5868 1.08336935444 0.973814968288
5871 1.15076856306 1.03439851529
5874 1.11807518785 1.00501121722
5877 1.09666429454 0.985765474013
5880 0.988912803209 0.888910218982
5883 1.06218920881 0.954776638685
5886 1.02037316537 0.917189190931
5889 0.556727018043 0.500428686853
5892 0.72099546388 0.648085689257
5895 0.628851143041 0.565259348907
5898 0.844152076475 0.758788241712
5901 1.01563799396 0.91293285787
5904 1.04757706241 0.941642127522
5907 1.05339334351 0.946870244392
5910 1.08792365101 0.977908717248
5913 1.04609753412 0.940312214698
5916 0.993366509927 0.892913550116
5919 1.06045534498 0.953218109696
5922 1.04704236676 0.941161502307
5925 1.06295168321 0.955462008811
5928 1.09232393379 0.981864026872
5931 1.08990778305 0.979692206389
5934 1.04943021532 0.943307882638
5937 1.08700476043 0.977082748344
5940 1.08534597803 0.975591708263
5943 1.07517482919 0.96644910427
5946 1.1505317671 1.03418566503
5949 1.06742398832 0.959482057594
5952 1.08101295541 0.971696857192
5955 1.07518980457 0.966462565283
5958 1.04738751776 0.941471750343
5961 1.14768983214 1.03163111722
5964 1.12096409786 1.00760798977
5967 1.12418390679 1.0105021995
5970 1.16700446153 1.0489925786
5973 1.16723409695 1.04919899242
5976 1.09998774604 0.988752845586
5979 1.07581839111 0.967027586783
5982 1.09580471294 0.984992816539
5985 1.0416665409 0.936329300189
5988 1.12671384423 1.01277630015
5991 1.12043566799 1.00713299672
5994 1.19102271225 1.07058201342
5997 1.11415513005 1.00148757041
6000 1.10684006477 0.994912232057
6003 1.10074871643 0.989436863788
6006 1.10687184185 0.994940795719
6009 1.09015932579 0.979918312179
6012 1.12160379259 1.00818299616
6015 1.10941592217 0.997227609065
6018 1.0665690994 0.958713618257
6021 1.10886326828 0.99673084162
6024 1.13588482937 1.02101988076
6027 1.16947041568 1.05120916619
6030 1.19067502107 1.07026948209
6033 1.2046677055 1.0828471736
6036 1.22248969249 1.0988669342
6039 1.19327918897 1.07261030673
6042 1.20547372254 1.08357168316
6045 1.25533111346 1.12838730709
6048 1.2361824807 1.11117505614
6051 1.25718118989 1.13005029683
6054 1.20042576369 1.07903419291
6057 1.14217761534 1.02667631653
6060 1.21460477651 1.0917793706
6063 1.14640973616 1.03048046937
6066 1.14044364454 1.02511769138
6069 1.29000689208 1.15955654048
6072 1.30555463161 1.17353203408
6075 1.28674830391 1.15662747301
6078 1.22164898724 1.09811124423
6081 1.17650876925 1.05753577496
6084 1.20776432868 1.08563065459
6087 1.21046136584 1.08805495721
6090 1.13459181663 1.01985762233
6093 1.15910019742 1.04188762343
6096 1.24096776297 1.11547643265
6099 1.2481742482 1.12195417098
6102 1.1013438831 0.989971844962
6105 1.20390257441 1.08215941545
6108 1.19682053239 1.07579353617
6111 1.20485874223 1.08301889198
6114 1.2948330575 1.1638946659
6117 1.23749177973 1.11235195392
6120 1.13010364622 1.01582331261
6123 1.13782497202 1.02276382888
6126 1.20244382841 1.08084818334
6129 1.16877836537 1.05058709861
6132 1.30710696821 1.17492739256
6135 1.08687807421 0.976968873112
6138 1.04375856886 0.938209774406
6141 1.21779245677 1.09464470063
6144 1.28326789588 1.15349901694
6147 1.26603687968 1.13801046594
6150 1.14321978798 1.02761310075
6153 1.24722773652 1.12110337412
6156 1.19806210885 1.07690955975
6159 1.13117989385 1.01679072602
6162 0.872547867325 0.78431254333
6165 1.07216800647 0.963746342777
6168 1.10794119624 0.995902012971
6171 1.06332426457 0.955796913335
6174 1.10789002704 0.995856018195
6177 1.1208951743 1.00754603602
6180 1.15525005189 1.0384268191
6183 1.17775252327 1.05865375589
6186 1.08336044685 0.973806961462
6189 1.01300419515 0.910565398708
6192 0.934992897659 0.840442897198
6195 1.12841096907 1.01430180534
6198 1.10882806059 0.996699194258
6201 1.08211446301 0.972686976196
6204 1.15036081059 1.03403199628
6207 1.16108239869 1.04366937705
6210 1.10426984378 0.992601921486
6213 0.982237895995 0.882910303505
6216 0.924830253461 0.831307937826
6219 0.992090138188 0.89176624989
6222 0.966864898 0.86909188092
6225 0.977581603374 0.878724872717
6228 1.01822145796 0.915255072265
6231 0.861257290355 0.774163711993
6234 1.04672459896 0.940875868387
6237 1.07251484499 0.964058107679
6240 0.890305045831 0.80027404912
6243 0.893642057817 0.803273609895
6246 0.997444450493 0.896579113985
6249 1.06935706578 0.96121965499
6252 0.966459524174 0.868727500021
6255 0.988975142028 0.888966253865
6258 0.797815498918 0.717137393256
6261 1.00650535956 0.904723749832
6264 1.09354179919 0.982958737142
6267 1.03554754487 0.930829080069
6270 1.05546813827 0.94873522809
6273 1.08331857949 0.973769327888
6276 1.03032528053 0.926134910748
6279 1.05328063425 0.946768932717
6282 1.0379287785 0.932969514388
6285 1.11067591314 0.998360185004
6288 1.2006742506 1.07925755189
6291 1.11965247437 1.00642900258
6294 1.08850423247 0.978430588123
6297 0.979667089256 0.880599466418
6300 1.10451367601 0.992821096483
6303 1.08758504735 0.977604354467
6306 1.06857516138 0.960516819701
6309 1.1963913098 1.07540771819
6312 1.0924250432 0.981954911715
6315 1.0944169204 0.9837453628
6318 1.0446047353 0.938970373311
6321 1.14763834164 1.03158483364
6324 1.17670292039 1.0577102928
6327 1.16774910704 1.04966192276
6330 1.19940889983 1.07812015816
6333 1.25430824774 1.1274678774
6336 1.08001092842 0.970796158945
6339 1.18146838144 1.0619938525
6342 1.17342228296 1.05476140578
6345 1.09116219242 0.980819765163
6348 1.21295696784 1.09029819455
6351 1.22248126484 1.09885935879
6354 1.14468681226 1.02893177401
6357 1.12842135696 1.01431114277
6360 1.00843069451 0.90645438766
6363 1.00964937537 0.90754983093
6366 1.13664989848 1.0217075832
6369 1.2537663329 1.12698076303
6372 1.2739504741 1.14512380792
6375 1.25820944821 1.1309745738
6378 1.20034307061 1.07895986207
6381 1.19111580494 1.07066569223
6384 1.23589155325 1.11091354836
6387 1.25472702201 1.12784430364
6390 1.26568787987 1.1376967583
6393 1.10269210454 0.991183729178
6396 1.25005133712 1.1236414416
6399 1.18266148652 1.0630663063
6402 1.25613763048 1.12911226608
6405 1.27776644593 1.14855389431
6408 1.19791033957 1.07677313795
6411 1.1983445254 1.07716341727
6414 1.19110787323 1.07065856261
6417 1.25004367558 1.12363455483
6420 1.13900739977 1.02382668509
6423 1.27443807185 1.14556209795
6426 1.27503057252 1.14609468271
6429 1.22829547424 1.10408561345
6432 1.16511906384 1.04729783943
6435 1.24874289362 1.12246531284
6438 1.20136075916 1.07987463812
6441 1.30243822465 1.17073076992
6444 1.30622159919 1.17413155539
6447 1.30326018871 1.17146961388
6450 0.99568848215 0.89500071577
6453 1.2462678259 1.12024053327
6456 1.23232533818 1.10770796238
6459 1.33549352202 1.20044339122
6462 1.17811879722 1.05898299084
6465 1.24792238943 1.12172778112
6468 1.28658893294 1.15648421823
6471 1.23304248598 1.1083525895
6474 1.23853428062 1.1132890332
6477 1.27599994557 1.14696602912
6480 1.25964174433 1.13226203074
6483 1.13904485315 1.02386035104
6486 1.24443957821 1.11859716488
6489 1.21999390534 1.09662353044
6492 1.16789791582 1.04979568343
6495 0.937608464192 0.842793967799
6498 1.04237625647 0.936967246653
6501 1.14065285992 1.02530575012
6504 1.19688976818 1.07585577058
6507 1.20568853769 1.0837647754
6510 1.20872912239 1.08649788474
6513 1.24546975924 1.11952317012
6516 1.20859112697 1.08637384393
6519 1.19028560724 1.06991944724
6522 1.25321820884 1.12648806734
6525 1.26581216127 1.1378084719
6528 1.21520730894 1.09232097268
6531 1.21765823859 1.0945240551
6534 1.23868846426 1.11342762521
6537 1.24962118045 1.123254784
6540 1.31372298622 1.18087437393
6543 1.20992842459 1.08757590898
6546 1.1587053893 1.04153273979
6549 1.24218181421 1.11656771447
6552 1.182057489 1.06252338729
6555 1.12820694223 1.01411841046
6558 1.19328216579 1.07261298251
6561 1.10136407966 0.989989999169
6564 0.961883225102 0.864613973533
6567 1.25877849877 1.13148607983
6570 1.19820467688 1.07703771076
6573 1.12549252457 1.01167848493
6576 1.19601413529 1.07506868498
6579 1.24038357108 1.11495131645
6582 1.20298296919 1.08133280417
6585 1.24277229936 1.11709848753
6588 1.28886954403 1.15853420535
6591 1.2325359933 1.10789731527
6594 1.1207524874 1.00741777816
6597 1.22120375157 1.09771103246
6600 1.24436398623 1.11852921704
6603 1.26884886562 1.14053809328
6606 1.17177334086 1.05327921091
6609 1.12511460333 1.01133878051
6612 1.27311531607 1.1443731042
6615 1.28109158481 1.15154278263
6618 1.27286333782 1.14414660694
6621 1.30114978185 1.16957261931
6624 1.15197863446 1.03548621971
6627 1.24695026899 1.12085396515
6630 1.21456109852 1.09174010949
6633 1.16041368548 1.04306828663
6636 1.25524859009 1.12831312879
6639 1.24300121173 1.11730425142
6642 1.24964632296 1.123277384
6645 1.23986135492 1.11448190875
6648 1.23636951043 1.11134317272
6651 1.22431244165 1.1005053601
6654 1.23267540612 1.10802263013
6657 1.22413316521 1.10034421277
6660 1.22204854038 1.09847039305
6663 1.15509774185 1.03828991122
6666 1.1450348728 1.02924463736
6669 1.23190223053 1.10732764097
6672 1.28398645168 1.15414490967
6675 1.26925245508 1.14090087026
6678 1.0981145871 0.987069107532
6681 1.20855026149 1.08633711093
6684 1.24806226058 1.12185350797
6687 1.22149073155 1.09796899195
6690 1.24417720102 1.11836132025
6693 1.24609753548 1.12008746327
6696 1.16917138737 1.05094037674
6699 1.22926617138 1.10495815004
6702 1.2564103502 1.12935740735
6705 1.224320601 1.10051269435
6708 1.25775865351 1.13056936515
6711 1.21628133032 1.09328638497
6714 1.17645801975 1.05749015744
6717 1.09166720416 0.981273708211
6720 1.21693445094 1.09387345958
6723 1.2240145869 1.10023762555
6726 1.19436072987 1.07358247814
6729 1.2018520646 1.08031626091
6732 1.22261077954 1.09897577647
6735 1.23311987794 1.10842215529
6738 1.19042312517 1.07004305885
6741 1.20887041993 1.08662489374
6744 1.18420727482 1.06445577867
6747 1.15772890352 1.04065499993
6750 1.17217541047 1.05364062173
6753 1.10718903291 0.995225911226
6756 1.22829276332 1.10408317667
6759 1.27383481884 1.14501984815
6762 1.23807504937 1.11287624114
6765 1.22209292925 1.09851029315
6768 1.183926923 1.06420377708
6771 1.19323138515 1.07256733701
6774 1.27561561151 1.14662056036
6777 1.27485170179 1.14593390007
6780 1.29546833131 1.16446569842
6783 1.12625677853 1.01236545465
6786 1.13933012324 1.02411677355
6789 1.20733089691 1.08524105308
6792 1.20710971477 1.08504223771
6795 1.19066762919 1.0702628377
6798 1.18538818331 1.06551726925
6801 1.25973479413 1.132345671
6804 1.2549309825 1.12802763888
6807 1.25141298078 1.12486539074
6810 1.25725717921 1.13011860182
6813 1.25809437042 1.13087113311
6816 1.24799411589 1.12179225433
6819 1.27198273319 1.14335505237
6822 1.28878561632 1.15845876472
6825 1.31092040956 1.17835520437
6828 1.25424852065 1.12741419014
6831 1.27839367381 1.14911769455
6834 1.28364068668 1.15383410973
6837 1.29964557969 1.16822052773
6840 1.21568439523 1.09274981421
6843 1.22569111809 1.10174461959
6846 1.27183612429 1.14322326912
6849 1.26415695901 1.13632064992
6852 1.25129799415 1.12476203199
6855 1.19389317887 1.07316220766
6858 1.22777756558 1.10362007766
6861 1.15337135509 1.03673810319
6864 1.2794316963 1.1500507483
6867 1.25733355877 1.13018725759
6870 1.25514962767 1.12822417383
6873 1.22048163052 1.09706193501
6876 1.23020929947 1.10580590548
6879 1.27373159862 1.14492706594
6882 1.17466915241 1.05588218709
6885 1.24849796543 1.12224515271
6888 1.27756059545 1.14836886021
6891 1.29175676677 1.16112946126
6894 1.2709128072 1.14239332132
6897 1.27607695278 1.14703524906
6900 1.26756765815 1.13938644634
6903 1.28205076477 1.15240496671
6906 1.26306835474 1.13534212941
6909 1.30062372495 1.16909975926
6912 1.23179868281 1.10723456439
6915 1.21336670183 1.09066649469
6918 1.2643653546 1.13650797177
6921 1.28803816795 1.15778690114
6924 1.20559238358 1.08367834476
6927 1.21960417372 1.09627320995
6930 1.26343080794 1.13566792999
6933 1.21383074009 1.09108360766
6936 1.25254053393 1.12587892146
6939 1.26765263372 1.13946282885
6942 1.2708733909 1.14235789094
6945 1.17969640156 1.06040106189
6948 1.27096318949 1.14243860877
6951 1.22274610144 1.09909741412
6954 1.18749470044 1.06741076744
6957 1.27668189659 1.14757901868
6960 1.2795451148 1.15015269749
6963 1.2780089252 1.14877185316
6966 1.25793544287 1.13072827691
6969 1.29743145759 1.16623030599
6972 1.26182795011 1.13422715917
6975 1.24192586831 1.11633765078
6978 1.08229804468 0.972851993401
6981 1.20927840944 1.08699162581
6984 1.2936301762 1.16281342448
6987 1.3030846712 1.17131184536
6990 1.23632326147 1.11130160063
6993 1.30991517592 1.17745162374
6996 1.27987517725 1.15044938278
6999 1.24940377068 1.12305935952
7002 1.28038061638 1.15090371001
7005 1.25058954566 1.12412522447
7008 1.26636903837 1.1383090355
7011 1.26978497037 1.14137953559
7014 1.27956877987 1.15017396946
7017 1.19401856002 1.07327490979
7020 1.32540569103 1.19137567966
7023 1.24181877844 1.11624139024
7026 1.26731269053 1.13915726199
7029 1.28400451462 1.15416114601
7032 1.2899145199 1.15947350932
7035 1.31675314251 1.18359810942
7038 1.21629913221 1.09330238668
7041 1.39589360914 1.25473559423
7044 1.35366484913 1.21677716535
7047 1.37069476784 1.23208495459
7050 1.38737750786 1.24708067316
7053 1.18940846761 1.06913100728
7056 1.23795563235 1.11276890002
7059 1.22811197421 1.10392066964
7062 1.20447887644 1.08267743965
7065 1.1875986865 1.06750423804
7068 1.13172956002 1.01728480788
7071 1.2691847024 1.14083996898
7074 1.29116376498 1.16059642604
7077 1.27550091987 1.14651746677
7080 1.32352787519 1.18968775563
7083 1.23409314671 1.10929700346
7086 1.16868940058 1.05050713028
7089 1.10271564659 0.991204890565
7092 1.16376927697 1.04608454808
7095 1.13783081428 1.02276908035
7098 1.16553130803 1.04766839593
7101 1.16998182538 1.05166886022
7104 1.15248818644 1.03594424388
7107 1.1716659216 1.05318265429
7110 1.13823713714 1.02313431432
7113 1.16153637983 1.04407744991
7116 1.20845378232 1.08625038809
7119 1.19798756153 1.07684255093
7122 1.19394173413 1.07320585282
7125 1.10158104639 0.990185025412
7128 1.08345814081 0.973894776243
7131 1.01390311139 0.911373413153
7134 1.11859021887 1.00547416635
7137 1.12101964821 1.00765792266
7140 1.09532526065 0.984561848262
7143 1.13715982443 1.02216594352
7146 1.13815802917 1.02306320604
7149 1.08252547733 0.973056427201
7152 1.15584335288 1.03896012326
7155 1.13371316078 1.01906781947
7158 1.17333727113 1.05468499067
7161 1.14355433466 1.02791381681
7164 1.13873675072 1.02358340509
7167 1.20560515741 1.08368982685
7170 1.18927699085 1.06901282594
7173 1.26570518039 1.13771230933
7176 1.18410538196 1.06436418961
7179 1.22238108696 1.09876931127
7182 1.17409804008 1.05536882779
7185 1.23080111044 1.10633787029
7188 1.08143852998 0.972079396058
7191 1.18220375621 1.0626548634
7194 1.19839212384 1.07720620238
7197 1.1858436371 1.06592666584
7200 1.21315155933 1.09047310821
7203 1.21170069678 1.08916896234
7206 1.19940258232 1.07811447949
7209 1.1259270872 1.01206910295
7212 1.24209308205 1.11648795524
7215 1.20204029024 1.08048545246
7218 1.28848289637 1.15818665695
7221 1.24097402784 1.115482064
7224 1.24049245437 1.11504918905
7227 1.29366692518 1.16284645726
7230 1.2710770363 1.14254094296
7233 1.29939497351 1.16799526378
7236 1.26310599852 1.13537596652
7239 1.27100073724 1.14247235954
7242 1.30441122898 1.17250425662
7245 1.195045923 1.07419838196
7248 1.34790833677 1.21160277319
7251 1.25682670575 1.12973165946
7254 1.23929080941 1.11396905895
7257 1.33909656863 1.2036820842
7260 1.25966698701 1.13228472079
7263 1.26174751274 1.13415485593
7266 1.27269375779 1.14399417549
7269 1.3234421395 1.18961068986
7272 1.24848753853 1.12223578021
7275 1.31822205124 1.18491847656
7278 1.29373078221 1.16290385682
7281 1.23996541072 1.11457544203
7284 1.22107251975 1.0975930713
7287 1.3119784576 1.17930625861
7290 1.21045993094 1.08805366741
7293 1.2174761702 1.09436039815
7296 1.36475992747 1.22675026762
7299 1.28190783667 1.15227649203
7302 1.32213396421 1.18843480218
7305 1.3284498993 1.19411204614
7308 1.27410403316 1.1452618385
7311 1.27784842941 1.14862758731
7314 1.33092929672 1.19634071756
7317 1.27063384505 1.14214256887
7320 1.3162937314 1.18318515569
7323 1.28804140125 1.15778980748
7326 1.20680522365 1.08476853787
7329 1.32342978936 1.18959958861
7332 1.28580277008 1.15577755512
7335 1.30947198668 1.17705325146
7338 1.33157867304 1.19692442651
7341 1.37500196752 1.23595659403
7344 1.24479485165 1.11891651173
7347 1.34205739714 1.20634350259
7350 1.3059571502 1.17389384848
7353 1.27297674973 1.14424855021
7356 1.15210563543 1.03560037787
7359 1.34264919435 1.20687545504
7362 1.2131004784 1.09042719277
7365 1.28257347958 1.15287482263
7368 1.33992688361 1.2044284346
7371 1.37106879941 1.23242116268
7374 1.37324574811 1.23437797014
7377 1.3657422702 1.22763327216
7380 1.39393694516 1.25297679547
7383 1.3172154259 1.18401364496
7386 1.27012984004 1.14168953075
7389 1.24547960592 1.11953202107
7392 1.32057016357 1.18702913894
7395 1.36086706109 1.22325106253
7398 1.34539726399 1.20934562953
