Wave Flux FluxNorm
3600 0.534731596268 0.523219605889
3603 0.450198874254 0.440506749934
3606 0.485479010791 0.475027356652
3609 0.439500659717 0.430038852332
3612 0.457091214586 0.447250708243
3615 0.491644328476 0.481059944051
3618 0.440512601536 0.431029008522
3621 0.492123382319 0.481528684564
3624 0.494091213739 0.483454151447
3627 0.566448870492 0.554254053517
3630 0.458669947624 0.448795453465
3633 0.436498349281 0.427101177255
3636 0.47093984046 0.460801193426
3639 0.53585983143 0.524323551796
3642 0.493242478969 0.482623688697
3645 0.451991924552 0.442261198477
3648 0.453432865926 0.443671118488
3651 0.469440950583 0.45933457246
3654 0.515666195094 0.50456465496
3657 0.537139018214 0.525575199556
3660 0.526959793379 0.515615118567
3663 0.515726635049 0.504623793731
3666 0.530046345809 0.518635222031
3669 0.479793770485 0.469464511268
3672 0.519566447658 0.508380940783
3675 0.529134221061 0.517742733996
3678 0.484278506529 0.473852697493
3681 0.5074348049 0.496510474577
3684 0.51267394393 0.501636822594
3687 0.438016063745 0.428586217544
3690 0.534781110465 0.523268054117
3693 0.530231135545 0.518816033513
3696 0.526731460988 0.515391701838
3699 0.567324302059 0.555110638321
3702 0.548478981587 0.536671030078
3705 0.433431847316 0.4241006926
3708 0.474370637094 0.464158130018
3711 0.491588509526 0.481005326801
3714 0.576048147077 0.563646671695
3717 0.565145120183 0.552978371048
3720 0.426837734379 0.417648541285
3723 0.447650343006 0.438013084842
3726 0.537616231874 0.526042139503
3729 0.509359222507 0.498393462283
3732 0.463003778422 0.453035983214
3735 0.351195128685 0.343634410428
3738 0.448205094294 0.438555893145
3741 0.509211876029 0.498249287959
3744 0.475383040566 0.465148737923
3747 0.422399094539 0.413305458879
3750 0.355395569268 0.347744421659
3753 0.503571267106 0.492730113109
3756 0.5436517569 0.531947728489
3759 0.40306539484 0.394387985501
3762 0.479686165666 0.469359223023
3765 0.502311795522 0.491497756109
3768 0.481456391612 0.471091338589
3771 0.45300302548 0.443250531879
3774 0.516750110477 0.505625235228
3777 0.498025375621 0.487303616569
3780 0.534041916087 0.522544773515
3783 0.534469166365 0.522962825718
3786 0.484140776341 0.473717932435
3789 0.472812335131 0.462633376021
3792 0.486412022348 0.475940281832
3795 0.443207136078 0.433665533671
3798 0.380519466263 0.372327437842
3801 0.497336327572 0.486629402718
3804 0.551547722135 0.539673705123
3807 0.484394279894 0.473965978427
3810 0.526715142813 0.51537573497
3813 0.466746326764 0.456697959956
3816 0.456212870378 0.446391273504
3819 0.476561483156 0.466301810364
3822 0.484534685589 0.474103361393
3825 0.408703653503 0.399904860688
3828 0.437873195171 0.428446424722
3831 0.4447396315 0.435165036703
3834 0.374382330763 0.366322425906
3837 0.408083617191 0.399298172852
3840 0.424016734548 0.414888273461
3843 0.493028603268 0.482414417428
3846 0.500400952377 0.489628050627
3849 0.479330292734 0.469011011515
3852 0.485843247607 0.475383751982
3855 0.514408694268 0.503334226291
3858 0.478922573917 0.468612070289
3861 0.466124400982 0.456089423328
3864 0.534317386502 0.522814313454
3867 0.534534467612 0.523026721125
3870 0.524086095814 0.512803287514
3873 0.408257706711 0.399468514479
3876 0.506864139376 0.495952094647
3879 0.467812055787 0.457740745389
3882 0.467038589374 0.456983930578
3885 0.491029784763 0.480458630566
3888 0.426388381221 0.417208862045
3891 0.482830042704 0.472435416979
3894 0.498809030783 0.488070400779
3897 0.517043984678 0.505912782747
3900 0.50389907713 0.493050865862
3903 0.521502464563 0.510275278071
3906 0.459982180866 0.450079436241
3909 0.539144408912 0.527537417121
3912 0.576217083908 0.563811971563
3915 0.524555494934 0.513262581156
3918 0.526989578079 0.515644262045
3921 0.47446847113 0.46425385783
3924 0.516171896556 0.505059469408
3927 0.414125989822 0.405210462025
3930 0.221348125786 0.216582823881
3933 0.0842789898651 0.0824645862891
3936 0.146567265308 0.143411886124
3939 0.363322897834 0.355501086417
3942 0.450039983177 0.440351279549
3945 0.506230299932 0.495331900841
3948 0.533325667688 0.521843944898
3951 0.566412152886 0.554218126387
3954 0.601468127799 0.588519397354
3957 0.569722922374 0.557457619843
3960 0.60429451355 0.591284935147
3963 0.454946316521 0.445151986701
3966 0.245685097663 0.240395856293
3969 0.103142551087 0.100922042585
3972 0.326770510674 0.319735618775
3975 0.541892599157 0.530226442843
3978 0.637392113433 0.623669992039
3981 0.681207745059 0.666542337101
3984 0.686537815006 0.671757658426
3987 0.694966525943 0.680004911525
3990 0.697334998379 0.682322394209
3993 0.757692840102 0.741380819742
3996 0.689606752912 0.67476052658
3999 0.710098833879 0.694811442969
4002 0.774183336437 0.757516299772
4005 0.702701539871 0.687573401899
4008 0.756971660406 0.740675165992
4011 0.790190421051 0.77317877523
4014 0.772081350415 0.75545956644
4017 0.807031907621 0.789657689189
4020 0.800037680551 0.782814037614
4023 0.780727607298 0.763919682039
4026 0.820874194941 0.803201972278
4029 0.814049700362 0.7965243991
4032 0.738915593126 0.723007819472
4035 0.80027005625 0.783041410603
4038 0.889259575896 0.870115115846
4041 0.823870156006 0.806133434676
4044 0.792273184901 0.775216700217
4047 0.797669572524 0.780496911494
4050 0.847581774257 0.829334576413
4053 0.868386203086 0.84969111627
4056 0.836896256698 0.818879102442
4059 0.846288729522 0.828069369042
4062 0.833083053044 0.815147991494
4065 0.82002874582 0.802374724441
4068 0.844799960489 0.826612651032
4071 0.856596863767 0.838155584211
4074 0.859216148936 0.840718479995
4077 0.742283502957 0.726303223123
4080 0.864140144086 0.84553646872
4083 0.870600441508 0.851857685373
4086 0.857300100161 0.838843680952
4089 0.948125133557 0.927713384015
4092 0.912697363258 0.893048321873
4095 0.913104974732 0.893447158067
4098 0.885684014852 0.86661653141
4101 0.700560945604 0.6854788915
4104 0.830795127128 0.812909321282
4107 0.891345626049 0.872156256386
4110 0.842256105532 0.824123561558
4113 0.924743774241 0.904835391219
4116 0.951138981953 0.930662348655
4119 0.853512114231 0.835137244827
4122 0.858544200095 0.840060997231
4125 0.918043662604 0.898279523201
4128 0.869898787967 0.851171137408
4131 0.860704425996 0.842174716624
4134 0.824145581944 0.806402931095
4137 0.919304549182 0.899513264733
4140 0.944437244374 0.9241048897
4143 0.802976649696 0.785689735045
4146 0.922464592986 0.902605277408
4149 0.882474190397 0.863475809788
4152 0.896504177828 0.877203752078
4155 0.856054877455 0.837625266072
4158 0.915966242907 0.896246827317
4161 0.928189723572 0.908207154294
4164 0.923171915147 0.903297371956
4167 0.918338338414 0.898567855072
4170 0.917336433392 0.897587519601
4173 0.787001759099 0.770058760514
4176 0.855765703825 0.837342317928
4179 0.869618688912 0.850897068476
4182 0.887043362965 0.867946614743
4185 0.88994440993 0.870785206403
4188 0.84834668207 0.830083016878
4191 0.864674770175 0.84605958509
4194 0.927592993574 0.907623271021
4197 0.848009705763 0.829753295179
4200 0.839050607476 0.820987073194
4203 0.844779588481 0.826592717604
4206 0.828995203175 0.811148147064
4209 0.90396120719 0.884500242488
4212 0.901432590574 0.882026063295
4215 0.846403182937 0.828181358443
4218 0.877054595271 0.85817289063
4221 0.914752998948 0.895059702729
4224 0.820634346949 0.802967287862
4227 0.732425463138 0.716657412505
4230 0.893335211186 0.87410300866
4233 0.843419734932 0.825262139716
4236 0.824411509271 0.806663133396
4239 0.851833317795 0.833494590427
4242 0.863823081538 0.845226232065
4245 0.889772362108 0.87061686252
4248 0.801312456878 0.784061369868
4251 0.840847399172 0.822745182589
4254 0.856701153811 0.838257629043
4257 0.897676148698 0.878350492127
4260 0.82458250289 0.806830445772
4263 0.891824456888 0.872624778696
4266 0.924815959133 0.904906022076
4269 0.880553284495 0.861596258185
4272 0.801648242765 0.784389926775
4275 0.815804858848 0.798241771587
4278 0.911993594407 0.892359704138
4281 0.818611277662 0.800987772303
4284 0.853928216133 0.835544388663
4287 0.79054748603 0.773528153122
4290 0.711803938371 0.696479839052
4293 0.81635085356 0.798776011831
4296 0.774660436407 0.757983128477
4299 0.656041998911 0.641918372717
4302 0.6427270545 0.628890079615
4305 0.675904706375 0.661353465095
4308 0.618222859079 0.604913423737
4311 0.651321615223 0.637299611997
4314 0.736747200467 0.720886109141
4317 0.934047540948 0.913938861416
4320 0.910138969879 0.890545006968
4323 0.834497533635 0.816532020384
4326 0.806654580451 0.789288485322
4329 0.928092484437 0.908112008575
4332 0.933010504934 0.912924151273
4335 0.949587582419 0.929144348488
4338 0.793842898511 0.776752620184
4341 0.687502021298 0.672701106764
4344 0.892621940334 0.873405093488
4347 0.942324039596 0.922037179135
4350 0.924396875223 0.904495960431
4353 0.861919537756 0.843363668802
4356 0.941586612555 0.921315627821
4359 0.896038834981 0.876748427383
4362 0.968316720751 0.947470275822
4365 0.97782543533 0.956774281662
4368 0.908922516462 0.889354742016
4371 0.932080361857 0.912014032818
4374 0.863740722334 0.845145645935
4377 0.932078033136 0.912011754231
4380 0.959969012875 0.939302281906
4383 0.847985981888 0.829730082043
4386 0.893546333294 0.874309585618
4389 0.915020289603 0.895321239007
4392 0.952534149205 0.932027479994
4395 0.895284672732 0.876010501146
4398 0.964476288152 0.943712522129
4401 0.91155282986 0.891928428607
4404 0.944408308441 0.924076576715
4407 0.943721076573 0.923404139946
4410 0.969689468519 0.948813470336
4413 1.02056437748 0.998593116805
4416 0.93631490777 0.916157415142
4419 0.994424310568 0.973015807357
4422 1.00257436187 0.980990399953
4425 1.01299551935 0.991187205129
4428 0.988016015542 0.966745473564
4431 1.00033116786 0.978795498642
4434 0.955599922555 0.935027251721
4437 1.03260294762 1.01037251411
4440 1.06490968834 1.04198373787
4443 0.922926887943 0.90305761983
4446 1.03104405814 1.00884718524
4449 1.01948102425 0.997533086581
4452 1.02534281899 1.00326868544
4455 0.97160715973 0.950689876455
4458 1.01610105546 0.994225883589
4461 0.991504809214 0.970159158603
4464 1.03268518489 1.01045298093
4467 1.02042918687 0.998460836646
4470 0.997513300892 0.97603829623
4473 1.09208549867 1.0685744927
4476 1.08723778071 1.06383113903
4479 1.10480229162 1.08101751166
4482 1.04613701234 1.02361521018
4485 1.11798512866 1.09391654147
4488 1.08607298693 1.06269142155
4491 1.07721161924 1.05402082617
4494 1.06870567153 1.04569799909
4497 1.08560032778 1.06222893806
4500 1.1089512653 1.085077164
4503 1.13119128965 1.1068383931
4506 1.14505720011 1.12040579076
4509 1.14118937445 1.11662123374
4512 1.13380514524 1.1093959762
4515 1.10995578116 1.0860600541
4518 1.09087962632 1.06739458102
4521 1.11207693065 1.08813553834
4524 1.08638113291 1.0629929336
4527 1.0719615608 1.04888379382
4530 1.05322307143 1.03054871676
4533 1.04057055611 1.01816859162
4536 1.04250022132 1.02005671396
4539 1.14380040995 1.11917605745
4542 1.1228679208 1.09869421423
4545 1.07351147908 1.05040034463
4548 1.07610549162 1.05293851186
4551 1.08615061997 1.06276738327
4554 1.02772960713 1.00560408952
4557 1.11059348165 1.08668402584
4560 1.1378164221 1.11332089613
4563 1.08121225656 1.05793533561
4566 1.11944006387 1.09534015406
4569 1.13366003734 1.10925399226
4572 1.05824843046 1.03546588715
4575 1.13333499366 1.1089359463
4578 1.12194095337 1.09778720306
4581 1.08699272461 1.06359135863
4584 1.06420740195 1.04129657069
4587 1.11927482762 1.0951784751
4590 1.0942256667 1.07066858603
4593 1.07133878599 1.04827442645
4596 1.1168094862 1.09276620888
4599 1.11237170427 1.08842396591
4602 1.07395383375 1.05083317605
4605 1.10658581088 1.08276263436
4608 1.12650907059 1.10225697539
4611 1.12042258305 1.09630152103
4614 1.11178665113 1.08785150811
4617 1.10009401407 1.07641059645
4620 1.10341290332 1.07965803487
4623 1.12074722988 1.09661917869
4626 1.09761016266 1.07398021874
4629 1.07555899983 1.05240378524
4632 1.10951480623 1.08562857272
4635 1.10402047302 1.08025252448
4638 1.08241396712 1.0591111751
4641 1.10648146053 1.08266053052
4644 1.10753014001 1.08368663346
4647 1.05354887738 1.03086750859
4650 1.09586072028 1.0722684393
4653 1.07841024291 1.05519364522
4656 1.04484205584 1.0223481322
4659 1.10992870847 1.08603356425
4662 1.10220257614 1.07847376427
4665 1.09802315404 1.07438431902
4668 1.01628161509 0.994402556032
4671 1.06853565474 1.04553164252
4674 1.08610701329 1.06272471537
4677 1.09387310262 1.07032361214
4680 1.06383102768 1.0409282992
4683 1.07170893551 1.04863660718
4686 1.09538208699 1.07180011028
4689 1.09364181686 1.07009730563
4692 1.08019914246 1.05694403237
4695 1.10234223839 1.07861041979
4698 1.09520005975 1.07162200182
4701 1.08705443345 1.06365173897
4704 1.05807878306 1.03529989201
4707 1.04895882092 1.02637626934
4710 1.06240453387 1.03953251572
4713 1.09627400153 1.0726728232
4716 1.08446232213 1.06111543202
4719 1.099269072 1.07560341418
4722 1.09960530846 1.07593241196
4725 1.10975066553 1.08585935431
4728 1.08786376614 1.0644436479
4731 1.08867944258 1.06524176402
4734 1.08165768016 1.05837116989
4737 1.08060886286 1.0573449321
4740 1.09666404105 1.07305446575
4743 1.10787864064 1.08402763138
4746 1.10383997978 1.080075917
4749 1.11967490068 1.09556993517
4752 1.10751332919 1.08367018456
4755 1.09494261605 1.07137010051
4758 1.10234434597 1.078612482
4761 1.10086388761 1.07716389574
4764 1.05924744355 1.03644339295
4767 1.10434378367 1.08056887472
4770 1.11466666706 1.09066952151
4773 1.10106676209 1.07736240264
4776 1.11636546023 1.09233174214
4779 1.10875938727 1.08488941682
4782 1.10949912559 1.08561322966
4785 1.10566033909 1.08185708662
4788 1.09030770907 1.06683497632
4791 1.11296123826 1.0890008081
4794 1.12651440606 1.10226219599
4797 1.11219593161 1.08825197738
4800 1.10615459544 1.08234070236
4803 1.11977536476 1.09566823641
4806 1.0959435827 1.07234951781
4809 1.1184374434 1.09435911854
4812 1.11649513946 1.09245862957
4815 1.12074394871 1.09661596815
4818 1.13021436316 1.10588249842
4821 1.12078346091 1.09665462971
4824 1.07967620587 1.05643235385
4827 1.11636604046 1.09233230988
4830 1.11510242427 1.0910958975
4833 1.11680780115 1.09276456011
4836 1.11909556569 1.09500307242
4839 1.10877654009 1.08490620036
4842 1.10859684524 1.08473037409
4845 1.12497617542 1.1007570812
4848 1.09886696838 1.07520996726
4851 1.12033188829 1.0962127788
4854 1.09617260005 1.07257360476
4857 1.09198944931 1.06848051114
4860 0.878199448615 0.859293096954
4863 0.969796592219 0.948918287819
4866 1.07078724726 1.04773476153
4869 1.10970153814 1.08581128456
4872 1.03450635766 1.0122349465
4875 1.09228271528 1.06876746352
4878 1.06714948811 1.04417531803
4881 1.10157652732 1.07786119336
4884 1.08086607535 1.05759660718
4887 1.08967152954 1.0662124928
4890 1.02915660978 1.00700037088
4893 1.09130216417 1.06780802224
4896 1.1269977286 1.1027351133
4899 1.08573434512 1.06236007021
4902 1.08724783917 1.06384098094
4905 1.09365655437 1.07011172586
4908 1.10533870417 1.08154237604
4911 1.0770366823 1.05384965536
4914 1.09418525978 1.07062904901
4917 1.10259139939 1.07885421671
4920 0.9945490809 0.973137891565
4923 1.04755021786 1.02499799145
4926 1.0901045763 1.06663621669
4929 1.10834669373 1.08448560798
4932 1.10061256881 1.07691798747
4935 1.04581905227 1.02330409532
4938 1.04547510315 1.02296755092
4941 1.07742660052 1.05423117922
4944 1.10104101758 1.07733721237
4947 1.0941066675 1.07055214871
4950 1.09864994323 1.07499761435
4953 1.09375222555 1.07020533738
4956 1.0558763069 1.03314483195
4959 1.04599973961 1.02348089273
4962 1.09315676953 1.06962270066
4965 1.08096174495 1.05769021715
4968 1.07564115068 1.0524841675
4971 1.08194142346 1.05864880462
4974 1.08883224745 1.06539127923
4977 1.08950861645 1.06605308698
4980 1.05744443846 1.03467920392
4983 1.00664084623 0.984969338849
4986 1.0432308908 1.02077165319
4989 1.0629733172 1.04008905398
4992 1.04401377207 1.02153768017
4995 1.05077464591 1.02815300227
4998 1.0583015277 1.03551784128
5001 1.03122917603 1.00902831782
5004 1.04862218308 1.02604687882
5007 1.00132671 0.979769608204
5010 1.0609997682 1.03815799261
5013 0.989857001042 0.968546825335
5016 1.01988549005 0.997928844823
5019 1.01087167304 0.989109082134
5022 1.03980774149 1.01742219928
5025 1.05420620121 1.03151068119
5028 1.0506006778 1.02798277944
5031 1.05504502933 1.03233145057
5034 1.06802182321 1.04502887303
5037 1.02883146858 1.00668222951
5040 0.97204491007 0.951118202669
5043 1.02011927769 0.998157599363
5046 1.06715315649 1.04417890743
5049 1.03515137284 1.01286607546
5052 1.02426258368 1.00221170602
5055 1.07703851439 1.05385144802
5058 1.06762008102 1.04463577977
5061 1.05545567982 1.03273326035
5064 1.0310615517 1.00886430219
5067 1.04686621046 1.02432870973
5070 1.05033284989 1.02772071747
5073 1.04807961425 1.02551599071
5076 1.04829641586 1.02572812489
5079 0.977005928999 0.955972418106
5082 1.01651849757 0.994634338777
5085 1.04098286624 1.01857202531
5088 1.04840701044 1.02583633853
5091 1.05674738021 1.03399715232
5094 1.06816912437 1.04517300301
5097 1.04088101601 1.01847236778
5100 1.02985764657 1.00768631538
5103 1.04219645955 1.01975949174
5106 1.03183295485 1.00961909816
5109 0.998311264214 0.976819080567
5112 1.03744376219 1.01510911301
5115 1.05314106829 1.03046847903
5118 1.06336402729 1.04047135265
5121 1.0504427197 1.02782822194
5124 0.989744643841 0.96843688702
5127 1.0063264044 0.984661666488
5130 1.00926991915 0.987541811669
5133 1.03176206005 1.00954972962
5136 1.03959283901 1.01721192334
5139 0.979080785973 0.958002606439
5142 0.99451418177 0.973103743763
5145 1.03374327351 1.01148829045
5148 1.03057416621 1.0083874094
5151 0.986665830141 0.965424355684
5154 1.01377336617 0.991948306049
5157 1.05509899718 1.03238425657
5160 1.06145948939 1.03860781668
5163 1.03984171056 1.01745543705
5166 0.942444884298 0.922155422226
5169 0.899401193806 0.880038399533
5172 0.901821245917 0.882406351456
5175 1.02810061847 1.00596711353
5178 1.06023043998 1.0374052269
5181 1.05029218991 1.02768093284
5184 0.910876880989 0.891267031929
5187 1.02484575697 1.00278232444
5190 1.01252033175 0.990722247633
5193 0.951229156731 0.930750582102
5196 0.996678223102 0.975221196445
5199 1.01139619033 0.989622307336
5202 1.00714173726 0.985459446425
5205 0.94202583744 0.921745396835
5208 0.9672548063 0.946431222838
5211 0.99997774399 0.978449683466
5214 1.02567524805 1.0035939578
5217 0.98178326076 0.96064690089
5220 1.03467751006 1.01240241424
5223 1.04075833937 1.01835233218
5226 0.917794402439 0.898035629244
5229 0.994363663294 0.97295646573
5232 1.00428393189 0.982663165427
5235 0.998042798135 0.976556394171
5238 1.03192776797 1.00971187008
5241 1.02224250588 1.00023511755
5244 1.04117021531 1.01875534103
5247 1.00240678163 0.980826427475
5250 0.980881988562 0.959765031767
5253 1.02474389312 1.00268265357
5256 1.01538125797 0.99352158229
5259 1.04797728875 1.02541586812
5262 0.990138673479 0.968822433775
5265 0.953815257909 0.933281008298
5268 0.986698816487 0.965456631881
5271 0.952789948067 0.93227777188
5274 0.997990447783 0.976505170845
5277 1.02658711974 1.00448619821
5280 1.0445506955 1.02206304443
5283 0.99693769761 0.975475084846
5286 1.05461875227 1.03191435063
5289 1.05905999064 1.03625997562
5292 1.04600335381 1.02348442912
5295 1.04199282936 1.01956024541
5298 1.00141329891 0.979854332982
5301 1.02715932446 1.0050460842
5304 1.04920068328 1.02661292476
5307 1.034333844 1.01206614682
5310 1.05106765085 1.02843969924
5313 1.0494491446 1.02685603707
5316 1.0158065327 0.99393770147
5319 1.03857699481 1.01621794879
5322 1.03362951183 1.01137697789
5325 1.00624876041 0.984585694058
5328 0.917389158359 0.897639109478
5331 1.02576837145 1.00368507638
5334 1.02156848018 0.999575602639
5337 1.0136100214 0.991788477849
5340 0.983806611757 0.962626692095
5343 1.03561840181 1.01332304997
5346 1.0160578602 0.994183618255
5349 1.01140480867 0.989630740133
5352 1.03733762304 1.01500525888
5355 1.04084909062 1.01844112969
5358 1.04755465708 1.0250023351
5361 1.03790250208 1.0155579769
5364 1.01916758184 0.99722639213
5367 1.01759554424 0.995688198204
5370 0.991826429153 0.970473854535
5373 1.0172122244 0.995313130684
5376 1.05447633321 1.03177499765
5379 1.03713383352 1.01480585665
5382 1.01640355044 0.994521866289
5385 1.04176107524 1.01933348061
5388 1.05301056842 1.03034078863
5391 0.920050142142 0.900242806165
5394 1.01164294606 0.989863750774
5397 0.976412480612 0.955391745796
5400 1.03036078054 1.00817861761
5403 1.02047644215 0.998507074586
5406 0.976259903875 0.955242453813
5409 1.01413213008 0.992299346293
5412 1.02663647592 1.00453449183
5415 1.01424784749 0.992412572482
5418 1.02811834029 1.00598445382
5421 1.02824911736 1.00611241546
5424 1.00448445479 0.982859371362
5427 1.03263109952 1.01040005994
5430 0.977061235454 0.956026533894
5433 1.00415958147 0.982541492092
5436 0.99688130172 0.975419903077
5439 1.0441429157 1.02166404353
5442 1.04497344086 1.02247668869
5445 1.00792327313 0.986224156967
5448 0.995634037981 0.974199491105
5451 1.03155131308 1.00934351972
5454 1.01253186511 0.990733532696
5457 1.00186095084 0.980292347624
5460 1.03448261408 1.01221171409
5463 1.0097729842 0.98803404646
5466 1.02933032233 1.00717034366
5469 1.03809563453 1.01574695149
5472 1.0323760906 1.01015054098
5475 1.01163265608 0.989853682324
5478 0.993803328176 0.972408193808
5481 1.02590882469 1.00382250587
5484 1.02221495608 1.00020816086
5487 1.01752541546 0.995619579196
5490 1.01905275913 0.997114041387
5493 1.02015778023 0.998195272993
5496 1.0113486093 0.989575750655
5499 1.00895737799 0.987235999063
5502 0.990073712198 0.968758871016
5505 1.01269414001 0.990892314051
5508 0.99225173016 0.970889999432
5511 1.01290027887 0.991094015038
5514 1.0067479421 0.985074129103
5517 1.02013430838 0.998172306461
5520 1.02193858743 0.999937742022
5523 1.01873407478 0.996802217843
5526 0.991260168297 0.969919784448
5529 0.971302177751 0.950391460292
5532 1.01486304021 0.993014520994
5535 1.00262276165 0.981037757757
5538 1.01387327051 0.99204605959
5541 1.01606962343 0.99419512824
5544 1.01184249208 0.99005900086
5547 1.0104386238 0.988685355813
5550 1.02200221523 1.0
5553 1.021043505 0.999061929403
5556 1.01814675182 0.996227539094
5559 1.0157343834 0.993867105445
5562 1.0129614426 0.99115386201
5565 1.00273992742 0.981152401125
5568 0.998357759306 0.976864574688
5571 0.993518761963 0.972129753891
5574 0.988502537198 0.96722152112
5577 0.994420490784 0.973012069806
5580 1.00085960722 0.979312561471
5583 0.99615695728 0.974711152715
5586 0.975493182926 0.954492239247
5589 0.954532406582 0.933982717808
5592 0.989008857838 0.967716941416
5595 0.976532505818 0.955509187035
5598 0.979411253773 0.958325959751
5601 0.978647002205 0.957578161403
5604 0.983493876681 0.962320689749
5607 1.00132076933 0.979763795433
5610 1.00471023193 0.983080287855
5613 0.999611041596 0.97809087564
5616 0.954548645741 0.933998607362
5619 0.996546508325 0.975092317295
5622 0.996633568606 0.975177503295
5625 0.978151451762 0.957093279436
5628 1.0012514974 0.979696014826
5631 0.995311785966 0.973884176705
5634 0.998474006446 0.976978319196
5637 0.993266658497 0.971883077844
5640 0.982283297728 0.961136172793
5643 0.990428608065 0.969106126493
5646 0.993268809782 0.971885182815
5649 0.995062718554 0.97364047135
5652 0.996326957465 0.974877493044
5655 0.991838201862 0.970485373795
5658 0.937238640266 0.917061261026
5661 0.97880375141 0.957731536025
5664 0.983335247094 0.962165475225
5667 0.97496475776 0.953975190303
5670 0.979925081088 0.958828725114
5673 0.98781966208 0.966553347306
5676 0.981290849411 0.960165090438
5679 0.987562076985 0.966301307641
5682 0.980064297071 0.95896494398
5685 0.971126684822 0.95021974547
5688 0.97594533115 0.954934653379
5691 0.981198011749 0.960074251436
5694 0.97967221186 0.958581299791
5697 0.982807330005 0.96164892342
5700 0.974721132787 0.95373681022
5703 0.967998765458 0.947159165643
5706 0.973149746055 0.952199253149
5709 0.931059959752 0.91101559848
5712 0.954650081311 0.934097859172
5715 0.97549303584 0.954492095328
5718 0.981107789823 0.959985971857
5721 0.977703465739 0.956654937898
5724 0.981846255956 0.960708539892
5727 0.980122656147 0.95902204667
5730 0.984003218976 0.962819066649
5733 0.978737750954 0.957666956463
5736 0.979984347052 0.958886715168
5739 0.983576644079 0.962401675286
5742 0.9821532426 0.961008917562
5745 0.979709805161 0.958618083763
5748 0.970603024545 0.949707358834
5751 0.980090555199 0.958990636809
5754 0.960215032113 0.93954300471
5757 0.97810361401 0.957046471561
5760 0.976525353613 0.955502188806
5763 0.965765501163 0.944973980267
5766 0.980972566856 0.959853660043
5769 0.978621104718 0.95755282145
5772 0.978936583357 0.957861508295
5775 0.975511341865 0.95451000725
5778 0.977919664654 0.956866482367
5781 0.963592413276 0.942847675788
5784 0.966372331568 0.945567746499
5787 0.979166041533 0.958086026571
5790 0.974975548403 0.953985748639
5793 0.975788777059 0.95478146967
5796 0.979063499946 0.957985692555
5799 0.970064720978 0.949180644157
5802 0.984632852552 0.963435145132
5805 0.976508561971 0.955485758664
5808 0.98601932327 0.964791767161
5811 0.989013335155 0.967721322343
5814 0.989067754711 0.967774570325
5817 0.983309029301 0.962139821863
5820 0.987145687318 0.965893882236
5823 0.991820729214 0.970468277307
5826 0.986703912869 0.965461618546
5829 0.990069339001 0.968754591967
5832 0.988516269006 0.967234957302
5835 0.990600388409 0.969274208658
5838 0.993892950607 0.9724958868
5841 0.990930227027 0.969596946332
5844 0.991431951885 0.970087869786
5847 0.98752470008 0.966264735407
5850 0.989405545507 0.968105088979
5853 0.960321585583 0.939647264239
5856 0.974035109288 0.953065555805
5859 0.976091214995 0.955077396558
5862 0.978418063352 0.957354151268
5865 0.986076127261 0.964847348245
5868 0.986292437104 0.965059001253
5871 0.9857255032 0.964504272608
5874 0.991207564842 0.969868313468
5877 0.982186471553 0.961041431145
5880 0.983877628422 0.962696179875
5883 0.971152918889 0.950245414757
5886 0.974552622884 0.953571928089
5889 0.903321344576 0.883874155181
5892 0.838026077932 0.819984600275
5895 0.904227545053 0.884760846485
5898 0.869852542406 0.851125887446
5901 0.951867446886 0.931375130802
5904 0.957679065694 0.937061633944
5907 0.967439680173 0.946612116647
5910 0.963657794768 0.942911649713
5913 0.957855439241 0.937234210427
5916 0.956033379982 0.935451377443
5919 0.960174804159 0.939503642805
5922 0.945389315852 0.925036464469
5925 0.948669241717 0.92824577832
5928 0.957737895348 0.937119197082
5931 0.958287547652 0.937657016175
5934 0.950681061311 0.930214286376
5937 0.966759150707 0.945946237987
5940 0.974045958702 0.953076171647
5943 0.936574019903 0.916410948968
5946 0.945250287222 0.924900428922
5949 0.932538950269 0.912462748491
5952 0.945123863056 0.924776726484
5955 0.961164718428 0.940472245665
5958 0.949812714303 0.929364633611
5961 0.948354813541 0.927938119324
5964 0.959345548452 0.938692239762
5967 0.958979656075 0.938334224514
5970 0.940398202777 0.92015280277
5973 0.950588154901 0.930123380105
5976 0.944538017987 0.924203493804
5979 0.938803096305 0.918592036611
5982 0.951811159136 0.931320054846
5985 0.942367543978 0.922079746931
5988 0.944663674417 0.924326445035
5991 0.941829377147 0.921553166046
5994 0.941778921335 0.921503796474
5997 0.945414700465 0.925061302588
6000 0.94483986917 0.924498846572
6003 0.936207746474 0.916052560872
6006 0.935511399562 0.915371205292
6009 0.932947113987 0.91286212504
6012 0.932684226021 0.912604896668
6015 0.93465744085 0.914535631064
6018 0.929187248545 0.90918320401
6021 0.924516834974 0.904613337623
6024 0.92067906809 0.900858192256
6027 0.929788851526 0.909771855358
6030 0.932295505014 0.912224544257
6033 0.931783923182 0.911723976035
6036 0.925781330082 0.905850609998
6039 0.925473108209 0.905549023692
6042 0.92841948773 0.908431971965
6045 0.928487944437 0.908498954899
6048 0.924316027008 0.90441685276
6051 0.925634219273 0.905706666271
6054 0.922436305688 0.902577599095
6057 0.922372681736 0.902515344873
6060 0.922340738373 0.902484089205
6063 0.914608895456 0.894918701574
6066 0.896962565375 0.87765227121
6069 0.915825818851 0.896109426386
6072 0.926658884931 0.906709272373
6075 0.922591635393 0.902729584779
6078 0.919334346438 0.899542420498
6081 0.918690501877 0.89891243697
6084 0.919376222579 0.899583395106
6087 0.920945179283 0.901118574464
6090 0.916332757307 0.896605451198
6093 0.914461521396 0.894774500263
6096 0.921399501161 0.901563115456
6099 0.921575724679 0.901735545138
6102 0.892320446268 0.873110090149
6105 0.9162580712 0.896532372973
6108 0.905870324262 0.886368259057
6111 0.91756106876 0.897807318898
6114 0.915531744912 0.895821683429
6117 0.919643656643 0.899845071705
6120 0.912895940625 0.89324262416
6123 0.886076048518 0.867000125164
6126 0.913493692069 0.893827506888
6129 0.908943297125 0.889375075302
6132 0.905721293715 0.88622243692
6135 0.89358713158 0.874349505576
6138 0.857462974057 0.83900304841
6141 0.868242080301 0.849550096238
6144 0.908522104712 0.888962950547
6147 0.902640768315 0.883208230733
6150 0.902855856957 0.883418688831
6153 0.907894037422 0.888348404628
6156 0.904185378463 0.884719587681
6159 0.903263933053 0.883817979645
6162 0.851025030082 0.832703703968
6165 0.895253434202 0.875979935136
6168 0.882997577224 0.863987928861
6171 0.886884757985 0.867791424297
6174 0.889411872517 0.870264133743
6177 0.893539175943 0.874302582354
6180 0.89527111451 0.875997234812
6183 0.900555931033 0.881168276953
6186 0.899856124471 0.880483536205
6189 0.892396931068 0.873184928343
6192 0.8562320907 0.837798664175
6195 0.895844540885 0.876558316155
6198 0.897861633993 0.878531984195
6201 0.888056405631 0.86893784808
6204 0.892302550213 0.873092579369
6207 0.894833184073 0.875568732379
6210 0.89252280768 0.873308095016
6213 0.879243309594 0.860314485131
6216 0.890622913654 0.871449102933
6219 0.871333974139 0.852575426118
6222 0.891282579879 0.872094567507
6225 0.89172420903 0.872526689028
6228 0.885026807801 0.865973473067
6231 0.85132330298 0.832995555486
6234 0.887101947406 0.868003937946
6237 0.887272301729 0.86817062479
6240 0.877340840098 0.858452973025
6243 0.886636383213 0.867548396671
6246 0.864709121787 0.846093197162
6249 0.885647425542 0.866580729815
6252 0.853151982065 0.834784865781
6255 0.855662873369 0.837241701262
6258 0.865838311326 0.847198076899
6261 0.877874987589 0.8589756211
6264 0.873921669501 0.855107412177
6267 0.884842505097 0.865793138131
6270 0.87500987444 0.856172189653
6273 0.87683580894 0.85795881445
6276 0.881353537119 0.862379282538
6279 0.815295447995 0.797743327606
6282 0.814400023163 0.796867179963
6285 0.839832400873 0.821752035721
6288 0.861031610806 0.842494857622
6291 0.860131618852 0.841614241181
6294 0.856949368266 0.838500499802
6297 0.847111375346 0.828874304503
6300 0.848759972736 0.830487409999
6303 0.851146096074 0.832822163586
6306 0.869833347161 0.851107105447
6309 0.863571176393 0.84497975007
6312 0.863422873092 0.844834639523
6315 0.882348756457 0.863353076257
6318 0.83855804302 0.820505112932
6321 0.859265692521 0.840766956978
6324 0.864773422713 0.846156113783
6327 0.864929392062 0.846308725339
6330 0.878098608206 0.859194427492
6333 0.87338424391 0.854581556575
6336 0.842618831591 0.824478478655
6339 0.877559915592 0.858667332143
6342 0.87094929463 0.852199028197
6345 0.8706786384 0.8519341988
6348 0.870825564754 0.852077962044
6351 0.877047841188 0.858166281953
6354 0.867005531735 0.848340168757
6357 0.868050124659 0.849362273121
6360 0.86425398391 0.845647857739
6363 0.873584038882 0.854777050253
6366 0.869712351735 0.850988714876
6369 0.872998179474 0.854203803541
6372 0.872640671906 0.85385399259
6375 0.871020367881 0.852268571344
6378 0.874187720727 0.855367735708
6381 0.87526268478 0.856419557356
6384 0.875247332901 0.85640453598
6387 0.879098670114 0.860172959527
6390 0.872727118071 0.853938577695
6393 0.843727411193 0.825563192156
6396 0.875939706791 0.857082004071
6399 0.846894638061 0.828662233256
6402 0.866986372009 0.848321421512
6405 0.876712901368 0.857838552898
6408 0.861510168934 0.842963113092
6411 0.855091715128 0.836682839224
6414 0.869196993345 0.850484451399
6417 0.868182488119 0.84949178699
6420 0.854088229072 0.835700956757
6423 0.868076796611 0.849388370865
6426 0.876249573042 0.857385199354
6429 0.865838753662 0.847198509712
6432 0.850510409317 0.832200162236
6435 0.870995413784 0.852244154472
6438 0.852769611457 0.834410727054
6441 0.862438825805 0.843871777337
6444 0.870529850503 0.851788614089
6447 0.864952821899 0.846331650766
6450 0.846252314485 0.828033737968
6453 0.867472091494 0.848796684166
6456 0.85060549209 0.832293198016
6459 0.866432887466 0.847779852683
6462 0.812574408348 0.79508086797
6465 0.853546742211 0.835171127317
6468 0.854865468417 0.836461463274
6471 0.841243405318 0.8231326633
6474 0.852716782315 0.834359035246
6477 0.831067200411 0.813175537224
6480 0.84438530952 0.826206926894
6483 0.831637198314 0.813733263906
6486 0.830207180194 0.812334031987
6489 0.848703551019 0.830432202959
6492 0.827631381989 0.809813686955
6495 0.779057675621 0.762285701551
6498 0.798956682806 0.781756312172
6501 0.854967369792 0.836561170861
6504 0.86111864794 0.842580020973
6507 0.855804873258 0.837380644101
6510 0.855594742988 0.837175037629
6513 0.857149855007 0.838696670356
6516 0.830213729045 0.81234043985
6519 0.810604431203 0.793153301555
6522 0.843466125813 0.825307531869
6525 0.845043552154 0.826850998525
6528 0.84956167845 0.831271856159
6531 0.852055939209 0.833712419127
6534 0.842851278409 0.824705921232
6537 0.840105392456 0.822019150194
6540 0.850805202364 0.83248860882
6543 0.850969917519 0.832649777898
6546 0.810256927635 0.792813279231
6549 0.838314385832 0.820266701327
6552 0.838275940719 0.820229083881
6555 0.822679443283 0.804968356259
6558 0.836321650793 0.818316866963
6561 0.705934494792 0.690736756022
6564 0.643374698329 0.629523780618
6567 0.82406510529 0.806324186987
6570 0.835485748139 0.817498960073
6573 0.827335683081 0.809524354014
6576 0.829380187468 0.811524843207
6579 0.839837539035 0.821757063266
6582 0.83939040583 0.821319556186
6585 0.836596000415 0.818585310239
6588 0.83469125988 0.816721575986
6591 0.833015337655 0.815081733919
6594 0.804477224262 0.787158004432
6597 0.836713598233 0.818700376347
6600 0.838534962 0.820482528812
6603 0.835549916859 0.817561747334
6606 0.833475543013 0.815532031728
6609 0.820276917579 0.802617553425
6612 0.836385749186 0.818379585411
6615 0.830809920164 0.812923795846
6618 0.832897866363 0.814966791612
6621 0.834583321744 0.8166159616
6624 0.834717164509 0.816746922926
6627 0.830678605857 0.812795308544
6630 0.826584639836 0.808789479633
6633 0.829907831457 0.812041127791
6636 0.830222950569 0.812349462849
6639 0.831902251616 0.813992610997
6642 0.821546860081 0.803860155919
6645 0.810989509676 0.793530089851
6648 0.827705967393 0.809886666645
6651 0.826485784563 0.808692752569
6654 0.824921409332 0.807162056053
6657 0.827794047668 0.809972850681
6660 0.825510454733 0.807738420167
6663 0.804634553674 0.787311946772
6666 0.822336936518 0.804633223164
6669 0.823152454365 0.805431184103
6672 0.821084943532 0.803408183759
6675 0.823983183024 0.806244028387
6678 0.792116199982 0.775063094953
6681 0.820181937967 0.802524618585
6684 0.819160844981 0.80152550824
6687 0.820903032504 0.80323018901
6690 0.820564297884 0.802898746852
6693 0.821206685231 0.803527304537
6696 0.817093396238 0.799502568649
6699 0.819565503658 0.801921455206
6702 0.816394637257 0.798818852928
6705 0.814658399505 0.79711999384
6708 0.813108069735 0.795603040406
6711 0.812193929694 0.794708580465
6714 0.81469900248 0.797159722692
6717 0.803516044411 0.786217517379
6720 0.80947479615 0.792047985895
6723 0.809316745193 0.791893337545
6726 0.811256202559 0.793791041226
6729 0.811244392618 0.793779485535
6732 0.81009904699 0.792658797526
6735 0.808613723788 0.791205451164
6738 0.805499329245 0.788158104987
6741 0.80908671108 0.791668255731
6744 0.798806517528 0.781609379732
6747 0.800787646731 0.783547858117
6750 0.792652373182 0.775587725127
6753 0.799017511118 0.781815830939
6756 0.802252145615 0.784980828479
6759 0.803085829409 0.785796564278
6762 0.80354881418 0.786249581663
6765 0.801184321288 0.78393599285
6768 0.784543125528 0.767653057733
6771 0.800148229395 0.782922206503
6774 0.799380196713 0.782170708443
6777 0.80605821811 0.788704961792
6780 0.80445158793 0.787132920013
6783 0.803490254296 0.786192282488
6786 0.801642042577 0.784383860068
6789 0.801716592867 0.7844568054
6792 0.801196962479 0.783948361895
6795 0.797910822131 0.78073296735
6798 0.800520963778 0.783286916458
6801 0.800922682527 0.78367998679
6804 0.795112302337 0.7779946956
6807 0.793867240926 0.776776438543
6810 0.791694294306 0.77465027229
6813 0.79555684634 0.77842966922
6816 0.790459401023 0.773441964457
6819 0.789921878481 0.77291601399
6822 0.791056783451 0.774026486113
6825 0.788249492231 0.771279631773
6828 0.784671263031 0.767778436623
6831 0.785079901245 0.768178277453
6834 0.783815635443 0.766941229447
6837 0.784998240987 0.768098375221
6840 0.780738786337 0.763930620409
6843 0.781431700329 0.764608616975
6846 0.782930298657 0.766074952669
6849 0.781921797241 0.765088162816
6852 0.783194155045 0.766333128614
6855 0.778209502881 0.761455788732
6858 0.779227882434 0.762452244061
6861 0.777750785678 0.761006947041
6864 0.776683297598 0.75996244042
6867 0.779803929132 0.763015889314
6870 0.782629989318 0.765781108551
6873 0.78333418497 0.7664701439
6876 0.784391591708 0.767504786215
6879 0.7809374573 0.764125014276
6882 0.780274585791 0.763476413423
6885 0.776221474004 0.759510559214
6888 0.778541601166 0.761780737426
6891 0.777306361055 0.760572090231
6894 0.778284854011 0.761529517663
6897 0.779009290191 0.762238357789
6900 0.77369302516 0.757036544182
6903 0.777265432835 0.760532043136
6906 0.775557676075 0.758861051885
6909 0.774781942786 0.758102019001
6912 0.771567724238 0.754956997884
6915 0.763313641963 0.746880613947
6918 0.770196419042 0.753615214887
6921 0.76882902923 0.75227726298
6924 0.765277033999 0.74880173702
6927 0.768615690049 0.75206851668
6930 0.773071590979 0.75642848857
6933 0.766856659171 0.750347355168
6936 0.763037950126 0.746610857353
6939 0.764529060726 0.748069866519
6942 0.764031512221 0.747583029507
6945 0.751115441571 0.734945022995
6948 0.76612247922 0.74962898104
6951 0.765047877361 0.748577513789
6954 0.766578822093 0.750075499517
6957 0.76644417456 0.749943750749
6960 0.767845070225 0.751314487176
6963 0.764144683681 0.747693764551
6966 0.763929754563 0.747483462542
6969 0.761419452219 0.745027203342
6972 0.760695716385 0.744319048483
6975 0.755497715435 0.739232952903
6978 0.746979093259 0.730897724222
6981 0.749897772204 0.733753568272
6984 0.754472065424 0.738229383639
6987 0.763522421771 0.74708489903
6990 0.763195316277 0.74676483564
6993 0.761464099882 0.745070889806
6996 0.759268044678 0.742922112463
6999 0.759884696802 0.743525488968
7002 0.76152142501 0.745126980808
7005 0.763676290482 0.747235455173
7008 0.760024042547 0.743661834802
7011 0.761027197818 0.744643393606
7014 0.762802807646 0.746380777147
7017 0.752327258911 0.736130751679
7020 0.759794515456 0.743437249095
7023 0.757431237553 0.741124849114
7026 0.75816139385 0.741839286212
7029 0.759659451875 0.743305093235
7032 0.761146638951 0.744760263345
7035 0.76347789741 0.747041333214
7038 0.755490979193 0.739226361683
7041 0.759044378715 0.742703261702
7044 0.763635756346 0.747195793678
7047 0.760470124236 0.744098313004
7050 0.759915068205 0.743555206519
7053 0.755186220705 0.7389281642
7056 0.760257180258 0.743889953399
7059 0.760477985588 0.744106005113
7062 0.748217849209 0.732109811566
7065 0.748432966938 0.732320298125
7068 0.740815372581 0.724866699449
7071 0.750399697838 0.73424468818
7074 0.752335002907 0.736138328958
7077 0.748768314679 0.732648426319
7080 0.746608458633 0.730535068819
7083 0.743831191243 0.72781759194
7086 0.748714594958 0.732595863104
7089 0.751534100495 0.735354668805
7092 0.745787716627 0.729731996189
7095 0.751861491397 0.735675011459
7098 0.751366707322 0.735190879362
7101 0.749523596214 0.733387447745
7104 0.751409322534 0.735232577131
7107 0.75114663277 0.734975542694
7110 0.746386424496 0.730317814752
7113 0.745802135712 0.729746104853
7116 0.753757621687 0.737530320833
7119 0.75128128208 0.735107293201
7122 0.73721584926 0.721344668609
7125 0.751090660729 0.73492077565
7128 0.749579284419 0.733441937064
7131 0.739200139755 0.723286240228
7134 0.748901284353 0.732778533349
7137 0.752383897849 0.736186171263
7140 0.746849345205 0.730770769455
7143 0.748114545154 0.732008731497
7146 0.741705197243 0.725737367486
7149 0.727214383533 0.711558519834
7152 0.741982260731 0.726008466202
7155 0.744401755892 0.728375873165
7158 0.744681985764 0.728650070097
7161 0.735283097249 0.719453525926
7164 0.728682933927 0.712995454482
7167 0.7396443424 0.723720879838
7170 0.738913437407 0.723005710163
7173 0.740232428158 0.724296304969
7176 0.741704573568 0.725736757238
7179 0.734955680493 0.719133157975
7182 0.739105603809 0.723193739502
7185 0.737497577402 0.721620331556
7188 0.72978710172 0.714075851155
7191 0.736459408848 0.720604513255
7194 0.736351174262 0.720498608801
7197 0.727898541034 0.712227948423
7200 0.729811398268 0.714099624634
7203 0.717917862077 0.702462138909
7206 0.726096017565 0.710464230652
7209 0.725493076125 0.709874269661
7212 0.737208718572 0.721337691435
7215 0.734802880605 0.718983647646
7218 0.734263774731 0.718456147934
7221 0.732019197444 0.716259893118
7224 0.729273304941 0.71357311567
7227 0.734483798237 0.718671434655
7230 0.733294642726 0.717507879926
7233 0.739900058069 0.723971090323
7236 0.732058064539 0.716297923461
7239 0.738360084343 0.722464269982
7242 0.73092746992 0.715191668893
7245 0.730042231519 0.714325488383
7248 0.732537337141 0.716766878025
7251 0.726788381553 0.711141689055
7254 0.724656729531 0.709055928388
7257 0.727540822047 0.711877930603
7260 0.72694697791 0.711296871063
7263 0.723984723395 0.708398389563
7266 0.72789984698 0.712229226254
7269 0.730146025868 0.71442704819
7272 0.723269841907 0.707698898429
7275 0.723001985768 0.707436808841
7278 0.727689493425 0.712023401303
7281 0.727336259221 0.711677771717
7284 0.727774539042 0.712106616013
7287 0.722577856903 0.707021810852
7290 0.712445678187 0.697107763147
7293 0.715415197313 0.700013352863
7296 0.723988806481 0.708402384745
7299 0.722116054181 0.706569950067
7302 0.722304773297 0.706754606336
7305 0.71832603628 0.702861525717
7308 0.719112485918 0.703631044243
7311 0.721700954659 0.706163787032
7314 0.721292784509 0.70576440419
7317 0.714416020792 0.699035687153
7320 0.71415991014 0.698785090189
7323 0.709552493559 0.694276864559
7326 0.707602464908 0.692368817176
7329 0.717909333917 0.702453794347
7332 0.716183925215 0.700765531175
7335 0.714103729939 0.698730119466
7338 0.719109105429 0.703627736531
7341 0.71946847518 0.703979369576
7344 0.712162902953 0.696831075651
7347 0.717732725783 0.702280988329
7350 0.714785705633 0.699397413219
7353 0.715193784394 0.699796706641
7356 0.709785771541 0.694505120406
7359 0.713872727694 0.698504090362
7362 0.716537954233 0.701111938466
7365 0.71505095093 0.699656948172
7368 0.71320375574 0.697849520397
7371 0.714219511082 0.69884340801
7374 0.714224145739 0.698847942889
7377 0.714197626112 0.698821994192
7380 0.710328303767 0.695035972706
7383 0.710657518859 0.695358100278
7386 0.699734367139 0.684670108062
7389 0.708870706066 0.693609754955
7392 0.710750665898 0.695449241998
7395 0.705342745786 0.690157746508
7398 0.714252789701 0.698875970188
