Wave Flux FluxNorm
3600 0.327592816632 0.307250738082
3603 0.239252231698 0.224395716404
3606 0.241736065556 0.226725315063
3609 0.173452623616 0.16268197568
3612 0.245815462573 0.230551399399
3615 0.283195606133 0.265610399827
3618 0.188897574608 0.177167862888
3621 0.234776882035 0.220198266346
3624 0.29429926618 0.276024571236
3627 0.383450732049 0.359640121696
3630 0.275757017878 0.258633715309
3633 0.222661494667 0.20883519145
3636 0.271125580994 0.254289870363
3639 0.345416157395 0.323967327477
3642 0.332687790481 0.312029336379
3645 0.26297863801 0.246648816843
3648 0.221385501937 0.207638432277
3651 0.288253077243 0.27035382414
3654 0.347052279064 0.325501853159
3657 0.383530814004 0.359715230912
3660 0.390162823623 0.365935421792
3663 0.342586994213 0.321313842933
3666 0.355366926595 0.33330019751
3669 0.301543665517 0.282819125116
3672 0.375999904099 0.352651957515
3675 0.38071498669 0.357074254137
3678 0.304722839642 0.285800886457
3681 0.310990593869 0.29167944061
3684 0.349552485008 0.327846807269
3687 0.249182367806 0.233709234569
3690 0.359474761876 0.337152954219
3693 0.369219384616 0.346292478583
3696 0.334253527616 0.313497848098
3699 0.428410335946 0.401807931183
3702 0.403100781353 0.378069989036
3705 0.253006871618 0.237296253452
3708 0.258487258836 0.242436332636
3711 0.346423489881 0.32491210903
3714 0.459896383479 0.431338833122
3717 0.398629413021 0.373876273085
3720 0.195190025084 0.18306957976
3723 0.256571115658 0.240639173553
3726 0.369481226761 0.346538061478
3729 0.322467244519 0.302443441539
3732 0.266783824457 0.250217717884
3735 0.138732102263 0.130117446573
3738 0.233930624112 0.219404557333
3741 0.349614312728 0.327904795759
3744 0.245782616921 0.230520593318
3747 0.202387681311 0.189820293073
3750 0.178045889509 0.166990019887
3753 0.343985246223 0.32262526962
3756 0.385790325126 0.361834436294
3759 0.19526301497 0.183138037294
3762 0.27699749709 0.259797166198
3765 0.286781455875 0.268973584011
3768 0.270857608055 0.25403853737
3771 0.32983178379 0.30935067519
3774 0.358003904919 0.335773431034
3777 0.34435241656 0.322969640288
3780 0.378772731904 0.355252604863
3783 0.377398312506 0.353963530887
3786 0.292625181756 0.274454440119
3789 0.222172867905 0.208376906268
3792 0.283683223486 0.266067738278
3795 0.227501881183 0.213375011171
3798 0.213312880566 0.200067085323
3801 0.283376828388 0.265780368973
3804 0.338153035059 0.317155213215
3807 0.259623833321 0.243502330825
3810 0.300710959478 0.282038126474
3813 0.271053614408 0.254222372587
3816 0.185538961447 0.174017804889
3819 0.183734717026 0.17232559614
3822 0.186709874758 0.175116009614
3825 0.140524195601 0.131798258768
3828 0.163623637027 0.153463326092
3831 0.187837021739 0.176173165705
3834 0.148232430386 0.139027845946
3837 0.191461287007 0.17957237998
3840 0.14350194773 0.134591105536
3843 0.231372416371 0.217005203083
3846 0.202786307562 0.19019416638
3849 0.176155470366 0.16521698749
3852 0.199773980471 0.187368891603
3855 0.180871584778 0.16964025186
3858 0.155456753126 0.145803569898
3861 0.151058324931 0.141678264822
3864 0.21471402124 0.2013812213
3867 0.18433247026 0.172886231518
3870 0.138469750335 0.12987138555
3873 0.176539110542 0.165576805291
3876 0.251601223968 0.235977890362
3879 0.18361719283 0.172215369683
3882 0.157783510039 0.147985845401
3885 0.295296385613 0.276959773921
3888 0.277983927658 0.26072234375
3891 0.356907892766 0.334745476433
3894 0.387390308321 0.363335067542
3897 0.386224646994 0.362241788677
3900 0.362918838657 0.340383168922
3903 0.363127468428 0.340578843698
3906 0.291787495735 0.27366877073
3909 0.384160464796 0.360305783149
3912 0.415638283762 0.389828967478
3915 0.38519912242 0.361279944685
3918 0.35032585624 0.328572155536
3921 0.265580011413 0.249088656355
3924 0.307878076575 0.288760197002
3927 0.217878844252 0.20434952267
3930 0.119934284317 0.112486890759
3933 0.0597310918599 0.0560220527699
3936 0.0962951310568 0.0903156253397
3939 0.196414365584 0.18421789408
3942 0.240089403458 0.225180903466
3945 0.290651600959 0.272603410042
3948 0.33127073887 0.310700277464
3951 0.402446630052 0.377456457664
3954 0.409109064331 0.383705183966
3957 0.364988338103 0.34232416152
3960 0.380996588692 0.357338369888
3963 0.218956791835 0.205360534432
3966 0.13005783006 0.121981808668
3969 0.0720339919298 0.0675609966512
3972 0.1706018581 0.160008230212
3975 0.292420979932 0.274262918334
3978 0.404084882104 0.378992981442
3981 0.460756317065 0.4321453686
3984 0.446518754579 0.418791896362
3987 0.511948202559 0.480158462304
3990 0.502546320632 0.47134039605
3993 0.534751847387 0.501546100704
3996 0.488999413897 0.458634692868
3999 0.54721228853 0.513232803048
4002 0.596980186688 0.559910332791
4005 0.475529379034 0.446001088149
4008 0.553628753553 0.519250833707
4011 0.579926923821 0.543916002829
4014 0.599180850354 0.561974344886
4017 0.593699110093 0.556832996677
4020 0.610727150776 0.572803670642
4023 0.589251215353 0.552661296711
4026 0.619752834325 0.581268898789
4029 0.656540508328 0.615772219423
4032 0.488652817272 0.458309618374
4035 0.547525109433 0.513526199143
4038 0.672536271039 0.630774715356
4041 0.611508959278 0.573536932261
4044 0.51393079942 0.482017948587
4047 0.514429230657 0.482485429429
4050 0.631669456613 0.592445551046
4053 0.579948481938 0.543936222281
4056 0.536325918503 0.5030224289
4059 0.539695982138 0.50618322635
4062 0.540671076494 0.507097771618
4065 0.511357662151 0.479604591868
4068 0.566711596082 0.531521289038
4071 0.549484220617 0.515363658107
4074 0.612995032249 0.574930726612
4077 0.409317455328 0.383900634795
4080 0.596534404538 0.559492231759
4083 0.605304495196 0.567717738214
4086 0.589884085731 0.553254868611
4089 0.698179477747 0.654825591284
4092 0.65060304933 0.610203450613
4095 0.62074760721 0.582201900637
4098 0.588761394583 0.552201891664
4101 0.47306217467 0.443687086367
4104 0.577579621642 0.541714457829
4107 0.646531560303 0.606384783215
4110 0.569283439555 0.533933432301
4113 0.61075521209 0.572829989471
4116 0.6432418214 0.603299322684
4119 0.539960702235 0.506431508488
4122 0.574380428704 0.538713920756
4125 0.597957621714 0.560827073384
4128 0.544285615233 0.510487863339
4131 0.529260405568 0.496395653361
4134 0.500972066641 0.469863896335
4137 0.59761848711 0.560508997553
4140 0.621853848735 0.58323944941
4143 0.427227674531 0.40069870786
4146 0.556832398375 0.522255546223
4149 0.525415047221 0.492789074918
4152 0.503129719988 0.471887568862
4155 0.497980916566 0.467058483573
4158 0.539438175741 0.5059414286
4161 0.572168191958 0.536639054219
4164 0.579448597096 0.543467378096
4167 0.466189481614 0.437241157436
4170 0.581161607956 0.545074018488
4173 0.438790237663 0.411543286484
4176 0.502788262691 0.471567314567
4179 0.475458035775 0.445934174995
4182 0.505588562719 0.474193728234
4185 0.614396212832 0.576244900021
4188 0.533102678844 0.499999338302
4191 0.555243606135 0.520765411019
4194 0.575186001102 0.539469470638
4197 0.452948935487 0.42482279121
4200 0.536498399013 0.503184199127
4203 0.516695580688 0.484611049053
4206 0.580345433285 0.544308524688
4209 0.614062189738 0.575931618297
4212 0.605076719786 0.567504106659
4215 0.453488289495 0.425328653697
4218 0.702884957096 0.659238880983
4221 0.746525578859 0.700169611348
4224 0.565209412936 0.530112384884
4227 0.383003753405 0.359220898467
4230 0.703784296205 0.660082375074
4233 0.623855592053 0.585116893238
4236 0.574558670426 0.538881094448
4239 0.602338103998 0.564935546911
4242 0.675732891192 0.633772839404
4245 0.730199216247 0.684857044319
4248 0.601443865639 0.564096836837
4251 0.597533580982 0.560429363724
4254 0.613245936156 0.575166050486
4257 0.673879169846 0.632034226031
4260 0.534665980946 0.501465566193
4263 0.704295927557 0.66056223636
4266 0.757269294789 0.710246189593
4269 0.629152004712 0.590084421877
4272 0.46687835814 0.437887257748
4275 0.562035163695 0.527135242613
4278 0.713657506125 0.669342501918
4281 0.596704460053 0.559651727571
4284 0.643181936014 0.603243155918
4287 0.594836075962 0.557899361946
4290 0.489086578055 0.458716444513
4293 0.63590176123 0.59641504809
4296 0.570325788303 0.534911055758
4299 0.410172225959 0.384702327915
4302 0.428131770119 0.401546663073
4305 0.436516395717 0.40941064016
4308 0.360337232657 0.337961869343
4311 0.442990966492 0.415483168458
4314 0.579309369668 0.543336796082
4317 0.842102983572 0.789812078005
4320 0.78541083333 0.736640261894
4323 0.634279832496 0.594893834024
4326 0.490305907162 0.459860058625
4329 0.800114646173 0.750431032384
4332 0.765192610135 0.717677501772
4335 0.838492572622 0.786425857756
4338 0.587578944608 0.551092866651
4341 0.548392579972 0.514339803563
4344 0.717372164269 0.672826496067
4347 0.75549295261 0.708580150479
4350 0.774593653347 0.726494781392
4353 0.656985171607 0.616189271061
4356 0.772916034228 0.72492133507
4359 0.693714847353 0.650638194876
4362 0.817947817245 0.76715684167
4365 0.863255052183 0.809650695834
4368 0.711146042866 0.666986989523
4371 0.7556649453 0.708741463178
4374 0.62965935707 0.590560269877
4377 0.756873700384 0.709875159867
4380 0.77139912852 0.723498622559
4383 0.492662654069 0.462070461875
4386 0.639837018974 0.600105943571
4389 0.673551052073 0.631726482934
4392 0.701980486052 0.658390573628
4395 0.684154532536 0.64167153372
4398 0.806065038828 0.756011931728
4401 0.694438392864 0.651316811381
4404 0.64151313583 0.601677980914
4407 0.690537656893 0.647658294022
4410 0.768825128308 0.721084456483
4413 0.848706036358 0.796005110144
4416 0.692399200856 0.649404244262
4419 0.835160163984 0.783300377093
4422 0.742246220892 0.69615598276
4425 0.793811181902 0.744518985626
4428 0.798520056259 0.748935459518
4431 0.746418983271 0.700069634879
4434 0.712582333774 0.668334093059
4437 0.799518117844 0.749871545851
4440 0.842948380541 0.790604979527
4443 0.703473627937 0.659790997944
4446 0.863681971388 0.810051105227
4449 0.860831209548 0.807377363206
4452 0.833151388444 0.781416337713
4455 0.704063999072 0.660344709619
4458 0.728625280487 0.683380843074
4461 0.67819036509 0.63607771494
4464 0.803985152646 0.754061197364
4467 0.806166329537 0.756106932728
4470 0.768052234898 0.720359556367
4473 0.894884239809 0.839315849493
4476 0.942177932576 0.883672811159
4479 0.8797377396 0.825109880582
4482 0.774955967907 0.726834597805
4485 0.945894860321 0.887158933977
4488 0.85699711589 0.803781349965
4491 0.844280956908 0.791854808739
4494 0.806759342121 0.756663121828
4497 0.842065929333 0.789777324672
4500 0.908328605211 0.851925378711
4503 0.980009844434 0.919155527053
4506 0.999563172099 0.937494678743
4509 0.958361701545 0.898851638985
4512 0.94987743357 0.890894206877
4515 0.879205240798 0.824610447623
4518 0.875312124147 0.820959076458
4521 0.958115194624 0.898620439064
4524 0.870929229427 0.816848340296
4527 0.773944529992 0.725885965753
4530 0.768454098607 0.7207364661
4533 0.837437524765 0.785436323748
4536 0.821328958595 0.770328028957
4539 0.914779195931 0.857975416011
4542 0.878695975007 0.824132805006
4545 0.846186150251 0.793641697924
4548 0.86427986305 0.810611870437
4551 0.856106017604 0.802945584978
4554 0.801796726432 0.75200866283
4557 0.916421981569 0.859516191858
4560 0.940609272468 0.88220155797
4563 0.899829281538 0.843953825798
4566 0.843077531563 0.790726110835
4569 0.957464977708 0.898010597769
4572 0.866588625309 0.812777268675
4575 0.940227372994 0.88184337278
4578 0.918291886412 0.861269983804
4581 0.812893477962 0.762416354711
4584 0.845343439724 0.792851316028
4587 0.895514592386 0.839907059937
4590 0.952581325374 0.893430198847
4593 0.857061626089 0.803841854364
4596 0.838461254372 0.786396484232
4599 0.890109689285 0.834837777636
4602 0.88167696498 0.826928688563
4605 0.873132971546 0.818915239685
4608 0.988542272567 0.927158128784
4611 0.958717010073 0.89918488441
4614 0.931499333074 0.873657305897
4617 0.964138875688 0.904270075927
4620 0.94325478504 0.884682795803
4623 0.965481533673 0.905529360734
4626 0.95596844638 0.896606994479
4629 0.940138019453 0.881759567703
4632 0.973334388306 0.912894587502
4635 0.927258405592 0.86967972143
4638 0.877715067716 0.82321280776
4641 0.92631279803 0.868792831954
4644 0.903775427644 0.847654933521
4647 0.783723452783 0.735057660285
4650 0.893542684965 0.838057599327
4653 0.939095357661 0.88078165064
4656 0.846852308879 0.79426649102
4659 1.00294033009 0.940662130019
4662 0.911918613963 0.855292463649
4665 0.86430192807 0.810632565316
4668 0.725694796239 0.680632329057
4671 0.909220718968 0.852762096113
4674 0.891471958694 0.836115456084
4677 0.962755982193 0.902973054059
4680 0.850417104902 0.797609928829
4683 0.900601921938 0.844678488614
4686 0.91517075547 0.858342661418
4689 0.893816178705 0.838314110304
4692 0.886816311861 0.831748904521
4695 0.954918593504 0.895622332867
4698 0.87748732355 0.822999205508
4701 0.86095255944 0.807491177802
4704 0.866405147189 0.812605183742
4707 0.855989859675 0.802836639948
4710 0.859691555889 0.806308477046
4713 0.895644312796 0.840028725278
4716 0.917717325951 0.86073110103
4719 0.983878373998 0.922783837881
4722 0.964784022201 0.904875161668
4725 0.993137702151 0.931468202326
4728 0.82625586829 0.774948999147
4731 0.858299828675 0.805003169994
4734 0.930442684435 0.872666270509
4737 0.898440363431 0.84265115342
4740 0.923300223046 0.865967324677
4743 0.959162314159 0.899602537063
4746 0.96400616604 0.904145606966
4749 0.971411260578 0.911090877579
4752 0.951922580715 0.892812359345
4755 0.90855140642 0.852134344941
4758 0.942838646051 0.884292497222
4761 0.94502946344 0.88634727445
4764 0.864216227611 0.810552186479
4767 0.87906150583 0.824475637966
4770 0.985768915864 0.924556985381
4773 0.954661401071 0.895381110957
4776 1.00589507747 0.943433400534
4779 1.01152924236 0.948717708473
4782 0.981901344467 0.920929573221
4785 0.956307188313 0.896924702022
4788 0.927165184153 0.869592288634
4791 0.932283483833 0.87439276433
4794 1.03165300068 0.967591869574
4797 1.00242895454 0.940182508654
4800 0.918721599877 0.861673013946
4803 1.01859114723 0.955341099993
4806 0.956443788558 0.897052819991
4809 0.938890935021 0.88058992175
4812 0.97608583396 0.915475180435
4815 0.999878387814 0.937790320944
4818 1.03243882447 0.968328897153
4821 1.02431531378 0.960709820881
4824 0.923415010702 0.866074984522
4827 1.00808178082 0.945484319186
4830 0.976921324582 0.916258790751
4833 0.952579808682 0.893428776335
4836 0.986583942985 0.925321402889
4839 0.940791713789 0.882372670485
4842 0.949284025618 0.890337646958
4845 0.998091348186 0.936114248647
4848 0.943245443354 0.884674034195
4851 0.991601004077 0.930026926469
4854 0.934584582775 0.87655097511
4857 0.909595084239 0.85311321494
4860 0.747023204841 0.700636336937
4863 0.80436881657 0.75442103744
4866 0.919051247929 0.861982192298
4869 0.92547020711 0.868002562238
4872 0.811671262913 0.761270033861
4875 0.898983050314 0.843160141825
4878 0.953833329288 0.894604458804
4881 0.96103141554 0.901355575438
4884 0.929375079302 0.871664958977
4887 0.877189932866 0.822720281483
4890 0.870329225875 0.816285594335
4893 0.976029649109 0.915422484418
4896 1.0633830947 0.997351663785
4899 1.00420891234 0.941851938875
4902 0.992339542247 0.930719604655
4905 1.00862356231 0.94599245842
4908 0.9797788699 0.918938895026
4911 0.882911188654 0.828086272355
4914 0.989647003091 0.928194260383
4917 0.978178341929 0.917437752828
4920 0.784261688196 0.735562473638
4923 0.898070150015 0.842303928635
4926 0.958328893967 0.898820868613
4929 1.02546882543 0.961791704512
4932 1.0080390938 0.945444282841
4935 0.939108546207 0.880794020235
4938 0.855715584526 0.802579396084
4941 0.996234857141 0.934373037561
4944 1.02798903968 0.964155424497
4947 1.00193826345 0.939722287333
4950 1.03393051839 0.969727963416
4953 1.00692459111 0.944398985891
4956 0.968444238333 0.908308094415
4959 0.96025985091 0.900631921591
4962 1.02402872849 0.960441031282
4965 0.974158803091 0.91366780974
4968 0.948300081387 0.889414801353
4971 0.961341378226 0.9016462908
4974 1.03996806056 0.975390600667
4977 0.981240038651 0.920309331599
4980 0.933381343651 0.875422451863
4983 0.810169910048 0.759861908431
4986 0.901502806297 0.845523432002
4989 0.97035078583 0.910096253666
4992 0.953401526384 0.894199468968
4995 0.961253809851 0.901564160037
4998 0.957558073532 0.89809791275
5001 0.887843295222 0.832712116715
5004 0.891278769602 0.835934263189
5007 0.856385247223 0.803207475662
5010 0.946803901716 0.888011527884
5013 0.810879627658 0.760527555686
5016 0.876296035589 0.82188189131
5019 0.860653564881 0.807210749495
5022 0.875877503344 0.821489348084
5025 0.930798655923 0.873000137727
5028 0.883839987753 0.828957397099
5031 0.965905309365 0.905926821812
5034 1.02064708308 0.957269371236
5037 0.899838700733 0.843962660102
5040 0.786856437799 0.737996100659
5043 0.909081221438 0.852631260768
5046 1.04036090699 0.975759053059
5049 0.888764431119 0.833576054109
5052 0.906884739814 0.850571171028
5055 1.0096813255 0.946984539155
5058 1.00292432188 0.940647115847
5061 1.043708391 0.978898672976
5064 0.947718569939 0.888869399218
5067 0.937256429246 0.879056911622
5070 0.980932376453 0.920020773876
5073 0.922173293935 0.864910372927
5076 0.947284796982 0.888462561661
5079 0.838815338922 0.786728581683
5082 0.890439009139 0.835146648171
5085 0.953766249985 0.894541544832
5088 0.954888659279 0.895594257426
5091 0.982571457346 0.921558075027
5094 1.02324652403 0.959707398286
5097 0.914608447796 0.857815270587
5100 0.886394100008 0.831352910173
5103 0.96953609024 0.909332147103
5106 0.934603968334 0.876569156911
5109 0.896953190401 0.841256327318
5112 0.958203932796 0.898703666983
5115 0.96823139141 0.908108464354
5118 1.02057346857 0.957200327865
5121 0.955149837232 0.895839217373
5124 0.845572011779 0.79306569476
5127 0.890274873491 0.834992704627
5130 0.893047732973 0.837593381685
5133 0.93228221116 0.874391570684
5136 0.955898242963 0.896541150387
5139 0.872495080859 0.818316959215
5142 0.86468291135 0.810989891203
5145 0.906478015103 0.85018970214
5148 0.87831434319 0.823774870852
5151 0.896245369963 0.840592459428
5154 0.894764629649 0.8392036666
5157 0.971464105339 0.911140440911
5160 0.987759875009 0.926424314686
5163 0.933486182143 0.875520780344
5166 0.759771964054 0.712593454062
5169 0.744818067098 0.698568128586
5172 0.691993362794 0.649023606965
5175 0.935233151441 0.877159270503
5178 0.985757635551 0.924546405525
5181 0.945228129585 0.886533604298
5184 0.660940574401 0.619899060672
5187 0.950170166714 0.891168762575
5190 0.965300207938 0.905359294532
5193 0.837894709825 0.785865119619
5196 0.867436907165 0.813572875945
5199 0.946444893936 0.887674812915
5202 0.960876989475 0.901210738555
5205 0.863579098989 0.809954620753
5208 0.851640710428 0.798757553813
5211 0.941089095677 0.882651586261
5214 0.968159049048 0.908040614136
5217 0.893541922849 0.838056884535
5220 0.97928176619 0.918472659278
5223 0.950265157482 0.891257854833
5226 0.775200363014 0.727063817047
5229 0.932781609993 0.874859959038
5232 0.951719032151 0.892621450255
5235 0.896288885385 0.840633272733
5238 1.00434876045 0.941983103029
5241 1.0184369907 0.955196515907
5244 1.00707753647 0.944542434011
5247 0.914815394638 0.858009366936
5250 0.885413258617 0.830432974735
5253 0.945310214082 0.886610591708
5256 0.937836083713 0.879600572086
5259 1.03681518589 0.972433505702
5262 0.881601597132 0.826858000728
5265 0.760372973171 0.713157143146
5268 0.85570625176 0.802570642842
5271 0.836580654435 0.784632661311
5274 0.894098948538 0.838579321369
5277 0.981371105958 0.9204322602
5280 0.980877515987 0.919969320004
5283 0.910719539061 0.854167846045
5286 1.03844509978 0.973962209079
5289 1.04447233386 0.979615178333
5292 1.04594761105 0.980998847271
5295 1.00509896673 0.942686724785
5298 0.856056474485 0.80289911827
5301 0.957089686084 0.897658610111
5304 1.03480591203 0.970548998944
5307 1.01797357121 0.954761872737
5310 1.06756634806 1.00127515544
5313 1.04170518971 0.977019861704
5316 0.991243032929 0.929691183761
5319 1.01494351779 0.951919972361
5322 1.00255165463 0.940297589605
5325 0.945075721402 0.886390659995
5328 0.785629511748 0.73684536134
5331 0.983649595214 0.922569265257
5334 1.01149420551 0.948684847257
5337 1.01917101744 0.955884962801
5340 0.926567690434 0.869031896657
5343 1.01439766995 0.951408019275
5346 0.990150888813 0.928666857009
5349 0.951323869922 0.892250825869
5352 1.03794285184 0.973491148532
5355 1.08355729856 1.01627313798
5358 1.08884393459 1.02123149707
5361 1.04721296575 0.982185628993
5364 1.00946521518 0.946781848331
5367 1.00393004663 0.941590389503
5370 0.911981646249 0.855351581906
5373 1.01235227748 0.949489636715
5376 1.06286454513 0.996865313869
5379 1.04129531602 0.976635439381
5382 1.00925539286 0.94658505506
5385 1.04665079425 0.981658365874
5388 1.01599478148 0.952905957174
5391 0.971437317295 0.911115316288
5394 0.953884124034 0.894652099418
5397 0.894956113825 0.839383260448
5400 0.979603809042 0.918774704679
5403 0.979629492946 0.918798793725
5406 0.863092340397 0.809498087737
5409 0.93764273255 0.879419227183
5412 1.00655817571 0.944055323278
5415 0.996904837172 0.935001414768
5418 1.04285052295 0.978094074773
5421 0.984267825201 0.923149105871
5424 0.958357239269 0.898847453797
5427 1.06215377288 0.99619867746
5430 0.919789036865 0.862674167774
5433 0.952193840342 0.893066774938
5436 0.935042337692 0.876980305452
5439 1.07655797661 1.00970844325
5442 1.06721977278 1.00095010096
5445 0.991263049174 0.929709957085
5448 0.986180433209 0.924942949301
5451 1.0694387778 1.00303131549
5454 0.995896324216 0.934055526047
5457 1.01516948116 0.952131904395
5460 1.06048352484 0.994632144504
5463 0.958588402806 0.899064263091
5466 1.02650540392 0.962763916019
5469 1.03391576124 0.969714122616
5472 1.00044574658 0.938322449217
5475 0.956401725018 0.897013368413
5478 0.949030895637 0.89010023524
5481 0.941046839918 0.882611954399
5484 1.01769101293 0.95449686009
5487 0.990795720215 0.929271647206
5490 1.01042057768 0.947677887011
5493 1.00062097236 0.938486794239
5496 1.02312655914 0.959594882697
5499 1.05243974834 0.987087851285
5502 0.97730311417 0.916616872879
5505 1.00599374979 0.943525945731
5508 1.0082060563 0.945600877705
5511 0.980981558487 0.920066901921
5514 0.961474795727 0.901771423658
5517 1.01230867009 0.949448737155
5520 1.05106396175 0.985797495007
5523 1.03624651791 0.971900149511
5526 0.988474843598 0.927094886858
5529 0.962287720778 0.902533869626
5532 1.02053369942 0.957163028204
5535 0.972185671677 0.911817201141
5538 1.00318142888 0.940888257636
5541 1.05831889982 0.992601933213
5544 1.00300685568 0.940724524664
5547 1.02028446962 0.956929274475
5550 1.0662067687 1.0
5553 1.02145406088 0.958026239248
5556 1.03342013326 0.969249270963
5559 1.03172004941 0.967654754872
5562 1.00421391941 0.941856635025
5565 0.992012424073 0.930412799086
5568 0.989379588856 0.9279434514
5571 1.02131689579 0.957897591508
5574 1.00690492957 0.944380545241
5577 1.01615633969 0.95305748333
5580 1.02892156487 0.965030043962
5583 1.02047809775 0.957110879155
5586 0.952293203322 0.893159967912
5589 0.905553628227 0.849322715639
5592 0.967239889737 0.90717853059
5595 0.979538731736 0.918713668389
5598 0.984279069953 0.923159652373
5601 0.937624748446 0.879402359813
5604 0.994293542277 0.932552269844
5607 1.06472995119 0.998614886388
5610 1.04949830462 0.984329058325
5613 1.05591517947 0.990347473366
5616 0.917599732151 0.86062080929
5619 0.99484404577 0.933068589483
5622 1.02989473029 0.965942780066
5625 0.93846751991 0.880192798862
5628 1.0117185323 0.948895244335
5631 1.06098846203 0.995105727308
5634 1.0199374228 0.956603777747
5637 0.968475079923 0.908337020878
5640 0.990295629011 0.928802609475
5643 0.984048434029 0.922943337929
5646 1.01486223742 0.951843739141
5649 1.00153876652 0.939347597407
5652 1.02195788104 0.958498774379
5655 0.966877758424 0.906838886045
5658 0.889374958162 0.834148670097
5661 0.967063847176 0.907013419501
5664 0.991740396722 0.930157663441
5667 0.977770832162 0.917055547632
5670 0.997378122544 0.935445311192
5673 1.06091932453 0.995040882947
5676 1.04029317516 0.975695527071
5679 1.02026553143 0.956911512266
5682 0.972047011001 0.911687150686
5685 0.982359028567 0.921358837144
5688 0.957836526705 0.898359075201
5691 1.01321311896 0.950297023714
5694 1.01984832999 0.956520217211
5697 1.01905860175 0.955779527635
5700 0.97460982471 0.914090824893
5703 0.976219918497 0.915600938911
5706 0.939741339541 0.881387519875
5709 0.889851210802 0.834595349535
5712 0.92096432842 0.863776478873
5715 1.00595315811 0.943487874619
5718 1.01938974831 0.956090111443
5721 1.04554167865 0.980618121494
5724 1.05867840895 0.992939118404
5727 1.01198904169 0.949148956274
5730 1.04020566715 0.975613452925
5733 1.03088578174 0.96687229157
5736 1.0517760439 0.986465359983
5739 1.03910578742 0.974581870908
5742 1.02291990847 0.959401064126
5745 1.0523457533 0.986999692921
5748 0.988829424159 0.92742744952
5751 1.03437525352 0.97014508244
5754 0.936673673314 0.87851034228
5757 1.04373262814 0.978921405094
5760 1.00620478523 0.943723876795
5763 0.972858406403 0.912448161989
5766 1.06323502792 0.997212791304
5769 1.04950292689 0.984333393575
5772 1.02618715117 0.962465425369
5775 1.02304817978 0.959521370346
5778 1.04054852309 0.975935019016
5781 0.91942495979 0.86233269829
5784 0.944764363855 0.886098636388
5787 0.998134867536 0.936155065636
5790 1.01658749797 0.953461868567
5793 1.02001951107 0.956680768693
5796 1.03302871319 0.968882156362
5799 1.02789859846 0.964070599277
5802 1.06444124306 0.998344105761
5805 0.992950270538 0.931292409395
5808 1.02071329913 0.957331475557
5811 1.05062573371 0.985386479011
5814 1.04046263184 0.975854461233
5817 1.01256239789 0.949686709571
5820 1.06910782366 1.00272091216
5823 1.06188481723 0.99594642278
5826 1.06259289011 0.99661052743
5829 1.06854136923 1.00218963207
5832 1.05481065808 0.989311537916
5835 1.03542631501 0.971130877613
5838 1.03970840044 0.975147064304
5841 1.07259968935 1.00599594829
5844 1.06586278383 0.999677375076
5847 1.02358204831 0.960022087985
5850 1.04679985169 0.981798167499
5853 0.986823637339 0.925546213274
5856 0.99738479321 0.935451567639
5859 0.979067273253 0.918271485412
5862 1.01834772702 0.95511279511
5865 1.03796031161 0.97350752413
5868 1.03456800337 0.970325863372
5871 1.05878887414 0.993042724187
5874 1.04904128272 0.983900415483
5877 1.04913908206 0.983992141916
5880 1.02022794541 0.956876260176
5883 1.02267979193 0.959175857766
5886 1.03994611067 0.975370013773
5889 0.827092680216 0.775733848719
5892 0.914406861202 0.857626201637
5895 0.867377910508 0.813517542721
5898 0.966853713184 0.906816333909
5901 1.0317129767 0.967648121345
5904 1.03597917708 0.971649409377
5907 1.02136564667 0.957943315177
5910 1.03051317876 0.966522825603
5913 1.01818950752 0.954964400347
5916 0.985948296488 0.924725227254
5919 1.03627233499 0.971924363465
5922 1.024947643 0.961302885222
5925 1.04918371759 0.984034005774
5928 1.01390514023 0.950946073498
5931 1.00815303514 0.945551148928
5934 1.00660145683 0.944095916828
5937 1.03035731398 0.96637663934
5940 1.02723501754 0.963448223827
5943 1.01197436054 0.949135186763
5946 1.03878552953 0.974281499636
5949 0.980971441446 0.920057413104
5952 0.998680719825 0.936667022889
5955 1.01996162079 0.956626473148
5958 0.996633200984 0.934746645997
5961 1.04005573836 0.975472834062
5964 1.03161343914 0.967554764632
5967 1.02159752081 0.958160790948
5970 1.04625442258 0.981286607145
5973 1.04203347251 0.977327759587
5976 0.97778363722 0.917067557552
5979 1.01199915915 0.949158445483
5982 1.02036634351 0.957006064357
5985 0.967715618647 0.907624718819
5988 1.00393196153 0.941592185493
5991 1.00186202926 0.939650786943
5994 1.03441391307 0.970181341403
5997 0.983817608666 0.922726845809
6000 1.01519961996 0.952160171707
6003 0.992003491331 0.930404421028
6006 0.98903367468 0.927619016979
6009 0.963891827879 0.904038368704
6012 0.99076245647 0.929240448994
6015 0.988502491135 0.927120817604
6018 0.990025703134 0.928549444812
6021 0.951701005502 0.892604542982
6024 0.977710992788 0.916999424022
6027 0.991075673749 0.929534216852
6030 1.01382500449 0.950870913833
6033 1.02889222313 0.965002524217
6036 1.02750116214 0.963697842012
6039 1.02174455633 0.958298696203
6042 0.996485198731 0.934607834035
6045 1.02585993444 0.962158527362
6048 1.02759443048 0.963785318796
6051 1.03250667838 0.968392537631
6054 0.998072602791 0.936096667259
6057 0.99753957108 0.935596734481
6060 1.02879742159 0.964913609435
6063 0.999165895531 0.93712207131
6066 0.968773264248 0.908616689262
6069 1.03515509273 0.970876497049
6072 1.03820167282 0.973733897865
6075 1.03509725097 0.970822247009
6078 0.98153677469 0.92058764163
6081 0.992304426055 0.930686669024
6084 0.980162027703 0.919298260407
6087 0.991865554828 0.930275049778
6090 0.972396948679 0.912015358767
6093 0.981846727556 0.920878347781
6096 1.00869819581 0.946062457507
6099 1.01198134369 0.949141736286
6102 0.92490580735 0.86747320923
6105 0.997803982274 0.935844726898
6108 0.985592411547 0.924391441208
6111 1.00357913113 0.941261264315
6114 1.01881069906 0.955547018611
6117 0.99565047373 0.9338249418
6120 0.983763285166 0.922675895561
6123 0.96403032962 0.904168270093
6126 0.994593306396 0.932833419925
6129 0.969221272146 0.909036877833
6132 1.00654659024 0.944044457221
6135 0.970755635208 0.910475963671
6138 0.881889014123 0.827127570383
6141 0.963431807196 0.90360691329
6144 1.00905088595 0.946393247137
6147 0.992046309417 0.930444580299
6150 0.977587755886 0.916883839591
6153 0.999172181666 0.937127967103
6156 0.973630279979 0.913172105598
6159 0.985491700496 0.924296983872
6162 0.861557606568 0.808058654154
6165 0.950685132639 0.891651751372
6168 0.953199005024 0.894009523297
6171 0.948334506022 0.889447088369
6174 0.979943413607 0.919093221289
6177 0.969973254174 0.909742165072
6180 0.986722794011 0.925451631874
6183 1.0169661155 0.953816975608
6186 0.993900504649 0.932183638131
6189 0.98352089623 0.922448557916
6192 0.920088519674 0.862955054013
6195 1.01289369387 0.949997433524
6198 1.01463129834 0.951627140365
6201 0.977090417816 0.916417384036
6204 1.01735536425 0.954182053718
6207 1.01619761557 0.95309619616
6210 1.01870974443 0.955452332829
6213 0.956355864003 0.896970355165
6216 0.944003325422 0.885384855107
6219 0.947155123311 0.888340940157
6222 0.982687745755 0.921667142435
6225 0.990625289724 0.929111799702
6228 0.983781989204 0.92269343816
6231 0.89413599725 0.838614069518
6234 0.992269500924 0.930653912591
6237 0.983316951576 0.922257277332
6240 0.94289599596 0.884346285953
6243 0.929699557722 0.871969288708
6246 0.918074899599 0.861066470921
6249 0.986176091499 0.924938877192
6252 0.925344616185 0.86788476996
6255 0.911439631673 0.854843224061
6258 0.898981424693 0.843158617148
6261 0.956791368345 0.897378816596
6264 0.98050404464 0.919619039591
6267 0.990488994064 0.928983967406
6270 0.957241906567 0.897801378368
6273 0.990812360236 0.929287253955
6276 0.949655325319 0.890685890575
6279 0.914588476198 0.857796539137
6282 0.928660488746 0.870994741363
6285 0.975052541313 0.914506050735
6288 0.990587099968 0.929075981363
6291 0.953222640408 0.894031691027
6294 0.969828773564 0.909606656075
6297 0.933461057837 0.875497216148
6300 0.936853008135 0.878678541194
6303 0.924438749792 0.867035153901
6306 0.97666441839 0.916017837308
6309 0.977102665853 0.916428871523
6312 0.953804686161 0.894577594289
6315 0.900899017035 0.844957135408
6318 0.894258372537 0.838728845836
6321 0.950106824113 0.891109353272
6324 0.979130780852 0.918331049467
6327 0.978034398367 0.917302747531
6330 0.966491181001 0.906476313386
6333 0.989617564697 0.928166649984
6336 0.908769518084 0.852338912827
6339 0.94215626468 0.883652488745
6342 0.971477824829 0.911153308482
6345 0.947732606263 0.888882563948
6348 0.978781098035 0.918003080421
6351 0.99298679815 0.931326668802
6354 0.958640774853 0.899113383063
6357 0.963570624227 0.903737110391
6360 0.929457155685 0.871741938776
6363 0.909739551167 0.853248711105
6366 0.956454673892 0.897063029393
6369 0.972977538991 0.912559896965
6372 0.984867590067 0.923711627966
6375 0.988661887025 0.927270315708
6378 0.973542729821 0.913089991921
6381 0.963928538905 0.904072800136
6384 0.971868319863 0.911519555485
6387 0.992812121167 0.931162838494
6390 0.987266833606 0.925961888994
6393 0.906065255417 0.849802573022
6396 0.984015689969 0.922912627132
6399 0.921828946894 0.864587408328
6402 0.969938107218 0.909709200588
6405 0.983782811412 0.922694209313
6408 0.923247465056 0.865917842727
6411 0.942571574443 0.88404200959
6414 0.961782927451 0.902060421752
6417 0.961993186031 0.902257624196
6420 0.910254287503 0.85373148457
6423 0.977453193419 0.916757632863
6426 0.984311616593 0.923190178009
6429 0.972841911799 0.912432691628
6432 0.924705850993 0.867285669287
6435 0.984396653207 0.923269934222
6438 0.933270326865 0.875318328733
6441 0.978803138988 0.918023752728
6444 0.982029318844 0.92104960095
6447 0.991934537869 0.930339749274
6450 0.861660048312 0.808154734715
6453 0.971958503931 0.911604139518
6456 0.913621361832 0.856889478336
6459 0.982994401385 0.921954756094
6462 0.901984658978 0.845975363743
6465 0.96131965511 0.901625916593
6468 0.970429538095 0.91017011576
6471 0.931584243136 0.873736943416
6474 0.964669279531 0.904767544015
6477 0.971442923636 0.9111205745
6480 0.970366331799 0.910110834298
6483 0.919129056401 0.862055169205
6486 0.971990733631 0.911634367895
6489 0.969599985204 0.909392074469
6492 0.927929274474 0.870308932294
6495 0.800067129386 0.750386466182
6498 0.872826605535 0.818627897661
6501 0.932404371699 0.874506145589
6504 0.962455136543 0.902690889605
6507 0.971327555264 0.911012369998
6510 0.964730801811 0.904825246031
6513 0.967683201394 0.907594314536
6516 0.930285709705 0.872519043222
6519 0.923587409703 0.866236678301
6522 0.966332820546 0.906327786422
6525 0.96758868797 0.907505669981
6528 0.940177991102 0.881797057288
6531 0.958526415759 0.899006125168
6534 0.938823960812 0.880527106346
6537 0.964056594763 0.904192904286
6540 0.972781706195 0.912376224528
6543 0.959778107994 0.900180092799
6546 0.910259291726 0.853736178053
6549 0.961651493855 0.901937149606
6552 0.945669452165 0.88694752268
6555 0.906255720179 0.849981210757
6558 0.922387971966 0.865111720392
6561 0.778237221024 0.729912099481
6564 0.705891574253 0.662058800389
6567 0.940561019337 0.882156301147
6570 0.912375628977 0.855721100033
6573 0.903377436212 0.847281655613
6576 0.925626061514 0.868148738767
6579 0.960566116037 0.900919168996
6582 0.933781545028 0.875797802488
6585 0.942619693493 0.884087140658
6588 0.957563559771 0.898103058318
6591 0.94060098648 0.882193786506
6594 0.874123268569 0.819844043602
6597 0.934174768191 0.876166608216
6600 0.955031639899 0.895728359576
6603 0.952325551571 0.893190307476
6606 0.930192654377 0.872431766222
6609 0.892585151953 0.837159524919
6612 0.952427455251 0.893285883384
6615 0.9554092806 0.896082550444
6618 0.955317392837 0.895996368508
6621 0.966676998378 0.906650592318
6624 0.933109426146 0.875167419244
6627 0.947195974633 0.888379254791
6630 0.944065471828 0.885443142494
6633 0.891766562345 0.836391766139
6636 0.936807728783 0.878636073492
6639 0.936883430759 0.878707074706
6642 0.937304523635 0.87910201956
6645 0.923726637521 0.866367260682
6648 0.935524208255 0.877432253965
6651 0.954001708772 0.89476238266
6654 0.949280123863 0.890333987485
6657 0.949721128551 0.890747607714
6660 0.94433345028 0.885694480658
6663 0.893607785563 0.838118657463
6666 0.928365610981 0.870718174216
6669 0.936650149395 0.878488279093
6672 0.943548926757 0.884958672608
6675 0.948600853678 0.889696897003
6678 0.879058067287 0.824472412942
6681 0.942933034717 0.884381024765
6684 0.950536505709 0.891512353524
6687 0.920805161174 0.863627195215
6690 0.956252069255 0.896873005616
6693 0.951702428703 0.892605877808
6696 0.910214134863 0.853693825233
6699 0.928234516942 0.870595220542
6702 0.936470191873 0.878319496145
6705 0.91770897999 0.860723273317
6708 0.939243214161 0.880920325899
6711 0.9260215519 0.868519670932
6714 0.911719464611 0.855105680599
6717 0.876867066664 0.822417463858
6720 0.925725737402 0.868242225219
6723 0.90913312361 0.852679940042
6726 0.919557726094 0.862457220388
6729 0.938414422658 0.880142998716
6732 0.933217454469 0.875268739482
6735 0.933933297287 0.875940131597
6738 0.908323122761 0.851920236697
6741 0.915814573296 0.858946500978
6744 0.918426905195 0.861396618512
6747 0.919694810721 0.86258579266
6750 0.899259059274 0.843419011838
6753 0.917301072736 0.860340695316
6756 0.928190928069 0.870554338347
6759 0.938501704844 0.880224861062
6762 0.936621238504 0.878461163442
6765 0.932024022332 0.874149414251
6768 0.895969953368 0.840334144997
6771 0.901309508325 0.845342136987
6774 0.926933908863 0.869375374526
6777 0.933442219405 0.8754795475
6780 0.94273180326 0.8841922889
6783 0.908769087856 0.852338509313
6786 0.906603076093 0.85030699739
6789 0.917860738055 0.860865607871
6792 0.914341114741 0.857564537743
6795 0.902717351485 0.846662559255
6798 0.921292482543 0.864084256062
6801 0.92843052928 0.870779061372
6804 0.91969959982 0.862590284377
6807 0.917365780064 0.860401384602
6810 0.91485151885 0.858043247993
6813 0.92867618759 0.871009465378
6816 0.930030259847 0.87227945568
6819 0.93081364768 0.873014198562
6822 0.939671213881 0.881321748711
6825 0.946625975695 0.88784465029
6828 0.912220134296 0.85557526089
6831 0.939442627942 0.881107356958
6834 0.929280198129 0.871575969509
6837 0.921824372688 0.86458311816
6840 0.88306239044 0.828228085172
6843 0.87977108227 0.825141152818
6846 0.930943381995 0.873135876944
6849 0.932664863025 0.874750461545
6852 0.935383135797 0.877299941488
6855 0.885096537341 0.830135920463
6858 0.90267734518 0.846625037167
6861 0.89505579234 0.839476749364
6864 0.9273724742 0.869786706878
6867 0.8714260152 0.817314277849
6870 0.88145504007 0.826720544217
6873 0.873781717092 0.819523700975
6876 0.87910107428 0.824512749389
6879 0.906959941851 0.850641703349
6882 0.881209009566 0.82648979113
6885 0.895394846868 0.839794750091
6888 0.901865739077 0.845863828247
6891 0.912886065371 0.856199840564
6894 0.901888216638 0.845884910049
6897 0.909816055612 0.853320464959
6900 0.902297432101 0.846268715025
6903 0.909150193782 0.852695950231
6906 0.913879420723 0.8571315129
6909 0.923767330274 0.866405426592
6912 0.899310849183 0.84346758582
6915 0.881829159969 0.82707143291
6918 0.90133184567 0.845363087281
6921 0.924751418455 0.86732840721
6924 0.888740351001 0.833553469261
6927 0.897315004874 0.841595674698
6930 0.913331176996 0.856617312707
6933 0.881963053568 0.827197012303
6936 0.908164240047 0.851771219904
6939 0.914447903095 0.857664695009
6942 0.909810295327 0.853315062363
6945 0.864648774652 0.810957874244
6948 0.901074736557 0.845121943517
6951 0.877804644809 0.823296822508
6954 0.882357920997 0.827567360194
6957 0.904991755767 0.848795732997
6960 0.896423766735 0.840759778543
6963 0.901392639462 0.845420106045
6966 0.89069953007 0.835390991893
6969 0.906817441969 0.850508052085
6972 0.898954110265 0.843132998826
6975 0.876922259836 0.822469229775
6978 0.808129971589 0.757948641212
6981 0.879194911406 0.824600759641
6984 0.905492345337 0.849265238148
6987 0.896466024087 0.840799411899
6990 0.89620755381 0.840556991493
6993 0.902652850331 0.84660206334
6996 0.905916576626 0.849663126533
6999 0.87028911085 0.816247970278
7002 0.89165040562 0.836282822238
7005 0.865097968427 0.811379175054
7008 0.891750335073 0.83637654651
7011 0.880415266068 0.825745335625
7014 0.881461290528 0.826726406549
7017 0.820995533461 0.770015308063
7020 0.899495486101 0.843640757595
7023 0.8515278559 0.798651707057
7026 0.874045505049 0.819771108856
7029 0.888765757527 0.833577298152
7032 0.88713331589 0.832046223989
7035 0.888991670156 0.833789182597
7038 0.854358793115 0.801306855475
7041 0.920436509216 0.863281434928
7044 0.900911184998 0.844968547793
7047 0.908821098252 0.852387290092
7050 0.915900352034 0.859026953232
7053 0.855804984337 0.802663244559
7056 0.910591180222 0.854047457727
7059 0.890089701733 0.834819031224
7062 0.893998495974 0.838485106469
7065 0.898380543504 0.842595048048
7068 0.847339224333 0.794723171157
7071 0.90467795006 0.84850141325
7074 0.910581743197 0.8540386067
7077 0.904285339032 0.848133181645
7080 0.919683585078 0.86257526408
7083 0.874582436577 0.820274699289
7086 0.862691358518 0.809122005076
7089 0.887486030673 0.832377036729
7092 0.875106152517 0.820765894763
7095 0.885126393613 0.830163922792
7098 0.899773608385 0.843901609704
7101 0.896983619754 0.841284867142
7104 0.900959367682 0.845013738543
7107 0.876717774608 0.822277442184
7110 0.871001948122 0.816916543479
7113 0.871966344957 0.817821055496
7116 0.882243762299 0.827460290251
7119 0.875512037497 0.821146576065
7122 0.848263436814 0.795589994093
7125 0.891110451336 0.83577639675
7128 0.877958349239 0.823440982566
7131 0.835205237279 0.783342651534
7134 0.883686990603 0.828813900401
7137 0.896628387332 0.840951693097
7140 0.871476971729 0.817362070201
7143 0.879244645673 0.824647405628
7146 0.871740181807 0.817608936087
7149 0.835224305229 0.783360535448
7152 0.879346202217 0.824742655955
7155 0.861822789252 0.808307370155
7158 0.885843828037 0.830836807681
7161 0.87281663814 0.818618549197
7164 0.819581330993 0.768688921372
7167 0.863179992266 0.809580296809
7170 0.870270578738 0.816230588929
7173 0.888948292707 0.833748498698
7176 0.843747935498 0.791354885623
7179 0.866189443696 0.812402874491
7182 0.817854344425 0.767069173102
7185 0.851951140807 0.799048707826
7188 0.802750931416 0.752903615865
7191 0.839900645663 0.787746495631
7194 0.824413619483 0.773221145919
7197 0.840707459024 0.788503209417
7200 0.852422487899 0.799490786328
7203 0.847640944669 0.795006155983
7206 0.828716666759 0.777256992814
7209 0.826232698869 0.774927268446
7212 0.871883113916 0.817742992737
7215 0.840497839403 0.788306606256
7218 0.861791921964 0.808278419591
7221 0.837462411886 0.785459665487
7224 0.831431276895 0.779803037554
7227 0.859854393305 0.806461202972
7230 0.860674492748 0.807230377833
7233 0.874237357832 0.819951048422
7236 0.84712943949 0.794526413034
7239 0.847401141954 0.794781243965
7242 0.866095773623 0.81231502092
7245 0.834586530824 0.782762364039
7248 0.879621987635 0.825001316307
7251 0.830241346446 0.778686996572
7254 0.852523823438 0.799585829375
7257 0.87437418191 0.820079376324
7260 0.838470004182 0.786404690717
7263 0.824825623269 0.773607566076
7266 0.857089494591 0.803867992354
7269 0.860374991713 0.8069494745
7272 0.846775613656 0.794194558234
7275 0.84164432392 0.789381899107
7278 0.847526052984 0.794898398568
7281 0.837669722024 0.785654102575
7284 0.811794479891 0.761385599605
7287 0.837599838897 0.785588558883
7290 0.782801640829 0.734193088814
7293 0.780113940646 0.731672283036
7296 0.854673715899 0.801602222934
7299 0.837373002607 0.785375808134
7302 0.829311090457 0.777814505405
7305 0.852467800183 0.799533284918
7308 0.802221858072 0.752407395657
7311 0.809887943172 0.759597450462
7314 0.8528795662 0.79991948207
7317 0.832778477171 0.781066582595
7320 0.835148507086 0.783289444037
7323 0.837879722778 0.785851063202
7326 0.802464327852 0.752634809127
7329 0.838173214246 0.786126330136
7332 0.843468221723 0.791092540848
7335 0.841581550105 0.789323023272
7338 0.858404521161 0.805101361536
7341 0.85298574421 0.800019066891
7344 0.823923632743 0.772761585209
7347 0.850203772172 0.797409843127
7350 0.8309308042 0.779333642021
7353 0.841248233565 0.789010404228
7356 0.79008789373 0.741026897336
7359 0.849037927933 0.796316392707
7362 0.823155306554 0.772040968709
7365 0.832049271055 0.780382656984
7368 0.844031250883 0.791620608365
7371 0.846890858849 0.794302647206
7374 0.842186629152 0.789890529561
7377 0.842719856509 0.790390645835
7380 0.86002550512 0.806621689493
7383 0.830591817769 0.779015705161
7386 0.802367988363 0.752544451897
7389 0.790987362232 0.741870512785
7392 0.840823756851 0.788612285658
7395 0.843061541909 0.790711114069
7398 0.844700385249 0.792248192418
