Wave Flux FluxNorm
3600 0.820476710175 0.799464823013
3603 0.698854947684 0.680957716573
3606 0.707288356102 0.689175150761
3609 0.632441226314 0.616244808404
3612 0.722661661691 0.704154755763
3615 0.743948360358 0.724896315604
3618 0.627364507847 0.611298101471
3621 0.701891555348 0.683916558644
3624 0.743642110793 0.724597908895
3627 0.847717103945 0.826007607609
3630 0.726795057865 0.708182298287
3633 0.669582637992 0.652435052131
3636 0.719191163875 0.70077313519
3639 0.806818440623 0.786156333065
3642 0.768125211423 0.748454012876
3645 0.698173949727 0.680294158541
3648 0.689906990316 0.672238910707
3651 0.75232525504 0.733058683336
3654 0.822175374813 0.801119985929
3657 0.844055303115 0.822439583172
3660 0.853903690965 0.832035760067
3663 0.813344676534 0.792515436222
3666 0.837541227328 0.816092328726
3669 0.780423947607 0.760437786242
3672 0.863621119139 0.841504331081
3675 0.840606422668 0.819079026361
3678 0.7606929044 0.741212042513
3681 0.771036876656 0.751291112213
3684 0.80991849636 0.789176998345
3687 0.733316400645 0.714536633623
3690 0.833594374717 0.812246552502
3693 0.865590046358 0.843422835325
3696 0.850743021916 0.828956033744
3699 0.903331618265 0.880197869558
3702 0.874603441456 0.852205403102
3705 0.710638605417 0.692439602319
3708 0.765528922527 0.74592421329
3711 0.796431491737 0.77603538734
3714 0.931846251816 0.907982261464
3717 0.953401772651 0.928985759109
3720 0.680787851942 0.663353307672
3723 0.731319926805 0.712591288209
3726 0.921170361801 0.897579774209
3729 0.914814760297 0.89138693562
3732 0.794724586527 0.774372194887
3735 0.555031341108 0.540817341167
3738 0.760704827493 0.741223660263
3741 0.947092815705 0.922838370541
3744 0.818008891169 0.797060203283
3747 0.723182810589 0.704662558368
3750 0.569734511021 0.555143972241
3753 0.900445259022 0.877385428141
3756 1.01454003173 0.988558306223
3759 0.791109544054 0.770849731355
3762 0.921195937371 0.897604694804
3765 0.93604391228 0.912072422511
3768 0.823727549982 0.802632410878
3771 0.705049887346 0.686994007767
3774 0.943897297127 0.919724687163
3777 1.00491471148 0.979179484311
3780 1.09200604441 1.06404046354
3783 1.11284790887 1.0843485811
3786 1.00211911346 0.976455479774
3789 0.962530757964 0.937880956909
3792 0.968731986634 0.943923376053
3795 0.831118815386 0.809834390672
3798 0.62603316887 0.610000857238
3801 0.923035209377 0.899396864223
3804 1.08239622825 1.05467674867
3807 1.013661405 0.987702180567
3810 1.14472643853 1.11541072187
3813 1.00332885263 0.9776342383
3816 0.903149304377 0.880020224613
3819 1.00852280796 0.982695179734
3822 0.976952892277 0.951933749526
3825 0.815475647098 0.794591833984
3828 0.787070204631 0.766913836848
3831 0.767783492849 0.748121045498
3834 0.577885484299 0.563086204274
3837 0.628436189117 0.612342337664
3840 0.720786457555 0.702327574413
3843 0.988533865506 0.963218141391
3846 1.03259549912 1.00615138457
3849 1.09556714916 1.06751037067
3852 1.14358981878 1.11430321024
3855 1.07847039761 1.05085145605
3858 1.01071241955 0.984828716757
3861 1.00241294691 0.976741788335
3864 1.15923134211 1.12954416409
3867 1.1386701567 1.10950953757
3870 1.11686747999 1.08826521356
3873 0.934221107367 0.910296298473
3876 1.09820228258 1.07007802
3879 0.960305463105 0.935712650437
3882 1.01120934774 0.985312918935
3885 0.885794151451 0.863109526125
3888 0.655283557624 0.638502162124
3891 0.817872200485 0.796927013161
3894 0.919082334007 0.895545219479
3897 1.02339007159 0.997181702185
3900 1.01758794769 0.991528166994
3903 1.00435534106 0.97863443901
3906 0.938890921491 0.914846521625
3909 1.10970913588 1.0812901901
3912 1.15368576277 1.12414060352
3915 1.09717592685 1.06907794859
3918 1.05776232636 1.03067370536
3921 0.988503326211 0.963188384188
3924 1.04416008558 1.01741980932
3927 0.865492869166 0.843328146779
3930 0.530669089884 0.517078991715
3933 0.226954982367 0.221142809491
3936 0.392870291202 0.3828091327
3939 0.790560759113 0.770315000447
3942 0.930528353975 0.906698114149
3945 0.972382998777 0.947480888095
3948 1.02385146855 0.997631283063
3951 1.08531619949 1.05752194131
3954 1.08495401918 1.0571690362
3957 1.01805815335 0.991986330989
3960 1.03657823552 1.01003212562
3963 0.813803058879 0.792962079686
3966 0.514522392161 0.50134580066
3969 0.251258816622 0.244824237995
3972 0.612930873708 0.59723410353
3975 0.886920677275 0.864207202339
3978 1.04024999973 1.01360985828
3981 1.134321527 1.10527227352
3984 1.11036794989 1.08193213229
3987 1.12821772049 1.09932478161
3990 1.17288185085 1.14284509197
3993 1.23120479864 1.19967442614
3996 1.15331875128 1.12378299095
3999 1.18636617199 1.15598408822
4002 1.24381192129 1.21195868839
4005 1.09880211767 1.07066249369
4008 1.21887323247 1.18765866354
4011 1.24699508883 1.21506033703
4014 1.21137467648 1.1803521408
4017 1.20758483554 1.17665935529
4020 1.27234005649 1.23975623617
4023 1.24945715232 1.21745934864
4026 1.2589261417 1.22668584322
4029 1.23720259156 1.20551861939
4032 1.12145916799 1.09273931135
4035 1.18814621124 1.1577185418
4038 1.31306409546 1.27943735839
4041 1.23058990728 1.19907528175
4044 1.16013286638 1.1304226009
4047 1.15075843605 1.12128824377
4050 1.2726342596 1.24004290493
4053 1.21739521508 1.18621849724
4056 1.18778472857 1.15736631647
4059 1.19152126677 1.1610071643
4062 1.18328266895 1.15297955173
4065 1.16954489862 1.13959359697
4068 1.20561031369 1.17473539968
4071 1.14167816365 1.11244051138
4074 1.21984498896 1.18860553397
4077 1.07071406213 1.0432937554
4080 1.18288258608 1.15258971473
4083 1.18758590803 1.15717258759
4086 1.18160205214 1.15134197445
4089 1.2514893495 1.21943950254
4092 1.182572256 1.15228733201
4095 1.14572900573 1.11638761397
4098 1.03414086225 1.00765717193
4101 0.725889711676 0.707300137438
4104 0.933299052839 0.909397857177
4107 1.11182958798 1.08335633876
4110 1.14848011131 1.11906826548
4113 1.21096694373 1.17995484983
4116 1.26451500822 1.23213158242
4119 1.17387785781 1.14381559183
4122 1.19981237208 1.16908593967
4125 1.24323981007 1.21140122857
4128 1.20405313311 1.1732180975
4131 1.20442255256 1.17357805636
4134 1.1648547701 1.13502357966
4137 1.26459290851 1.23220748773
4140 1.30720738078 1.27373063045
4143 1.16100016936 1.1312676928
4146 1.27070600654 1.2381640332
4149 1.24583167 1.21392671261
4152 1.24182910946 1.21002665511
4155 1.18305477268 1.15275749174
4158 1.22158259987 1.19029864576
4161 1.2686091884 1.23612091324
4164 1.29594466032 1.2627563411
4167 1.23346276229 1.20187456477
4170 1.25224282368 1.22017368072
4173 1.10391323105 1.0756427147
4176 1.1964248548 1.16578517455
4179 1.22458882547 1.19322788383
4182 1.20107769979 1.17031886314
4185 1.22766481397 1.19622509822
4188 1.15811974207 1.12846103142
4191 1.23763517473 1.20594012438
4194 1.25028742705 1.21826836056
4197 1.19457390452 1.16398162593
4200 1.18145999909 1.15120355929
4203 1.19808277345 1.16740063497
4206 1.23572796683 1.20408175887
4209 1.2617607705 1.22944787897
4212 1.29274531645 1.25963893039
4215 1.21290201325 1.18184036345
4218 1.22993523463 1.19843737485
4221 1.27985755107 1.24708121249
4224 1.17387360366 1.14381144663
4227 0.966370605052 0.941622467952
4230 1.27062034495 1.23808056535
4233 1.21086019128 1.17985083124
4236 1.16060634574 1.13088395475
4239 1.1662633436 1.13639608049
4242 1.23872571292 1.20700273458
4245 1.25213707781 1.22007064294
4248 1.166709103 1.13683042428
4251 1.18405853628 1.1537355496
4254 1.21293637922 1.18187384933
4257 1.27098423615 1.23843513753
4260 1.11090602901 1.08245643155
4263 1.2668497373 1.23440652057
4266 1.27594269934 1.24326661763
4269 1.21374511926 1.18266187805
4272 1.07246558924 1.04500042701
4275 1.1538880088 1.12433767015
4278 1.26995031789 1.23742769726
4281 1.19803176971 1.1673509374
4284 1.20923462607 1.17826689573
4287 1.15078495353 1.12131408216
4290 1.04278795155 1.01608281477
4293 1.18228010337 1.15200266123
4296 1.13675703892 1.10764541352
4299 0.951067213567 0.926710986599
4302 0.957044340379 0.932535042991
4305 1.01921559055 0.993114126957
4308 0.896996299279 0.874024794065
4311 1.00949529424 0.983642761253
4314 1.10743763167 1.07907685766
4317 1.2884314944 1.25543558258
4320 1.24989729035 1.21788821501
4323 1.14569349118 1.11635300892
4326 1.03272529775 1.00627785914
4329 1.23462604713 1.20300805863
4332 1.20641570209 1.17552016259
4335 1.16806096155 1.13814766259
4338 0.903545924015 0.880406687074
4341 0.720354908588 0.701907077141
4344 1.03269877848 1.00625201901
4347 1.16979506521 1.13983735695
4350 1.18515469416 1.15480363557
4353 1.12410324824 1.09531567839
4356 1.23125678609 1.19972508222
4359 1.20967567308 1.1786966478
4362 1.27535937108 1.24269822803
4365 1.29311664016 1.26000074474
4368 1.2164710514 1.1853180008
4371 1.23258612302 1.20102037568
4374 1.16892768147 1.13899218636
4377 1.2323137782 1.20075500544
4380 1.2592146669 1.22696697947
4383 1.03557679552 1.00905633186
4386 1.16667534627 1.13679753204
4389 1.20235879745 1.17156715271
4392 1.22913852293 1.19766106643
4395 1.17229878596 1.14227695901
4398 1.26131043734 1.22900907856
4401 1.17079990154 1.14081646007
4404 1.15206558298 1.1225619155
4407 1.21705870112 1.18589060118
4410 1.25238893945 1.22031605456
4413 1.28850298822 1.2555052455
4416 1.16457629115 1.13475223238
4419 1.27097667026 1.2384277654
4422 1.25124087187 1.21919738826
4425 1.24409688449 1.21223635386
4428 1.26031455692 1.228038702
4431 1.2406712035 1.20889840238
4434 1.18934948527 1.15889100074
4437 1.25310432202 1.22101311664
4440 1.28671090379 1.2537590552
4443 1.16376577444 1.13396247249
4446 1.26440101481 1.23202050831
4449 1.24942778838 1.21743073669
4452 1.25163868233 1.21958501105
4455 1.12633600205 1.09749125279
4458 1.18138527533 1.15113074916
4461 1.17853792998 1.14835632251
4464 1.23420855123 1.20260125453
4467 1.22055382401 1.1892962162
4470 1.19007607445 1.15959898243
4473 1.27910995689 1.24635276373
4476 1.25470950741 1.22257719425
4479 1.25865644381 1.22642305211
4482 1.15656073203 1.12694194664
4485 1.26794303606 1.23547182064
4488 1.24376640254 1.21191433534
4491 1.22467937536 1.1933161148
4494 1.23198294123 1.20043264099
4497 1.2534347683 1.2213351004
4500 1.26506346681 1.23266599533
4503 1.29051535635 1.25746607815
4506 1.30656294726 1.27310270045
4509 1.28477089829 1.25186873201
4512 1.28759572072 1.25462121253
4515 1.25113472653 1.21909396124
4518 1.25205498609 1.21999065353
4521 1.26216647052 1.22984318927
4524 1.24076527528 1.20899006504
4527 1.186261649 1.155882242
4530 1.17985255642 1.14963728221
4533 1.17388093871 1.14381859383
4536 1.19735662929 1.16669308689
4539 1.28042154508 1.24763076298
4542 1.26097746506 1.22868463349
4545 1.23197758185 1.20042741886
4548 1.19271855878 1.16217379442
4551 1.20814607956 1.1772062262
4554 1.18744564118 1.1570359129
4557 1.23386784095 1.20226926962
4560 1.27368242914 1.24106423151
4563 1.24563434698 1.21373444292
4566 1.24610188318 1.21419000581
4569 1.27232247895 1.23973910878
4572 1.20975982791 1.17877864748
4575 1.26863800616 1.236148993
4578 1.25718711188 1.22499134884
4581 1.19952799752 1.16880884776
4584 1.19749290927 1.16682587683
4587 1.23275440868 1.20118435164
4590 1.23567886824 1.20403391766
4593 1.21615127568 1.18500641434
4596 1.23572966541 1.20408341394
4599 1.23544953098 1.20381045358
4602 1.2138335694 1.18274806304
4605 1.2379207804 1.20621841587
4608 1.25415331899 1.22203524947
4611 1.24434193649 1.21247513023
4614 1.24549416342 1.21359784937
4617 1.2365152707 1.20484890038
4620 1.23127189839 1.19973980751
4623 1.25992016023 1.22765440557
4626 1.23989435105 1.20814144463
4629 1.22981202485 1.19831732039
4632 1.24706146782 1.2151250161
4635 1.23532073123 1.20368495231
4638 1.21766793626 1.1864842342
4641 1.25315715489 1.22106459649
4644 1.23959252762 1.2078473507
4647 1.19005023297 1.15957380274
4650 1.23246380175 1.20090118697
4653 1.22429061177 1.1929373072
4656 1.2126159776 1.18156165299
4659 1.26485132003 1.2324592815
4662 1.24777264054 1.21581797613
4665 1.22146420422 1.19018328215
4668 1.14144267108 1.11221104962
4671 1.21796445287 1.18677315721
4674 1.22793020667 1.19648369439
4677 1.24101304146 1.20923148609
4680 1.20279171325 1.17198898181
4683 1.22789913383 1.1964534173
4686 1.22710043202 1.19567516974
4689 1.22310866219 1.19178562659
4692 1.21489439996 1.1837817264
4695 1.24263684807 1.21081370804
4698 1.21366335662 1.1825822093
4701 1.18847905056 1.15804285732
4704 1.16564269547 1.13579132677
4707 1.17427876808 1.14420623504
4710 1.18300601462 1.15270998235
4713 1.2113979904 1.18037485767
4716 1.20970373111 1.17872398729
4719 1.22950898488 1.19802204109
4722 1.21897802635 1.18776077372
4725 1.23581010449 1.20416179303
4728 1.18029527371 1.15006866179
4731 1.18008612451 1.14986486877
4734 1.19886651019 1.1681643007
4737 1.17656187957 1.1464308775
4740 1.2066365617 1.17573536613
4743 1.21079429445 1.17978662199
4746 1.20761250895 1.17668632
4749 1.21034054862 1.1793444963
4752 1.19941008285 1.16869395281
4755 1.17295692083 1.14291823946
4758 1.19576203828 1.16513933235
4761 1.1856035356 1.15524098247
4764 1.15818999961 1.12852948971
4767 1.1713881523 1.1413896461
4770 1.20351188744 1.17269071279
4773 1.19236053263 1.1618249371
4776 1.21011238074 1.17912217166
4779 1.20411872098 1.17328200571
4782 1.19897384583 1.16826888755
4785 1.18157253406 1.15131321231
4788 1.16081149123 1.13108384659
4791 1.18518596152 1.15483410219
4794 1.21428810975 1.1831909629
4797 1.21386952143 1.18278309436
4800 1.18534987322 1.15499381622
4803 1.19337659067 1.16281497453
4806 1.17780806368 1.14764514763
4809 1.18234258554 1.15206354326
4812 1.19360633415 1.16303883443
4815 1.20299724131 1.17218924642
4818 1.20967621814 1.1786971789
4821 1.20111696494 1.17035712274
4824 1.14284175614 1.113574305
4827 1.19333883704 1.16277818775
4830 1.17203645346 1.14202134468
4833 1.18085165927 1.15061079867
4836 1.18343198073 1.15312503973
4839 1.15464363451 1.12507394477
4842 1.15456695862 1.1249992325
4845 1.16579113992 1.13593596964
4848 1.13399029015 1.10494951943
4851 1.13618414717 1.10708719317
4854 1.08375685153 1.05600252725
4857 1.00954802425 0.983694140883
4860 0.750444749315 0.731226336168
4863 0.809899186825 0.789158183314
4866 1.02279571331 0.996602565041
4869 1.09030803443 1.06238593852
4872 1.02990478607 1.00352957897
4875 1.12021262993 1.09152469633
4878 1.10976509204 1.08134471325
4881 1.15253653894 1.12302081058
4884 1.13971947371 1.11053198225
4887 1.12006717489 1.09138296631
4890 1.08541921278 1.05762231649
4893 1.1485964432 1.11918161818
4896 1.19057578718 1.16008589784
4899 1.18267319684 1.15238568782
4902 1.16985115607 1.13989201136
4905 1.16210972039 1.13234882893
4908 1.17422050988 1.1441494688
4911 1.12247359708 1.09372776155
4914 1.17404903915 1.14398238932
4917 1.16012812179 1.13041797782
4920 1.04740189875 1.02057860171
4923 1.12277504353 1.09402148816
4926 1.16631462586 1.13644604945
4929 1.17744343386 1.14728985575
4932 1.16208328062 1.13232306626
4935 1.12951337848 1.10058725862
4938 1.1071462159 1.07879290487
4941 1.16345306302 1.13365776941
4944 1.18484453744 1.15450142176
4947 1.16292795418 1.13314610827
4950 1.18009654268 1.14987502013
4953 1.16696594463 1.13708068836
4956 1.12699432736 1.0981327188
4959 1.12832038679 1.09942481869
4962 1.18520271382 1.15485042548
4965 1.15802444273 1.12836817264
4968 1.14879020139 1.11937041435
4971 1.15260142434 1.1230840343
4974 1.17396379241 1.1438993257
4977 1.17340596711 1.14335578595
4980 1.13174038157 1.10275722958
4983 1.0458088341 1.01902633443
4986 1.11461154227 1.08606704897
4989 1.15169812098 1.12220386396
4992 1.13222849321 1.10323284099
4995 1.14511200149 1.11578641081
4998 1.14839385189 1.11898421511
5001 1.11012966522 1.08169994995
5004 1.12504888706 1.09623709999
5007 1.07274624413 1.04527389451
5010 1.14766466015 1.1182736975
5013 1.07644529315 1.04887821324
5016 1.1015137056 1.07330463957
5019 1.07252834442 1.04506157508
5022 1.11287168766 1.08437175093
5025 1.13695280913 1.10783617018
5028 1.10707873566 1.07872715275
5031 1.14050682594 1.11129917088
5034 1.15304056232 1.12351192624
5037 1.10590521264 1.07758368291
5040 1.05964894227 1.03251200623
5043 1.09804043604 1.06992031825
5046 1.16163580878 1.1318870539
5049 1.10035181705 1.07217250625
5052 1.10417631779 1.07589906396
5055 1.15087974504 1.12140644612
5058 1.15531451791 1.12572764727
5061 1.15590176108 1.12629985152
5064 1.11661101622 1.08801531766
5067 1.11856245097 1.08991677741
5070 1.13233110221 1.10333282224
5073 1.11286039123 1.08436074379
5076 1.11932413968 1.09065895976
5079 1.05183967187 1.02490272628
5082 1.08552526733 1.05772565505
5085 1.11731433811 1.08870062792
5088 1.13114370182 1.10217583042
5091 1.13304655381 1.10402995158
5094 1.1516060092 1.12211411111
5097 1.10219236885 1.07396592269
5100 1.08380621607 1.0560506276
5103 1.13883359454 1.10966878988
5106 1.11123700387 1.08277893035
5109 1.09106025947 1.06311889956
5112 1.1289055878 1.09999503308
5115 1.13139701578 1.10242265717
5118 1.14310654111 1.113832309
5121 1.118749947 1.09009947178
5124 1.08166998623 1.05396910525
5127 1.08880756777 1.06092389786
5130 1.09537104391 1.06731928755
5133 1.09159532179 1.06364025927
5136 1.10509472074 1.0767939472
5139 1.04342248951 1.01670110261
5142 1.05904064008 1.03191928227
5145 1.10794795235 1.07957410935
5148 1.08086293827 1.05318272527
5151 1.08213409139 1.05442132497
5154 1.08840653461 1.0605331349
5157 1.12333811858 1.09457014321
5160 1.12043705341 1.09174337247
5163 1.09489990259 1.06686021186
5166 0.987755444809 0.962459655553
5169 0.957864336848 0.933334039872
5172 0.888013456509 0.865271996191
5175 1.08704070157 1.05920227999
5178 1.12413221039 1.09534389883
5181 1.08394305706 1.05618396418
5184 0.860793330395 0.838748960209
5187 1.08254334808 1.05482010086
5190 1.07367692414 1.0461807404
5193 1.04040555929 1.01376143406
5196 1.05074723813 1.02383826908
5199 1.08255304431 1.05482954877
5202 1.07908830522 1.05145353945
5205 1.03307313132 1.00661678491
5208 1.03544752736 1.00893037418
5211 1.09604571179 1.06797667761
5214 1.10285644875 1.07461299592
5217 1.05171586293 1.02478208801
5220 1.11127227832 1.08281330145
5223 1.11019043368 1.08175916216
5226 0.998964724496 0.973381872711
5229 1.0611940348 1.03401752992
5232 1.06355475729 1.03631779581
5235 1.05526236806 1.0282377694
5238 1.10304526954 1.07479698114
5241 1.0977703769 1.06965717515
5244 1.09194391673 1.06397992692
5247 1.08751270087 1.05966219168
5250 1.07668428358 1.04911108328
5253 1.08336219664 1.05561797922
5256 1.09224029814 1.06426871818
5259 1.10683380269 1.07848849236
5262 1.02774167424 1.00142186306
5265 0.981160879272 0.956033972648
5268 1.02405875992 0.99783326583
5271 1.00095706114 0.975323186884
5274 1.03817128853 1.01158438156
5277 1.07435716929 1.0468435649
5280 1.08394480022 1.0561856627
5283 1.03174278085 1.00532050387
5286 1.09553632251 1.06748033346
5289 1.09824723993 1.07012182601
5292 1.10091292068 1.07271924038
5295 1.08626563631 1.05844706365
5298 1.02615569631 0.999876501014
5301 1.06789647733 1.04054832716
5304 1.08768119234 1.05982636819
5307 1.06974320197 1.04234775835
5310 1.09929745626 1.07114514697
5313 1.08529203674 1.05749839735
5316 1.0449071639 1.01814775543
5319 1.0789013971 1.05127141792
5322 1.0723485828 1.04488641704
5325 1.03180252914 1.00537872205
5328 0.953257099097 0.928844790552
5331 1.06211888832 1.03491869854
5334 1.06274128002 1.03552515118
5337 1.05754051131 1.03045757085
5340 1.01724878005 0.991197685222
5343 1.06666793398 1.03935124602
5346 1.0492146359 1.02234491582
5349 1.03657481989 1.01002879746
5352 1.07228719806 1.04482660432
5355 1.08005383342 1.05239434108
5358 1.08362891501 1.05587786711
5361 1.07048649006 1.04307201131
5364 1.03148022495 1.00506467186
5367 1.03863916708 1.01204027803
5370 1.00103687997 0.9754009616
5373 1.04517593155 1.01840964012
5376 1.0787532743 1.05112708846
5379 1.05953010741 1.03239621466
5382 1.04214477186 1.0154561065
5385 1.06180728332 1.03461507354
5388 1.06619752413 1.03889288307
5391 1.04176041899 1.01508159666
5394 1.03989306322 1.01326206269
5397 1.01292254966 0.98698224684
5400 1.04376276628 1.01703266511
5403 1.02768688442 1.00136847637
5406 1.00177253296 0.976117774988
5409 1.01889702493 0.992803719598
5412 1.03632048063 1.00978097166
5415 1.01500713809 0.989013450288
5418 1.05182246835 1.02488596333
5421 1.04621256312 1.01941972421
5424 1.00965560826 0.983798969737
5427 1.05968194852 1.03254416721
5430 1.00221914157 0.976552946229
5433 1.02430102515 0.998069326802
5436 1.03211565596 1.00568382989
5439 1.06328324714 1.03605323886
5442 1.05683521684 1.02977033853
5445 1.01369862568 0.987738448048
5448 1.02266914931 0.996479242273
5451 1.05646026687 1.02940499078
5454 1.02431181963 0.998079844842
5457 1.02899546151 1.00264354163
5460 1.05401680227 1.02702410175
5463 1.00028885346 0.974672091571
5466 1.03196916019 1.00554108578
5469 1.05340029671 1.02642338451
5472 1.04907557247 1.02220941371
5475 1.01412452592 0.988153441251
5478 1.00440966699 0.978687373691
5481 1.01893020478 0.992836049731
5484 1.04129235977 1.01462552414
5487 1.02304438587 0.996844869259
5490 1.03878311431 1.01218053886
5493 1.03315161618 1.00669325983
5496 1.02886664965 1.00251802856
5499 1.03118011893 1.00477225136
5502 1.00767867988 0.981872669238
5505 1.03141270295 1.00499887905
5508 1.02070761155 0.994567938239
5511 1.02809099632 1.00176223922
5514 1.01420129376 0.988228243116
5517 1.03211377616 1.00568199822
5520 1.03419895054 1.00771377262
5523 1.03090014437 1.00449944677
5526 1.00110892599 0.975471162567
5529 0.974939346264 0.949971769148
5532 1.02501832176 0.998768253905
5535 0.9995716437 0.973973249099
5538 1.02340877694 0.997199928506
5541 1.02813522746 1.00180533763
5544 1.00941010262 0.983559751341
5547 1.02272878076 0.996537346593
5550 1.02628244115 1.0
5553 1.01491077388 0.988919553905
5556 1.01767562253 0.991613596534
5559 1.01927151415 0.993168618386
5562 0.998267446277 0.972702451343
5565 0.996175126867 0.970663714904
5568 0.9955131156 0.970018657325
5571 0.986550603299 0.961285669268
5574 0.98831017365 0.963000178141
5577 0.993949394612 0.968494982238
5580 1.0059433425 0.980181772743
5583 1.00674776055 0.980965590156
5586 0.968212372469 0.943417068877
5589 0.946278150837 0.922044568722
5592 0.989959523529 0.964607289218
5595 0.972058048013 0.947164259114
5598 0.964173398661 0.939481530621
5601 0.960189952092 0.935600097587
5604 0.983900458857 0.958703393341
5607 1.00904957177 0.983208453456
5610 1.01284781233 0.986909423489
5613 1.00719326962 0.981399690021
5616 0.942564948205 0.91842645885
5619 0.990775076116 0.965401956021
5622 0.999012325824 0.973428254998
5625 0.968949640784 0.944135456218
5628 0.996187570418 0.970675839783
5631 1.00300899264 0.977322569716
5634 0.984894059059 0.959671548074
5637 0.975448141036 0.950467534008
5640 0.981374857728 0.956242471253
5643 0.987527773834 0.962237815087
5646 0.99457327102 0.969102881567
5649 0.989202972362 0.963870112845
5652 0.98414831372 0.958944900799
5655 0.966206764773 0.941462823519
5658 0.938443434802 0.914410494787
5661 0.974110408435 0.94916405989
5664 0.973341846314 0.948415180156
5667 0.972309809867 0.947409573506
5670 0.982259154994 0.957104122228
5673 0.984581403392 0.95936689932
5676 0.978626805981 0.953564795365
5679 0.976263517564 0.951262029262
5682 0.960423193442 0.935827365774
5685 0.958869276015 0.934313243185
5688 0.946480852461 0.922242079287
5691 0.96784389852 0.943058031311
5694 0.973802478336 0.948864015685
5697 0.975684234298 0.950697581072
5700 0.970171182515 0.945325715042
5703 0.969287334566 0.944464501878
5706 0.951926134726 0.927547911333
5709 0.917449727824 0.893954423303
5712 0.935961943435 0.911992552836
5715 0.959084471773 0.934522927917
5718 0.960614674001 0.936013942638
5721 0.970188803617 0.945342884879
5724 0.971622372537 0.94673974101
5727 0.971515592367 0.946635695412
5730 0.966838690812 0.942078566334
5733 0.964857575945 0.94014818656
5736 0.969190712882 0.944370354614
5739 0.966373832916 0.941625613153
5742 0.963972700221 0.939285971941
5745 0.969516099428 0.944687408217
5748 0.959522977405 0.934950203698
5751 0.955698613285 0.931223779113
5754 0.933787014821 0.909873322762
5757 0.957117492357 0.932606321594
5760 0.961731620675 0.937102285018
5763 0.935492556622 0.911535186721
5766 0.962532534442 0.937882687892
5769 0.95739547402 0.932877184323
5772 0.955411637546 0.930944152641
5775 0.954364188995 0.929923528581
5778 0.961864181566 0.937231451109
5781 0.950513555969 0.92617150782
5784 0.947171877246 0.922915407366
5787 0.951350188339 0.926986714567
5790 0.953972524658 0.929541894519
5793 0.946471451072 0.922232918661
5796 0.952358095308 0.927968809679
5799 0.958248637409 0.93370849874
5802 0.961176668635 0.936561544946
5805 0.955090308294 0.930631052426
5808 0.950898965172 0.926547046938
5811 0.960553530961 0.935954365433
5814 0.95842732313 0.933882608434
5817 0.950052190652 0.925721957776
5820 0.962235808977 0.937593561378
5823 0.961690034217 0.937061763563
5826 0.959229205718 0.934663955318
5829 0.964808987153 0.940100842096
5832 0.959780032843 0.93520067611
5835 0.96304933675 0.938386255222
5838 0.961814463364 0.937183006158
5841 0.960257761068 0.935666170019
5844 0.960144617353 0.935555923842
5847 0.954765727288 0.930314783734
5850 0.956311425818 0.931820897907
5853 0.934723758238 0.910786076775
5856 0.930079921263 0.906261165514
5859 0.927852618903 0.904090902952
5862 0.932930629723 0.909038869142
5865 0.950150280324 0.925817535434
5868 0.949130515999 0.924823886625
5871 0.9495667381 0.925248937355
5874 0.943646083443 0.919479906902
5877 0.945831050047 0.921608917899
5880 0.938111401888 0.914086965024
5883 0.933301767823 0.909400502631
5886 0.93037414314 0.906547852556
5889 0.836718291346 0.815290467611
5892 0.899949571587 0.876902434947
5895 0.853676405085 0.831814294833
5898 0.905045539951 0.881867898799
5901 0.933923568057 0.910006378956
5904 0.932962921533 0.909070333979
5907 0.93047553643 0.906646649228
5910 0.930910601884 0.907070572932
5913 0.911115941079 0.887782840812
5916 0.917644566953 0.894144272725
5919 0.924603437806 0.900924931319
5922 0.922931364412 0.899295678661
5925 0.925251520597 0.901556417121
5928 0.914184591034 0.890772904592
5931 0.908297677904 0.885036751566
5934 0.913668232204 0.890269769383
5937 0.921393940256 0.897797626961
5940 0.908863206279 0.885587797119
5943 0.911174220003 0.88783962725
5946 0.909718143181 0.886420839629
5949 0.894671467246 0.871759499503
5952 0.91166221574 0.888315125726
5955 0.916833994962 0.893354458969
5958 0.909566307637 0.886272892497
5961 0.919346654807 0.895802771191
5964 0.917082130781 0.893596240187
5967 0.906319756214 0.883109483193
5970 0.914297247335 0.890882675836
5973 0.917705474694 0.894203620658
5976 0.894767113834 0.871852696643
5979 0.911212539604 0.88787696551
5982 0.903285311188 0.880152748376
5985 0.8879881064 0.865247295282
5988 0.898601608608 0.875588992443
5991 0.898982644173 0.875960269929
5994 0.908681294338 0.885410543826
5997 0.899994355747 0.876946072213
6000 0.900268059412 0.8772127665
6003 0.891935139716 0.869093247583
6006 0.894459408912 0.871552871848
6009 0.872255260508 0.849917357575
6012 0.892908037318 0.870041229896
6015 0.883154813085 0.860537779538
6018 0.884489237397 0.861838030091
6021 0.866100383202 0.843920102766
6024 0.866980689332 0.844777864816
6027 0.878581965221 0.856082039401
6030 0.889720510714 0.866935333823
6033 0.88567244291 0.862990934463
6036 0.887304399705 0.86458109788
6039 0.887656705038 0.864924380898
6042 0.883542459289 0.860915498368
6045 0.885046961576 0.862381471307
6048 0.882569582337 0.859967536176
6051 0.886112702093 0.863419918887
6054 0.885979449044 0.863290078365
6057 0.878904625123 0.856396436188
6060 0.884970092111 0.862306570421
6063 0.88124255213 0.85867449037
6066 0.865568286397 0.843401632622
6069 0.888371178077 0.865620556737
6072 0.883281497973 0.860661220106
6075 0.88756077094 0.864830903611
6078 0.868703868769 0.846456914722
6081 0.882758146304 0.86015127114
6084 0.876221826514 0.853782342347
6087 0.883511740923 0.860885566681
6090 0.877726782531 0.855248757397
6093 0.87905297252 0.856540984503
6096 0.885411835934 0.862737001466
6099 0.886748684183 0.864039613881
6102 0.840687097372 0.819157635036
6105 0.880973694126 0.858412517649
6108 0.87666916709 0.854218226815
6111 0.880843664289 0.858285817793
6114 0.884560874278 0.861907832396
6117 0.878382089589 0.855887282457
6120 0.878564236986 0.856064765175
6123 0.849818980861 0.828055656792
6126 0.880991099746 0.858429477522
6129 0.875171394496 0.852758811225
6132 0.874641833769 0.852242812212
6135 0.863137154833 0.841032760793
6138 0.828661733599 0.807440233188
6141 0.848448045782 0.82671983049
6144 0.870428598448 0.84813747517
6147 0.863199033539 0.841093054824
6150 0.860829267304 0.838783976796
6153 0.86822733237 0.845992582117
6156 0.854052899513 0.832181147478
6159 0.860124864785 0.838097613578
6162 0.810506223441 0.789749674109
6165 0.857928397441 0.835957396368
6168 0.845782404967 0.824122455043
6171 0.847087040008 0.825393679209
6174 0.858398547291 0.836415505978
6177 0.857994856643 0.836022153592
6180 0.85864294297 0.83665364284
6183 0.871756273226 0.84943114904
6186 0.858566432892 0.836579092136
6189 0.85915684741 0.837154386513
6192 0.833627727137 0.812279050788
6195 0.85843957283 0.83645548088
6198 0.859065934614 0.837065801936
6201 0.857744666418 0.83577837058
6204 0.865433212904 0.843270018276
6207 0.861806944584 0.839736616383
6210 0.863278253972 0.841170246472
6213 0.842417672441 0.820843891179
6216 0.849995868783 0.828228014727
6219 0.841368674415 0.819821757325
6222 0.851810522781 0.82999619659
6225 0.855474093171 0.83356594527
6228 0.848135175321 0.826414972443
6231 0.8193165234 0.798334347884
6234 0.845556946169 0.823902770101
6237 0.839588772779 0.818087437839
6240 0.840965807631 0.819429207703
6243 0.83922484196 0.817732827057
6246 0.819379137148 0.798395358133
6249 0.846116251269 0.824447751753
6252 0.826229661444 0.805070444856
6255 0.822057094682 0.801004734877
6258 0.832733462587 0.811407687785
6261 0.844690509708 0.823058522527
6264 0.836867953265 0.815436296783
6267 0.842470010143 0.820894888545
6270 0.834729426096 0.813352535937
6273 0.840414333182 0.818891856165
6276 0.791624911435 0.771351900505
6279 0.777215050261 0.757311066718
6282 0.811904495883 0.791112137681
6285 0.833733064178 0.812381690214
6288 0.83115248383 0.809867196889
6291 0.813115559331 0.792292186564
6294 0.820784854362 0.799765075823
6297 0.814903031865 0.794033883063
6300 0.811454489776 0.790673655945
6303 0.803270353423 0.782699110123
6306 0.819432331692 0.798447190399
6309 0.8226432083 0.801575838497
6312 0.827584385775 0.806390475558
6315 0.805163877737 0.784544142483
6318 0.802881261031 0.78231998214
6321 0.821964580427 0.800914589854
6324 0.824420653747 0.803307764696
6327 0.825996389384 0.804843146745
6330 0.823942852709 0.802842199839
6333 0.828639017415 0.807418098752
6336 0.800841437118 0.780332396822
6339 0.816573714732 0.795661780803
6342 0.824826863541 0.803703571716
6345 0.818144602046 0.797192438691
6348 0.819397847985 0.798413589798
6351 0.826327127063 0.805165414442
6354 0.821240883934 0.800209426768
6357 0.82062639083 0.799610670441
6360 0.808935979227 0.788219642851
6363 0.811960763774 0.791166964588
6366 0.825159069977 0.804027270556
6369 0.823833374925 0.802735525712
6372 0.819609317241 0.798619643461
6375 0.822153756384 0.801098921135
6378 0.825820985858 0.804672235192
6381 0.818861113467 0.79789060071
6384 0.822863375084 0.80179036695
6387 0.821637275956 0.800595667442
6390 0.822725070616 0.801655604372
6393 0.795125956826 0.774763286347
6396 0.817227497158 0.796298820277
6399 0.79398557282 0.773652106852
6402 0.813822775621 0.792981291495
6405 0.821805649816 0.800759729354
6408 0.798606779123 0.778154966998
6411 0.796216314686 0.775825720836
6414 0.808980247112 0.788262777064
6417 0.804013214197 0.783422946705
6420 0.79010287845 0.769868845817
6423 0.813818718385 0.792977338162
6426 0.814203978648 0.793352732154
6429 0.808264425522 0.787565287209
6432 0.796674169099 0.776271849889
6435 0.813165375755 0.792340727222
6438 0.788671047381 0.768473683032
6441 0.804420362804 0.783819668495
6444 0.809946282489 0.789204072888
6447 0.807792023194 0.787104982805
6450 0.781507016913 0.761493118831
6453 0.799610102766 0.77913259616
6456 0.78283719119 0.76278922819
6459 0.799082034616 0.778618051499
6462 0.76114991627 0.7416573506
6465 0.7969216062 0.776512950282
6468 0.791937464072 0.771656448867
6471 0.780754400978 0.760759776912
6474 0.785048515133 0.764943921533
6477 0.790014828587 0.769783050855
6480 0.785418158009 0.765304098089
6483 0.777626289047 0.75771177394
6486 0.792701868544 0.772401277426
6489 0.788741211844 0.768542050628
6492 0.768731516174 0.749044790548
6495 0.727649583233 0.709014939803
6498 0.762595264945 0.743065684813
6501 0.781494768744 0.76148118433
6504 0.790760921245 0.770510036554
6507 0.788011622823 0.767831145918
6510 0.79288691916 0.772581589013
6513 0.784574135821 0.764481690773
6516 0.758733182561 0.739302507906
6519 0.775776856668 0.755909704349
6522 0.78050464143 0.760516413548
6525 0.784372189295 0.764284915969
6528 0.782872164172 0.762823305537
6531 0.77846478402 0.75852879559
6534 0.769784573856 0.750070880092
6537 0.776030603954 0.756156953328
6540 0.775086446308 0.755236974959
6543 0.763680320623 0.744122952906
6546 0.745289276357 0.726202891596
6549 0.752191945271 0.732928787545
6552 0.739525593788 0.720586813275
6555 0.720683781754 0.702227528074
6558 0.682797295876 0.665311291024
6561 0.534143370388 0.520464298102
6564 0.487418220752 0.474935749857
6567 0.673879366882 0.656621744524
6570 0.710755675567 0.692553674377
6573 0.734530569179 0.715719708072
6576 0.743914012305 0.724862847182
6579 0.76012457945 0.740658272004
6582 0.759587732973 0.740135173824
6585 0.764157198751 0.744587618487
6588 0.761594819881 0.742090860512
6591 0.762615625257 0.743085523711
6594 0.741358972908 0.722373240721
6597 0.761277440072 0.741781608598
6600 0.769047884888 0.74935305726
6603 0.76311603182 0.74357311518
6606 0.761152975858 0.741660331834
6609 0.758542620249 0.739116825773
6612 0.763052863362 0.743511564426
6615 0.764640713039 0.745058750281
6618 0.761794563103 0.742285488437
6621 0.764636533294 0.745054677578
6624 0.767745327797 0.748083857829
6627 0.763804286585 0.744243744177
6630 0.761631939446 0.742127029468
6633 0.74709357001 0.727960978435
6636 0.756859279513 0.737476594324
6639 0.759667177663 0.740212583986
6642 0.756567024747 0.737191824017
6645 0.755775538702 0.736420607426
6648 0.759228248798 0.73978489581
6651 0.758532434458 0.739106900833
6654 0.76317397245 0.743629571988
6657 0.761645963125 0.74214069401
6660 0.756385984448 0.737015420045
6663 0.743199611481 0.72416674171
6666 0.758132598345 0.738717304269
6669 0.757777962997 0.738371750907
6672 0.755597125977 0.736246763738
6675 0.755188136255 0.735848247983
6678 0.735793018452 0.716949826821
6681 0.75626004122 0.736892702143
6684 0.756160458114 0.736795669296
6687 0.755745305199 0.736391148183
6690 0.75544326416 0.736096842224
6693 0.750781816211 0.731554770995
6696 0.744451044606 0.725386126428
6699 0.747389795483 0.728249617762
6702 0.746181449752 0.727072216997
6705 0.742030966915 0.723028025388
6708 0.734831823349 0.716013247314
6711 0.746486580138 0.727369533188
6714 0.740004770794 0.721053718862
6717 0.726672559294 0.708062936827
6720 0.739938606132 0.720989248635
6723 0.741642396948 0.722649406451
6726 0.743523723921 0.724482553836
6729 0.745831011005 0.726730752763
6732 0.74546579077 0.726374885587
6735 0.745136891233 0.726054408958
6738 0.744413599122 0.725349639898
6741 0.739849600142 0.720902522032
6744 0.739780965883 0.720835645453
6747 0.740698413449 0.72172959777
6750 0.724755647648 0.70619511607
6753 0.733846076376 0.715052744694
6756 0.738947958624 0.720023970981
6759 0.730602532725 0.711892266136
6762 0.735783847461 0.716940890694
6765 0.733972074888 0.715175516465
6768 0.724237771092 0.705690502003
6771 0.729861905645 0.711170606044
6774 0.732772927085 0.714007078075
6777 0.73325476166 0.714476573172
6780 0.731940445779 0.713195916086
6783 0.727833480184 0.70919412727
6786 0.728802226764 0.710138064866
6789 0.729004624343 0.710335279172
6792 0.729405949081 0.710726326238
6795 0.725314806886 0.706739955595
6798 0.724733877844 0.706173903776
6801 0.724143490457 0.705598635836
6804 0.721761219772 0.703277373589
6807 0.721281035829 0.702809486851
6810 0.721666979288 0.703185546544
6813 0.724722211771 0.706162536464
6816 0.721891107416 0.703403934893
6819 0.719986296911 0.701547905374
6822 0.721762909019 0.703279019575
6825 0.721054356797 0.702588612926
6828 0.709357729391 0.691191528714
6831 0.719661482593 0.701231409345
6834 0.71905236062 0.700637886598
6837 0.714326236521 0.696032795535
6840 0.705488353544 0.687421245124
6843 0.700466649956 0.682528144174
6846 0.714057048448 0.695770501197
6849 0.714621828855 0.696320817937
6852 0.708981066644 0.690824512061
6855 0.701992159081 0.68401458598
6858 0.699344813282 0.681435037024
6861 0.704669076829 0.686622949565
6864 0.706263317952 0.688176363186
6867 0.649375502637 0.632745408671
6870 0.640215763386 0.623820244522
6873 0.655952946771 0.639154408641
6876 0.66266894313 0.645698412601
6879 0.686891525873 0.669300670392
6882 0.692577309793 0.674840844999
6885 0.688818845477 0.671178632566
6888 0.709799318246 0.691621808759
6891 0.700800065306 0.682853020969
6894 0.687808989364 0.670194638226
6897 0.682700592634 0.665217064291
6900 0.679912618758 0.662500488653
6903 0.681087326498 0.663645112874
6906 0.678555384776 0.661178012571
6909 0.681477168345 0.664024971119
6912 0.686734397125 0.669147565611
6915 0.675956514043 0.658645697266
6918 0.682120341948 0.664651673455
6921 0.68317166809 0.665676075803
6924 0.679199966971 0.661806087426
6927 0.689201083052 0.671551081279
6930 0.687525415009 0.66991832603
6933 0.692646766566 0.674908523028
6936 0.690891728781 0.673198430646
6939 0.686647672778 0.66906306222
6942 0.690593585866 0.672907922981
6945 0.675606984587 0.658305119037
6948 0.68279071349 0.665304877208
6951 0.679725173855 0.662317844096
6954 0.679365321293 0.661967207128
6957 0.681748912133 0.664289755722
6960 0.678683738249 0.661303078993
6963 0.678810442023 0.661426537964
6966 0.678661294102 0.661281209626
6969 0.679544775572 0.662142065697
6972 0.676724032206 0.659393559777
6975 0.676486509147 0.659162119532
6978 0.656612389709 0.639796963664
6981 0.672573417251 0.655349239434
6984 0.67722504428 0.65988174125
6987 0.676421461973 0.659098738175
6990 0.679094536573 0.661703357033
6993 0.682028631484 0.664562311638
6996 0.679094856766 0.661703669027
6999 0.670253131826 0.653088375044
7002 0.677691789268 0.660336533196
7005 0.66402038387 0.647015243802
7008 0.672218229554 0.655003147867
7011 0.673653656847 0.65640181478
7014 0.673705142605 0.65645198202
7017 0.653913293555 0.637166989647
7020 0.66950009462 0.652354622642
7023 0.663863011286 0.64686190143
7026 0.670062349958 0.652902478978
7029 0.672215653708 0.655000637987
7032 0.667556062281 0.650460375736
7035 0.657840755522 0.640993871809
7038 0.658465232435 0.641602356265
7041 0.668776689906 0.651649743863
7044 0.672685992514 0.655458931715
7047 0.671023174938 0.653838697841
7050 0.668991787537 0.65185933298
7053 0.677546197536 0.660194669976
7056 0.668137902966 0.651027315851
7059 0.668286369194 0.651171979953
7062 0.67080946518 0.653630461054
7065 0.664951146124 0.647922169827
7068 0.66544731054 0.648405627787
7071 0.670334512997 0.653167672094
7074 0.673971844516 0.656711853865
7077 0.664448577329 0.647432471499
7080 0.671326588837 0.654134341503
7083 0.669208492281 0.652070488054
7086 0.668420825807 0.651302993217
7089 0.667211238713 0.65012438288
7092 0.666366257988 0.649301041574
7095 0.671381947894 0.654188282849
7098 0.669743711166 0.652592000322
7101 0.67149260783 0.654296108855
7104 0.672859369421 0.65562786855
7107 0.667947139097 0.650841437323
7110 0.6703594186 0.65319193988
7113 0.669969304429 0.652811816286
7116 0.671410661762 0.654216261373
7119 0.672393659988 0.65517408564
7122 0.660833815397 0.643910281322
7125 0.677772929962 0.660415595928
7128 0.667672706279 0.650574032555
7131 0.659986141558 0.643084315872
7134 0.67208409748 0.65487245083
7137 0.672653580406 0.655427349661
7140 0.675849436408 0.658541361822
7143 0.673132696504 0.6558941959
7146 0.666591406594 0.649520424268
7149 0.652395719346 0.63568827955
7152 0.674953042765 0.65766792425
7155 0.667772274219 0.650671050624
7158 0.663943473056 0.646940302625
7161 0.666154902202 0.649095098476
7164 0.654908628204 0.638136834409
7167 0.66968924784 0.652538931768
7170 0.693035488079 0.67528728963
7173 0.712877865097 0.694621515982
7176 0.708828548866 0.690675900166
7179 0.690349165786 0.672669762344
7182 0.668661378359 0.651537385371
7185 0.670962730374 0.653779801224
7188 0.652055376062 0.63535665224
7191 0.66319201012 0.646208084177
7194 0.655964224527 0.63916539758
7197 0.663527450771 0.646534934406
7200 0.663578324539 0.646584505329
7203 0.653513049187 0.636776995283
7206 0.648649945182 0.632038432282
7209 0.646717315437 0.630155295956
7212 0.657957181099 0.641107315801
7215 0.649761737492 0.633121752297
7218 0.65067995172 0.634016451642
7221 0.650996154838 0.634324556999
7224 0.651106968239 0.634432532539
7227 0.649131810915 0.632507957739
7230 0.643287621376 0.626813434181
7233 0.644473683742 0.627969122243
7236 0.638285185773 0.621939107774
7239 0.631490167294 0.615318105401
7242 0.630321845396 0.614179703484
7245 0.624801859405 0.608801080826
7248 0.629313728521 0.613197403841
7251 0.615477699864 0.599715707086
7254 0.615550848826 0.59978698275
7257 0.619680941531 0.603811306405
7260 0.606510461426 0.590978113927
7263 0.60838809807 0.592807665489
7266 0.203151481031 0.197948900697
7269 0.000163323249694 0.000159140645056
7272 9.99947167273e-05 9.74339155752e-05
7275 9.99956942085e-05 9.74348680237e-05
7278 9.99956942085e-05 9.74348680238e-05
7281 9.99956942085e-05 9.74348680237e-05
7284 9.99956942085e-05 9.74348680237e-05
7287 9.99956942085e-05 9.74348680237e-05
7290 9.99956942085e-05 9.74348680237e-05
7293 9.99956942085e-05 9.74348680237e-05
7296 9.99956942085e-05 9.74348680237e-05
7299 9.99956942085e-05 9.74348680237e-05
7302 9.99956942085e-05 9.74348680237e-05
7305 9.99956942085e-05 9.74348680237e-05
7308 9.99956942085e-05 9.74348680237e-05
7311 9.99956942085e-05 9.74348680237e-05
7314 9.99956942085e-05 9.74348680237e-05
7317 9.99956942085e-05 9.74348680237e-05
7320 9.99956942085e-05 9.74348680237e-05
7323 9.99956942085e-05 9.74348680237e-05
7326 9.99956942085e-05 9.74348680237e-05
7329 9.99956942085e-05 9.74348680237e-05
7332 9.99956942085e-05 9.74348680237e-05
7335 9.99956942085e-05 9.74348680237e-05
7338 9.99956942085e-05 9.74348680237e-05
7341 9.99956942085e-05 9.74348680237e-05
7344 9.99956942085e-05 9.74348680237e-05
7347 9.99956942085e-05 9.74348680237e-05
7350 9.99956942085e-05 9.74348680237e-05
7353 9.99956942085e-05 9.74348680237e-05
7356 9.99956942085e-05 9.74348680237e-05
7359 9.99956942085e-05 9.74348680237e-05
7362 9.99956942085e-05 9.74348680237e-05
7365 9.99956942085e-05 9.74348680237e-05
7368 9.99956942085e-05 9.74348680237e-05
7371 9.99956942085e-05 9.74348680237e-05
7374 9.99956942085e-05 9.74348680237e-05
7377 9.99956942085e-05 9.74348680237e-05
7380 9.99956942085e-05 9.74348680237e-05
7383 9.99956942085e-05 9.74348680237e-05
7386 9.99956942085e-05 9.74348680237e-05
7389 9.99956942085e-05 9.74348680237e-05
7392 9.99956942085e-05 9.74348680237e-05
7395 9.99956942085e-05 9.74348680237e-05
7398 9.99956942085e-05 9.74348680237e-05
