Wave Flux FluxNorm
3600 0.771021118629 0.75759177092
3603 0.712752691193 0.700338240421
3606 0.724287531616 0.711672171454
3609 0.721721407132 0.709150742735
3612 0.699450631529 0.68726787089
3615 0.724561207007 0.711941080073
3618 0.71366965939 0.701239237222
3621 0.721210093192 0.708648334663
3624 0.743895384667 0.730938502503
3627 0.782631991915 0.769000410504
3630 0.725927601181 0.713283674922
3633 0.695930638774 0.683809188007
3636 0.752011923785 0.738913670882
3639 0.771508568456 0.758070730534
3642 0.719523555871 0.706991172797
3645 0.71256420915 0.700153041286
3648 0.725852473236 0.713209855527
3651 0.731189225873 0.718453654669
3654 0.777488648707 0.76394665206
3657 0.783815214802 0.770163024473
3660 0.767060409552 0.753700047942
3663 0.761996148612 0.748723994341
3666 0.770981340914 0.757552686037
3669 0.762797711879 0.749511596288
3672 0.774825348283 0.761329739973
3675 0.76542071414 0.752088912111
3678 0.719136708264 0.706611063152
3681 0.734078575221 0.721292678448
3684 0.72527383524 0.712641296023
3687 0.711472145231 0.699079998514
3690 0.764188375041 0.750878037417
3693 0.778180413745 0.764626368202
3696 0.747085436511 0.734072991258
3699 0.796714681193 0.782837812946
3702 0.791895062586 0.778102140593
3705 0.664701224848 0.653123715937
3708 0.799839427659 0.785908133787
3711 0.69061384285 0.678584997979
3714 0.782923027137 0.769286376587
3717 0.969943029814 0.953048937174
3720 0.777948664417 0.764398655394
3723 0.669436088711 0.657776109772
3726 0.937141669042 0.92081889782
3729 0.992450079444 0.975163967716
3732 0.799362471812 0.785439485372
3735 0.580565282773 0.570453221168
3738 0.856489755311 0.841571747936
3741 1.07204953766 1.05337699335
3744 1.00672422527 0.989189491987
3747 0.795353844613 0.781500678892
3750 0.572032813814 0.562069367454
3753 0.851157603536 0.83633246952
3756 1.09618017063 1.07708732828
3759 1.0334763888 1.01547569668
3762 1.09404766688 1.07499196766
3765 1.06699319823 1.04840872328
3768 0.821129884957 0.806827762132
3771 0.624722681184 0.613841503088
3774 0.883169862009 0.867787150852
3777 1.13047462524 1.11078445535
3780 1.3413403652 1.31797741738
3783 1.39454816314 1.37025846248
3786 1.30421955894 1.28150316697
3789 1.20533585261 1.18434177881
3792 1.1380493653 1.11822726151
3795 0.846754985948 0.832006535022
3798 0.591673849003 0.581368302687
3801 0.881330197339 0.86597952875
3804 1.17798103491 1.15746341674
3807 1.25807773222 1.23616502075
3810 1.46838850607 1.44281268286
3813 1.36712398229 1.3433119454
3816 1.373135049 1.34921831367
3819 1.48065531619 1.45486583443
3822 1.39045701054 1.36623856799
3825 1.23772376992 1.21616557589
3828 1.12570547469 1.10609837202
3831 0.959112131511 0.942406687269
3834 0.629085065229 0.618127904814
3837 0.641884314295 0.63070422151
3840 0.930523836749 0.914316332371
3843 1.19856926684 1.17769305081
3846 1.35229654822 1.32874276984
3849 1.45070209232 1.42543432423
3852 1.55079941708 1.52378819249
3855 1.55763629598 1.53050598928
3858 1.54316716598 1.51628887699
3861 1.60161452889 1.57371822633
3864 1.66099497657 1.63206440833
3867 1.65922804131 1.63032824887
3870 1.66718681939 1.63814840403
3873 1.47923219942 1.45346750495
3876 1.5006070208 1.47447002796
3879 1.30856640724 1.28577430355
3882 1.26053231943 1.23857685491
3885 0.980484986457 0.963407278092
3888 0.640660945682 0.629502161058
3891 0.747629334574 0.734607415914
3894 1.0408792688 1.02274963618
3897 1.21033273892 1.18925163128
3900 1.30106459073 1.27840315078
3903 1.42659332834 1.40174547737
3906 1.45237751762 1.42708056761
3909 1.64688853275 1.6182036651
3912 1.67482336137 1.64565193568
3915 1.60486255765 1.57690968218
3918 1.61136119501 1.58329512879
3921 1.65130799444 1.62254615031
3924 1.71200635907 1.6821872943
3927 1.56557644324 1.53830783812
3930 1.16187447084 1.14163739057
3933 0.48595913135 0.477494883108
3936 0.847188935589 0.832432926296
3939 1.45826948183 1.43286990787
3942 1.60655406083 1.57857172341
3945 1.60648796862 1.57850678237
3948 1.58064238355 1.55311136571
3951 1.52948195741 1.50284203209
3954 1.54247578355 1.51560953679
3957 1.41666916393 1.39199416823
3960 1.38595121834 1.36181125593
3963 1.16352833126 1.1432624447
3966 0.805628967204 0.791596833371
3969 0.395686031091 0.388794124804
3972 0.700756967914 0.688551454012
3975 1.05812462488 1.03969461931
3978 1.29168705817 1.26918895245
3981 1.43030973654 1.40539715461
3984 1.50126577585 1.47511730907
3987 1.59169025287 1.56396680751
3990 1.68112888665 1.65184763375
3993 1.78221311998 1.751171221
3996 1.71143447681 1.68162537286
3999 1.73373956177 1.70354195648
4002 1.83782304949 1.80581255825
4005 1.72286330446 1.69285513761
4008 1.83699344144 1.8049974
4011 1.87793324067 1.84522412564
4014 1.85549650048 1.8231781799
4017 1.89690604779 1.86386647174
4020 1.97193820048 1.9375917434
4023 1.82057048865 1.78886049585
4026 1.88497747098 1.85214566226
4029 1.84736449243 1.81518781203
4032 1.74724122424 1.71680845221
4035 1.85152751158 1.81927832133
4038 1.97622640731 1.9418052599
4041 1.93520345457 1.90149682909
4044 1.85806812042 1.82570500837
4047 1.83504378412 1.80308170105
4050 1.91772033633 1.88431822505
4053 1.83520547613 1.80324057678
4056 1.80596920041 1.7745135272
4059 1.85646040046 1.82412529106
4062 1.82406663122 1.79229574396
4065 1.77335161915 1.74246406635
4068 1.79136531534 1.76016400696
4071 1.75885682804 1.72822173992
4074 1.73713211974 1.70687542419
4077 1.57788592529 1.55040291837
4080 1.65884254503 1.62994946701
4083 1.6493412176 1.62061363004
4086 1.56896138374 1.54163382104
4089 1.56040446882 1.53322594715
4092 1.45255830237 1.42725820353
4095 1.28141066265 1.25909154722
4098 1.02529399429 1.00743581996
4101 0.695324571454 0.683213676933
4104 0.831839116848 0.817350464762
4107 1.14424488048 1.1243148656
4110 1.31308737708 1.29021652889
4113 1.45675185533 1.4313787148
4116 1.57635822801 1.54890182993
4119 1.58713309639 1.55948902582
4122 1.62118761978 1.5929504007
4125 1.67443120059 1.6452666054
4128 1.63699743567 1.60848484732
4131 1.63480314562 1.60632877657
4134 1.6819896905 1.65269344446
4137 1.80444561699 1.77301648097
4140 1.86713300933 1.83461200855
4143 1.73666530804 1.70641674323
4146 1.80144988594 1.7700729284
4149 1.7901962072 1.75901526189
4152 1.78928596231 1.75812087129
4155 1.71333649852 1.68349426589
4158 1.74470933816 1.71432066554
4161 1.77695142418 1.74600117138
4164 1.81110259289 1.77955750824
4167 1.79542308975 1.76415110462
4170 1.77494817503 1.74403281405
4173 1.60188371216 1.57398272107
4176 1.68161803977 1.65232826699
4179 1.66403077708 1.63504733244
4182 1.7266591006 1.69658482004
4185 1.73501354658 1.70479375151
4188 1.70922245041 1.67945187468
4191 1.79875293998 1.7674229568
4194 1.83689901443 1.80490461768
4197 1.71041945827 1.68062803352
4200 1.68634190749 1.65696985622
4203 1.70483416496 1.67514002269
4206 1.75380056528 1.72325354519
4209 1.76662847793 1.73585802621
4212 1.79614668662 1.76486209816
4215 1.71934070107 1.68939388956
4218 1.73857426179 1.70829244757
4221 1.76707688474 1.73629862285
4224 1.68694942623 1.65756679343
4227 1.56601629821 1.53874003186
4230 1.80301114542 1.77160699447
4233 1.68628468003 1.65691362552
4236 1.68660513687 1.65722850077
4239 1.70627709444 1.67655781979
4242 1.75857985747 1.72794959352
4245 1.72394814869 1.69392108645
4248 1.65668757668 1.62783203307
4251 1.67420664332 1.64504595938
4254 1.72426760459 1.69423497819
4257 1.75844048473 1.72781264832
4260 1.66900931368 1.63993915482
4263 1.7471151824 1.71668460572
4266 1.79586558106 1.76458588879
4269 1.71156170237 1.68175038245
4272 1.59156511385 1.56384384812
4275 1.66110736015 1.63217483446
4278 1.74178109599 1.71144342637
4281 1.71467916599 1.6848135473
4284 1.66588627169 1.63687050877
4287 1.64991214487 1.62117461311
4290 1.50983456468 1.48353685005
4293 1.64452215654 1.61587850551
4296 1.60670262125 1.57871769626
4299 1.48355304175 1.45771308852
4302 1.43368089684 1.40870959735
4305 1.54516669815 1.51825358208
4308 1.49872966413 1.47262537036
4311 1.57371327089 1.54630294166
4314 1.43449028364 1.40950488656
4317 1.50023910926 1.47410852456
4320 1.47217766882 1.44653584744
4323 1.46194871808 1.4364850606
4326 1.33190315974 1.30870458552
4329 1.34446322515 1.32104588457
4332 1.24492220271 1.22323862917
4335 1.09618129051 1.07708842866
4338 0.795727194547 0.781867525961
4341 0.628547128407 0.617599337568
4344 0.908421350328 0.892598818513
4347 1.1549711305 1.13485428995
4350 1.23859474953 1.21702138512
4353 1.28731451101 1.26489256463
4356 1.44476542835 1.41960106277
4359 1.49630310618 1.47024107726
4362 1.56156952466 1.5343707105
4365 1.61940162601 1.59119551467
4368 1.55459423845 1.52751691713
4371 1.58822322436 1.56056016636
4374 1.53930366478 1.51249266876
4377 1.61301684574 1.58492194204
4380 1.68548878821 1.65613159624
4383 1.54713501416 1.52018761472
4386 1.53230558977 1.50561648351
4389 1.63099119863 1.60258322459
4392 1.63375918582 1.60530300005
4395 1.55082889673 1.52381715867
4398 1.60294787638 1.57502835009
4401 1.55383834982 1.52677419427
4404 1.63011093037 1.60171828851
4407 1.64269156902 1.61407980246
4410 1.63509305982 1.60661364116
4413 1.6478679127 1.61916598659
4416 1.50383338282 1.47764019445
4419 1.60046309872 1.57258685132
4422 1.65564570706 1.62680831033
4425 1.65243657663 1.6236550753
4428 1.65334443638 1.62454712229
4431 1.65095163392 1.62219599674
4434 1.60557123053 1.57760601167
4437 1.65471626568 1.6258950576
4440 1.68220719601 1.65290716154
4443 1.51323467321 1.4868777368
4446 1.61862754435 1.59043491567
4449 1.63540695089 1.60692206499
4452 1.61967127276 1.59146046481
4455 1.54246799426 1.51560188318
4458 1.5825611445 1.55499670643
4461 1.58475131059 1.55714872504
4464 1.60023622527 1.57236392947
4467 1.56261225875 1.53539528265
4470 1.54406902272 1.51717502553
4473 1.65045232067 1.62170538033
4476 1.64511819794 1.61646416529
4479 1.5857314177 1.55811176103
4482 1.45889242645 1.43348200228
4485 1.64080682325 1.61222788446
4488 1.59288768742 1.56514338561
4491 1.57306039138 1.54566143375
4494 1.61099961009 1.58293984181
4497 1.63631556585 1.60781485405
4500 1.6039687816 1.57603147357
4503 1.63159987367 1.60318129797
4506 1.65893110514 1.63003648461
4509 1.62184696915 1.59359826577
4512 1.65782661973 1.62895123671
4515 1.60364579266 1.57571411033
4518 1.60499708608 1.57704186745
4521 1.56058167217 1.53340006404
4524 1.55416388685 1.52709406123
4527 1.53522132077 1.50848142944
4530 1.52047409105 1.49399106126
4533 1.48334618455 1.45750983428
4536 1.54245666841 1.51559075459
4539 1.61428266757 1.58616571627
4542 1.57844166893 1.55094898228
4545 1.58345542253 1.55587540826
4548 1.48878021595 1.46284921783
4551 1.46272752071 1.43725029835
4554 1.46538578112 1.43986225822
4557 1.48335831359 1.45752175207
4560 1.5686977702 1.54137479902
4563 1.53085593221 1.50419207552
4566 1.54371943023 1.51683152211
4569 1.58725806157 1.5596118144
4572 1.52432467755 1.49777457974
4575 1.55282207624 1.52577562175
4578 1.53929074082 1.5124799699
4581 1.48201226985 1.45619915319
4584 1.43414888932 1.40916943852
4587 1.49233532569 1.46634240604
4590 1.48388460992 1.45803888156
4593 1.51335951945 1.48700040851
4596 1.53792527756 1.51113828976
4599 1.5342686044 1.50754530712
4602 1.53077459513 1.50411215514
4605 1.53015475521 1.50350311136
4608 1.5460253898 1.51909731737
4611 1.54287477142 1.51600157525
4614 1.53070667735 1.50404542033
4617 1.48679278398 1.46089640218
4620 1.47590971407 1.45020288937
4623 1.53805319641 1.51126398056
4626 1.52545611257 1.49888630786
4629 1.47981285551 1.4540380474
4632 1.50365380535 1.4774637448
4635 1.47968983236 1.45391716702
4638 1.49577430498 1.46972148652
4641 1.51369234391 1.48732743597
4644 1.51031504286 1.48400895945
4647 1.46735089457 1.44179314408
4650 1.48982149299 1.4638723583
4653 1.4931485159 1.46714143242
4656 1.45912007787 1.43370568856
4659 1.49606339647 1.47000554272
4662 1.49878583255 1.47268056046
4665 1.45479406506 1.42945502457
4668 1.39717763389 1.37284213412
4671 1.44052931791 1.41543873526
4674 1.49005745101 1.4641042065
4677 1.48612040331 1.46023573277
4680 1.46580726584 1.44027640167
4683 1.4834533693 1.45761515213
4686 1.48835608874 1.4624324779
4689 1.47857786249 1.45282456501
4692 1.46702160171 1.44146958672
4695 1.48021907267 1.45443718923
4698 1.46097274128 1.43552608299
4701 1.4279714782 1.40309962315
4704 1.41278895691 1.38818154515
4707 1.42976765449 1.40486451434
4710 1.43718999337 1.41215757379
4713 1.44965783501 1.42440825538
4716 1.44075358427 1.41565909545
4719 1.44797456698 1.42275430586
4722 1.4681193468 1.44254821171
4725 1.46395235626 1.43845380019
4728 1.43241483715 1.4074655894
4731 1.40836045956 1.38383018166
4734 1.42697093275 1.40211650482
4737 1.4167684226 1.39209169805
4740 1.43689627996 1.41186897617
4743 1.44224139109 1.41712098822
4746 1.43442907111 1.40944474021
4749 1.43061342118 1.4056955498
4752 1.42173131656 1.39696815024
4755 1.39667311974 1.3723464074
4758 1.409542586 1.38499171827
4761 1.3822474791 1.35817202699
4764 1.33405758287 1.31082148373
4767 1.36832450427 1.34449155715
4770 1.37435414661 1.35041617751
4773 1.37232655935 1.34842390599
4776 1.38455972252 1.36044399665
4779 1.36942608868 1.34557395459
4782 1.36085833219 1.33715542797
4785 1.36322475959 1.33948063785
4788 1.35537544367 1.33176803828
4791 1.36532464707 1.34154395031
4794 1.37575978747 1.35179733547
4797 1.36694494298 1.34313602452
4800 1.34291004359 1.31951975572
4803 1.33241145337 1.30920402588
4806 1.31677822525 1.29384309129
4809 1.33413979073 1.31090225974
4812 1.3273051262 1.30418663875
4815 1.33111629826 1.30793142928
4818 1.33366971082 1.31044036749
4821 1.31664429478 1.29371149356
4824 1.2611599511 1.23919355473
4827 1.28836402578 1.26592379936
4830 1.28343559806 1.26108121308
4833 1.26904038267 1.24693672799
4836 1.24554492605 1.22385050615
4839 1.22251971235 1.20122633672
4842 1.19595097361 1.175120362
4845 1.16671856092 1.14639710817
4848 1.09622385219 1.07713024901
4851 1.04414073536 1.02595429578
4854 0.951964557046 0.935383606492
4857 0.813360364214 0.799193567897
4860 0.605699380524 0.595149542923
4863 0.606523552842 0.595959360127
4866 0.833031766465 0.818522341269
4869 0.955140969444 0.938504693367
4872 1.00001503568 0.982597160467
4875 1.06806883887 1.04946562883
4878 1.11460224649 1.09518853555
4881 1.17366040072 1.15321803769
4884 1.16713534124 1.14680662917
4887 1.19401493508 1.17321804464
4890 1.18373749137 1.16311960947
4893 1.214030423 1.19288491053
4896 1.27402550052 1.25183501699
4899 1.25867050906 1.23674747283
4902 1.24740730959 1.22568045141
4905 1.27213280204 1.2499752848
4908 1.28042464396 1.25812270262
4911 1.24389611793 1.22223041633
4914 1.28950361073 1.26704353546
4917 1.2750075817 1.25279999266
4920 1.20654871221 1.18553351328
4923 1.21047440762 1.18939083244
4926 1.25774204515 1.23583518055
4929 1.30909201894 1.28629076035
4932 1.26389452709 1.24188050093
4935 1.24309433952 1.22144260299
4938 1.25886726191 1.23694079872
4941 1.28404962098 1.2616845412
4944 1.30890221012 1.28610425755
4947 1.29796584217 1.27535837502
4950 1.3032203771 1.28052138849
4953 1.2966498775 1.27406533132
4956 1.25591379994 1.234038779
4959 1.25248311924 1.23066785258
4962 1.312625785 1.28976297664
4965 1.29300491862 1.27048385892
4968 1.2744086098 1.25221145342
4971 1.28474801536 1.26237077121
4974 1.29854591161 1.27592834104
4977 1.29697888699 1.27438861025
4980 1.25333648788 1.23150635757
4983 1.187643307 1.16695739511
4986 1.2348063947 1.21329901439
4989 1.27302425803 1.25085121375
4992 1.25202929495 1.23022193282
4995 1.27135301388 1.24920907868
4998 1.27389232056 1.2517041567
5001 1.22029793878 1.19904326114
5004 1.21400319842 1.19285816014
5007 1.20357017603 1.18260685609
5010 1.24380717977 1.22214302727
5013 1.20877172882 1.18771781025
5016 1.19013531406 1.16940599735
5019 1.15206131958 1.13199516099
5022 1.21066224113 1.18957539435
5025 1.21990597083 1.19865812034
5028 1.2298408501 1.20841995772
5031 1.23306317326 1.2115861557
5034 1.24133046284 1.21970944883
5037 1.21871015395 1.19748313173
5040 1.17215332878 1.15173721534
5043 1.20080540572 1.17989024148
5046 1.25854959643 1.23662866621
5049 1.21884258112 1.19761325234
5052 1.19785613176 1.17699233683
5055 1.2310697907 1.20962749311
5058 1.24651757541 1.22480621428
5061 1.25714330622 1.23524687021
5064 1.2357632689 1.21423922212
5067 1.21973011221 1.19848532476
5070 1.21705743448 1.19585919869
5073 1.20524822201 1.18425567452
5076 1.21274118647 1.19161812942
5079 1.19027621792 1.169544447
5082 1.18579588926 1.16514215498
5085 1.21383506743 1.19269295759
5088 1.21971253839 1.19846805703
5091 1.23029714965 1.20886830962
5094 1.24032293563 1.21871947034
5097 1.19986331429 1.17896455904
5100 1.18560537046 1.16495495456
5103 1.22606270759 1.20470762144
5106 1.22124396096 1.19997280587
5109 1.2003951188 1.17948710078
5112 1.22020590913 1.19895283443
5115 1.22420406621 1.20288135315
5118 1.22787616363 1.2064894914
5121 1.20921032155 1.18814876374
5124 1.18253792433 1.16194093602
5127 1.17677976859 1.15628307361
5130 1.17369767222 1.15325466
5133 1.18020881986 1.15965239899
5136 1.17879363717 1.15826186541
5139 1.15032926517 1.13029327484
5142 1.16334168245 1.14307904686
5145 1.17733048043 1.15682419337
5148 1.17732013709 1.15681403019
5151 1.17915239615 1.15861437567
5154 1.15908989584 1.13890131622
5157 1.18190072815 1.16131483828
5160 1.18592974067 1.16527367502
5163 1.16763124949 1.14729389988
5166 1.10270116145 1.083494739
5169 1.03915746021 1.02105781739
5172 1.08144204113 1.06260590183
5175 1.15477960105 1.13466609649
5178 1.19185984763 1.17110049367
5181 1.16305584297 1.14279818602
5184 1.08874183651 1.06977855219
5187 1.11385473568 1.09445404459
5190 1.10850338165 1.08919589838
5193 1.11067794473 1.09133258576
5196 1.10880187536 1.08948919304
5199 1.1273299285 1.10769453171
5202 1.1460613401 1.12609968683
5205 1.10370574937 1.0844818294
5208 1.10029812081 1.0811335536
5211 1.14395212346 1.12402720771
5214 1.14142252341 1.12154166726
5217 1.12687697316 1.10724946577
5220 1.16666798867 1.14634741677
5223 1.16375981036 1.14348989198
5226 1.0695123647 1.05088401188
5229 1.08729231584 1.06835427871
5232 1.10974702595 1.09041788137
5235 1.08367143362 1.06479646362
5238 1.12191145418 1.10237043429
5241 1.1409116829 1.12103972437
5244 1.14412620773 1.12419825985
5247 1.14854835435 1.12854338323
5250 1.13504402988 1.11527427186
5253 1.13232064428 1.11259832114
5256 1.13276895397 1.11303882234
5259 1.13858460778 1.11875318135
5262 1.07619418365 1.05744944949
5265 1.02949176371 1.01156047425
5268 1.03772308543 1.01964842599
5271 1.04172748172 1.02358307525
5274 1.06834262638 1.04973464762
5277 1.07498325289 1.05625961026
5280 1.10488341971 1.08563898754
5283 1.07628606666 1.05753973213
5286 1.10770455736 1.0884109877
5289 1.13768096414 1.11786527702
5292 1.13386622058 1.11411697719
5295 1.12684971597 1.10722268334
5298 1.11063747977 1.0912928256
5301 1.10665443453 1.0873791555
5304 1.10438418251 1.08514844586
5307 1.09765380206 1.07853529258
5310 1.11809171949 1.09861723026
5313 1.10841605223 1.08911009003
5316 1.06130064126 1.04281531707
5319 1.09207034511 1.07304908611
5322 1.10815794334 1.08885647678
5325 1.06790438536 1.0493040397
5328 1.036993919 1.0189319599
5331 1.07733335197 1.05856877623
5334 1.09421035093 1.07515181814
5337 1.06718339485 1.04859560713
5340 1.05544607 1.03706271847
5343 1.09532492022 1.07624697429
5346 1.09794651026 1.07882290249
5349 1.08682325133 1.06789338418
5352 1.0959256903 1.0768372804
5355 1.10905588935 1.08973878271
5358 1.11423807727 1.09483070929
5361 1.0906986516 1.07170128424
5364 1.05865267378 1.04021347086
5367 1.060795298 1.04231877569
5370 1.04280406408 1.02464090612
5373 1.06644389019 1.04786898288
5376 1.10044514835 1.08127802027
5379 1.07912525419 1.06032946778
5382 1.05245775854 1.03412645626
5385 1.07781391296 1.05904096699
5388 1.08506840819 1.06616910622
5391 1.06976388925 1.05113115548
5394 1.07101658655 1.05236203378
5397 1.05127042245 1.03295980074
5400 1.05479619308 1.03642416085
5403 1.03275720757 1.01476904187
5406 1.02079047808 1.00301074425
5409 1.04239970012 1.02424358521
5412 1.04113392608 1.02299985793
5415 1.04052060771 1.02239722211
5418 1.0555498177 1.03716465913
5421 1.0504169697 1.0321212131
5424 1.03018678448 1.01224338942
5427 1.04334837335 1.02517573482
5430 1.03037621365 1.01242951918
5433 1.03309943534 1.01510530885
5436 1.03872412826 1.02063203304
5439 1.06687222633 1.04828985843
5442 1.06629100256 1.04771875818
5445 1.03161104372 1.01364284146
5448 1.02905314082 1.01112949112
5451 1.06420024153 1.04566441322
5454 1.03516973059 1.0171395445
5457 1.03288697591 1.01489654996
5460 1.05560676993 1.03722061939
5463 1.03537302601 1.017339299
5466 1.04318206577 1.02501232392
5469 1.04909245237 1.0308197657
5472 1.04915085784 1.03087715388
5475 1.01640280024 0.998699489286
5478 1.00468521109 0.987185992575
5481 1.03222588095 1.01424696969
5484 1.04562220583 1.02740996257
5487 1.03558403395 1.01754663168
5490 1.03061278124 1.01266196633
5493 1.03619996852 1.01815183814
5496 1.03299059389 1.01499836316
5499 1.02813811245 1.01023040036
5502 1.02408096108 1.00624391489
5505 1.01907873186 1.00132881256
5508 1.01773446667 1.00000796126
5511 1.01833188 1.00059496907
5514 1.02676094223 1.00887721716
5517 1.03267716209 1.01469039059
5520 1.0381296838 1.02004794239
5523 1.02742851864 1.00953316599
5526 0.992104891327 0.974824791952
5529 0.983500863043 0.966370625307
5532 1.01425765258 0.996591704978
5535 1.0034278056 0.985950488081
5538 1.02173984381 1.00394357429
5541 1.02290341412 1.00508687799
5544 1.01210699378 0.994478505515
5547 1.01232115165 0.994688933271
5550 1.01772636428 1.0
5553 1.01783500907 1.00010675245
5556 1.01052088963 0.992920027521
5559 1.01501880657 0.997339601482
5562 1.01110297772 0.993491977023
5565 0.996838220676 0.979475678001
5568 0.99266463399 0.975374785234
5571 0.989220173268 0.971990318797
5574 0.984320790603 0.967176271685
5577 0.998437913912 0.981047508399
5580 0.998632861502 0.981239060467
5583 0.991059559454 0.973797667266
5586 0.971296522378 0.954378855128
5589 0.951507892543 0.934934895996
5592 0.974475776267 0.957502734002
5595 0.974160843832 0.957193286938
5598 0.967737204665 0.950881532234
5601 0.963737368318 0.94695136349
5604 0.97797928823 0.960945223148
5607 1.00233811867 0.984879780894
5610 1.00276646642 0.985300667856
5613 0.984830000257 0.967676612122
5616 0.963995317352 0.947204819667
5619 0.983426970464 0.96629801976
5622 0.984306944941 0.967162667181
5625 0.975516766156 0.958525592331
5628 0.985725711174 0.968556721893
5631 0.984617578045 0.967467889799
5634 0.980574177993 0.963494916125
5637 0.973908073978 0.956944919732
5640 0.968361615397 0.951495067222
5643 0.971956664027 0.955027498685
5646 0.978315554026 0.961275631996
5649 0.977450500812 0.960425645945
5652 0.974005398253 0.95704054885
5655 0.961169182555 0.944427909394
5658 0.935290216248 0.918999692915
5661 0.939885320517 0.923514761435
5664 0.954444240441 0.937820099721
5667 0.956287737715 0.939631487672
5670 0.953528203927 0.936920018377
5673 0.968300477666 0.951434994364
5676 0.964023759586 0.947232766506
5679 0.964998335375 0.948190367511
5682 0.946207151097 0.929726480815
5685 0.940579444245 0.924196795184
5688 0.942613670665 0.926195590235
5691 0.947979246117 0.931467710168
5694 0.957154672917 0.940483322932
5697 0.954488152682 0.937863247115
5700 0.949432329172 0.932895483985
5703 0.946107193671 0.929628264408
5706 0.939672826301 0.923305968361
5709 0.927541524681 0.911385965062
5712 0.932981522451 0.916731211054
5715 0.946377129718 0.929893498814
5718 0.948036080303 0.931523554439
5721 0.94921297539 0.932679950822
5724 0.945620862054 0.929150403527
5727 0.947116601446 0.930620090709
5730 0.94111106599 0.924719157347
5733 0.939054850318 0.922698756045
5736 0.944066856657 0.927623465195
5739 0.94122832678 0.924834375734
5742 0.937825528852 0.921490846424
5745 0.937551332142 0.921221425567
5748 0.933437420431 0.917179168379
5751 0.928398323094 0.912227840091
5754 0.924966236698 0.908855532449
5757 0.932055903344 0.915821714022
5760 0.924723566886 0.908617089366
5763 0.91954931194 0.903532957592
5766 0.930436106382 0.914230130058
5769 0.930422805191 0.914217060542
5772 0.923593040323 0.907506253877
5775 0.921228396416 0.905182796423
5778 0.924963373751 0.908852719368
5781 0.916896999166 0.900926841776
5784 0.914558657471 0.898629228412
5787 0.916746806768 0.900779265371
5790 0.91533396912 0.899391035983
5793 0.917611716332 0.901629110275
5796 0.916664823709 0.900698710262
5799 0.916672437931 0.900706191862
5802 0.91975847586 0.903738478375
5805 0.918740837743 0.902738565086
5808 0.919729677838 0.903710181946
5811 0.922290002699 0.906225912059
5814 0.92057924252 0.904544949239
5817 0.916148114217 0.900191000615
5820 0.920677646901 0.904641639651
5823 0.920843687572 0.904804788289
5826 0.921029051983 0.904986924095
5829 0.924528513537 0.90842543338
5832 0.920797620057 0.904759523161
5835 0.920090156337 0.904064381771
5838 0.918061518597 0.902071078058
5841 0.917265715114 0.901289135573
5844 0.918922135091 0.902916704667
5847 0.918174174276 0.902181771544
5850 0.912824452354 0.89692522901
5853 0.901509201309 0.885807062632
5856 0.893077767092 0.877522483876
5859 0.889265355319 0.873776475217
5862 0.899985483519 0.884309884369
5865 0.903810977597 0.88806874747
5868 0.908467890086 0.892644547659
5871 0.904699948449 0.888942234572
5874 0.904624408846 0.888868010689
5877 0.902870278855 0.887144433456
5880 0.896582694529 0.880966363842
5883 0.892022365506 0.876485464867
5886 0.885696958268 0.870270231126
5889 0.834131478308 0.819602898757
5892 0.839892480806 0.825263558341
5895 0.841764121366 0.82710259939
5898 0.848925308915 0.834139056143
5901 0.876941591199 0.861667361655
5904 0.88429264741 0.868890380012
5907 0.88736652862 0.871910721548
5910 0.879326154762 0.864010391812
5913 0.877843158734 0.862553226035
5916 0.875206469734 0.859962461865
5919 0.874442472264 0.859211771407
5922 0.87736539217 0.862083781025
5925 0.871731748263 0.856548261749
5928 0.876995827369 0.861720653161
5931 0.873222575266 0.858013122104
5934 0.872987207509 0.857781853892
5937 0.878949309185 0.863640109985
5940 0.879748291803 0.864425176233
5943 0.859722843934 0.844748523872
5946 0.861986554741 0.846972806239
5949 0.855648625892 0.840745268984
5952 0.859475977819 0.844505957576
5955 0.867590584338 0.852479227016
5958 0.861270736154 0.846269455504
5961 0.865984831716 0.850901442773
5964 0.865354335602 0.850281928395
5967 0.860074199073 0.845093759243
5970 0.856748095774 0.841825588725
5973 0.861598719044 0.846591725715
5976 0.854886883369 0.839996794199
5979 0.84943474689 0.834639620924
5982 0.851999705285 0.837159903866
5985 0.846891472071 0.832140643882
5988 0.847610950216 0.832847590435
5991 0.847847551065 0.833080070262
5994 0.848885323217 0.8340997669
5997 0.847660431438 0.832896209813
6000 0.844960081166 0.830242893198
6003 0.843243613623 0.828556322423
6006 0.840945515746 0.826298251926
6009 0.835576952325 0.821023196066
6012 0.83596180265 0.821401343218
6015 0.832306383546 0.81780959279
6018 0.834011571338 0.81948508028
6021 0.826632397309 0.812234433851
6024 0.827813156324 0.813394626862
6027 0.831949577389 0.817459001345
6030 0.837001746329 0.82242317356
6033 0.838533928727 0.823928668997
6036 0.834406763396 0.819873389035
6039 0.833855007387 0.819331243299
6042 0.83123484321 0.816756716129
6045 0.829047420918 0.814607393513
6048 0.831144644891 0.81666808885
6051 0.830778700657 0.816308518491
6054 0.821404463316 0.80709755799
6057 0.825762708757 0.811379893198
6060 0.829962623093 0.81550665505
6063 0.825048140147 0.810677770668
6066 0.818776883004 0.804515743857
6069 0.822365895437 0.808042244259
6072 0.8305756337 0.816108988476
6075 0.825593328548 0.811213463188
6078 0.815997005811 0.80178428549
6081 0.817612263376 0.803371409123
6084 0.819840843139 0.805561172346
6087 0.814606982079 0.800418472654
6090 0.820229460423 0.805943020844
6093 0.820653469635 0.806359644827
6096 0.820740919176 0.806445571206
6099 0.809972018869 0.795864239441
6102 0.795634825822 0.781776766078
6105 0.802443512009 0.788466861202
6108 0.813286261423 0.799120755799
6111 0.812074277706 0.797929881946
6114 0.81322441603 0.799059987606
6117 0.808241544804 0.794163906104
6120 0.802075874258 0.788105626823
6123 0.790265771272 0.776501227644
6126 0.802515556371 0.788537650723
6129 0.806938718545 0.792883771968
6132 0.805573330277 0.791542165506
6135 0.790961807098 0.777185140188
6138 0.779984528112 0.766399059203
6141 0.776275506101 0.762754639502
6144 0.794296276601 0.78046153119
6147 0.790125382551 0.77636328416
6150 0.788604129259 0.774868527469
6153 0.798563944337 0.784654866339
6156 0.778027600152 0.764476216257
6159 0.775357243271 0.761852370619
6162 0.764259843229 0.7509482608
6165 0.781493142222 0.767881396855
6168 0.777981731009 0.764431146045
6171 0.780463430305 0.766869620062
6174 0.787810531831 0.774088752615
6177 0.784828078188 0.771158246196
6180 0.793760724073 0.779935306709
6183 0.79403896611 0.780208702433
6186 0.792570320114 0.778765636746
6189 0.782194984697 0.76857101491
6192 0.77698297266 0.763449783683
6195 0.784652130694 0.770985363287
6198 0.786577890164 0.772877580624
6201 0.783169944415 0.769528993156
6204 0.786834717978 0.77312993511
6207 0.788358493343 0.774627169945
6210 0.782377057482 0.768749916421
6213 0.776831028621 0.763300486146
6216 0.770309458669 0.756892506378
6219 0.771264277641 0.757830694682
6222 0.773797925652 0.760320212592
6225 0.772875226457 0.759413584614
6228 0.768204578008 0.754824287714
6231 0.752743701548 0.739632702822
6234 0.763473438148 0.750175553019
6237 0.753235312689 0.74011575127
6240 0.757621057947 0.744425107313
6243 0.754049126098 0.740915389992
6246 0.735861143846 0.723044198982
6249 0.743955565284 0.730997634917
6252 0.754291274384 0.741153320633
6255 0.755619665933 0.742458574771
6258 0.759026481155 0.745806051404
6261 0.764395068343 0.751081130615
6264 0.765317190816 0.751987191915
6267 0.761487712429 0.748224413903
6270 0.759898923119 0.746663297511
6273 0.759094339662 0.745872727977
6276 0.754949630394 0.741800209653
6279 0.699356381711 0.687175262678
6282 0.724645304219 0.712023712513
6285 0.74886866207 0.735825157283
6288 0.749304514952 0.736253418649
6291 0.738177133164 0.725319849294
6294 0.737532105347 0.724686056321
6297 0.738284576946 0.725425421661
6300 0.725342331651 0.71270859939
6303 0.729396104962 0.716691765645
6306 0.744136705159 0.731175619768
6309 0.740121452181 0.727230302913
6312 0.740813056991 0.727909861618
6315 0.739058224387 0.726185594011
6318 0.732032943577 0.719282676825
6321 0.736863399952 0.724028998179
6324 0.739966971151 0.727078512575
6327 0.746421576003 0.733420693615
6330 0.742437071905 0.729505590069
6333 0.740265458452 0.727371800939
6336 0.729561004207 0.716853792739
6339 0.735768811386 0.722953474733
6342 0.737957387982 0.725103931548
6345 0.724609088292 0.711988127381
6348 0.714048183557 0.701611168401
6351 0.734286301696 0.721496786823
6354 0.73987034832 0.726983572683
6357 0.736378122044 0.723552172654
6360 0.733382942802 0.720609162285
6363 0.732052068721 0.719301468855
6366 0.73224561513 0.719491644147
6369 0.724425902002 0.711808131759
6372 0.718247266814 0.705737113649
6375 0.735505318636 0.722694571398
6378 0.735838484776 0.723021934579
6381 0.734955271527 0.722154104797
6384 0.734962331297 0.722161041602
6387 0.73186578267 0.719118427462
6390 0.734688111784 0.721891598339
6393 0.727394487966 0.71472501204
6396 0.726089537623 0.713442790818
6399 0.72149503308 0.708928311578
6402 0.721974819986 0.709399741741
6405 0.731965428895 0.719216338087
6408 0.725101558098 0.712472019539
6411 0.717567383437 0.705069072218
6414 0.717724634433 0.705223584277
6417 0.713016026976 0.700596989524
6420 0.713313848575 0.700889623781
6423 0.723407043393 0.710807019235
6426 0.725783324251 0.713141910952
6429 0.718638767624 0.70612179545
6432 0.713278244475 0.70085463982
6435 0.711196595571 0.698809248272
6438 0.710733256769 0.698353979726
6441 0.709777451728 0.697414822527
6444 0.720560376982 0.708009934959
6447 0.714688205791 0.702240042975
6450 0.710943516324 0.698560577061
6453 0.709928158738 0.697562904581
6456 0.677866089885 0.666059280446
6459 0.690006843062 0.677988570678
6462 0.696211884888 0.684085535485
6465 0.69685285615 0.684715342557
6468 0.700832168793 0.688625345072
6471 0.699248583914 0.687069342461
6474 0.696098157358 0.683973788817
6477 0.690743392601 0.678712291283
6480 0.697086387548 0.684944806396
6483 0.693512308298 0.681432979077
6486 0.695839718797 0.68371985164
6489 0.693840601136 0.681755553836
6492 0.672687240396 0.660970634155
6495 0.655262405959 0.643849298746
6498 0.666257704557 0.654653085485
6501 0.692754514956 0.680688384686
6504 0.69475382258 0.682652869142
6507 0.701627809022 0.689407127147
6510 0.698045262488 0.685886980023
6513 0.688700724376 0.676705201462
6516 0.657692062248 0.646236636221
6519 0.663226949067 0.651675118522
6522 0.682188134778 0.670306045632
6525 0.673138773658 0.661414302785
6528 0.679578678605 0.667742039957
6531 0.675005550378 0.66324856471
6534 0.661726855446 0.650201152952
6537 0.660402582723 0.648899945898
6540 0.653149946656 0.641773633442
6543 0.640333118931 0.629180044266
6546 0.618564661416 0.607790741327
6549 0.602406457295 0.591913974558
6552 0.589323983961 0.579059366686
6555 0.548864321009 0.539304414499
6558 0.495606532208 0.486974249269
6561 0.39757138352 0.390646638893
6564 0.376727322947 0.370165632108
6567 0.478356596334 0.470024766107
6570 0.541129789167 0.531704599741
6573 0.572705689508 0.56273052326
6576 0.595707595026 0.585331790482
6579 0.619876968668 0.609080191319
6582 0.631678862167 0.620676524001
6585 0.636409127779 0.625324399675
6588 0.639245080414 0.628110956784
6591 0.6486152535 0.637317923818
6594 0.649294441178 0.637985281668
6597 0.655371694621 0.64395668386
6600 0.657377618113 0.645927668952
6603 0.656481242851 0.645046906409
6606 0.658308631744 0.646842466548
6609 0.663790130214 0.652228490397
6612 0.663052106552 0.651503321346
6615 0.663641015563 0.652081972968
6618 0.664693709328 0.65311633132
6621 0.666268883321 0.654664069541
6624 0.664272016748 0.652701983618
6627 0.665456156361 0.653865498345
6630 0.663363336588 0.651809130498
6633 0.658854958845 0.647379277935
6636 0.661117554415 0.64960246449
6639 0.662126676624 0.650594010199
6642 0.659634973743 0.648145706835
6645 0.663338843302 0.651785063827
6648 0.660314762638 0.64881365543
6651 0.660657738142 0.649150657119
6654 0.662846178559 0.651300980127
6657 0.659460330413 0.647974105376
6660 0.658489460284 0.647020145487
6663 0.655179231367 0.643767572857
6666 0.655731096698 0.644309826011
6669 0.65750915265 0.646056912472
6672 0.658676558631 0.647203985026
6675 0.653481130042 0.642099048405
6678 0.647184132046 0.635911729084
6681 0.648337738392 0.637045242361
6684 0.652293172633 0.640931782378
6687 0.656086439129 0.644658979225
6690 0.654132079892 0.642738660262
6693 0.653346014127 0.641966285886
6696 0.651227222524 0.639884398576
6699 0.646794766315 0.635529145176
6702 0.647272755471 0.6359988089
6705 0.650046121119 0.638723869138
6708 0.645580744783 0.634336269001
6711 0.644133428719 0.632914161728
6714 0.64007128854 0.628922774336
6717 0.634169366094 0.623123649294
6720 0.635434035832 0.624366291503
6723 0.637884078036 0.626773659819
6726 0.641762674714 0.6305847006
6729 0.638247385665 0.627130639496
6732 0.637104620584 0.626007778656
6735 0.630046649305 0.619072740391
6738 0.634107090976 0.623062458859
6741 0.633562923023 0.622527769013
6744 0.633184060844 0.622155505709
6747 0.628605317558 0.617656513203
6750 0.629615339332 0.618648942809
6753 0.630322571768 0.619343856943
6756 0.629648357401 0.618681385781
6759 0.625383696652 0.614491005244
6762 0.632647133443 0.621627930302
6765 0.635690540515 0.624618328486
6768 0.631461431992 0.62046288094
6771 0.631391390669 0.62039405957
6774 0.628192942841 0.617251321069
6777 0.626768903641 0.615852085233
6780 0.628416727575 0.617471208008
6783 0.624290977006 0.613417318166
6786 0.622969072945 0.61211843852
6789 0.626717091516 0.615801175552
6792 0.62578558685 0.614885895475
6795 0.624345751669 0.613471138786
6798 0.625394590945 0.614501709785
6801 0.622060367138 0.611225560199
6804 0.624850949956 0.613967537725
6807 0.620438270438 0.609631716552
6810 0.622354598693 0.611514666942
6813 0.620668240793 0.609857681372
6816 0.623213984439 0.612359084239
6819 0.62188819698 0.611056388834
6822 0.621287568954 0.610466222315
6825 0.62196269563 0.611129589895
6828 0.611212473505 0.600566610982
6831 0.610894932618 0.6002546009
6834 0.615809673415 0.605083738642
6837 0.612460291454 0.601792694921
6840 0.613799319516 0.60310840031
6843 0.614757783172 0.604050169817
6846 0.615183173907 0.60446815126
6849 0.615095394004 0.604381900273
6852 0.612162673744 0.601500261001
6855 0.609215138783 0.598604065064
6858 0.60842883682 0.597831458605
6861 0.610905405845 0.600264891708
6864 0.607790771648 0.597204507005
6867 0.612308047438 0.601643102632
6870 0.595905220894 0.585525974179
6873 0.596310552686 0.585924246058
6876 0.596969402644 0.586571620422
6879 0.594849857894 0.584488993083
6882 0.604280914928 0.593755783613
6885 0.600957493224 0.590490247982
6888 0.603598982933 0.593085729245
6891 0.598560551246 0.588135055013
6894 0.595548261512 0.585175232177
6897 0.597445367632 0.587039295236
6900 0.603523997009 0.593012049397
6903 0.603950115962 0.593430746374
6906 0.595957962435 0.585577797087
6909 0.602142808304 0.591654917703
6912 0.598124109951 0.587706215484
6915 0.596041918194 0.585660290538
6918 0.593198510223 0.582866407947
6921 0.593546514943 0.583208351256
6924 0.596177400655 0.585793413217
6927 0.601390333625 0.590915549337
6930 0.596819078215 0.586423914286
6933 0.599697440381 0.589252142253
6936 0.603713304548 0.593198059651
6939 0.593237310917 0.582904532826
6942 0.586822978115 0.576601922393
6945 0.593660434606 0.58332028671
6948 0.594497217192 0.58414249454
6951 0.595914314677 0.58553490957
6954 0.587759116038 0.577521755027
6957 0.589834153644 0.57956065043
6960 0.59232311854 0.582006263498
6963 0.588327009609 0.578079757248
6966 0.581705120934 0.571573206069
6969 0.584208240447 0.574032727214
6972 0.588849314419 0.578592964754
6975 0.584677265226 0.574493582701
6978 0.579315538025 0.569225243991
6981 0.581378405207 0.57125218095
6984 0.586066542365 0.575858661948
6987 0.59138798158 0.581087414392
6990 0.585368703343 0.575172977615
6993 0.589655200145 0.579384813874
6996 0.58458967003 0.574407513204
6999 0.580568594573 0.570456475284
7002 0.573743114132 0.563749878422
7005 0.575466311489 0.565443061794
7008 0.587461332455 0.577229158124
7011 0.580918511286 0.570800297284
7014 0.582647315746 0.572498990096
7017 0.582031500762 0.571893901139
7020 0.58874721296 0.578492641659
7023 0.579979037326 0.569877186718
7026 0.581157103889 0.571034734173
7029 0.577112843588 0.567060915233
7032 0.582580962181 0.572433792252
7035 0.574674351837 0.56466489619
7038 0.577548742458 0.567489221786
7041 0.58262410038 0.572476179086
7044 0.578468345215 0.568392807257
7047 0.57350149212 0.563512464889
7050 0.581060284071 0.570939600725
7053 0.581027679187 0.57090756374
7056 0.575387333022 0.565365458943
7059 0.573069303913 0.563087804369
7062 0.574006951009 0.56400911989
7065 0.570773459525 0.560831948111
7068 0.570711686917 0.560771251435
7071 0.568319171457 0.558420407883
7074 0.57315638618 0.563173369871
7077 0.568883810105 0.558975211874
7080 0.563640966817 0.553823686403
7083 0.566103465826 0.556243294557
7086 0.561970264176 0.552182083415
7089 0.560990836673 0.551219715201
7092 0.567900009104 0.558008546339
7095 0.565196073536 0.555351706875
7098 0.569156596283 0.559243246768
7101 0.572553401767 0.562580888007
7104 0.564034220589 0.554210090633
7107 0.561882580596 0.552095927074
7110 0.554286047611 0.544631707562
7113 0.548109369193 0.53856261214
7116 0.540704807305 0.531287020049
7119 0.545571412645 0.536068860739
7122 0.555015282682 0.545348241099
7125 0.561961821792 0.552173788076
7128 0.559655377463 0.549907516503
7131 0.558698793049 0.548967593506
7134 0.566148323771 0.556287371183
7137 0.562646172546 0.552846219074
7140 0.562429894222 0.552633707802
7143 0.557272553317 0.547566195467
7146 0.549996582241 0.540416954441
7149 0.538026037031 0.528654907559
7152 0.540569639742 0.531154206782
7155 0.549675289633 0.540101257984
7158 0.547708191937 0.538168422435
7161 0.547653669999 0.538114850139
7164 0.542007164295 0.532566693089
7167 0.550843406103 0.541249028653
7170 0.546524754309 0.537005597466
7173 0.544908351266 0.535417348306
7176 0.547576566651 0.538039089747
7179 0.54681481494 0.537290605934
7182 0.549437652956 0.539867760371
7185 0.545570034397 0.536067506497
7188 0.537778147837 0.528411336004
7191 0.541025275711 0.53160190666
7194 0.542530251407 0.533080669272
7197 0.543220157208 0.533758558559
7200 0.535995654204 0.526659889156
7203 0.532888023677 0.523606386135
7206 0.53398581952 0.524685060995
7209 0.540675224444 0.531257952451
7212 0.536019080066 0.526682906995
7215 0.540994394824 0.531571563644
7218 0.539217965306 0.529826075289
7221 0.53703016606 0.527676382284
7224 0.538755976796 0.529372133516
7227 0.536933876539 0.527581769896
7230 0.535866627367 0.526533109658
7233 0.53345198767 0.524160527222
7236 0.538946046816 0.52955889297
7239 0.541608361684 0.532174836667
7242 0.53369038115 0.524394768456
7245 0.532280108627 0.523009059514
7248 0.530456075415 0.521216796608
7251 0.533942206177 0.524642207292
7254 0.531287401623 0.522033643097
7257 0.538536438446 0.529156419
7260 0.535718670174 0.526387729527
7263 0.524417179555 0.515283083901
7266 0.525654269991 0.516498627174
7269 0.53475307509 0.525438952804
7272 0.527543978538 0.518355421508
7275 0.526373682527 0.51720550926
7278 0.525765032197 0.516607460167
7281 0.521566220758 0.512481782002
7284 0.522896482319 0.513788873581
7287 0.514058155632 0.505104489451
7290 0.52257469864 0.513472694606
7293 0.522544260723 0.513442786845
7296 0.519079406023 0.510038281644
7299 0.523460948469 0.514343508078
7302 0.524520091935 0.515384203793
7305 0.523829042159 0.514705190454
7308 0.517967935178 0.508946169968
7311 0.519511705989 0.510463051976
7314 0.52085622662 0.511784154267
7317 0.51785692321 0.508837091564
7320 0.515209489746 0.506235770072
7323 0.515869142243 0.506883932998
7326 0.514072533049 0.505118616447
7329 0.514926150928 0.505957366341
7332 0.521845889231 0.512756579317
7335 0.51347705374 0.504533508967
7338 0.513084134809 0.504147433746
7341 0.518906694697 0.509868578537
7344 0.509606539957 0.500730410296
7347 0.512226840392 0.503305071351
7350 0.518964078475 0.509924962827
7353 0.516184962694 0.50719425261
7356 0.509861801849 0.500981226136
7359 0.513398470254 0.504456294218
7362 0.514434376274 0.505474157228
7365 0.512253032058 0.503330806821
7368 0.515246203691 0.506271844548
7371 0.514929049864 0.505960214784
7374 0.513707696281 0.504760134266
7377 0.508099849426 0.499249962719
7380 0.515587932737 0.50660762149
7383 0.508567788566 0.499709751475
7386 0.504747798765 0.495956296779
7389 0.501913310008 0.493171178052
7392 0.507064123858 0.498232277018
7395 0.515000053174 0.506029981385
7398 0.508668604706 0.499808811639
