Wave Flux FluxNorm
3600 0.292560876111 0.271710278253
3603 0.210629777997 0.195618349072
3606 0.19822757042 0.184100037682
3609 0.153726752531 0.142770760262
3612 0.210398383868 0.195403446232
3615 0.246808097069 0.229218266028
3618 0.173692106962 0.161313198609
3621 0.196011634046 0.182042029459
3624 0.253787393881 0.235700153504
3627 0.343496978163 0.319016201881
3630 0.255011063579 0.236836613165
3633 0.184310393604 0.171174727793
3636 0.239954623564 0.222853234525
3639 0.31139393749 0.289201121238
3642 0.296346646329 0.27522623942
3645 0.235812994023 0.219006775866
3648 0.18422820694 0.171098398512
3651 0.248631235137 0.23091147039
3654 0.311913053821 0.289683240532
3657 0.342414316459 0.318010700679
3660 0.360636592883 0.334934288902
3663 0.312050435774 0.289810831374
3666 0.322144608309 0.299185599677
3669 0.270673389886 0.251382697028
3672 0.329768524082 0.306266164597
3675 0.335549362761 0.311635007167
3678 0.261976559116 0.243305682973
3681 0.256540630556 0.238257169032
3684 0.300487096638 0.27907160289
3687 0.204349114852 0.189785304157
3690 0.295040529138 0.274013208238
3693 0.319261632737 0.296508091648
3696 0.283726420904 0.263505448153
3699 0.364052262555 0.338106526315
3702 0.339538122479 0.315339490921
3705 0.204218195845 0.189663715651
3708 0.199253946726 0.185053264906
3711 0.282077445129 0.261973993666
3714 0.376936650643 0.350072653567
3717 0.306237318997 0.284412011142
3720 0.151968794986 0.141138091054
3723 0.19191297588 0.178235479637
3726 0.281795162182 0.261711828816
3729 0.24185678678 0.224619831972
3732 0.199736031391 0.185500991752
3735 0.107883394538 0.10019462458
3738 0.164468103698 0.152746583254
3741 0.263160934306 0.244405648616
3744 0.174647852338 0.162200828717
3747 0.145963326423 0.135560627807
3750 0.13274652832 0.123285781155
3753 0.254403350957 0.236272211774
3756 0.284108269435 0.263860082621
3759 0.147903504551 0.137362530871
3762 0.212811331178 0.197644424568
3765 0.212539357751 0.197391834486
3768 0.206412953283 0.191702054346
3771 0.267782424339 0.248697768464
3774 0.284876829808 0.264573868263
3777 0.269776179322 0.250549429999
3780 0.293694727024 0.272763320448
3783 0.295173957901 0.274137127632
3786 0.2356591454 0.218863891922
3789 0.172241741165 0.159966199312
3792 0.223640791919 0.207702077628
3795 0.177368787804 0.164727845118
3798 0.166671993001 0.154793402991
3801 0.21912005734 0.203503532469
3804 0.25859267281 0.240162963748
3807 0.199486131628 0.185268902161
3810 0.233692062676 0.217037001732
3813 0.205445317782 0.190803381513
3816 0.146321221886 0.135893016324
3819 0.149551375683 0.138892959442
3822 0.143626167383 0.133390036367
3825 0.116933556998 0.108599788637
3828 0.131240761973 0.121887329666
3831 0.14998706017 0.139297593017
3834 0.119464299565 0.110950167048
3837 0.151706353854 0.140894353909
3840 0.120281331978 0.111708970163
3843 0.180232045336 0.167387040398
3846 0.167495115879 0.155557862509
3849 0.155439791391 0.144361712105
3852 0.169503684064 0.157423281521
3855 0.157042535526 0.145850229848
3858 0.139149891523 0.129232781386
3861 0.132981645954 0.12350414213
3864 0.18078537321 0.167900933002
3867 0.159883118171 0.148488366264
3870 0.135816003465 0.126136497071
3873 0.147882429224 0.137342957566
3876 0.209494933084 0.194564383719
3879 0.156920796568 0.145737167136
3882 0.148679947074 0.138083636907
3885 0.238215502011 0.221238058883
3888 0.206818528645 0.19207872465
3891 0.302224517532 0.280685199078
3894 0.325678989111 0.302468087767
3897 0.308020108823 0.286067742853
3900 0.280055066741 0.260095748693
3903 0.293903557559 0.272957267785
3906 0.243660064221 0.226294591159
3909 0.328588153297 0.305169917967
3912 0.344931203867 0.320348211377
3915 0.336547678578 0.312562173752
3918 0.293786269014 0.272848338308
3921 0.224443504778 0.208447581734
3924 0.260770243791 0.242185340851
3927 0.204123622614 0.189575882585
3930 0.122040183508 0.113342469642
3933 0.0822975670915 0.0764322801848
3936 0.0994492287407 0.0923615555587
3939 0.190541807794 0.17696203369
3942 0.218045611846 0.202505661913
3945 0.245883135836 0.2283592261
3948 0.290803268674 0.270077934202
3951 0.356450965504 0.331046968099
3954 0.361444117236 0.335684261589
3957 0.323055948591 0.30003198941
3960 0.338825485949 0.314677643472
3963 0.203792342306 0.18926821238
3966 0.137803628272 0.127982465325
3969 0.0918281491216 0.0852836246631
3972 0.169710319244 0.157615189964
3975 0.276701507404 0.256981195057
3978 0.369195449668 0.342883162277
3981 0.428858119569 0.398293717698
3984 0.410916443457 0.38163073161
3987 0.470544631682 0.43700926284
3990 0.456734643547 0.424183502374
3993 0.495167225293 0.459877022365
3996 0.455126841529 0.422690287219
3999 0.505201570534 0.469196227222
4002 0.564219656969 0.524008138166
4005 0.447046320707 0.415185659157
4008 0.507352813246 0.471194152452
4011 0.546741584791 0.507775715301
4014 0.56885715508 0.528315125207
4017 0.574709333577 0.533750223259
4020 0.604307568624 0.561239013925
4023 0.562689696433 0.522587216789
4026 0.578727095832 0.537481642562
4029 0.61721566438 0.573227159217
4032 0.433117920511 0.402249925769
4035 0.484653487247 0.450112590675
4038 0.63649647286 0.591133838697
4041 0.57630310841 0.535230410935
4044 0.486029803265 0.451390817665
4047 0.439484496479 0.408162760564
4050 0.610540262265 0.567027508087
4053 0.56149183188 0.521474723159
4056 0.498805355712 0.463255865912
4059 0.492906329714 0.457777259146
4062 0.496372381625 0.460996288094
4065 0.468634867782 0.435235606404
4068 0.532129764941 0.494205269075
4071 0.499909896789 0.464281687161
4074 0.585612148065 0.5438760022
4077 0.401535141138 0.372918027788
4080 0.581475016999 0.540033721414
4083 0.601058634983 0.558221629388
4086 0.579868103855 0.538541331784
4089 0.682288134838 0.633661962701
4092 0.619386410866 0.575243198202
4095 0.59050197095 0.548417331015
4098 0.552127574811 0.512777849784
4101 0.456257386068 0.423740258683
4104 0.553660354645 0.51420138953
4107 0.638407788934 0.592908936685
4110 0.551849371523 0.51251947384
4113 0.578208174199 0.53699970409
4116 0.620009654201 0.575822023444
4119 0.520246931505 0.483169316413
4122 0.542335370123 0.503683528302
4125 0.582191933996 0.540699544265
4128 0.536665786861 0.498418012058
4131 0.496442350357 0.461061270206
4134 0.470225502811 0.436712878048
4137 0.577263971805 0.536122794304
4140 0.59268356621 0.550443445589
4143 0.404084159373 0.375285379373
4146 0.522960034707 0.485689058751
4149 0.491510640032 0.456481039239
4152 0.462087645581 0.4291549999
4155 0.467083294356 0.433794612472
4158 0.49868715735 0.46314609146
4161 0.542762826058 0.504080519768
4164 0.561093613836 0.521104885822
4167 0.490782987638 0.455805246094
4170 0.561138272201 0.521146361418
4173 0.415267106134 0.385671325767
4176 0.479297831588 0.445138628645
4179 0.457471456621 0.424867803323
4182 0.48044576253 0.446204747395
4185 0.600720336258 0.557907440964
4188 0.503430958372 0.467551805283
4191 0.54568580954 0.506795184373
4194 0.572994641535 0.532157736054
4197 0.440322100258 0.408940668939
4200 0.510829492149 0.474423051014
4203 0.494593408496 0.459344101067
4206 0.571403920058 0.530680384124
4209 0.598056388589 0.55543335088
4212 0.59379450439 0.551475208025
4215 0.439466262912 0.40814582649
4218 0.719516069224 0.668236689661
4221 0.746499625098 0.69329714741
4224 0.563232712135 0.523091532162
4227 0.3330996444 0.309359878427
4230 0.695161677184 0.645618017179
4233 0.615397074395 0.571538178799
4236 0.575869281192 0.534827502263
4239 0.607350454442 0.564065035515
4242 0.699951961217 0.650066901202
4245 0.777506337803 0.72209403457
4248 0.633671157759 0.58850988172
4251 0.567801529769 0.527334733533
4254 0.601247249578 0.55839680156
4257 0.693655322371 0.644219019162
4260 0.530507086427 0.492698237662
4263 0.735175953151 0.68278050521
4266 0.79817331589 0.741288092372
4269 0.639065337737 0.593519622469
4272 0.437669400598 0.406477025227
4275 0.547189079149 0.508191317066
4278 0.735842126615 0.683399200983
4281 0.628718868497 0.583910538461
4284 0.659910709056 0.612879359549
4287 0.635395027531 0.590110892564
4290 0.482497580485 0.448110333798
4293 0.645025067199 0.599054606409
4296 0.61379368484 0.570049061635
4299 0.44057046861 0.409171336262
4302 0.468559770308 0.435165861072
4305 0.474475019335 0.440659534664
4308 0.364143890877 0.338191624355
4311 0.507586313474 0.471411011291
4314 0.620656898593 0.576423139206
4317 0.870974421926 0.808900717276
4320 0.78797542913 0.73181700148
4323 0.678562516844 0.630201866753
4326 0.466288438483 0.433056405391
4329 0.841505991259 0.781532479928
4332 0.792034646308 0.735586921243
4335 0.884720193272 0.821666837637
4338 0.601896658537 0.558999927621
4341 0.558503723649 0.518699575198
4344 0.741216121065 0.688390194812
4347 0.795371959232 0.738686386337
4350 0.820306166431 0.76184355098
4353 0.669802573645 0.622066238245
4356 0.811825268227 0.753967080135
4359 0.724446231747 0.672815483138
4362 0.86409106092 0.802507928333
4365 0.919145356329 0.853638544714
4368 0.735281652492 0.682878671437
4371 0.794466394123 0.737845360185
4374 0.659076440806 0.612104548982
4377 0.778636748933 0.723143882133
4380 0.777988186979 0.72254154271
4383 0.454808406637 0.422394546947
4386 0.638152211685 0.592671574237
4389 0.673633190066 0.625623849459
4392 0.694249448593 0.644770802447
4395 0.687988723009 0.638956274157
4398 0.842158938326 0.78213889194
4401 0.708330674052 0.657848469353
4404 0.595699786042 0.553244701659
4407 0.658613406606 0.611674514888
4410 0.787714488936 0.731574658301
4413 0.853203652202 0.792396457203
4416 0.665788719365 0.618338448399
4419 0.845074318066 0.784846494716
4422 0.740072223309 0.687327821806
4425 0.788555743316 0.732355957101
4428 0.810264491208 0.752517538543
4431 0.739495156882 0.686791882478
4434 0.702499040307 0.652432451844
4437 0.788886105142 0.732662774284
4440 0.855273482224 0.794318771966
4443 0.692112892203 0.642786516855
4446 0.886844675929 0.823639909982
4449 0.881988038961 0.819129401949
4452 0.847746931975 0.787328633402
4455 0.695083167434 0.645545102761
4458 0.719281175728 0.668018536851
4461 0.659186282323 0.612206562175
4464 0.812641725443 0.754725349047
4467 0.802871229872 0.745651189489
4470 0.770440393621 0.715531675018
4473 0.902295286849 0.837989367257
4476 0.943796893476 0.876533184991
4479 0.895765507725 0.831924960675
4482 0.766547027929 0.711915786627
4485 0.974018686737 0.904601093336
4488 0.863767599704 0.802207519959
4491 0.839171014185 0.779363914948
4494 0.791403325936 0.735000594608
4497 0.848317922644 0.787858929988
4500 0.924228264442 0.858359197715
4503 0.998580937459 0.927412810566
4506 1.01532344269 0.942962089798
4509 0.973944720074 0.904532398222
4512 0.964061487319 0.895353536177
4515 0.885658295604 0.822538082108
4518 0.889387193628 0.826001224319
4521 0.992540347538 0.921802729032
4524 0.898498280002 0.834462970288
4527 0.763591841169 0.709171213848
4530 0.759496884126 0.705368101373
4533 0.847340377047 0.786951053345
4536 0.832028741227 0.772730666516
4539 0.933405176825 0.866882078321
4542 0.88701412402 0.823797281632
4545 0.859384061914 0.798136393674
4548 0.883071646692 0.820135781756
4551 0.884578552616 0.821535291606
4554 0.830560865502 0.771367405211
4557 0.95067536605 0.882921433898
4560 0.981655875131 0.911693984946
4563 0.928865295659 0.862665751137
4566 0.868445206714 0.806551757367
4569 0.985345086031 0.915120268506
4572 0.889796416641 0.826381282311
4575 0.96800083109 0.899012125823
4578 0.938191004564 0.871326823647
4581 0.823644570995 0.764944029912
4584 0.86506103216 0.803408770437
4587 0.910719468501 0.845813163696
4590 0.986493793777 0.916187108699
4593 0.882186760861 0.819313961085
4596 0.846166879847 0.785861190424
4599 0.901611145878 0.837353984509
4602 0.900790709503 0.83659202003
4605 0.875235990314 0.812858566828
4608 1.03959214269 0.965501177451
4611 0.989085401063 0.918594014045
4614 0.961655523812 0.893119043914
4617 1.01304524562 0.940846258157
4620 0.983256845508 0.913180855346
4623 0.994766240264 0.923869984026
4626 0.978250788612 0.908531576432
4629 0.976835806699 0.907217439237
4632 1.001265391 0.929905945087
4635 0.943274730799 0.876048236462
4638 0.884836020986 0.821774410395
4641 0.915041488319 0.84982715635
4644 0.878784514923 0.816154190706
4647 0.759737293955 0.705591377371
4650 0.891929281598 0.828362139555
4653 0.958072396021 0.889791282998
4656 0.857354865374 0.796251816474
4659 1.03433271016 0.960616580794
4662 0.9321093475 0.865678601796
4665 0.857552699819 0.796435551405
4668 0.715153104554 0.664184670265
4671 0.937812330883 0.870975137759
4674 0.901265814025 0.837033264202
4677 0.978513512039 0.908775575754
4680 0.868305647941 0.806422144845
4683 0.917748165399 0.852340930551
4686 0.930783372842 0.864447128374
4689 0.89648569822 0.832593823725
4692 0.881750015263 0.818908342024
4695 0.952343015265 0.884470230983
4698 0.873094390869 0.810869597597
4701 0.845311306385 0.785066593052
4704 0.862130289708 0.800686899838
4707 0.86069384247 0.799352827136
4710 0.869094209857 0.807154506535
4713 0.896504546223 0.832611328445
4716 0.930589827 0.864267376401
4719 1.01362412378 0.941383880095
4722 0.990124892307 0.919559421515
4725 1.01854439706 0.945953489128
4728 0.820458874434 0.761985375596
4731 0.8580182168 0.796867891333
4734 0.948191621175 0.880614703688
4737 0.921977942746 0.856269254786
4740 0.956794192887 0.888604176459
4743 0.980929454924 0.911019336172
4746 0.986324178073 0.916029581381
4749 0.998949165648 0.927754795403
4752 0.963952000738 0.895251852623
4755 0.924018024801 0.858163941698
4758 0.97339580885 0.904022607497
4761 0.980215503708 0.910356267733
4764 0.902221513674 0.837920851842
4767 0.900847235213 0.836644517193
4770 1.01736074353 0.944854193712
4773 0.970698107142 0.901517168999
4776 1.02993998 0.956536917277
4779 1.05110659599 0.976195004152
4782 1.00081158806 0.929484484341
4785 0.975225547186 0.905721941731
4788 0.954067234529 0.886071566412
4791 0.955289746146 0.887206950527
4794 1.07924476026 1.00232778221
4797 1.03521127029 0.961432526592
4800 0.944018699261 0.876739182841
4803 1.06230996932 0.986599921326
4806 0.984991970403 0.914792319169
4809 0.957565675124 0.889320675726
4812 1.00619905419 0.934487989733
4815 1.01885854254 0.946245245686
4818 1.07309645819 0.996617665096
4821 1.06922233613 0.993019648853
4824 0.937637379542 0.870812655072
4827 1.02778662004 0.954537025689
4830 1.00531110309 0.933663322256
4833 0.969100607584 0.900033522057
4836 1.0247439576 0.95171121156
4839 0.967087948363 0.898164303575
4842 0.972952982761 0.903611341297
4845 1.02249299281 0.949620671372
4848 0.974968688096 0.905483388799
4851 1.01759181823 0.945068799888
4854 0.957446539615 0.889210030916
4857 0.921559057135 0.855880222843
4860 0.771878674026 0.71686745024
4863 0.807900702073 0.750322214916
4866 0.939315075188 0.872370782586
4869 0.94035769146 0.873339092365
4872 0.793105844635 0.736581776055
4875 0.917801736609 0.85239068378
4878 0.982129950634 0.912134273438
4881 0.980087643262 0.910237519806
4884 0.955277859468 0.887195911005
4887 0.874193309744 0.811890197334
4890 0.869235040876 0.807285300631
4893 0.975059320069 0.905567561498
4896 1.09429522635 1.01630561268
4899 1.02874370506 0.955425899971
4902 1.01609449184 0.943678186844
4905 1.03129080683 0.957791471673
4908 1.0006075082 0.929294949107
4911 0.899084099141 0.835007038529
4914 1.0098600883 0.937888104644
4917 0.999976754817 0.92870914905
4920 0.754233617742 0.700479944103
4923 0.904705123469 0.840227456599
4926 0.954491682805 0.886465764572
4929 1.05606234258 0.980797558339
4932 1.04190829248 0.96765225695
4935 0.969997015772 0.900866043894
4938 0.852058140702 0.791332585463
4941 0.998061570324 0.926930458343
4944 1.06368796406 0.987879707402
4947 1.02101529205 0.948248285254
4950 1.05652216698 0.981224611398
4953 1.03903965949 0.96498806932
4956 0.995277972261 0.924345245261
4959 0.953877540078 0.885895391344
4962 1.0597320003 0.984205682264
4965 0.995633198524 0.92467515481
4968 0.963305400067 0.894651334706
4971 0.996665993242 0.92563434301
4974 1.06914369859 0.992946615755
4977 1.00692184718 0.935159269805
4980 0.942959628243 0.875755591033
4983 0.812011440072 0.75413998365
4986 0.909151329543 0.844356784846
4989 1.0044176385 0.932833534231
4992 0.970694509923 0.901513828152
4995 0.97939261917 0.909592029568
4998 0.978494156978 0.908757600114
5001 0.896847439263 0.832929783751
5004 0.885187396292 0.822100743442
5007 0.836360974525 0.776754144742
5010 0.962140746707 0.893569685331
5013 0.813874192738 0.755869979307
5016 0.88032121303 0.817581369472
5019 0.845261757984 0.785020575928
5022 0.871019994747 0.808943042156
5025 0.945011206379 0.877660954708
5028 0.877754666305 0.815197738639
5031 0.981172904926 0.911245435671
5034 1.0602967795 0.984730210059
5037 0.916544378557 0.851222936709
5040 0.798452193216 0.741547094317
5043 0.905787366473 0.841232568942
5046 1.06828870036 0.992152552614
5049 0.887372984256 0.824130566164
5052 0.90719408068 0.842539027665
5055 1.01895568757 0.946335467262
5058 1.02075440073 0.948005987463
5061 1.07298729497 0.996516281855
5064 0.979743620672 0.909918015452
5067 0.945512899623 0.878126892645
5070 0.9850490651 0.914845344769
5073 0.939381860465 0.872432808126
5076 0.966308842503 0.897440724015
5079 0.854428216785 0.793533747972
5082 0.888631777977 0.825299646585
5085 0.950446682037 0.882709048025
5088 0.973117008288 0.903763676845
5091 1.00424930549 0.932677198187
5094 1.05328408548 0.978217305576
5097 0.941572012333 0.874466869486
5100 0.878788636091 0.816158018162
5103 0.99704872953 0.925989801965
5106 0.955995605081 0.887862503417
5109 0.903855329692 0.839438226998
5112 0.966121827673 0.897267037594
5115 0.997402410305 0.926318276172
5118 1.05918282224 0.983695643713
5121 0.978881171818 0.909117032692
5124 0.847122631593 0.786748826448
5127 0.900664411625 0.836474723308
5130 0.908238224052 0.843508755709
5133 0.95317006434 0.88523833688
5136 0.983089548642 0.913025481604
5139 0.872247247511 0.81008282952
5142 0.886997708053 0.823782035619
5145 0.923528735209 0.857709523414
5148 0.877096871522 0.814586824405
5151 0.902660094823 0.838328175636
5154 0.902360301805 0.838049748645
5157 0.991737117926 0.921056745003
5160 1.01106604973 0.939008118098
5163 0.956476780094 0.888309385442
5166 0.749294919757 0.69589322348
5169 0.700446924038 0.650526588388
5172 0.648704234887 0.602471562529
5175 0.904394922083 0.839939363037
5178 0.979510636533 0.909701635921
5181 0.925241640041 0.859300350782
5184 0.599676306081 0.556937818047
5187 0.959049692875 0.890698928626
5190 0.990356087237 0.919774139353
5193 0.822060442701 0.763472801273
5196 0.880337468522 0.817596466447
5199 0.96935084685 0.900265926955
5202 0.973430807519 0.904055111836
5205 0.851137517672 0.790477574558
5208 0.819976094774 0.761537003286
5211 0.937854613658 0.871014407072
5214 0.983021779095 0.912962541942
5217 0.899349274982 0.835253315483
5220 1.00764826456 0.93583391595
5223 0.959418837085 0.891041764201
5226 0.767191867021 0.712514668513
5229 0.934434829157 0.86783834809
5232 0.964774607054 0.896015832394
5235 0.910180083686 0.845312220439
5238 1.03193223599 0.958387186648
5241 1.01636436207 0.943928823624
5244 1.02054522652 0.947811720941
5247 0.924586244621 0.85869166491
5250 0.897083581682 0.833149096474
5253 0.963678129641 0.894997500118
5256 0.94262450199 0.875444348981
5259 1.06436089597 0.988504679949
5262 0.894608487899 0.830850400799
5265 0.746195232919 0.693014449037
5268 0.843525139929 0.783407725361
5271 0.780035320218 0.724442778273
5274 0.906751582999 0.842128066467
5277 0.985540311376 0.915301580286
5280 0.996143122436 0.925148736821
5283 0.907063134005 0.842417413463
5286 1.05506246799 0.979868944075
5289 1.06520619845 0.989289738351
5292 1.08355281901 1.00632880879
5295 1.02399639304 0.951016925375
5298 0.848386377347 0.787922505974
5301 0.966147227837 0.897290627506
5304 1.05639613453 0.981107561185
5307 1.05254784015 0.977533531905
5310 1.10501402498 1.02626049044
5313 1.05883011928 0.983368077633
5316 1.01013868095 0.938146842206
5319 1.02688056863 0.953695547897
5322 1.01761941383 0.945094428768
5325 0.935013978041 0.868376221461
5328 0.749143792202 0.695752866675
5331 0.984129991503 0.913991772869
5334 1.01113984497 0.939076654003
5337 1.03959684218 0.965505542009
5340 0.925654111119 0.85968342535
5343 1.02956315376 0.956186947162
5346 0.986112835254 0.915833300809
5349 0.947457177437 0.879932603213
5352 1.0455243917 0.971010639444
5355 1.0994067851 1.02105287441
5358 1.10545080693 1.02666614326
5361 1.07070329962 0.994395065167
5364 1.01767846044 0.945149267172
5367 1.00294684662 0.931467564604
5370 0.893106564298 0.829455518185
5373 0.991055482301 0.920423689047
5376 1.06485626119 0.988964740854
5379 1.04617968629 0.971619231679
5382 1.01212384399 0.939990524136
5385 1.04821633521 0.973510730126
5388 1.00927744029 0.937346981533
5391 0.951585322689 0.883766538598
5394 0.950079414168 0.882367955067
5397 0.864287731591 0.80269058243
5400 0.971009077336 0.901805976577
5403 0.976469359209 0.906877108189
5406 0.813246117077 0.755286666135
5409 0.92439897131 0.85851773843
5412 0.987871159745 0.91746631081
5415 0.995413222486 0.924470856302
5418 1.04668364755 0.972087275986
5421 0.9737644619 0.904364986916
5424 0.949173341281 0.881526457326
5427 1.06355157015 0.987753034187
5430 0.890119820914 0.8266816378
5433 0.945616430742 0.878223045178
5436 0.915318147525 0.850084098258
5439 1.0750586615 0.998440023622
5442 1.07714023706 1.00037324683
5445 0.990920020978 0.920297881952
5448 0.952952580067 0.885036352551
5451 1.07314674181 0.996664365033
5454 0.985052780947 0.91484879579
5457 0.997088209499 0.926026468226
5460 1.06255837999 0.986830627951
5463 0.948579622914 0.880975052829
5466 1.02822663753 0.954945683462
5469 1.02788859425 0.954631732273
5472 0.999053644367 0.927851828001
5475 0.958392719946 0.890088777674
5478 0.920566874257 0.854958752107
5481 0.919730700796 0.854182172113
5484 1.01489799535 0.942566963775
5487 0.983783689407 0.913670151468
5490 0.996499756519 0.925479953856
5493 0.991420746166 0.920762920825
5496 1.01450315507 0.94220026347
5499 1.05216763851 0.977180426953
5502 0.971104230118 0.90189434789
5505 0.98740890027 0.917036996227
5508 0.997825321088 0.926711046416
5511 0.980012914201 0.91016811663
5514 0.947971655398 0.88041041471
5517 0.994638323744 0.923751184022
5520 1.04663405991 0.97204122242
5523 1.03653485485 0.962661780256
5526 1.00010619636 0.92882936539
5529 0.946761373753 0.879286388945
5532 1.02150154094 0.948699879541
5535 0.97975639794 0.909929882094
5538 0.996964974692 0.925912016273
5541 1.0610825953 0.985460021352
5544 1.00515812985 0.93352125131
5547 1.01851388246 0.945925149274
5550 1.07673834789 1.0
5553 1.02899665899 0.955660826052
5556 1.03805114887 0.964070009125
5559 1.03449713644 0.960769288531
5562 1.00326723779 0.931765121732
5565 0.99752432346 0.926431500666
5568 0.988499641679 0.9180500013
5571 1.02454824767 0.951529449729
5574 1.01149843168 0.939409684501
5577 1.02630874285 0.953164475721
5580 1.03431538149 0.960600487127
5583 1.02870766328 0.955392426855
5586 0.943998608126 0.876720523586
5589 0.891100168639 0.827592116865
5592 0.959869045369 0.891459886473
5595 0.980089484124 0.910239229471
5598 0.992684788945 0.921936876207
5601 0.928206740954 0.86205413114
5604 0.997251258848 0.926177897168
5607 1.08364302276 1.00641258379
5610 1.06840651279 0.992261968645
5613 1.07670809307 0.999971901424
5616 0.90504802609 0.840545920803
5619 0.999163239903 0.927953612744
5622 1.03772233842 0.963764632751
5625 0.922696917772 0.856936988992
5628 1.01441151319 0.942115152837
5631 1.07978826752 1.00283255411
5634 1.03461289406 0.960876796193
5637 0.967988924264 0.899001067588
5640 0.995995871054 0.925011979936
5643 0.978601824761 0.908857594493
5646 1.01288611885 0.940698472228
5649 0.999688311945 0.928441263289
5652 1.03213615434 0.958576571887
5655 0.963703489136 0.89502105226
5658 0.897922197092 0.833927944382
5661 0.969250573137 0.900172799675
5664 0.996342154332 0.925333583861
5667 0.986966532122 0.916626155331
5670 0.998351158208 0.927199407512
5673 1.07144922647 0.995087830362
5676 1.05623225573 0.980955361908
5679 1.03144198896 0.957931879165
5682 0.973084857126 0.903733817073
5685 0.995529703586 0.92457903588
5688 0.951477498271 0.883666398747
5691 1.02237622812 0.949512228409
5694 1.03414991063 0.960446809257
5697 1.02819780608 0.954918906808
5700 0.97056462336 0.901393198509
5703 0.969020938329 0.899959530771
5706 0.938903829983 0.871988846524
5709 0.882651273453 0.819745368207
5712 0.914223370253 0.849067344955
5715 1.00795262454 0.936116584419
5718 1.02495276637 0.951905138685
5721 1.0495468208 0.974746392987
5724 1.0708282439 0.994511104759
5727 1.0129309268 0.940740086747
5730 1.04436580144 0.969934621064
5733 1.03012523264 0.956708967097
5736 1.05278499403 0.977753784003
5739 1.03668132577 0.962797812306
5742 1.02339161642 0.950455250738
5745 1.05890603376 0.983438581744
5748 0.983349276922 0.91326669924
5751 1.04082830636 0.966649240642
5754 0.93066594438 0.864338068952
5757 1.04994755359 0.975118565853
5760 0.999409256509 0.928182095927
5763 0.960944781062 0.892458955276
5766 1.07168527772 0.995307058416
5769 1.05655477463 0.981254895124
5772 1.02856625692 0.955261098424
5775 1.02471827628 0.951687360529
5778 1.04719551149 0.972562659763
5781 0.899738595535 0.835614889448
5784 0.924598411572 0.858702964731
5787 0.978114222505 0.908404743291
5790 1.00894709714 0.937040181689
5793 1.01831577956 0.945741165023
5796 1.03751736592 0.96357426849
5799 1.02703809442 0.953841846936
5802 1.07557025588 0.998915157048
5805 0.991001766853 0.920373801858
5808 1.02054625703 0.947812678013
5811 1.05511503457 0.979917764272
5814 1.04146833651 0.967243656314
5817 1.01075323494 0.938717597385
5820 1.08357756562 1.00635179172
5823 1.06509222841 0.989183890869
5826 1.06827627752 0.99214101515
5829 1.0726473804 0.996200592749
5832 1.06225017109 0.986544384878
5835 1.03195699112 0.958410177497
5838 1.03353253358 0.959873432214
5841 1.08053254172 1.00352378443
5844 1.07140878596 0.995050272023
5847 1.02481698808 0.951779037209
5850 1.04894437495 0.974186883014
5853 0.989774856056 0.919234332089
5856 0.999977653107 0.928709983319
5859 0.970214646709 0.901068164435
5862 1.01956555998 0.946901874515
5865 1.03797457229 0.963998890094
5868 1.03131865499 0.957817335111
5871 1.06023317171 0.984671135551
5874 1.0450167193 0.970539148485
5877 1.0381839021 0.964193301127
5880 1.00004712609 0.92877450501
5883 1.01607740226 0.943662315223
5886 1.01612883915 0.943710086242
5889 0.716810043969 0.66572352083
5892 0.825707556221 0.766859987703
5895 0.77791223048 0.722470999575
5898 0.907332157531 0.842667263881
5901 1.01403670998 0.941767061581
5904 1.02612873379 0.952997295771
5907 1.01554125507 0.943164378851
5910 1.02917956484 0.955830696343
5913 1.01860245951 0.946007413511
5916 0.973969529862 0.904555439835
5919 1.02512762238 0.952067532836
5922 1.02010651328 0.947404274473
5925 1.05037412415 0.975514735039
5928 1.01587208339 0.943471629283
5931 1.00916532629 0.937242857812
5934 1.00621247888 0.934500457654
5937 1.03206776421 0.958513055877
5940 1.01872536429 0.946121558953
5943 1.00562896174 0.933958527352
5946 1.04009250476 0.96596587908
5949 0.979251465333 0.909460935661
5952 1.00464520946 0.933044886371
5955 1.02593112333 0.952813768864
5958 0.993316059042 0.92252315615
5961 1.0431353157 0.968791831131
5964 1.03945709836 0.965375757633
5967 1.0262272025 0.953088746686
5970 1.055862652 0.98061209956
5973 1.05559020537 0.98035907
5976 0.984080477245 0.913945787456
5979 1.01403121827 0.941761961261
5982 1.02981527363 0.956421098639
5985 0.966800089763 0.897896960444
5988 1.01913794313 0.946504733604
5991 1.01257966187 0.940413856208
5994 1.05128419336 0.976359944293
5997 0.985008184838 0.914807378013
6000 1.02209726232 0.949253144295
6003 1.00504638577 0.933417471142
6006 0.993973924999 0.923134136486
6009 0.968827591662 0.899779963778
6012 0.996959619133 0.925907042401
6015 0.989612777104 0.919083804384
6018 0.994311362612 0.923447525169
6021 0.957770703876 0.88951109223
6024 0.993065869331 0.922290797275
6027 1.00392495086 0.93237596007
6030 1.03235625967 0.958780990471
6033 1.04790323584 0.973219945117
6036 1.03940515622 0.96532751737
6039 1.03823779804 0.964243355944
6042 1.0220175542 0.949179116915
6045 1.04895745737 0.974199033058
6048 1.04824539068 0.973537714834
6051 1.05735867458 0.982001501717
6054 1.01030992131 0.938305878385
6057 1.00714474393 0.935366280863
6060 1.04248531487 0.968188155378
6063 1.00267400571 0.931214168862
6066 0.9826179611 0.912587503758
6069 1.06179997161 0.986126270779
6072 1.06242330749 0.986705181968
6075 1.06258636438 0.986856617922
6078 0.99706798411 0.926007684286
6081 1.00679243916 0.9350390846
6084 0.998891800186 0.927701518335
6087 1.01091545753 0.938868258485
6090 0.981334359375 0.911395383381
6093 0.987881069201 0.917475514027
6096 1.02527200308 0.952201623627
6099 1.03441577645 0.960693727013
6102 0.93936713599 0.872419133053
6105 1.01672941631 0.944267860715
6108 1.00776676487 0.935943970834
6111 1.01839592679 0.945815600219
6114 1.04443806498 0.970001734435
6117 1.00901964441 0.937107558568
6120 0.995831309365 0.924859146438
6123 0.96959433641 0.900492063194
6126 1.00803561302 0.936193658373
6129 0.982855930616 0.912808513362
6132 1.03005354159 0.95664238541
6135 0.973595966608 0.904208500159
6138 0.875883374684 0.813459812592
6141 0.987840341365 0.917437688833
6144 1.03118797022 0.957695964147
6147 1.01828131465 0.945709156402
6150 0.991221488463 0.920577864071
6153 1.0213851717 0.948591803855
6156 0.985027763687 0.914825561492
6159 1.0031456822 0.931652229312
6162 0.854113474101 0.793241436767
6165 0.97225338667 0.902961604903
6168 0.998529696246 0.927365221276
6171 0.956390251636 0.888229023802
6174 1.00870753592 0.93681769382
6177 0.987933733089 0.917524424598
6180 1.01055255221 0.938531217167
6183 1.04370867934 0.969324331565
6186 1.00648313765 0.934751826773
6189 0.998369083589 0.927216055365
6192 0.931566153469 0.865174120803
6195 1.03871550092 0.964687013287
6198 1.03841354218 0.964406574931
6201 0.995127489749 0.924205487527
6204 1.04563254006 0.971111080156
6207 1.05426817821 0.97913126274
6210 1.03944652822 0.96536594081
6213 0.96815642824 0.899156633679
6216 0.944290527204 0.876991637806
6219 0.965025190425 0.896248556873
6222 0.995188091195 0.924261769953
6225 1.00203375543 0.930619548745
6228 1.00698201637 0.93521515078
6231 0.89126869071 0.827748628492
6234 1.01249125228 0.940331747513
6237 1.01572087118 0.943331193853
6240 0.951386946427 0.883582300466
6243 0.930492192773 0.864176700493
6246 0.941039428802 0.87397224279
6249 1.01011979494 0.938129302182
6252 0.934634953868 0.86802421006
6255 0.919778244117 0.854226327056
6258 0.891883813069 0.828319911534
6261 0.971870580531 0.902606081075
6264 1.00520007307 0.93356020526
6267 1.0032413298 0.931741060178
6270 0.976152762379 0.906583074981
6273 1.01136520576 0.939285953496
6276 0.948177876429 0.88060193852
6279 0.931069003639 0.864712402474
6282 0.942699874551 0.875514349795
6285 1.00013487371 0.928855998929
6288 1.01878334052 0.946175403263
6291 0.965906858916 0.897067389501
6294 0.984161190677 0.914020748501
6297 0.942371580435 0.875209452958
6300 0.961849892867 0.89329956043
6303 0.94284974777 0.87565354166
6306 0.987794213179 0.917394848169
6309 1.00909665495 0.937179080631
6312 0.971004310948 0.901801549887
6315 0.91693932201 0.851589732833
6318 0.898050016283 0.834046653994
6321 0.973672007515 0.904279121687
6324 1.00822157767 0.93636636946
6327 1.00376144077 0.932224103229
6330 0.998690408286 0.927514479488
6333 1.02177685993 0.94895557675
6336 0.920578730097 0.854969762991
6339 0.96639020395 0.897516286891
6342 0.987258249635 0.916897082352
6345 0.964627606609 0.895879308563
6348 1.0105508189 0.938529607382
6351 1.02187428478 0.949046058206
6354 0.98289279813 0.912842753356
6357 0.989977905707 0.919422910541
6360 0.932619486012 0.866152383112
6363 0.910138704143 0.845273789986
6366 0.974551700001 0.905096119138
6369 1.01251894086 0.940357462745
6372 1.02651530498 0.953356316316
6375 1.02391270551 0.950939202193
6378 1.00727884913 0.935490828491
6381 0.999591571803 0.928351417746
6384 1.00583275566 0.934147797028
6387 1.03416978786 0.960465269849
6390 1.03567418993 0.961862454291
6393 0.932040766327 0.865614908352
6396 1.0187373544 0.946132694537
6399 0.960530662672 0.892074350798
6402 1.0070647743 0.93529201061
6405 1.02623355105 0.953094642781
6408 0.947604737109 0.880069646417
6411 0.967913799714 0.898931297109
6414 0.987616737749 0.917230021282
6417 1.00266391452 0.931204796858
6420 0.941948430906 0.874816460984
6423 1.0246488818 0.951622911739
6426 1.02311564974 0.950198952002
6429 1.01451966102 0.942215593058
6432 0.95663157226 0.888453145684
6435 1.02646290141 0.953307647509
6438 0.97058603901 0.901413087881
6441 1.02314994762 0.950230805494
6444 1.02804649254 0.954778377266
6447 1.0401570806 0.966025852652
6450 0.866941210298 0.805154949666
6453 1.01125010241 0.939179053473
6456 0.954128770471 0.886128716732
6459 1.03158657932 0.958066164679
6462 0.941479329177 0.87438079179
6465 0.998408426986 0.927252594787
6468 1.01015695637 0.938163815144
6471 0.96632477321 0.897455519352
6474 0.998111295419 0.926976639567
6477 1.0140420856 0.941772054082
6480 1.00667889139 0.934933629289
6483 0.935864572749 0.869166194911
6486 1.00722175591 0.935437804257
6489 1.00367769445 0.932146325447
6492 0.950597337975 0.882848966826
6495 0.805647651311 0.74822973742
6498 0.89932377338 0.835229631361
6501 0.95748273705 0.889243648587
6504 0.993041087073 0.92226778123
6507 1.00395758146 0.932406265111
6510 0.993434776735 0.92263341292
6513 1.00048621132 0.929182296964
6516 0.954194538814 0.886189797814
6519 0.951228099988 0.883434774896
6522 0.996222325525 0.925222295165
6525 1.01014999449 0.938157349431
6528 0.968526085975 0.899499946179
6531 0.984877392075 0.914685906753
6534 0.966836936863 0.897931181479
6537 0.995032290091 0.924117072678
6540 1.00627430404 0.934557876588
6543 0.979860199603 0.910026285889
6546 0.933852756165 0.867297759011
6549 0.998023398255 0.92689500677
6552 0.96712954041 0.898202931387
6555 0.927385953269 0.861291840388
6558 0.950369574096 0.88263743551
6561 0.812909213389 0.754973773325
6564 0.721921192241 0.670470401334
6567 0.980972801836 0.911059593781
6570 0.93514992773 0.868502482116
6573 0.924363731132 0.858485009794
6576 0.950409882543 0.882674871204
6579 0.993429995134 0.922628972101
6582 0.957100617333 0.888888762261
6585 0.9718047204 0.902544914748
6588 0.995474508243 0.924527774269
6591 0.973267925221 0.903903838039
6594 0.896791613732 0.832877936864
6597 0.95917799769 0.890818089252
6600 0.983310202367 0.913230409501
6603 0.987465176833 0.917089262001
6606 0.955528346927 0.887428546407
6609 0.910378608052 0.84549659612
6612 0.986716857461 0.916394274799
6615 0.991667913519 0.920992472743
6618 0.98472751943 0.914546715422
6621 1.00443699603 0.932851512157
6624 0.954568373383 0.886536989469
6627 0.979551157867 0.909739269329
6630 0.971805109442 0.902545276062
6633 0.907599745349 0.842915780913
6636 0.96342260866 0.894760189928
6639 0.964919299835 0.896150213027
6642 0.971171508024 0.90195683095
6645 0.957822335464 0.889559044072
6648 0.964308377524 0.895582830699
6651 0.991447661191 0.920787917636
6654 0.982750912017 0.912710979361
6657 0.984444840947 0.914284183226
6660 0.974150449781 0.904723465725
6663 0.916558724342 0.851236260081
6666 0.951803033799 0.883968733597
6669 0.964315714915 0.89558964516
6672 0.981133022098 0.911208395263
6675 0.988736464195 0.91826994565
6678 0.898834118828 0.834774874129
6681 0.98092700356 0.911017059515
6684 0.999391592007 0.928165690362
6687 1.00006583753 0.928791882906
6690 0.998655477082 0.927482037805
6693 0.99260794372 0.921865507685
6696 0.944877513873 0.877536790369
6699 0.964833782893 0.896070790815
6702 0.978357395784 0.908630585789
6705 0.953888843725 0.885905889388
6708 0.981615422237 0.9116564151
6711 0.958367136262 0.890065017319
6714 0.939691944166 0.87272079239
6717 0.908318679462 0.843583477121
6720 0.977679756543 0.908001241397
6723 0.972550975443 0.903237984744
6726 0.963801993831 0.895112536598
6729 0.984019717506 0.913889358019
6732 0.983256774802 0.913180789679
6735 0.981114682006 0.911191362256
6738 0.94667807641 0.879209028142
6741 0.96538044912 0.896578496543
6744 0.959814863813 0.891409566396
6747 0.960359900167 0.891915758411
6750 0.946143107215 0.878712185807
6753 0.955884253564 0.887759087841
6756 0.971728311013 0.902473951001
6759 0.994780326176 0.923883066046
6762 0.988421220524 0.917977169163
6765 0.982093765983 0.91210066764
6768 0.939161988433 0.872228606211
6771 0.934042642766 0.867474112534
6774 0.978389265166 0.908660183865
6777 0.97800549697 0.908303766544
6780 0.992479923325 0.921746611209
6783 0.938584344433 0.871692130473
6786 0.932964901497 0.866473181091
6789 0.958539350181 0.890224957679
6792 0.950076367491 0.882365125524
6795 0.93555901327 0.868882412431
6798 0.947731293348 0.880187183086
6801 0.96820938336 0.899205814726
6804 0.955491313055 0.887394151911
6807 0.959932391719 0.891518718174
6810 0.959016254325 0.890667873217
6813 0.973690571115 0.904296362272
6816 0.973841190194 0.904436246841
6819 0.975956797899 0.906401076745
6822 0.98833088412 0.917893270968
6825 0.997852962702 0.926736718033
6828 0.958241395994 0.889948238467
6831 0.988762437601 0.918294067951
6834 0.984751262771 0.914568766592
6837 0.971377136621 0.902147804549
6840 0.919247487931 0.853733397472
6843 0.916648906519 0.85132001504
6846 0.978028343075 0.908324984424
6849 0.981741617365 0.911773616395
6852 0.98552480722 0.915287181099
6855 0.923723585245 0.857890486631
6858 0.948353789101 0.880765314026
6861 0.927549269649 0.86144351733
6864 0.966785335455 0.897883257665
6867 0.823606620841 0.764908784438
6870 0.856164917022 0.795146674864
6873 0.841507870312 0.781534225063
6876 0.88264849208 0.819742785061
6879 0.929285304595 0.863055826345
6882 0.89280547702 0.829175889176
6885 0.918118302946 0.852684688667
6888 0.91312638299 0.848048539165
6891 0.929563838516 0.863314509359
6894 0.920021420623 0.854452172552
6897 0.941263769901 0.874180595264
6900 0.928618561506 0.862436601545
6903 0.924032623618 0.858177500068
6906 0.939367657221 0.872419617137
6909 0.956069314324 0.887930959457
6912 0.921304660097 0.855643956495
6915 0.916998954957 0.851645115785
6918 0.928478835025 0.862306833267
6921 0.969477178505 0.900383255046
6924 0.918799266839 0.853317120766
6927 0.919744070303 0.854194588785
6930 0.941201668341 0.874122919636
6933 0.903097025416 0.838733966508
6936 0.942603621721 0.875424956833
6939 0.94421875059 0.876924976659
6942 0.942843512405 0.875647750685
6945 0.889204745503 0.825831779139
6948 0.937732523692 0.870901018368
6951 0.909661434791 0.844830535268
6954 0.907200978971 0.84254543432
6957 0.938726567165 0.871824217096
6960 0.927875125287 0.861746149477
6963 0.938519041905 0.871631482008
6966 0.920204221745 0.854621945572
6969 0.946042372012 0.878618629928
6972 0.931908131061 0.865491725904
6975 0.906923528246 0.842287757304
6978 0.821817873867 0.763247520142
6981 0.905890930481 0.84132875202
6984 0.950037449621 0.882328981302
6987 0.935227465246 0.86857449359
6990 0.932218781529 0.865780236542
6993 0.945684929094 0.878286661703
6996 0.947706234001 0.8801639097
6999 0.897279556818 0.833331104607
7002 0.924201157424 0.858334022594
7005 0.889205486364 0.825832467199
7008 0.918412918411 0.852958307106
7011 0.9119867423 0.846990119826
7014 0.910262832749 0.845389072038
7017 0.839104559089 0.779302196058
7020 0.936170847563 0.869450641745
7023 0.874326334793 0.812013741785
7026 0.894109775666 0.830387231419
7029 0.916106895186 0.850816632456
7032 0.915936925497 0.850658776381
7035 0.922489315552 0.856744182429
7038 0.883614049909 0.820639528295
7041 0.973570677205 0.904185013114
7044 0.940473021683 0.873446203089
7047 0.954379405357 0.886361489055
7050 0.962681229964 0.894071648745
7053 0.893296243735 0.829631679308
7056 0.958781039133 0.890449421638
7059 0.92721837803 0.861136208113
7062 0.931167260914 0.864803657026
7065 0.937635940759 0.87081131883
7068 0.870887989648 0.808820444963
7071 0.946635912481 0.879169869205
7074 0.951837042736 0.884000318743
7077 0.945017317125 0.877666629946
7080 0.966740787074 0.897841884215
7083 0.904966463932 0.84047017152
7086 0.893115654747 0.829463960765
7089 0.923994307124 0.858141914362
7092 0.907207267768 0.84255127492
7095 0.917741937666 0.852335146664
7098 0.934990719316 0.868354620368
7101 0.932385792225 0.865935344509
7104 0.939172123085 0.872238018574
7107 0.904913933176 0.840421384593
7110 0.905167666931 0.84065703493
7113 0.907027617997 0.842384428655
7116 0.925666803039 0.859695212727
7119 0.906078454284 0.84150291114
7122 0.885893887612 0.822756883647
7125 0.931384472719 0.865005388306
7128 0.915874703427 0.850600988832
7131 0.867232998127 0.805425941992
7134 0.928738703284 0.862548180907
7137 0.944837449726 0.877499581564
7140 0.907698057689 0.843007086604
7143 0.922424261764 0.856683764976
7146 0.917254258181 0.851882223736
7149 0.864992236373 0.803344877676
7152 0.921739047257 0.856047385202
7155 0.896676539727 0.832771064098
7158 0.928161682822 0.862012284268
7161 0.907586427545 0.842903412258
7164 0.836990132225 0.777338462837
7167 0.877283392581 0.814760052246
7170 0.888320740325 0.825010776357
7173 0.899622201688 0.835506790905
7176 0.842945569108 0.782869460125
7179 0.889682270557 0.826275271334
7182 0.830324589841 0.771147968742
7185 0.840189016501 0.78030936499
7188 0.799826223713 0.742823198674
7191 0.82593838229 0.767074362968
7194 0.819977303536 0.761538125901
7197 0.842261326892 0.782233983348
7200 0.850908371584 0.790264759542
7203 0.857890704458 0.796749466703
7206 0.846683798255 0.786341268438
7209 0.838678979335 0.778906947059
7212 0.899508350612 0.83540105391
7215 0.856255155831 0.795230482419
7218 0.897428749612 0.83346966454
7221 0.857813926558 0.796678160706
7224 0.857065243212 0.79598283547
7227 0.884194887907 0.821178970397
7230 0.881063904022 0.818271129425
7233 0.870983451636 0.808909103446
7236 0.865954270948 0.804238348756
7239 0.858250791545 0.797083890648
7242 0.880592359899 0.817833191904
7245 0.837042268568 0.777386883461
7248 0.900994574523 0.83678135574
7251 0.830106606537 0.770945520947
7254 0.864710698478 0.803083404779
7257 0.893318880156 0.829652702449
7260 0.855426928974 0.79446128268
7263 0.830225308966 0.771055763542
7266 0.868188635885 0.806313472151
7269 0.876295073525 0.81384216996
7272 0.847876801628 0.787449247341
7275 0.841900124471 0.781898523557
7278 0.848715494219 0.788228166929
7281 0.859742283536 0.798469085105
7284 0.820670208379 0.762181647926
7287 0.848637016932 0.788155282661
7290 0.781139183125 0.725467969686
7293 0.788742414485 0.732529324354
7296 0.885028249852 0.821952939251
7299 0.851482042785 0.790797545619
7302 0.835431982717 0.775891361495
7305 0.87513337871 0.812763268278
7308 0.822672371632 0.764041118481
7311 0.829396277104 0.770285816169
7314 0.87224453351 0.810080308945
7317 0.836975243289 0.777324635024
7320 0.857822942705 0.796686534279
7323 0.865267909291 0.803600903588
7326 0.81947640204 0.761072923284
7329 0.863018663365 0.80151195976
7332 0.866075443221 0.804350885171
7335 0.867711322526 0.805870176564
7338 0.899139293649 0.835058299365
7341 0.89333307329 0.829665884049
7344 0.845204841853 0.784967716168
7347 0.87963733564 0.816946231519
7350 0.865721693514 0.804022346944
7353 0.870817646012 0.808755114666
7356 0.818264823047 0.759947692633
7359 0.896618818731 0.832717456836
7362 0.841609937407 0.781629017911
7365 0.868193289368 0.806317793984
7368 0.880862628465 0.818084198629
7371 0.896270025761 0.832393522083
7374 0.88996057264 0.826533739032
7377 0.88167648646 0.818840053564
7380 0.913569174888 0.848459773611
7383 0.879262606045 0.816598208626
7386 0.835588568711 0.776036787721
7389 0.822010698503 0.763426602308
7392 0.902092052523 0.837800617292
7395 0.905627649017 0.841084234432
7398 0.894765893648 0.830996588357
