Wave Flux FluxNorm
3600 0.349432439048 0.318016848127
3603 0.212398342196 0.193302749787
3606 0.136240954955 0.123992263565
3609 0.117920655684 0.107319043853
3612 0.209813690313 0.190950470051
3615 0.257194097817 0.234071159986
3618 0.138152763445 0.125732191638
3621 0.189573591064 0.172530049249
3624 0.251355835446 0.228757784379
3627 0.364546558421 0.331772138329
3630 0.209229776122 0.190419052444
3633 0.165771376812 0.150867764043
3636 0.235367779345 0.214207128399
3639 0.327682058649 0.298221927429
3642 0.293272220668 0.266905692883
3645 0.198856049887 0.180977972131
3648 0.139860359287 0.127286266723
3651 0.258573444506 0.235326497034
3654 0.336895005924 0.306606588173
3657 0.406011771969 0.369509437578
3660 0.441719231477 0.402006631479
3663 0.386662579676 0.35189982708
3666 0.3887110553 0.353764135279
3669 0.316702905181 0.288229850591
3672 0.406451959244 0.369910049982
3675 0.38432386146 0.349771370438
3678 0.263384486089 0.239705003748
3681 0.224705776661 0.204503689023
3684 0.292279144752 0.266001899081
3687 0.188150290216 0.171234709725
3690 0.322025311316 0.29307374782
3693 0.366329302828 0.333394605777
3696 0.337587796046 0.307237093262
3699 0.422038494589 0.384095283778
3702 0.353949206254 0.32212753709
3705 0.166356201779 0.151400010544
3708 0.157219309113 0.143084566748
3711 0.305884606492 0.278384166943
3714 0.406052504981 0.369546508503
3717 0.226861387778 0.20646550074
3720 0.0949204121904 0.0863866285281
3723 0.149977348748 0.136493692083
3726 0.237802617893 0.216423063711
3729 0.210906609166 0.191945130449
3732 0.162710177777 0.148081780947
3735 0.0841689554997 0.0766017774739
3738 0.117068892428 0.106543858049
3741 0.20106379352 0.182987229411
3744 0.126871248483 0.115464937
3747 0.102898321589 0.0936472870073
3750 0.119981007921 0.109194160903
3753 0.219207496573 0.199499729721
3756 0.260358785362 0.236951327497
3759 0.149377290535 0.135947581876
3762 0.204770468458 0.186360657144
3765 0.177549247212 0.161586749472
3768 0.210351005413 0.191439478041
3771 0.350663061454 0.319136831892
3774 0.349597503318 0.318167072356
3777 0.324437929877 0.295269460824
3780 0.358691598893 0.326443566717
3783 0.364100939267 0.331366582396
3786 0.258205576632 0.234991702182
3789 0.187427137835 0.170576572084
3792 0.268301456328 0.244179915642
3795 0.197795684873 0.180012938832
3798 0.187596516326 0.170730722666
3801 0.248209080379 0.225893937133
3804 0.313200574437 0.285042395564
3807 0.230693020646 0.209952652108
3810 0.298671541934 0.271819590219
3813 0.2012231329 0.183132243444
3816 0.144800911657 0.131782640605
3819 0.146960431666 0.133748009787
3822 0.133854205205 0.121820093646
3825 0.105086497902 0.0956387361593
3828 0.11812824048 0.107507965816
3831 0.140690844006 0.128042087028
3834 0.119330672748 0.108602293867
3837 0.15360926174 0.139799079315
3840 0.113887899131 0.103648850748
3843 0.199666440092 0.181715504513
3846 0.214092229022 0.194844348359
3849 0.188213758348 0.171292471778
3852 0.201959155288 0.183802094019
3855 0.159534424634 0.145191542686
3858 0.131459288969 0.119640491446
3861 0.13210274638 0.120226099063
3864 0.20084179706 0.182785191459
3867 0.200306631738 0.182298139972
3870 0.177138949724 0.161213339623
3873 0.174988814125 0.15925651115
3876 0.227559139359 0.207100521229
3879 0.159287234602 0.14496657618
3882 0.187910138997 0.171016149209
3885 0.201992036133 0.183832018723
3888 0.181268121547 0.164971279819
3891 0.33644211316 0.306194412561
3894 0.297923152581 0.271138484527
3897 0.272640114259 0.248128508177
3900 0.229418847761 0.208793033253
3903 0.248817144248 0.22644733325
3906 0.232128485358 0.211259061909
3909 0.363066538473 0.330425179013
3912 0.382756374085 0.348344807421
3915 0.386079550167 0.351369214618
3918 0.306126350513 0.278604177059
3921 0.202111637019 0.183940866937
3924 0.240740276163 0.219096612928
3927 0.210980199087 0.192012104296
3930 0.133570292529 0.121561706031
3933 0.0942932664255 0.0858158660653
3936 0.132108617912 0.120231442716
3939 0.231546677023 0.210729560832
3942 0.214494433305 0.195210392619
3945 0.2043803401 0.186005603128
3948 0.289309824823 0.263299534734
3951 0.389327282213 0.354324960545
3954 0.399051276401 0.363174722724
3957 0.293217476769 0.266855870714
3960 0.229274402197 0.208661574013
3963 0.170278595664 0.154969763093
3966 0.161307306012 0.146805033836
3969 0.106687362169 0.0970956753312
3972 0.208100449794 0.189391257771
3975 0.314796102072 0.286494477892
3978 0.404248587235 0.367904771298
3981 0.461978347425 0.420444359291
3984 0.452050020669 0.411408634986
3987 0.500527288377 0.455527572325
3990 0.476945052298 0.434065488238
3993 0.564771990282 0.513996378668
3996 0.502382740518 0.457216210744
3999 0.512236351217 0.466183936311
4002 0.618417343631 0.562818766868
4005 0.430183572676 0.391508081709
4008 0.569599540094 0.518389909444
4011 0.612047887479 0.557021954255
4014 0.617023938664 0.561550635446
4017 0.596134266645 0.542539041468
4020 0.658301581667 0.599117227608
4023 0.62956055885 0.572960155548
4026 0.61547526792 0.560141197358
4029 0.596721361997 0.543073354235
4032 0.312887645585 0.284757600462
4035 0.400491760093 0.364485700276
4038 0.703029021516 0.639823463938
4041 0.587227147349 0.534432713355
4044 0.405791403639 0.369308881379
4047 0.329481907296 0.299859961367
4050 0.628731991145 0.572206079908
4053 0.619534290509 0.56383529506
4056 0.542099629306 0.493362367708
4059 0.505394295795 0.459957013286
4062 0.440191027379 0.400615819991
4065 0.392847352666 0.3575285604
4068 0.53637393537 0.488151440113
4071 0.401816027991 0.36569091037
4074 0.553013742555 0.503295251744
4077 0.453381606432 0.412620505036
4080 0.632231546536 0.575391009099
4083 0.642485714493 0.584723279974
4086 0.660500175169 0.601118157394
4089 0.800181409641 0.728241403451
4092 0.680710358837 0.619511352164
4095 0.616396945177 0.56098001157
4098 0.52948303763 0.481880065922
4101 0.478882694192 0.435828927172
4104 0.567572764912 0.516545350717
4107 0.64254833921 0.58478027444
4110 0.569338522238 0.5181523583
4113 0.58059189529 0.528394001115
4116 0.638525742416 0.581119327685
4119 0.545761175902 0.496694724346
4122 0.590139106597 0.53708287401
4125 0.678671357974 0.6176556669
4128 0.586469703489 0.533743367197
4131 0.478996466854 0.435932471146
4134 0.448282790023 0.407980095783
4137 0.612952275254 0.55784503339
4140 0.631038512887 0.574305234688
4143 0.331980025038 0.30213348678
4146 0.502439090729 0.457267494811
4149 0.536618505478 0.488374022238
4152 0.519992893974 0.473243130032
4155 0.483852750115 0.440352152102
4158 0.539803708714 0.491272860986
4161 0.630770108562 0.574060961152
4164 0.643051691168 0.585238372731
4167 0.510859554829 0.46493092028
4170 0.58631976578 0.533606909581
4173 0.454521831694 0.413658218779
4176 0.508283275078 0.462586259983
4179 0.575026334409 0.523328809875
4182 0.505729131637 0.460261745839
4185 0.595929602718 0.542352777773
4188 0.464320808837 0.422576222598
4191 0.561498920253 0.511017572759
4194 0.631940999907 0.575126583954
4197 0.451952933821 0.411320276695
4200 0.44696589052 0.40678159163
4203 0.491371596481 0.447195019437
4206 0.676277217444 0.615476770666
4209 0.641850953826 0.584145587224
4212 0.649682183525 0.591272753187
4215 0.484678356205 0.441103532389
4218 0.638737134507 0.58131171465
4221 0.628368999799 0.571875723161
4224 0.343472594948 0.31259282155
4227 0.145124818188 0.132077426442
4230 0.441582482096 0.401882176499
4233 0.511416839765 0.465438102724
4236 0.47453059393 0.431868100834
4239 0.555709827389 0.505748946093
4242 0.671700048913 0.611311110737
4245 0.776663468197 0.706837833614
4248 0.577604554533 0.525675236096
4251 0.41634684497 0.37891533976
4254 0.366646138492 0.33368295645
4257 0.643943892889 0.586050361394
4260 0.422185002004 0.384228619499
4263 0.668426556644 0.608331920549
4266 0.740233200649 0.673682815455
4269 0.574270757733 0.522641163034
4272 0.303906408092 0.276583817719
4275 0.354280291294 0.322428856055
4278 0.702218487169 0.639085800374
4281 0.590219305084 0.537155862282
4284 0.621429095344 0.565559748185
4287 0.584936460023 0.532347969403
4290 0.354665229211 0.322779186275
4293 0.579045712465 0.52698682727
4296 0.595143064779 0.54163695323
4299 0.393716144661 0.35831924398
4302 0.427094477063 0.388696710065
4305 0.453199945236 0.412455176021
4308 0.289310146448 0.263299827443
4311 0.470191736879 0.42791932708
4314 0.638740895752 0.581315137742
4317 0.906284517373 0.824805351519
4320 0.827439057011 0.753048462371
4323 0.654533948158 0.595688321761
4326 0.375275656107 0.341536640556
4329 0.841241311664 0.765609830554
4332 0.876116198249 0.797349303686
4335 0.938148610021 0.853804715
4338 0.628275620144 0.571790738769
4341 0.689902769046 0.627877322219
4344 0.774096256815 0.704501426398
4347 0.865986899026 0.788130675267
4350 0.874622776214 0.795990147192
4353 0.618693014091 0.563069653279
4356 0.792489723858 0.721241235762
4359 0.789225506648 0.718270486762
4362 0.918045262874 0.835508751656
4365 0.969212320539 0.882075654404
4368 0.805972585629 0.733511925958
4371 0.821145963992 0.747321147493
4374 0.692763099151 0.63048049543
4377 0.72799199971 0.662542155044
4380 0.689639791697 0.627637987748
4383 0.327160275542 0.297747055034
4386 0.594306869599 0.54087593586
4389 0.670316288641 0.610051756907
4392 0.754529790411 0.686694075736
4395 0.763630283909 0.694976392818
4398 0.924448539985 0.841336344566
4401 0.728225426089 0.662754595313
4404 0.456975636988 0.415891415638
4407 0.586026978307 0.533340445055
4410 0.870548125797 0.792281826676
4413 0.85975068919 0.782455129512
4416 0.629170599589 0.572605255426
4419 0.969125498472 0.881996638042
4422 0.793201776634 0.721889271703
4425 0.746522620325 0.67940678724
4428 0.820484659128 0.746719296992
4431 0.813732509322 0.740574196655
4434 0.657649326815 0.59852361348
4437 0.811054930485 0.738137344527
4440 0.940016803921 0.855504949636
4443 0.753718041587 0.685955306883
4446 1.00583563336 0.915406362172
4449 0.960439371517 0.874091434037
4452 0.890414320886 0.810361959028
4455 0.550897839849 0.501369578468
4458 0.676171477317 0.615380537066
4461 0.645067477544 0.587072930597
4464 0.895261342665 0.814773211153
4467 0.869054332502 0.7909223323
4470 0.84953324254 0.773156278528
4473 0.997272350501 0.907612958013
4476 0.935934566047 0.85178972381
4479 0.996060705584 0.906510245573
4482 0.778729433959 0.708718059508
4485 1.03748398791 0.944209383406
4488 0.95079085029 0.865310359452
4491 0.918210855418 0.835659456664
4494 0.82548222181 0.751267555696
4497 0.882309526125 0.802985822767
4500 1.00983592829 0.919047012103
4503 1.06856801738 0.972498814995
4506 1.07630344209 0.979538789283
4509 1.0664252445 0.970548687299
4512 1.00677902901 0.916264942199
4515 0.979136027215 0.891107173995
4518 0.951030381447 0.865528355652
4521 1.07888950503 0.981892353214
4524 0.950118950155 0.864698866245
4527 0.703099029872 0.63988717822
4530 0.73841379192 0.672026979978
4533 0.780905957828 0.710698903824
4536 0.778603762276 0.70860368629
4539 1.00024613551 0.910319386011
4542 0.947992922435 0.86276397824
4545 0.895515194248 0.815004240306
4548 0.906168467187 0.82469973478
4551 0.944953889161 0.859998168101
4554 0.889935587655 0.809926266127
4557 1.00888124396 0.918178158308
4560 1.06052450056 0.965178447511
4563 0.999849451081 0.909958365343
4566 0.965655760363 0.878838845422
4569 1.04559141841 0.951587918449
4572 0.941211826506 0.856592534169
4575 1.04171897187 0.948063622748
4578 0.970946617895 0.883654030414
4581 0.849906036899 0.773495556952
4584 0.956102855687 0.870144791019
4587 0.942671978333 0.8579214116
4590 1.05069139236 0.956229381175
4593 0.923199080244 0.840199217029
4596 0.922364216697 0.839439411573
4599 0.940007306487 0.855496306066
4602 0.924405975669 0.841297606979
4605 0.922301151195 0.839382015951
4608 1.06032457524 0.964996496397
4611 1.01659665909 0.925199921964
4614 1.00655665869 0.916062563994
4617 1.04255559532 0.948825029877
4620 1.03212578329 0.939332906144
4623 1.02088032479 0.929098466327
4626 0.985252316308 0.896673580437
4629 1.06087392996 0.965496461593
4632 1.05861296268 0.963438765716
4635 1.00568256154 0.915267052221
4638 0.905697794967 0.824271378168
4641 0.957306365374 0.871240099624
4644 0.949393826741 0.864038934776
4647 0.781934816565 0.711635263406
4650 0.936977963973 0.852739315441
4653 0.977799463397 0.88989077344
4656 0.932230543972 0.848418710435
4659 1.11515784617 1.0149000029
4662 1.02085643599 0.929076725238
4665 0.904218565713 0.82292513846
4668 0.727798520543 0.662366070548
4671 1.00626108063 0.915793559771
4674 0.962133220099 0.875632997805
4677 1.0184761403 0.926910429135
4680 0.927110770163 0.84375922795
4683 0.979403171329 0.891350300619
4686 0.991525861641 0.902383105055
4689 0.973507738976 0.885984894876
4692 0.942079264869 0.857381985815
4695 1.00130879329 0.911286505941
4698 0.90103579068 0.820028509609
4701 0.855454237573 0.778544948748
4704 0.844694657726 0.768752704847
4707 0.8597953847 0.782495806689
4710 0.910179893722 0.828350515535
4713 0.932938846589 0.849063333374
4716 0.96662135311 0.87971762692
4719 1.05578921695 0.960868887775
4722 1.01440515627 0.923205445376
4725 1.05140438495 0.956878272434
4728 0.843912960722 0.768041286016
4731 0.870984837224 0.792679275727
4734 0.932509337048 0.848672438726
4737 0.873553420803 0.795016931774
4740 0.958027623041 0.871896512893
4743 0.960564708543 0.874205502685
4746 0.964156723698 0.87747457908
4749 0.976554317706 0.8887575721
4752 0.906461734971 0.824966636435
4755 0.853990793158 0.777213074749
4758 0.892055051892 0.811855180735
4761 0.879213303544 0.800167964903
4764 0.844550705121 0.768621694247
4767 0.801987774387 0.729885367659
4770 0.901436012051 0.820392749229
4773 0.872404113349 0.793970952371
4776 0.900081811958 0.819160297982
4779 0.892087927479 0.811885100655
4782 0.829602048713 0.755016991125
4785 0.848554463309 0.772265496073
4788 0.868499665444 0.790417532374
4791 0.890783020072 0.810697510454
4794 0.999278734046 0.909438958407
4797 0.967963832846 0.880939411524
4800 0.896191811008 0.815620026092
4803 1.00821845751 0.917574959427
4806 0.934379981174 0.850374903301
4809 0.931174241793 0.847457374704
4812 0.966523972386 0.879629001172
4815 0.969057587084 0.881934832202
4818 1.02077146994 0.92899939803
4821 0.984719511885 0.896188677593
4824 0.832202777902 0.757383902742
4827 0.934641564045 0.850612968663
4830 0.911737880678 0.829768432264
4833 0.898215922645 0.81746216074
4836 0.941076555918 0.856469425032
4839 0.895638934975 0.815116856169
4842 0.907028949664 0.825482855906
4845 0.96541111728 0.878616196883
4848 0.946769888967 0.861650901133
4851 0.982976011312 0.894601925778
4854 0.92965256273 0.84607250162
4857 0.91078225056 0.82889871771
4860 0.743721100237 0.676857136753
4863 0.824230284435 0.750128173276
4866 0.922894182072 0.839921730612
4869 0.890004949943 0.809989392425
4872 0.658781784393 0.599554257889
4875 0.88307632502 0.803683682898
4878 0.880778249977 0.801592215421
4881 0.904771038953 0.823427941802
4884 0.907563845198 0.825969661861
4887 0.801163322758 0.729135038042
4890 0.707059533483 0.643491614255
4893 0.863231667531 0.785623151815
4896 1.04310577381 0.949325744782
4899 0.978304419455 0.890350331615
4902 0.929165072454 0.845628838971
4905 0.952403876341 0.866778367008
4908 0.950614896356 0.86515022459
4911 0.872388062254 0.793956344343
4914 0.957031278528 0.870989744356
4917 0.894215491544 0.81382138688
4920 0.544307019053 0.495371302916
4923 0.858138214835 0.780987624053
4926 0.912358113084 0.830332902911
4929 1.02536586524 0.933180735965
4932 0.965630850017 0.878816174631
4935 0.919620905673 0.836942736886
4938 0.753562099993 0.685813385158
4941 0.908194256818 0.826543396563
4944 0.999057737464 0.909237830439
4947 0.961099041204 0.874691796371
4950 0.998130756599 0.908394189437
4953 0.975117676491 0.887450091569
4956 0.779930188212 0.709810860405
4959 0.808959831884 0.736230604971
4962 0.971293125534 0.883969385416
4965 0.885966672613 0.806314174887
4968 0.863243603523 0.785634014706
4971 0.950470987957 0.865019254221
4974 0.985774656856 0.897148960156
4977 0.935540980013 0.85143152298
4980 0.84510446549 0.769125669
4983 0.639828193676 0.582304682558
4986 0.816503993321 0.743096511436
4989 0.877867093301 0.798942785181
4992 0.87279204325 0.794324005581
4995 0.876476519909 0.797677230763
4998 0.885437744939 0.805832800255
5001 0.745157510605 0.678164407192
5004 0.806523284148 0.734013114135
5007 0.689455874598 0.627470605647
5010 0.846309902486 0.77022273164
5013 0.692830032661 0.630541411309
5016 0.751263419184 0.683721366375
5019 0.82008678954 0.746357197719
5022 0.72333871372 0.658307220966
5025 0.842509134415 0.766763670181
5028 0.749277376581 0.681913878179
5031 0.880854370486 0.801661492344
5034 0.882828871124 0.803458476251
5037 0.774870583808 0.705206137816
5040 0.639381573653 0.581898215739
5043 0.748898645112 0.68156919642
5046 0.916690516602 0.834275803333
5049 0.717404145141 0.652906197525
5052 0.780067604966 0.709935922757
5055 0.82786185954 0.753433252998
5058 0.878780120268 0.799773726805
5061 0.898422963787 0.817650587927
5064 0.749711040892 0.682308554065
5067 0.736564402153 0.670343858897
5070 0.772547839826 0.703092219251
5073 0.751258571693 0.683716954696
5076 0.742520650319 0.67576461283
5079 0.685479121445 0.623851380978
5082 0.662149807532 0.602619480186
5085 0.753741282208 0.685976458064
5088 0.786756863409 0.716023785958
5091 0.793398336379 0.722068159818
5094 0.83971856192 0.764223983048
5097 0.740213108237 0.673664529444
5100 0.683243455205 0.621816711464
5103 0.752488993998 0.68483675635
5106 0.705690431283 0.64224560067
5109 0.696253665342 0.633657243592
5112 0.739814894422 0.673302116891
5115 0.810866109816 0.737965499709
5118 0.819055995604 0.745419076921
5121 0.73287960064 0.666990338066
5124 0.636686909083 0.579445813966
5127 0.67331627867 0.612782033971
5130 0.657850274793 0.598706495307
5133 0.744477387829 0.677545430596
5136 0.764482892135 0.695752347624
5139 0.630553443954 0.573863775693
5142 0.700000095206 0.6370668521
5145 0.710336759429 0.646474202446
5148 0.689822789725 0.627804533409
5151 0.669947087716 0.609715748852
5154 0.625287756141 0.569071497546
5157 0.789208244959 0.718254776978
5160 0.794523140075 0.723091838464
5163 0.684441720437 0.622907247114
5166 0.442508887032 0.402725293351
5169 0.473623305641 0.431042381954
5172 0.340507243785 0.309894069159
5175 0.558546087969 0.508330213742
5178 0.641947000544 0.584232998898
5181 0.477359259903 0.434442456665
5184 0.341527561208 0.310822655331
5187 0.689409157535 0.627428088664
5190 0.769831854575 0.700620413624
5193 0.643522737607 0.585667069919
5196 0.76160482492 0.69313303195
5199 0.869291883894 0.791138526725
5202 0.77559245068 0.705863105521
5205 0.502660685914 0.457469167566
5208 0.462270861636 0.420710575122
5211 0.746877063082 0.679729363955
5214 0.889403768317 0.809442259805
5217 0.813865937486 0.74069562901
5220 0.983117455387 0.894730653377
5223 0.889983490127 0.809969861946
5226 0.663736246895 0.604063291319
5229 0.842360138611 0.766628069788
5232 0.798818710818 0.727001217549
5235 0.896238231882 0.815662273515
5238 1.00187069704 0.911797891954
5241 0.97995174174 0.891849552015
5244 0.995214751399 0.905740346578
5247 0.87274072712 0.794277303008
5250 0.884034864458 0.804556045211
5253 0.923310224015 0.840300368462
5256 0.947954955803 0.862729424984
5259 1.03219099811 0.939392257848
5262 0.781589745647 0.711321215958
5265 0.624925503089 0.568741812718
5268 0.630343250792 0.573672479868
5271 0.642844569271 0.58504987205
5274 0.854950408486 0.778086416224
5277 0.980833393637 0.892651939332
5280 0.958699144263 0.872507661255
5283 0.79272331689 0.7214538277
5286 1.04522978485 0.95125879741
5289 1.0492139233 0.954884743411
5292 1.06184773459 0.966382716681
5295 0.98669448864 0.897986094812
5298 0.749297763193 0.681932431941
5301 0.914102884263 0.831920811098
5304 1.04833487747 0.954084727858
5307 1.04808266865 0.953855193777
5310 1.09619990703 0.997646470092
5313 1.0595427435 0.964284954942
5316 1.03889899433 0.945497174219
5319 1.03704957923 0.943814030082
5322 0.974574805751 0.886956027417
5325 0.831378589905 0.756633813054
5328 0.568393564902 0.517292356995
5331 0.939148154374 0.854714395698
5334 1.02714740104 0.93480210346
5337 1.03668646826 0.943483564465
5340 0.807344711644 0.734760691504
5343 0.981071824694 0.892868934336
5346 0.92653310556 0.843233498064
5349 0.895976533173 0.81542410273
5352 1.06004444399 0.964741550241
5355 1.0929988128 0.994733169022
5358 1.13000253159 1.02841008251
5361 1.06823752888 0.972198038944
5364 0.98919127321 0.900258406912
5367 0.945374480395 0.860380946239
5370 0.745660255774 0.678621953247
5373 0.9158608122 0.833520693191
5376 1.06453406643 0.968827534882
5379 1.07877524509 0.981788365774
5382 0.993003613748 0.90372800042
5385 1.03381395558 0.940869303949
5388 1.02564692561 0.933436527708
5391 0.935439969179 0.851339593486
5394 0.90718263457 0.825622723829
5397 0.769082401825 0.69993834014
5400 0.948329204977 0.863070027428
5403 0.922641116475 0.839691416782
5406 0.714813540866 0.650548500545
5409 0.844658857027 0.768720122796
5412 0.961541573711 0.875094543161
5415 0.964016209396 0.877346697663
5418 1.0784694481 0.981510061342
5421 1.00313032711 0.912944275459
5424 0.928060644807 0.844623704474
5427 1.07174350664 0.975388813102
5430 0.800827500797 0.728829408027
5433 0.883265462044 0.80385581563
5436 0.903036219251 0.821849090407
5439 1.07481972675 0.978188466809
5442 1.09543326817 0.996948755604
5445 0.908140577174 0.826494542967
5448 0.890614343601 0.810543998777
5451 1.07463924489 0.978024211104
5454 0.940028886136 0.855515945605
5457 0.967427107333 0.880450940115
5460 1.06177049986 0.966312425718
5463 0.926595736999 0.843290498647
5466 1.03359539441 0.940670392436
5469 1.04170112122 0.948047376947
5472 1.02388689193 0.931834729184
5475 0.945914548736 0.86087245994
5478 0.916612755237 0.834205033074
5481 0.923300516324 0.840291533536
5484 1.04363293044 0.949805507593
5487 0.981921498998 0.893642218993
5490 1.03169466975 0.938940551706
5493 1.0370605913 0.94382405211
5496 1.01905154009 0.927434097817
5499 1.05621781744 0.961258955098
5502 0.990416209704 0.901373215955
5505 0.979719786433 0.891638450562
5508 1.02116947233 0.929361618168
5511 0.970403715601 0.883159937545
5514 0.920527222799 0.837767571914
5517 1.0276129341 0.935225782946
5520 1.0730386084 0.976567479227
5523 1.07137356622 0.975052132032
5526 1.01127776861 0.920359224323
5529 0.89689476869 0.81625978463
5532 1.0391681491 0.945742130723
5535 1.02894269969 0.936435996468
5538 1.01921722978 0.927584891247
5541 1.08173791933 0.984484681905
5544 1.03421476173 0.941234075773
5547 1.04771382639 0.95351951214
5550 1.09878593259 1.0
5553 1.06310846579 0.967530102327
5556 1.04425763309 0.950374046593
5559 1.05614959787 0.961196868788
5562 1.01054309868 0.919690604608
5565 0.984847141048 0.896304832304
5568 0.97225020825 0.884840421973
5571 0.969217954949 0.882080782255
5574 0.974319109731 0.886723319651
5577 1.03236800162 0.939553347931
5580 1.05688162231 0.961863080847
5583 1.0132076145 0.922115568147
5586 0.840686800684 0.765105172672
5589 0.810871792753 0.737970671724
5592 0.968585453118 0.881505145261
5595 0.959708000822 0.873425816948
5598 0.953460042691 0.867739579123
5601 0.913075197216 0.830985517865
5604 1.00799062942 0.917367614135
5607 1.10981734567 1.01003963807
5610 1.10356105084 1.00434581305
5613 1.07245028277 0.976032046793
5616 0.830885104842 0.756184694579
5619 1.00484361374 0.914503529698
5622 1.05648549211 0.961502564579
5625 0.910840172262 0.828951431983
5628 1.04383893054 0.949992987334
5631 1.10137585872 1.00235707981
5634 1.05362650179 0.958900610701
5637 1.01644037246 0.92505768623
5640 1.05161319274 0.957068307441
5643 1.02451193837 0.932403581061
5646 1.05080321802 0.956331153189
5649 1.02911986045 0.936597229655
5652 1.08303760166 0.985667516787
5655 1.01140305064 0.92047324292
5658 0.919412579802 0.836753140473
5661 0.996814207934 0.90719600458
5664 1.03492687191 0.941882163953
5667 1.04766549531 0.953475526253
5670 1.04969533229 0.955322871506
5673 1.09788184279 0.99917719205
5676 1.08499499334 0.98744892991
5679 1.0673573536 0.971396995489
5682 0.978986042063 0.890970673201
5685 1.04243612181 0.948716297586
5688 0.946617295042 0.861512026106
5691 1.06220236411 0.966705463376
5694 1.07179630653 0.975436866037
5697 1.05823357015 0.963093482327
5700 0.999738671099 0.909857544993
5703 1.0008599944 0.910878056153
5706 0.971698883962 0.884338664286
5709 0.896010880427 0.815455362006
5712 0.923993818861 0.840922504972
5715 1.04092765293 0.947343447031
5718 1.05707505245 0.962039120723
5721 1.09406779993 0.995706049268
5724 1.10676427295 1.00726105069
5727 1.03205539899 0.93926884972
5730 1.07117177422 0.974868482064
5733 1.07230120485 0.975896371663
5736 1.07739600873 0.980533129133
5739 1.06843819792 0.972380666907
5742 1.06486270786 0.969126629928
5745 1.09657966159 0.997992082962
5748 1.04071737492 0.947152073987
5751 1.07686833857 0.980052898964
5754 0.986099526696 0.897444622696
5757 1.09352036107 0.99520782769
5760 1.05223696517 0.957635999841
5763 0.99380130967 0.904453979793
5766 1.10802578315 1.0084091453
5769 1.11293157072 1.0128738799
5772 1.06566886631 0.96986031101
5775 1.05609219972 0.961144630992
5778 1.08065057817 0.983495097743
5781 0.939049547504 0.854624654041
5784 0.936832747102 0.852607154239
5787 1.00587191087 0.915439378169
5790 1.01876558585 0.927173852186
5793 1.06557946416 0.969778946522
5796 1.08541547149 0.987831605132
5799 1.07771750433 0.98082572079
5802 1.11344509115 1.01334123247
5805 1.03924207474 0.945809410113
5808 1.06442574152 0.968728948877
5811 1.10465027354 1.0053371096
5814 1.08265358781 0.985318027559
5817 1.06374420994 0.968108690134
5820 1.1335115912 1.03160366145
5823 1.0974582558 0.998791687486
5826 1.11685057232 1.01644054515
5829 1.11507033095 1.0148203557
5832 1.10404311328 1.00478453586
5835 1.08340728167 0.986003960862
5838 1.07524016134 0.978571102382
5841 1.11846180158 1.01790691745
5844 1.10246157457 1.00334518479
5847 1.07160587474 0.975263554949
5850 1.09373656414 0.995404593111
5853 1.05305509112 0.95838057249
5856 0.994454880599 0.905048791675
5859 0.994456676117 0.905050425767
5862 1.04675562998 0.952647462018
5865 1.06786760486 0.971861372796
5868 1.0641132302 0.968444533768
5871 1.10142159313 1.00239870248
5874 1.08260949313 0.985277897192
5877 1.07000278915 0.973804594156
5880 1.01019406648 0.919372952018
5883 0.987981304067 0.899157219586
5886 0.872623886017 0.79417096646
5889 0.420621058795 0.382805282012
5892 0.582425126968 0.530062416794
5895 0.481303203113 0.438031821156
5898 0.734460715077 0.668429303009
5901 0.985851262037 0.897218678176
5904 1.03346958501 0.940555893881
5907 1.04518965856 0.951222278666
5910 1.06338175977 0.96777882591
5913 1.03398541815 0.941025351241
5916 1.01244558421 0.921422047903
5919 1.0463899311 0.952314641154
5922 1.04490395872 0.950962264557
5925 1.0895699433 0.991612570736
5928 1.06040363018 0.965068443931
5931 1.04284571271 0.94908906438
5934 1.04293872924 0.949173718288
5937 1.08166304691 0.984416540865
5940 1.03485038893 0.94181255715
5943 1.04169496414 0.948041773419
5946 1.07021738222 0.973999894317
5949 1.02120397657 0.929393020313
5952 1.04379127486 0.949949616114
5955 1.06726500979 0.971312953813
5958 1.04071859439 0.947153183826
5961 1.09364180269 0.995318351153
5964 1.07953330064 0.982478268627
5967 1.05357232195 0.958851301882
5970 1.08893839818 0.991037804438
5973 1.10037332752 1.0014446808
5976 1.0130335714 0.921957172329
5979 1.04166833187 0.948017535513
5982 1.05534260609 0.960462429297
5985 0.991611219394 0.902460788752
5988 1.04817670255 0.953940773599
5991 1.06372865544 0.968094534057
5994 1.0905905597 0.992541429003
5997 1.03003504795 0.937430137576
6000 1.0511757401 0.956670183809
6003 1.01141248571 0.920481829727
6006 1.03302074989 0.94014741111
6009 0.984712443391 0.89618224459
6012 1.02357491739 0.931550802597
6015 1.01563415443 0.924323950926
6018 1.01202602244 0.921040206676
6021 0.962198298045 0.875692224943
6024 0.994929200548 0.905480468068
6027 1.04518874657 0.951221448665
6030 1.0749540702 0.978310732166
6033 1.08419444702 0.986720356407
6036 1.08160691585 0.984365456245
6039 1.0653052745 0.969529407781
6042 1.05880880756 0.963617003241
6045 1.09396929876 0.995616403806
6048 1.08570022468 0.988090757702
6051 1.09276216413 0.994517796161
6054 1.05493148902 0.960088273553
6057 1.03551921244 0.942421250338
6060 1.08295101188 0.985588711831
6063 1.04010607685 0.946595734439
6066 1.00316461727 0.912975482772
6069 1.09847048723 0.999712914636
6072 1.10281446437 1.00366634816
6075 1.09631181342 0.997748315579
6078 1.02818496824 0.935746388577
6081 1.04114948243 0.947545333038
6084 1.05130453349 0.956787398085
6087 1.05659617795 0.961603299253
6090 1.01100660093 0.920112435866
6093 1.03049574571 0.937849416479
6096 1.05876197452 0.963574380701
6099 1.06136105091 0.965939788121
6102 0.875287748145 0.796595335073
6105 1.04873192681 0.954446080628
6108 1.05050070782 0.956055840052
6111 1.04503133831 0.951078192137
6114 1.09250068979 0.994279829573
6117 1.05347806727 0.958765521135
6120 0.970671404289 0.883403559783
6123 0.873222251063 0.794715535723
6126 1.04117358367 0.947567267461
6129 1.04683327594 0.952718127246
6132 1.08400737685 0.986550104713
6135 0.972598600428 0.885157492085
6138 0.897696281913 0.816989238111
6141 1.03221643382 0.939415406774
6144 1.06643305727 0.97055579767
6147 1.06817087115 0.972137374048
6150 1.03009643547 0.937486006071
6153 1.05347204975 0.958760044613
6156 1.0197661932 0.928084500317
6159 1.01876642907 0.927174619604
6162 0.671414982131 0.611051672776
6165 0.967720350256 0.880717819144
6168 0.955090622008 0.869223561825
6171 0.967867295475 0.880851553308
6174 1.05429733405 0.959511132038
6177 1.04803665536 0.953813317299
6180 1.06148858776 0.966055858817
6183 1.08985102057 0.991868377859
6186 1.04995862383 0.955562491918
6189 1.03491498329 0.941871344174
6192 0.95765389682 0.871556386387
6195 1.08774149213 0.989948505772
6198 1.06750176605 0.971528424591
6201 1.05397612956 0.959218805324
6204 1.0896887746 0.991720718553
6207 1.1019250108 1.00285686057
6210 1.06917498714 0.97305121537
6213 0.993124518444 0.903838035225
6216 0.980155925333 0.89203537856
6219 1.00081624777 0.910838242542
6222 1.0402108972 0.946691130959
6225 1.04749404384 0.95331948906
6228 1.0481318883 0.953899988356
6231 0.900405626144 0.819454999776
6234 1.04721299638 0.953063709063
6237 1.05658242618 0.961590783835
6240 0.987016132194 0.898278821124
6243 0.951307401467 0.865780470292
6246 0.961488324008 0.875046080852
6249 1.05807356235 0.962947859969
6252 0.935890858673 0.851749945931
6255 0.962864318341 0.876298366937
6258 0.881243610177 0.802015737588
6261 0.992150841863 0.902951896667
6264 1.0362844012 0.943117645085
6267 1.02836885809 0.935913745881
6270 1.02107610511 0.929276645094
6273 1.05320406992 0.95851615741
6276 0.997270321435 0.90761111137
6279 0.988858100812 0.899955188253
6282 1.00088441057 0.910900277194
6285 1.03309183042 0.940212101172
6288 1.07189122361 0.975523249633
6291 1.00897801261 0.918266227013
6294 1.0229601668 0.93099132093
6297 0.967291480257 0.880327506539
6300 0.992893382841 0.90362767978
6303 0.956146427759 0.87018444576
6306 1.00760429558 0.917016013486
6309 1.05478463522 0.959954622583
6312 1.01263715786 0.921596398193
6315 0.960327414932 0.873989542867
6318 0.898017939415 0.817281977117
6321 1.02343981354 0.931427845208
6324 1.04243545193 0.948715687936
6327 1.03921531903 0.94578505986
6330 1.03243531728 0.939614611603
6333 1.06892916639 0.97282749504
6336 0.92091134346 0.838117158353
6339 1.00442028221 0.914118257636
6342 0.999719616143 0.909840203166
6345 0.988697039966 0.89980860752
6348 1.0550540443 0.960199810542
6351 1.06194437712 0.966470670606
6354 1.01995769334 0.928258783706
6357 1.01771794717 0.926220401068
6360 0.934777231649 0.850736439123
6363 0.918507896052 0.835929791973
6366 1.01122586852 0.920311990289
6369 1.06024327633 0.964922506638
6372 1.06908495175 0.972969274583
6375 1.05965064392 0.964383154619
6378 1.03944761599 0.945996472249
6381 1.02192880149 0.930052680127
6384 1.04627374769 0.952208903172
6387 1.0602902117 0.964965222299
6390 1.07012854976 0.973919048309
6393 0.934303508039 0.850305305454
6396 1.04226549354 0.948561009592
6399 0.933717506759 0.849771988397
6402 1.03304333948 0.94016796979
6405 1.03836465706 0.945010876339
6408 0.970761412586 0.883485475918
6411 0.950561651798 0.865101766964
6414 1.02045114046 0.928707867649
6417 1.03919290919 0.945764664773
6420 0.956106775247 0.870148358192
6423 1.05709270253 0.962055183975
6426 1.06733598961 0.971377552216
6429 1.03436455813 0.941370404777
6432 1.00171986425 0.911660619728
6435 1.0575570211 0.962477758168
6438 0.92701304111 0.84367028519
6441 1.03074193751 0.938073474496
6444 1.0694702543 0.973319936649
6447 1.05771872361 0.962624922872
6450 0.871540306226 0.793184805499
6453 1.04142892876 0.947799655852
6456 1.01007896137 0.919268195389
6459 1.06621684685 0.970359025567
6462 0.894335793935 0.813930873531
6465 1.02189651314 0.930023294651
6468 1.03631473194 0.943145248959
6471 0.983974909729 0.895511018611
6474 1.03676127948 0.943551649812
6477 1.05642364696 0.961446279595
6480 1.04516066257 0.951195889549
6483 0.999217562412 0.909383286385
6486 1.05302810886 0.958356016057
6489 1.04392349572 0.950069949713
6492 0.974608780417 0.886986947604
6495 0.778697698606 0.70868917731
6498 0.944275697824 0.859380949298
6501 0.996099321748 0.906545389966
6504 1.02884734015 0.93634921019
6507 1.0386555952 0.945275657794
6510 1.03622938536 0.943067575423
6513 1.04245125212 0.948730067617
6516 1.018185893 0.926646276403
6519 1.00426009224 0.913972469485
6522 1.04202963555 0.94834635632
6525 1.04355318905 0.949732935327
6528 1.02453845109 0.932427710171
6531 1.01784691021 0.926337769732
6534 1.01331876782 0.922216728267
6537 1.03000522458 0.937402995464
6540 1.0496350333 0.955267993672
6543 1.01349889687 0.922380662888
6546 0.95329925036 0.867593242765
6549 1.03377716389 0.940835819997
6552 1.01277532953 0.92172214759
6555 0.952817474871 0.867154781119
6558 0.999356529392 0.909509759592
6561 0.881460638151 0.802213253745
6564 0.843857270608 0.767990602701
6567 1.01597248421 0.924631863289
6570 0.979266551056 0.891225963139
6573 0.953820660502 0.868067775726
6576 1.00258756518 0.912450310337
6579 1.02841148551 0.935952540898
6582 1.0003945622 0.910454468454
6585 1.01451349062 0.923304039965
6588 1.03654227342 0.943352333404
6591 1.00012493611 0.910209082999
6594 0.931760252505 0.847990700344
6597 1.00276433279 0.912611185718
6600 1.02148776224 0.929651292341
6603 1.03005189783 0.93744547257
6606 1.00007493079 0.910163573389
6609 0.96653532319 0.879639331487
6612 1.0242077697 0.932126758564
6615 1.03705933227 0.943822906276
6618 1.03428885652 0.941301509098
6621 1.04065441787 0.947094777063
6624 1.000731585 0.910761191349
6627 1.01619741705 0.924836573632
6630 1.00391615026 0.913659449475
6633 0.945780104148 0.860750102543
6636 1.01183179581 0.920863441914
6639 1.01200055767 0.921017031298
6642 1.01088466334 0.920001461032
6645 1.01187818551 0.920905660966
6648 1.01819533078 0.926654865687
6651 1.03626415271 0.943099217029
6654 1.0288477346 0.936349569182
6657 1.02995271609 0.937355207729
6660 1.01312239462 0.922038009929
6663 0.962931645343 0.87635964093
6666 0.993923867578 0.904565519178
6669 1.01058900167 0.919732380711
6672 1.03903275782 0.945618911751
6675 1.02724423191 0.934890228788
6678 0.917764063975 0.835252833837
6681 1.03083764849 0.938160580611
6684 1.03614544959 0.942991185867
6687 1.04067839263 0.947116596383
6690 1.03682180867 0.94360673714
6693 1.03765587589 0.944365817867
6696 0.969306244669 0.882161134321
6699 0.999960424064 0.910059361342
6702 1.02547766231 0.933282481962
6705 0.999593196398 0.909725149141
6708 1.02850274168 0.936035592713
6711 1.01005391182 0.919245397906
6714 0.985830189464 0.897199500125
6717 0.918445113439 0.835872653807
6720 1.01403838133 0.922871645195
6723 1.00530032501 0.914919180519
6726 1.00354880462 0.913325129901
6729 1.02564594675 0.933435636854
6732 1.02093234849 0.929145812855
6735 1.02264843312 0.930707613552
6738 0.992919487174 0.903651437214
6741 1.00751264574 0.91693260339
6744 0.991612827954 0.902462252695
6747 1.00163892647 0.911586958627
6750 0.985359890003 0.896771482759
6753 0.985912801686 0.897274685127
6756 1.01769632131 0.926200719469
6759 1.03390031996 0.940947903765
6762 1.02229416501 0.930385195778
6765 1.01174118029 0.920780973144
6768 0.977017911608 0.889179486768
6771 0.983284766339 0.894882922301
6774 1.02185985039 0.929989928053
6777 1.01560970714 0.924301701556
6780 1.0205676609 0.928813912369
6783 0.962688819271 0.876138646044
6786 0.969021396315 0.881901895151
6789 0.994848720525 0.905407223572
6792 0.998998118311 0.909183571324
6795 0.989291231387 0.900349378387
6798 0.989213150628 0.900278317449
6801 1.01131172947 0.920390131937
6804 0.997438322532 0.907764008392
6807 0.99812399021 0.908388031377
6810 0.987795779798 0.898988374806
6813 1.00177843022 0.911713920347
6816 1.00478058459 0.914446167166
6819 1.00197335066 0.91189131654
6822 1.02005240979 0.928344984712
6825 1.02008650545 0.928376015017
6828 0.989785666755 0.90079936173
6831 1.011086585 0.920185229003
6834 1.00849614808 0.917827684326
6837 0.988690283859 0.899802458818
6840 0.939456153238 0.85499470404
6843 0.940116921864 0.855596066514
6846 1.00263775942 0.912495991875
6849 1.00328220335 0.913082497321
6852 1.0096426461 0.918871106878
6855 0.954602166817 0.868779021013
6858 0.97109064722 0.883785110837
6861 0.95273962323 0.8670839287
6864 0.996390455698 0.906810349628
6867 0.92137326441 0.838537550475
6870 0.935432290535 0.851332605188
6873 0.930021407364 0.846408185417
6876 0.946697428317 0.861584955029
6879 0.975277191401 0.887595265352
6882 0.911609175592 0.82965129836
6885 0.963488507554 0.876866438655
6888 0.984854773756 0.896311778797
6891 1.00042820684 0.910485088288
6894 0.985245597526 0.896667465704
6897 0.98304383256 0.894663649582
6900 0.981345732427 0.893118216498
6903 0.981526003881 0.893282280715
6906 0.95697892792 0.87094210031
6909 0.996761733666 0.907148247991
6912 0.972564124685 0.88512611587
6915 0.967467642596 0.88048783107
6918 0.973843936801 0.886290866963
6921 0.999420860708 0.909568307225
6924 0.946142393184 0.86107982012
6927 0.978079812956 0.890145918279
6930 1.00668682051 0.916181023668
6933 0.967451056925 0.880472736528
6936 0.992706992063 0.903458046395
6939 0.991561212875 0.902415278051
6942 1.0019531625 0.911872943387
6945 0.950688220325 0.865216956395
6948 1.00342738243 0.913214624131
6951 0.975978375631 0.88823340988
6954 0.983017582655 0.894639759665
6957 1.0068461312 0.916326011587
6960 0.997093998993 0.90745064113
6963 1.00854997113 0.91787666844
6966 0.975007452716 0.887349777421
6969 1.00425862217 0.913971131575
6972 0.993927022245 0.904568390226
6975 0.962677251004 0.876128117818
6978 0.871687192604 0.793318486113
6981 0.95586645054 0.869929639787
6984 1.00938713626 0.918638568557
6987 1.00319107102 0.912999558207
6990 0.989744701949 0.90076207985
6993 0.998608643981 0.908829112535
6996 1.00300720977 0.912832226932
6999 0.967474792331 0.880494338011
7002 0.98948172806 0.900522748529
7005 0.955402208521 0.869507135271
7008 0.978308363965 0.890353921496
7011 0.973721731341 0.886179648339
7014 0.975568085727 0.887860006933
7017 0.919393118085 0.836735428455
7020 0.995374548222 0.905885776929
7023 0.937061732936 0.852815553187
7026 0.97246879498 0.885039356746
7029 0.99440693637 0.905005157853
7032 0.976275960574 0.888504240561
7035 0.985230194124 0.896653447139
7038 0.929124873021 0.845592253654
7041 1.01529772484 0.924017767908
7044 1.00449282307 0.914184276736
7047 1.01467477526 0.923450824374
7050 1.01591706491 0.924581426445
7053 0.972535138766 0.885099735919
7056 1.01261810036 0.921579054054
7059 0.969731679932 0.882548320988
7062 0.972458919137 0.885030368786
7065 0.997175327597 0.907524657917
7068 0.944715851643 0.859781531255
7071 1.00405439513 0.913785265495
7074 1.01155872698 0.920614923232
7077 1.00586605088 0.915434045021
7080 1.01894317436 0.927335474676
7083 0.950876499768 0.865388308647
7086 0.948982632442 0.863664708745
7089 0.974801498021 0.887162339004
7092 0.972701478549 0.885251120987
7095 0.975381904535 0.887690564291
7098 0.995406311205 0.905914684273
7101 0.993145075961 0.903856744526
7104 0.995476819715 0.905978853742
7107 0.977815862109 0.889905697832
7110 0.964290002729 0.877595875711
7113 0.965482066607 0.878680767538
7116 0.969828838424 0.882636744482
7119 0.981772715137 0.893506811489
7122 0.943019064808 0.858237293397
7125 0.988387112892 0.899526544323
7128 0.984076085085 0.895603097836
7131 0.912525939776 0.830485641208
7134 0.980736155076 0.892563442967
7137 0.994257716608 0.904869353637
7140 0.963142446543 0.876551490128
7143 0.969616730054 0.882443705636
7146 0.943697805339 0.858855012018
7149 0.884523893152 0.805001107966
7152 0.974394815626 0.886792219236
7155 0.967537399576 0.880551316575
7158 0.992424809423 0.903201233278
7161 0.968669804624 0.881581913177
7164 0.8855566871 0.805941048966
7167 0.973314912933 0.885809404785
7170 0.975846159028 0.88811308016
7173 1.00193046456 0.911852286096
7176 0.957776245519 0.871667735372
7179 0.990701311919 0.901632686163
7182 0.924430685812 0.841320095566
7185 0.951261204458 0.865738426608
7188 0.845484856639 0.769471861227
7191 0.921012270568 0.838209011648
7194 0.89628427368 0.815704175942
7197 0.933563036457 0.849631405689
7200 0.946811923099 0.861689156202
7203 0.921099818991 0.838288689063
7206 0.897639643256 0.816937691531
7209 0.894839070229 0.81438890296
7212 0.961702624947 0.875241115147
7215 0.933330532872 0.849419805251
7218 0.9576630189 0.871564688349
7221 0.944748093918 0.8598108748
7224 0.947507821507 0.862322490128
7227 0.966035150021 0.879184126197
7230 0.965971429511 0.879126134455
7233 0.970689995984 0.883420479999
7236 0.953463283362 0.867742528443
7239 0.944908624423 0.859956972871
7242 0.971684109569 0.884325218179
7245 0.913038506849 0.830952126132
7248 0.980879929036 0.892694290984
7251 0.930140908403 0.84651694276
7254 0.933338349827 0.849426919425
7257 0.981136736185 0.892928009984
7260 0.943188298335 0.858391312048
7263 0.926872771914 0.843542626842
7266 0.952247147019 0.866635728376
7269 0.964904205015 0.878154858373
7272 0.944244753255 0.859352786789
7275 0.953615595213 0.867881146755
7278 0.943054198899 0.858269268771
7281 0.973172599022 0.885679885552
7284 0.917881035585 0.835359289158
7287 0.933413394457 0.849495217196
7290 0.89132251845 0.811188505435
7293 0.876130960988 0.797362739186
7296 0.9712704107 0.88394871275
7299 0.937106553512 0.852856344187
7302 0.937330222394 0.853059904203
7305 0.954515425043 0.868700077725
7308 0.915813600534 0.833477726072
7311 0.91565706001 0.833335259264
7314 0.961286867165 0.874862735911
7317 0.922915019412 0.839940694578
7320 0.93804495738 0.853710381211
7323 0.949987093322 0.86457886395
7326 0.846778338373 0.770649052976
7329 0.935019415949 0.850956849935
7332 0.94152704702 0.856879414903
7335 0.947649890523 0.862451786482
7338 0.962680051715 0.876130666732
7341 0.965659753742 0.878842479778
7344 0.906185400847 0.824715146026
7347 0.953467140779 0.86774603906
7350 0.94314571199 0.858352554412
7353 0.938027187042 0.853694208509
7356 0.873139667722 0.794640377006
7359 0.94896212565 0.863646045607
7362 0.862533391664 0.784987654176
7365 0.921867653562 0.838987491758
7368 0.952404431281 0.866778872056
7371 0.962314664218 0.87579812926
7374 0.942408030536 0.857681193929
7377 0.952572162754 0.866931523695
7380 0.972080029237 0.884685542839
7383 0.940225990194 0.855695329097
7386 0.882054353933 0.802753591734
7389 0.842025631159 0.766323636102
7392 0.937414175309 0.853136309363
7395 0.952740077508 0.867084342136
7398 0.949230451641 0.863890247853
