Wave Flux FluxNorm
3600 0.943024690437 0.908106344045
3603 0.815583306277 0.785383863263
3606 0.867823840051 0.835690032993
3609 0.840544128257 0.809420435181
3612 0.822434557203 0.791981425864
3615 0.887681996191 0.854812880734
3618 0.835616627862 0.804675390418
3621 0.842726405178 0.811521906687
3624 0.895642337765 0.862478466542
3627 1.01012148649 0.972718677928
3630 0.90048188043 0.867138810477
3633 0.80091592082 0.771259582193
3636 0.896262984437 0.863076131891
3639 0.965100511458 0.929364740907
3642 0.934919550421 0.900301321396
3645 0.884601532289 0.851846480342
3648 0.889996024571 0.857041225203
3651 0.89099809838 0.858006194193
3654 0.984441800467 0.947989860089
3657 0.985788992773 0.949287168518
3660 0.975918218796 0.939781889854
3663 0.950183400525 0.914999981202
3666 0.985920938448 0.949414228505
3669 0.918733743934 0.884714843434
3672 0.99927220951 0.962271128302
3675 0.977243975591 0.941058556487
3678 0.874407353022 0.842029771448
3681 0.926778245222 0.892461472689
3684 0.932172900838 0.897656374836
3687 0.861113492027 0.829228155935
3690 0.977542128846 0.941345669714
3693 0.990303066118 0.95363409462
3696 0.962845758393 0.927193476905
3699 1.03530260699 0.996967391147
3702 1.01530659074 0.977711787983
3705 0.850321513031 0.81883578266
3708 0.993400232227 0.95661657877
3711 0.867077571734 0.834971397521
3714 1.03559118657 0.997245285197
3717 1.23604082051 1.19027266411
3720 0.994441916047 0.95761969109
3723 0.83995355049 0.808851725346
3726 1.19111003104 1.14700557325
3729 1.21496881928 1.16998091757
3732 0.993260691452 0.956482204915
3735 0.734829937536 0.70762063267
3738 1.096270528 1.05567779016
3741 1.35836120305 1.30806376387
3744 1.21957588665 1.17441739431
3747 0.990490684875 0.953814766224
3750 0.693068954259 0.667405976329
3753 1.15193167581 1.10927791533
3756 1.41538660265 1.36297762527
3759 1.20998427251 1.16518093875
3762 1.35082624863 1.30080781397
3765 1.38991424813 1.33844846186
3768 1.07759281121 1.03769167243
3771 0.810162981529 0.780164242461
3774 1.18868286931 1.14466828453
3777 1.44378538083 1.39032485265
3780 1.72296776401 1.6591696622
3783 1.74233512146 1.67781988457
3786 1.59943127552 1.5402074865
3789 1.44937141955 1.39570405135
3792 1.43542668256 1.3822756605
3795 1.0920019101 1.05156723077
3798 0.761998519412 0.733783215485
3801 1.22091116645 1.17570323133
3804 1.61337344499 1.5536334049
3807 1.56042571148 1.50264622165
3810 1.97272501644 1.89967889563
3813 1.74069834823 1.67624371782
3816 1.7265612562 1.66263009446
3819 1.90523163232 1.83468465856
3822 1.86372511993 1.79471505055
3825 1.54768316405 1.49037550564
3828 1.46796910399 1.41361310018
3831 1.31038340683 1.26186249092
3834 0.873617447037 0.841269114126
3837 0.94133503516 0.906479253374
3840 1.25524035793 1.20876128048
3843 1.67471031648 1.61269909288
3846 1.74127314037 1.67679722654
3849 1.87063600491 1.80137003907
3852 2.08370850143 2.00655288083
3855 2.08545460371 2.00823432838
3858 2.14162794922 2.06232768558
3861 2.24641060698 2.16323044796
3864 2.27583155604 2.19156199723
3867 2.28350726886 2.19895349353
3870 2.39291421987 2.3043093207
3873 1.83238412797 1.76453455377
3876 2.19308377581 2.11187820429
3879 1.79105032526 1.72473126034
3882 1.79974505124 1.73310403775
3885 1.40425585697 1.35225902918
3888 0.918125885545 0.884129492844
3891 1.08899826937 1.04867480894
3894 1.48550704956 1.43050165018
3897 1.68827060611 1.6257572717
3900 1.81219758261 1.74509547642
3903 2.02456165089 1.94959612163
3906 1.86930240525 1.80008581998
3909 2.22601202316 2.1435871835
3912 2.41122587352 2.32194292988
3915 2.27378200441 2.18958833647
3918 2.15654401225 2.07669143618
3921 2.31523927713 2.22951052805
3924 2.68784421996 2.58831864393
3927 2.50351255955 2.41081242175
3930 2.12957722059 2.05072317169
3933 1.3057376458 1.25738875327
3936 2.07376598637 1.99697851751
3939 2.50949630754 2.41657460335
3942 2.30651798632 2.22111216946
3945 2.25631681164 2.17276984537
3948 2.23449255477 2.15175369774
3951 2.16287497577 2.0827879766
3954 2.256844542 2.17327803492
3957 1.9684568141 1.89556873641
3960 2.16640671503 2.08618894251
3963 1.77446692998 1.70876191552
3966 1.41433173031 1.36196181278
3969 0.699263980653 0.673371613101
3972 1.1448889205 1.10249593937
3975 1.61435311094 1.55457679575
3978 1.91120890586 1.84044060543
3981 2.14637077696 2.06689489575
3984 2.11368601722 2.03542038827
3987 2.35426468063 2.26709089775
3990 2.35992871681 2.27254520582
3993 2.52084282113 2.42750097789
3996 2.28629609041 2.20163905052
3999 2.44994406809 2.35922746599
4002 2.57755903627 2.48211710332
4005 2.29088633179 2.20605932431
4008 2.60203128467 2.50568319258
4011 2.71087790281 2.61049943489
4014 2.65857152427 2.56012985849
4017 2.66037863133 2.56187005194
4020 2.90730335973 2.79965164413
4023 2.63604549657 2.53843792523
4026 2.77835994003 2.67548274523
4029 2.69298519491 2.59326925871
4032 2.26595878111 2.18205479171
4035 2.64293413143 2.5450714875
4038 2.8547546626 2.74904872172
4041 2.63476221646 2.53720216245
4044 2.54982255771 2.45540765191
4047 2.62792438535 2.53061752276
4050 2.70930622642 2.60898595458
4053 2.51442713707 2.42132285397
4056 2.52478455842 2.43129676041
4059 2.59798012395 2.50178203836
4062 2.46996965145 2.37851154146
4065 2.53967488292 2.44563572553
4068 2.42119820041 2.33154600116
4071 2.40373349286 2.31472797733
4074 2.39498688549 2.30630523959
4077 1.84995604089 1.78145581338
4080 2.25459076607 2.17110771187
4083 2.2760400348 2.19176275644
4086 2.07786221919 2.0009230749
4089 2.22671991887 2.14426886723
4092 2.09461893067 2.01705931837
4095 1.89421639411 1.82407729292
4098 1.50507270895 1.44934283175
4101 0.960555510733 0.924988032604
4104 1.25305823433 1.20665995662
4107 1.66534798189 1.6036834271
4110 1.79996766191 1.73331840559
4113 2.04538770637 1.96965102931
4116 2.26221724961 2.17845180175
4119 2.04353743195 1.96786926691
4122 2.13258417254 2.05361878213
4125 2.26523027969 2.18135326527
4128 2.07538556777 1.99853812901
4131 2.08687991539 2.00960686358
4134 2.21377966096 2.13180776158
4137 2.44794651995 2.35730388312
4140 2.69325476546 2.59352884759
4143 2.19417402766 2.11292808625
4146 2.48379143 2.39182152677
4149 2.43494884316 2.3447874847
4152 2.43832010407 2.34803391446
4155 2.23196876301 2.14932335701
4158 2.35885594796 2.27151215949
4161 2.38723007447 2.298835648
4164 2.57351107975 2.47821903466
4167 2.46466557679 2.37340386623
4170 2.48357745992 2.39161547958
4173 2.01376983002 1.93920390063
4176 2.26082028017 2.17710655934
4179 2.13075184184 2.05185429902
4182 2.28055571396 2.1961112289
4185 2.32540029683 2.23929530521
4188 2.18389039948 2.10302524057
4191 2.39804133882 2.30924659253
4194 2.54916337322 2.45477287573
4197 2.21034938276 2.12850449983
4200 2.24088310621 2.15790761965
4203 2.20445884517 2.12283207723
4206 2.29287084479 2.2079703547
4209 2.39978205299 2.31092285148
4212 2.58530220343 2.48957355626
4215 2.2858958193 2.20125360066
4218 2.43072838115 2.34072329808
4221 2.43962335257 2.34928890623
4224 2.22932767526 2.14678006355
4227 2.01850146834 1.94376033571
4230 2.54695004114 2.45264149898
4233 2.17236377179 2.09192542119
4236 2.20415233705 2.12253691851
4239 2.15188266662 2.07220269099
4242 2.37218379615 2.28434650372
4245 2.32937537411 2.24312319321
4248 2.24499248359 2.16186483488
4251 2.18252635657 2.10171170548
4254 2.2836445179 2.19908566051
4257 2.37154790104 2.28373415455
4260 2.1267880915 2.04803731855
4263 2.35525379565 2.26804338779
4266 2.4678709143 2.3764905164
4269 2.28117773151 2.19671021436
4272 2.05183751832 1.97586201743
4275 2.19188154805 2.11072049265
4278 2.37935027041 2.29124761756
4281 2.31115361762 2.22557615247
4284 2.24414266233 2.16104648083
4287 2.21324528759 2.13129317501
4290 1.92731645428 1.85595172307
4293 2.29369874484 2.20876759923
4296 2.10951642235 2.03140518528
4299 1.93549798067 1.86383030366
4302 1.89753987906 1.82727771577
4305 2.040974359 1.9654010995
4308 1.92716730464 1.85580809614
4311 2.18099480356 2.10023686286
4314 1.92954248781 1.85809533096
4317 2.10312592773 2.02525131809
4320 2.04560355803 1.96985888841
4323 2.04577792773 1.97002680155
4326 1.68145921132 1.61919808944
4329 1.83081025956 1.76301896261
4332 1.64946885698 1.5883922749
4335 1.47199472094 1.41748965646
4338 1.02419592107 0.986271963922
4341 0.768932276294 0.740460229011
4344 1.20649114138 1.16181715138
4347 1.53663335507 1.47973484932
4350 1.64335915205 1.58250880031
4353 1.66281123787 1.60124061371
4356 1.96214235188 1.88948808629
4359 1.84790558043 1.77948127743
4362 2.01367572377 1.93911327895
4365 2.13764602908 2.0584932081
4368 1.95502251031 1.88263187843
4371 2.07136890738 1.99467019764
4374 1.97563703087 1.90248308391
4377 2.13016299802 2.05128725893
4380 2.17206827517 2.09164086623
4383 1.87095353862 1.80167581513
4386 1.87894579817 1.80937213706
4389 2.0500727978 1.97416264103
4392 2.06278575965 1.98640486695
4395 1.91120273637 1.84043466439
4398 2.0890937801 2.01173875324
4401 1.9279506127 1.85656239985
4404 2.03118791647 1.95597702965
4407 2.08838370047 2.01105496646
4410 2.04134927801 1.965762136
4413 2.12622070002 2.04749093647
4416 1.91383509328 1.84296955031
4419 2.01743241525 1.94273086754
4422 2.03289657832 1.95762242313
4425 2.13425028616 2.05522320285
4428 2.03494323371 1.9595932949
4431 1.98844590671 1.91481767231
4434 1.95619924447 1.88376504045
4437 2.09025696194 2.01285886475
4440 2.13149705421 2.05257191765
4443 1.74485058115 1.68024220174
4446 2.03225267228 1.95700235966
4449 2.00962782035 1.93521526142
4452 1.99024838316 1.91655340661
4455 1.86134258207 1.79242073337
4458 1.87351009118 1.80413770359
4461 1.79093471095 1.72461992701
4464 1.9067084438 1.83610678661
4467 1.85297900925 1.78436684718
4470 1.78717869257 1.72100298658
4473 1.98842036938 1.91479308058
4476 1.99679520047 1.92285780818
4479 1.97055429275 1.89758854957
4482 1.65262882024 1.59143523095
4485 1.98291504301 1.9094916056
4488 1.90148130723 1.83107320062
4491 1.84225830052 1.77404310517
4494 1.91092708529 1.84016922012
4497 1.96169559433 1.8890578713
4500 1.94595973105 1.87390467603
4503 2.02557371409 1.95057071014
4506 2.06683141722 1.9903007218
4509 1.93955397726 1.86773611468
4512 2.04181431535 1.96620995392
4515 1.85489610883 1.78621296034
4518 1.93772641751 1.86597622587
4521 1.84338678315 1.77512980231
4524 1.79672325844 1.73019413599
4527 1.80437563365 1.73756315882
4530 1.75039960227 1.68558575354
4533 1.74500208902 1.68038809957
4536 1.87298746142 1.80363442578
4539 1.90868630119 1.83801140784
4542 1.8380777158 1.77001731926
4545 1.86820619138 1.79903019675
4548 1.74872800178 1.68397604912
4551 1.73661746344 1.67231394016
4554 1.63656189993 1.57596323704
4557 1.73016037743 1.66609594732
4560 1.83914688027 1.77104689468
4563 1.78835102159 1.72213190657
4566 1.78576189892 1.71963865401
4569 1.93515191877 1.86349705574
4572 1.75358796294 1.68865605549
4575 1.87471580398 1.80529877122
4578 1.86652214901 1.79740851115
4581 1.7390600124 1.67466604634
4584 1.63457416106 1.57404910023
4587 1.80263840821 1.73589025941
4590 1.75614529818 1.69111869765
4593 1.69124652035 1.6286229937
4596 1.74504025168 1.68042484914
4599 1.77623433498 1.71046387699
4602 1.77175108518 1.7061466331
4605 1.75784312132 1.69275365374
4608 1.84791750286 1.77949275839
4611 1.81964188178 1.75226412786
4614 1.79650699027 1.7299858758
4617 1.74490283894 1.68029252453
4620 1.69122340278 1.62860073213
4623 1.85623102708 1.78749844919
4626 1.78293497285 1.71691640345
4629 1.68223852344 1.61994854517
4632 1.80799537021 1.74104886366
4635 1.71888082209 1.6552340517
4638 1.75837748842 1.69326823428
4641 1.78987860724 1.72360292874
4644 1.76340011057 1.69810487863
4647 1.62330935132 1.56320140419
4650 1.73765964673 1.67331753345
4653 1.76723578007 1.70179852085
4656 1.691721743 1.6290806198
4659 1.81790935123 1.7505957495
4662 1.76754854138 1.70209970122
4665 1.68675587221 1.62429862541
4668 1.51579168357 1.45966490386
4671 1.72825677883 1.66426283522
4674 1.73239013937 1.66824314556
4677 1.78440856501 1.71833543139
4680 1.69409756367 1.6313684685
4683 1.77162585935 1.70602604413
4686 1.78068153346 1.71474640448
4689 1.75362122646 1.68868808733
4692 1.71239860946 1.64899186263
4695 1.76390515992 1.698591227
4698 1.71044115175 1.64710688571
4701 1.6500446784 1.58894677479
4704 1.61808621873 1.55817167392
4707 1.63773946315 1.57709719741
4710 1.66514350338 1.60348652002
4713 1.68143372595 1.61917354774
4716 1.65908996329 1.5976571306
4719 1.73211868853 1.66798174602
4722 1.70520754846 1.64206707245
4725 1.75356201819 1.68863107142
4728 1.63408371374 1.5735768132
4731 1.57488260755 1.51656780734
4734 1.68440678051 1.62203651595
4737 1.61576495565 1.55593636263
4740 1.67530216745 1.61326902878
4743 1.68416205501 1.62180085216
4746 1.66790579651 1.60614653088
4749 1.64909401124 1.58803130896
4752 1.63396199064 1.57345959727
4755 1.57355793274 1.51529218263
4758 1.64420261757 1.58332103396
4761 1.63496785092 1.57442821252
4764 1.53352752851 1.4767440254
4767 1.57817554699 1.51973881572
4770 1.65052772067 1.58941193095
4773 1.62914503254 1.56882100163
4776 1.67467190747 1.61266210609
4779 1.65483647347 1.59356113912
4782 1.64845988034 1.58742065867
4785 1.60107882554 1.54179403099
4788 1.56926489101 1.51115810377
4791 1.59954132464 1.54031346072
4794 1.6638349074 1.60222637877
4797 1.64898692295 1.58792818593
4800 1.590917751 1.53200920102
4803 1.61098357904 1.55133203098
4806 1.55204955327 1.49458021607
4809 1.55935293756 1.50161317043
4812 1.53495237599 1.47811611359
4815 1.604034873 1.54464062183
4818 1.60121879158 1.54192881436
4821 1.58648439872 1.52774000704
4824 1.40503447664 1.35300881809
4827 1.53796508268 1.48101726568
4830 1.48165862933 1.42679572937
4833 1.48229780529 1.4274112379
4836 1.45237911439 1.39860037718
4839 1.41423519618 1.36186885312
4842 1.40616437751 1.35409688096
4845 1.38113875779 1.32999791063
4848 1.25568953462 1.20919382504
4851 1.24902128144 1.20277248414
4854 1.09547307963 1.05490986973
4857 0.942806283477 0.907896024265
4860 0.674659111152 0.649677813442
4863 0.696506888441 0.670716610582
4866 0.966973533952 0.931168409068
4869 1.13010885742 1.08826315291
4872 1.09121808887 1.0508124329
4875 1.23181420453 1.18620255139
4878 1.28068091651 1.2332598253
4881 1.38161015177 1.33045184982
4884 1.28163268314 1.23417634989
4887 1.33788775501 1.28834840727
4890 1.31443190762 1.2657610837
4893 1.40230006783 1.35037565905
4896 1.504512635 1.44880349624
4899 1.43521245098 1.3820693615
4902 1.43720067511 1.38398396561
4905 1.45495450454 1.40108040571
4908 1.49616762597 1.44076748645
4911 1.34773708366 1.29783303469
4914 1.47531665422 1.42068858511
4917 1.45378649733 1.3999556475
4920 1.2608811998 1.21419325309
4923 1.3237562544 1.27474016829
4926 1.44613714336 1.39258953405
4929 1.50927956592 1.45339391709
4932 1.4737224918 1.41915345137
4935 1.35510977364 1.30493272848
4938 1.34247828865 1.2927689625
4941 1.46890189726 1.41451135396
4944 1.49901989005 1.44351413681
4947 1.4511878462 1.39745321931
4950 1.47909637423 1.42432834953
4953 1.42986506073 1.37691997457
4956 1.42698310269 1.37414472976
4959 1.41999972615 1.3674199339
4962 1.50106132163 1.4454799782
4965 1.46509994128 1.41085017692
4968 1.42413952908 1.37140644808
4971 1.41270335095 1.36039372909
4974 1.46970607708 1.41528575658
4977 1.46450473436 1.41027700933
4980 1.37957424833 1.32849133188
4983 1.19173495982 1.14760736215
4986 1.33452604732 1.28511117699
4989 1.42296380378 1.37027425757
4992 1.37867339904 1.32762383926
4995 1.40721772768 1.35511122765
4998 1.41242530348 1.36012597717
5001 1.30615931946 1.25779481319
5004 1.34964806342 1.29967325463
5007 1.26314874011 1.21637683085
5010 1.3848036095 1.33352706011
5013 1.27662780601 1.2293567935
5016 1.31817659928 1.26936711681
5019 1.21016163035 1.16535172937
5022 1.33972282167 1.29011552503
5025 1.41084325236 1.35860250629
5028 1.31845026511 1.26963064933
5031 1.41303744041 1.36071544788
5034 1.38831095999 1.33690454031
5037 1.3180564391 1.26925140592
5040 1.27584336028 1.22860139424
5043 1.31806829383 1.26926282169
5046 1.41465232889 1.36227054022
5049 1.28095779653 1.233526453
5052 1.31811518425 1.26930797585
5055 1.36952628397 1.31881542384
5058 1.38174910959 1.33058566231
5061 1.41025233627 1.35803347066
5064 1.36115260777 1.31075180837
5067 1.32033594972 1.27144651076
5070 1.34509714604 1.29529084875
5073 1.29298509475 1.24510840406
5076 1.29297694121 1.24510055243
5079 1.21907056489 1.17393078362
5082 1.23495181666 1.18922398392
5085 1.30421675454 1.25592417762
5088 1.29778525629 1.24973082507
5091 1.33713649656 1.28762496644
5094 1.3640175244 1.31351064279
5097 1.25807110528 1.21148721084
5100 1.18277024624 1.13897459425
5103 1.33786071293 1.28832236651
5106 1.318384991 1.26956779219
5109 1.27143925948 1.22436036862
5112 1.33465410862 1.28523449644
5115 1.30843761072 1.2599887438
5118 1.35134807536 1.30131031848
5121 1.30630244655 1.25793264056
5124 1.20919815789 1.16442393239
5127 1.24851464748 1.20228460984
5130 1.23159726955 1.18599364908
5133 1.22697813051 1.18154554766
5136 1.26882518477 1.22184308795
5139 1.18590453141 1.14199282302
5142 1.21053086071 1.16570728786
5145 1.26491155936 1.21807437637
5148 1.20982935862 1.16503176101
5151 1.26366015589 1.21686930991
5154 1.19619726227 1.15190443433
5157 1.26161968205 1.21490439079
5160 1.28588112409 1.23826747943
5163 1.2395280783 1.19363079561
5166 1.17124529445 1.12787638872
5169 1.03613001726 0.99776416405
5172 1.12058071422 1.07908781808
5175 1.28566965314 1.23806383884
5178 1.28824086739 1.24053984609
5181 1.27242229674 1.22530700594
5184 1.09754333979 1.05690347223
5187 1.21743084226 1.17235177668
5190 1.21763181843 1.1725453111
5193 1.14058564429 1.098352005
5196 1.12420231258 1.08257531579
5199 1.17839713839 1.13476341396
5202 1.20090535233 1.15643819309
5205 1.11223606762 1.0710521573
5208 1.15312925523 1.11043115074
5211 1.23627564626 1.19049879472
5214 1.22862841854 1.18313472878
5217 1.13052528157 1.08866415769
5220 1.25057502996 1.20426870041
5223 1.25922358226 1.21259701386
5226 1.07279196789 1.03306859488
5229 1.14857670415 1.10604717166
5232 1.17383154715 1.13036687757
5235 1.09649497862 1.05589392982
5238 1.19519385449 1.15093818077
5241 1.23240665134 1.18677306106
5244 1.20509306681 1.16047084475
5247 1.20846550658 1.16371840972
5250 1.16714947234 1.12393222683
5253 1.20422111007 1.15963117486
5256 1.17594833317 1.13240528318
5259 1.23158984181 1.18598649638
5262 1.16462176765 1.12149811806
5265 1.04345326731 1.00481624858
5268 1.09958344378 1.0588680352
5271 1.06617482715 1.02669647381
5274 1.06643839144 1.02695027884
5277 1.11581696811 1.07450046411
5280 1.13633240869 1.09425625834
5283 1.09195048007 1.0515177051
5286 1.19186469797 1.14773229635
5289 1.21289449719 1.16798340353
5292 1.19643456644 1.1521329516
5295 1.18322841437 1.13941579731
5298 1.09913964221 1.05844066672
5301 1.15747657582 1.11461749861
5304 1.15855723683 1.11565814488
5307 1.1504139786 1.10781641545
5310 1.16849277709 1.12522579165
5313 1.14759902912 1.10510569801
5316 1.06629966377 1.02681668798
5319 1.14684095236 1.10437569134
5322 1.15822365328 1.11533691327
5325 1.06613314628 1.02665633631
5328 0.990364941245 0.953693678633
5331 1.1376199285 1.09549610383
5334 1.13018186399 1.08833345618
5337 1.08576789444 1.04556404843
5340 1.06203859781 1.02271340091
5343 1.1335559509 1.09158260731
5346 1.10407060555 1.0631890462
5349 1.12205527326 1.0805077771
5352 1.13493287022 1.09290854202
5355 1.15041672844 1.10781906347
5358 1.16452325618 1.12140325428
5361 1.13565910956 1.09360789015
5364 1.05328181524 1.01428086474
5367 1.06371078627 1.02432367152
5370 1.00932338185 0.97195012553
5373 1.09307946757 1.05260488841
5376 1.13435188867 1.09234907307
5379 1.10980842188 1.0687144025
5382 1.06707390333 1.02756225898
5385 1.10979413195 1.0687006417
5388 1.11486942105 1.07358800284
5391 1.07445285379 1.03466798144
5394 1.07840326014 1.03847211202
5397 1.03574724327 0.997395563423
5400 1.06698623018 1.02747783219
5403 1.03309742744 0.994843865056
5406 0.995857094422 0.958982468198
5409 1.02994350048 0.991806721794
5412 1.05273115568 1.01375059502
5415 1.01716029562 0.979496853828
5418 1.09316383378 1.05268613071
5421 1.07372513642 1.03396721001
5424 0.996216104211 0.959328184562
5427 1.08381535409 1.0436838068
5430 1.01053461087 0.973116505132
5433 1.04177660293 1.00320166777
5436 1.0570449392 1.01790464763
5439 1.10999856128 1.06889750141
5442 1.10406808477 1.06318661877
5445 1.02530453933 0.987339532238
5448 1.03775783041 0.999331702482
5451 1.09681216119 1.05619936774
5454 1.05629559973 1.01718305473
5457 1.04485355825 1.0061646895
5460 1.09041862666 1.0500425732
5463 0.993079860063 0.956308069356
5466 1.04425555234 1.00558882657
5469 1.07666359199 1.03679686036
5472 1.05883943666 1.01963269839
5475 1.00482800081 0.967621199594
5478 0.964738299004 0.929015940465
5481 1.02430465209 0.986376668847
5484 1.06578553349 1.02632159493
5487 1.03044786478 0.992292410474
5490 1.05830302357 1.01911614762
5493 1.04591572273 1.00718752413
5496 1.0394269751 1.00093904203
5499 1.04373134967 1.00508403409
5502 0.98744848562 0.950885213614
5505 1.02473735915 0.986793353624
5508 1.00246328452 0.965344044087
5511 1.00376056168 0.96659328563
5514 1.0459517114 1.0072221802
5517 1.05056324826 1.01166296094
5520 1.04259520431 1.00398995796
5523 1.0410720082 1.0025231628
5526 1.01845354581 0.98074221751
5529 0.987190573783 0.950636851744
5532 1.03361312158 0.995340464053
5535 0.962936560044 0.92728091635
5538 1.03498348769 0.996660088212
5541 1.03490086586 0.996580525698
5544 0.988005899412 0.951421987472
5547 1.0132199151 0.975702377832
5550 1.03845182519 1.0
5553 1.02264951438 0.984782817632
5556 1.01333854239 0.975816612587
5559 1.01771236688 0.980028482978
5562 0.996610945456 0.959708405613
5565 0.986912374034 0.950368953184
5568 0.986287684746 0.949767394909
5571 0.985675447817 0.949177827908
5574 0.980382102766 0.944080484995
5577 0.989000485047 0.952379745559
5580 1.01512940721 0.977541165215
5583 1.01290981076 0.975403756043
5586 0.953760960203 0.918445070894
5589 0.956676200495 0.921252365581
5592 0.976252245244 0.940103547961
5595 0.974300493097 0.93822406535
5598 0.973238446598 0.937201344341
5601 0.959219728882 0.923701712123
5604 0.973593252571 0.937543012548
5607 1.00576649539 0.968524943575
5610 1.00345439773 0.966298458331
5613 0.994452509936 0.957629892708
5616 0.913765650351 0.87993070857
5619 0.97875667076 0.942515239534
5622 0.986017758454 0.949507463456
5625 0.929036691348 0.894636293004
5628 0.977405974117 0.941214556527
5631 0.994980309697 0.958138149084
5634 0.968998588874 0.933118480195
5637 0.943247628682 0.908321027326
5640 0.961462813239 0.925861739485
5643 0.958562262969 0.923068590878
5646 0.975043921983 0.93893996653
5649 0.966001626608 0.930232489538
5652 0.967017853843 0.93121108788
5655 0.926967570488 0.892643787613
5658 0.913769764019 0.879934669916
5661 0.934163538425 0.899573303034
5664 0.919718272218 0.885662916575
5667 0.953386907088 0.918084868228
5670 0.96049399856 0.924928798106
5673 0.970934924873 0.934983117487
5676 0.951961864365 0.91671259203
5679 0.94696095469 0.911896856188
5682 0.913729419697 0.879895819464
5685 0.928313351965 0.893939737454
5688 0.900614150475 0.867266182823
5691 0.938904191359 0.90413841893
5694 0.934671218156 0.900062184385
5697 0.946119765247 0.911086814333
5700 0.935265899145 0.900634845509
5703 0.933075590758 0.898525639927
5706 0.902735168008 0.869308663256
5709 0.876556226545 0.844099076419
5712 0.904110388764 0.870632962297
5715 0.918018204567 0.88402579908
5718 0.92530785062 0.891045523902
5721 0.939491998327 0.904704460564
5724 0.93859475433 0.903840439745
5727 0.931301308925 0.896817056254
5730 0.926996946564 0.892672075951
5733 0.922567206556 0.888406360488
5736 0.934764193508 0.900151717043
5739 0.93155628851 0.897062594447
5742 0.923641097583 0.889440487446
5745 0.928983751886 0.894585313786
5748 0.907726281256 0.874114965413
5751 0.907975783728 0.8743552293
5754 0.878054868977 0.845542227074
5757 0.91632143597 0.882391858482
5760 0.905397643418 0.871872552447
5763 0.873189114479 0.840856641879
5766 0.919925973256 0.885862926853
5769 0.912630344625 0.878837440978
5772 0.901682244546 0.868294727475
5775 0.898478612718 0.865209719822
5778 0.910186110116 0.876483711657
5781 0.881650345542 0.849004570225
5784 0.878370171755 0.845845854811
5787 0.893904819966 0.860805285605
5790 0.887700577743 0.854830774248
5793 0.89064154473 0.857662843021
5796 0.894182996321 0.861073161637
5799 0.89106109224 0.858066855513
5802 0.90078746023 0.867433075259
5805 0.874041365376 0.841677335604
5808 0.885143304232 0.852368191537
5811 0.891778100575 0.858757314442
5814 0.879267202531 0.846709670304
5817 0.873589163266 0.841241877647
5820 0.890456852082 0.857484989178
5823 0.882160901661 0.849496221457
5826 0.886018702855 0.853211175873
5829 0.885750622663 0.852953022163
5832 0.879757077212 0.847181405891
5835 0.876103664636 0.843663271986
5838 0.880873424625 0.84825641716
5841 0.881848915477 0.849195787507
5844 0.878538613839 0.846008059817
5847 0.872122701287 0.839829715867
5850 0.87113749119 0.838880986158
5853 0.822725721097 0.792261808534
5856 0.846864062655 0.81550635486
5859 0.83647740188 0.80550429167
5862 0.839646611223 0.808556151435
5865 0.864151607988 0.832153776448
5868 0.86344760391 0.831475840254
5871 0.859939047568 0.828097198841
5874 0.859572004729 0.827743746875
5877 0.857498006959 0.825746545156
5880 0.853650067589 0.8220410874
5883 0.842213867281 0.811028347058
5886 0.844062147085 0.812808188703
5889 0.76956166128 0.74106630911
5892 0.802074354433 0.772375121291
5895 0.769534296621 0.741039957711
5898 0.810715871462 0.780696659969
5901 0.833914216173 0.80303601568
5904 0.833818402575 0.80294374987
5907 0.831532169879 0.800742171867
5910 0.83584138805 0.804891828179
5913 0.814966818866 0.784790203166
5916 0.820024060985 0.789660185572
5919 0.828674989107 0.79799078687
5922 0.830604985268 0.799849319075
5925 0.827527009329 0.796885314521
5928 0.811050437496 0.781018837682
5931 0.801349351254 0.771676963551
5934 0.813244263597 0.783131430725
5937 0.823855876398 0.79335011641
5940 0.818982260428 0.788656960838
5943 0.814240117752 0.784090410363
5946 0.815588995729 0.785389342045
5949 0.792680702845 0.763329298114
5952 0.799611696107 0.77000365035
5955 0.811286197447 0.781245867906
5958 0.800912927895 0.771256700089
5961 0.807669982255 0.777763554039
5964 0.811873777154 0.781811690695
5967 0.802780277964 0.773054905864
5970 0.809276250666 0.779310345495
5973 0.808819762292 0.778870759986
5976 0.784213815954 0.755175923364
5979 0.792669568929 0.763318576466
5982 0.798024310852 0.768475042844
5985 0.768065267388 0.739625323737
5988 0.788438272677 0.759243956777
5991 0.778631464483 0.749800275369
5994 0.804634959157 0.774840911867
5997 0.78756033387 0.758398526315
6000 0.799782234356 0.770167873905
6003 0.784486901743 0.755438897324
6006 0.789745351443 0.760502636992
6009 0.766191612839 0.737821046924
6012 0.787214488729 0.758065487137
6015 0.783622089639 0.754606107509
6018 0.778778602145 0.749941964814
6021 0.753635370195 0.725729737207
6024 0.753843722187 0.725930374335
6027 0.770377859102 0.741852284736
6030 0.782556336521 0.753579817129
6033 0.787691041504 0.758524394103
6036 0.7868322219 0.757697374896
6039 0.785676940316 0.756584871113
6042 0.769208494187 0.740726219099
6045 0.772213500309 0.743619955765
6048 0.781045685787 0.752125102815
6051 0.779580908301 0.750714563154
6054 0.758410394503 0.730327951773
6057 0.768372975448 0.739921637973
6060 0.779662472392 0.750793107088
6063 0.776495604891 0.74774350245
6066 0.755855712155 0.727867864279
6069 0.778367426839 0.749546014519
6072 0.779894025065 0.751016085821
6075 0.776999025544 0.748228282429
6078 0.751954305868 0.72411091938
6081 0.770886975908 0.742342549949
6084 0.753578062955 0.725674551941
6087 0.762009283307 0.733793580815
6090 0.763821044545 0.735538256104
6093 0.766265098514 0.73789181157
6096 0.767138894296 0.738733252415
6099 0.771487487383 0.742920825667
6102 0.735098448944 0.70787920163
6105 0.762944020378 0.734693706413
6108 0.761039545976 0.732859750946
6111 0.762845470171 0.734598805327
6114 0.759350548581 0.731233293797
6117 0.758609525301 0.730519709149
6120 0.764505644247 0.736197506427
6123 0.751970516868 0.724126530119
6126 0.758550206767 0.730462587064
6129 0.748368718048 0.720658098813
6132 0.755253557702 0.727288006419
6135 0.744135425791 0.716581557028
6138 0.707198767662 0.681012590579
6141 0.70350524705 0.677455833759
6144 0.747875181678 0.720182837122
6147 0.727364118133 0.700431257851
6150 0.726744074741 0.699834173445
6153 0.754052421979 0.726131346386
6156 0.731628221397 0.704537469772
6159 0.743156000213 0.71563839765
6162 0.724559766224 0.697730745568
6165 0.742984991315 0.715473720874
6168 0.749075475021 0.721338685968
6171 0.73406422217 0.706883270236
6174 0.732832280443 0.705696944884
6177 0.722967502654 0.696197440381
6180 0.739864572266 0.712468844795
6183 0.746969199602 0.719310401778
6186 0.739346264192 0.711969728648
6189 0.741573619172 0.714114609062
6192 0.709669106914 0.683391458036
6195 0.739953987226 0.712554948896
6198 0.744107573826 0.716554736367
6201 0.73514718061 0.707926128858
6204 0.741778310515 0.714311721087
6207 0.744201824899 0.716645497508
6210 0.741105062683 0.713663402296
6213 0.727664306511 0.700720330845
6216 0.722680658888 0.695921217875
6219 0.720996408053 0.69429933153
6222 0.727793823954 0.700845052513
6225 0.729363763608 0.702356860394
6228 0.727201707231 0.700274860705
6231 0.688647703925 0.663148436184
6234 0.720932144674 0.694237447697
6237 0.700840677815 0.674889928273
6240 0.692587247719 0.666942106433
6243 0.713507582455 0.68708780239
6246 0.674860649789 0.6498718895
6249 0.69661826018 0.670823858444
6252 0.695514196634 0.669760676197
6255 0.690662844102 0.665088959691
6258 0.705903753629 0.679765528364
6261 0.711705856107 0.685352790419
6264 0.708021992855 0.681805333365
6267 0.712054523663 0.685688547502
6270 0.703809748829 0.677749060437
6273 0.709066965746 0.682811612969
6276 0.698830579247 0.672954259695
6279 0.663080950412 0.638528369184
6282 0.684948618667 0.659586320765
6285 0.701093478984 0.675133368713
6288 0.700691272156 0.674746054811
6291 0.682415520752 0.657147018476
6294 0.6912739082 0.665677397289
6297 0.684944471716 0.659582327368
6300 0.672166000968 0.647277018216
6303 0.664735671589 0.640121819295
6306 0.685583118741 0.660197326552
6309 0.694154899719 0.668451711368
6312 0.68807563417 0.662597549046
6315 0.66482308833 0.640205999167
6318 0.659213833225 0.634804443727
6321 0.68356430788 0.65825326828
6324 0.686711786008 0.661284201494
6327 0.690029382455 0.66447895388
6330 0.684467550616 0.659123065717
6333 0.682291652325 0.657027736653
6336 0.656031110967 0.631739571404
6339 0.667201571684 0.642496411968
6342 0.687253194186 0.661805562394
6345 0.673191865495 0.648264897001
6348 0.645994152266 0.62207426151
6351 0.68564502208 0.660256937733
6354 0.678329178137 0.653211985077
6357 0.678959799453 0.653819255728
6360 0.674749964922 0.649765303076
6363 0.665318871919 0.640683424867
6366 0.673146262863 0.648220982945
6369 0.660762527702 0.636295793099
6372 0.643471198998 0.61964472823
6375 0.675073478665 0.650076837743
6378 0.671827065865 0.646950633213
6381 0.668511171883 0.643757520252
6384 0.656119334059 0.631824527769
6387 0.66772836648 0.643003700591
6390 0.670039162901 0.645228932773
6393 0.644415155042 0.620553731442
6396 0.668704591384 0.64394377781
6399 0.644786669743 0.620911489685
6402 0.662791245479 0.638249391454
6405 0.667970797627 0.64323715499
6408 0.640695206316 0.616971525089
6411 0.643849997269 0.620009500348
6414 0.65408612828 0.629866607594
6417 0.632435648689 0.609017802608
6420 0.629540470076 0.606229826754
6423 0.652361167654 0.628205518861
6426 0.659252275481 0.634841462542
6429 0.654724007217 0.630480867131
6432 0.623514495933 0.600426982562
6435 0.652647065257 0.62848083024
6438 0.643866902909 0.620025780005
6441 0.651555251516 0.627429444211
6444 0.651074270752 0.626966273216
6447 0.647886424761 0.623896466882
6450 0.646959195437 0.623003571033
6453 0.648359064101 0.624351605319
6456 0.597555915225 0.575429596956
6459 0.641191163002 0.617449117475
6462 0.626731137132 0.603524517875
6465 0.643707464249 0.619872245045
6468 0.638762462296 0.615110346772
6471 0.638937218876 0.61527863246
6474 0.637779776744 0.61416404813
6477 0.634119019923 0.610638841922
6480 0.63407077762 0.610592385936
6483 0.61970627287 0.596759770496
6486 0.636674975333 0.613100155338
6489 0.634767067668 0.611262893735
6492 0.612066857625 0.589403227748
6495 0.56498800298 0.544067610338
6498 0.587309803 0.56556287808
6501 0.626724900362 0.60351851204
6504 0.625672496354 0.602505076479
6507 0.625395533125 0.602238368653
6510 0.625669065416 0.602501772582
6513 0.622940535685 0.599874274931
6516 0.584950965029 0.563291383232
6519 0.606172095226 0.583726736787
6522 0.614673314917 0.591913173061
6525 0.609259614303 0.586699931115
6528 0.598126692327 0.575979239306
6531 0.602734971702 0.580416883175
6534 0.591236892355 0.569344555053
6537 0.588547797967 0.566755032533
6540 0.582953877977 0.561368244379
6543 0.569958935748 0.548854479259
6546 0.54605245413 0.525833207556
6549 0.542933920867 0.522830147435
6552 0.521675019536 0.502358421338
6555 0.48895334121 0.470848362294
6558 0.444629984973 0.428166212615
6561 0.34556762012 0.332771931965
6564 0.30965379823 0.298187928145
6567 0.436804208446 0.420630209175
6570 0.478729167702 0.461002769787
6573 0.513058317148 0.494060778463
6576 0.530637274822 0.510988821968
6579 0.552253392954 0.531804537832
6582 0.559919353697 0.539186643152
6585 0.566317989325 0.545348349908
6588 0.573861756194 0.552612785953
6591 0.573050967269 0.551832018944
6594 0.564955040318 0.544035868218
6597 0.58022774993 0.558743059483
6600 0.588322785419 0.566538351756
6603 0.591172866894 0.569282900329
6606 0.585309645501 0.563636782473
6609 0.586776418748 0.565049243997
6612 0.586684336936 0.564960571792
6615 0.587816361842 0.566050680047
6618 0.593071628174 0.57111135422
6621 0.595529298385 0.573478021744
6624 0.593018315763 0.571060015862
6627 0.587187319938 0.565444930325
6630 0.589860944019 0.568019555373
6633 0.579007700107 0.557568185701
6636 0.584367454177 0.562729478637
6639 0.590057984166 0.568209299512
6642 0.584809416294 0.563155075768
6645 0.575047534029 0.553754656771
6648 0.587441072459 0.56568928689
6651 0.592269463881 0.57033889249
6654 0.589450346873 0.567624161831
6657 0.585560110207 0.563877972964
6660 0.588228262855 0.566447329177
6663 0.576678137288 0.555324882003
6666 0.587624408259 0.565865834126
6669 0.584600496269 0.56295389164
6672 0.580610606445 0.559111739576
6675 0.581955091333 0.560406440837
6678 0.555574838547 0.535002996839
6681 0.578995367111 0.557556309372
6684 0.579802231721 0.558333297375
6687 0.580849538468 0.559341824417
6690 0.581058033583 0.559542599367
6693 0.580914149647 0.559404043171
6696 0.572540224422 0.551340187899
6699 0.570885262477 0.549746505934
6702 0.578593863609 0.557169672754
6705 0.569946798496 0.548842791426
6708 0.578458824363 0.557039633745
6711 0.576093956703 0.554762332475
6714 0.570572475365 0.549445300713
6717 0.563512038909 0.542646298308
6720 0.566091309004 0.545130063114
6723 0.55883567947 0.538143095246
6726 0.564897865683 0.543980810647
6729 0.568971557682 0.547903661857
6732 0.565063591044 0.544140399524
6735 0.562537468482 0.541707814304
6738 0.558912610983 0.538217178137
6741 0.562168318774 0.541352333483
6744 0.554824144537 0.534280099549
6747 0.557081257272 0.536453635846
6750 0.549649836487 0.529297385932
6753 0.560962114787 0.540190792853
6756 0.553880796915 0.533371682231
6759 0.549103430286 0.528771212075
6762 0.556225453355 0.535629520661
6765 0.557963525924 0.537303235828
6768 0.546614096968 0.526374053866
6771 0.556715509622 0.536101431111
6774 0.553564920819 0.533067502404
6777 0.555382064243 0.534817360587
6780 0.558956975768 0.538259900182
6783 0.548253676616 0.52795292311
6786 0.54577304907 0.525564148314
6789 0.547902560294 0.527614807934
6792 0.544683975914 0.524515401392
6795 0.542119473069 0.522045857035
6798 0.54644412264 0.526210373353
6801 0.545742724724 0.525534946819
6804 0.545872214029 0.525659641391
6807 0.54683024818 0.526582201424
6810 0.545961797993 0.525745908237
6813 0.547913152287 0.527625007726
6816 0.548124188494 0.527828229678
6819 0.545288335594 0.525097382824
6822 0.548307975286 0.528005211208
6825 0.54974207312 0.529386207224
6828 0.53885431363 0.518901600017
6831 0.546402753118 0.526170535662
6834 0.546491500329 0.526255996739
6837 0.543976281266 0.523833911283
6840 0.536516627878 0.516650474163
6843 0.528947045718 0.509361178717
6846 0.541481049824 0.521431073345
6849 0.542490772624 0.522403408099
6852 0.540891601229 0.52086345087
6855 0.526571904279 0.507073984086
6858 0.53268618439 0.512961864451
6861 0.538917727447 0.518962665745
6864 0.538686266306 0.518739775154
6867 0.510814385242 0.491899934935
6870 0.504143290799 0.485475857976
6873 0.507258202051 0.488475430201
6876 0.510727690822 0.491816450639
6879 0.518377360151 0.499182867783
6882 0.520249245982 0.50098544137
6885 0.515210047442 0.496132834423
6888 0.516118223394 0.497007382409
6891 0.51993647689 0.500684253501
6894 0.5195389124 0.500301410041
6897 0.515417364895 0.49633247532
6900 0.513972241538 0.494940862034
6903 0.520759774871 0.501477066379
6906 0.51507848268 0.496006141246
6909 0.515256942536 0.496177993084
6912 0.521991445488 0.50266313066
6915 0.512278747639 0.493310074877
6918 0.512661628372 0.493678778291
6921 0.520216577449 0.500953982488
6924 0.512773269043 0.493786285128
6927 0.52009464178 0.500836561856
6930 0.520824241989 0.501539146407
6933 0.51884175324 0.499630065311
6936 0.520287668824 0.50102244149
6939 0.51834099635 0.499147850461
6942 0.520049774333 0.500793355763
6945 0.510094978686 0.491207166586
6948 0.514573528196 0.495519884231
6951 0.50978562748 0.490909270046
6954 0.51085280746 0.491936934454
6957 0.515132867652 0.496058512449
6960 0.512997300635 0.494002021272
6963 0.515218455859 0.496140931493
6966 0.51288893651 0.493897669656
6969 0.513628731093 0.494610071104
6972 0.513060641082 0.494063016346
6975 0.508885354186 0.490042332099
6978 0.491087390862 0.472903392291
6981 0.503146545213 0.484516019916
6984 0.512311334543 0.493341455153
6987 0.505967608341 0.487232624634
6990 0.507372358908 0.488585360055
6993 0.50229836293 0.483699244151
6996 0.504157280311 0.485489329484
6999 0.499184826865 0.480700996192
7002 0.50150274005 0.482933081619
7005 0.488694911434 0.470599501664
7008 0.502910795375 0.48428899943
7011 0.49877734383 0.480308601451
7014 0.498653372877 0.480189220899
7017 0.487923258338 0.469856421361
7020 0.501824185812 0.483242624878
7023 0.488856662684 0.470755263583
7026 0.497772253577 0.47934072771
7029 0.498539944211 0.480079992272
7032 0.499688328252 0.481185853915
7035 0.491372632519 0.473178072012
7038 0.492032071616 0.473813093379
7041 0.499644174681 0.481143335264
7044 0.498979722838 0.480503486763
7047 0.49908708659 0.480606875047
7050 0.498268756434 0.479818846045
7053 0.492589197506 0.474349589995
7056 0.491873120954 0.473660028346
7059 0.495660546475 0.477307212962
7062 0.492386253713 0.47415416081
7065 0.490108140805 0.471960401935
7068 0.488181521106 0.470105121168
7071 0.494867878407 0.476543895831
7074 0.496338833393 0.477960384251
7077 0.491945905628 0.473730117947
7080 0.495890858101 0.477528996603
7083 0.486055567314 0.468057887256
7086 0.489581856497 0.471453604898
7089 0.488542664397 0.470452892034
7092 0.487400199623 0.46935273048
7095 0.490482771582 0.472321160872
7098 0.490612005452 0.472445609467
7101 0.492157547993 0.473933923612
7104 0.49146202532 0.473264154774
7107 0.487670394464 0.469612920538
7110 0.486086738573 0.468087904305
7113 0.485384132061 0.467411313927
7116 0.487196256884 0.469156339339
7119 0.485075694524 0.467114297225
7122 0.467508434003 0.450197517751
7125 0.488527054367 0.470437860013
7128 0.484171106728 0.466243204533
7131 0.470640519775 0.453213628558
7134 0.480481917214 0.462690618438
7137 0.486507159181 0.468492757566
7140 0.480659279276 0.462861413132
7143 0.47930740379 0.461559594933
7146 0.476861751004 0.459204499851
7149 0.471451521322 0.453994600316
7152 0.477331073331 0.459656444097
7155 0.477517521992 0.459835988931
7158 0.477415840527 0.45973807253
7161 0.477222618431 0.459552005068
7164 0.453305551491 0.436520539997
7167 0.468126707049 0.450792897365
7170 0.468462984928 0.451116723536
7173 0.469979055753 0.452576657245
7176 0.465093089065 0.447871608278
7179 0.467011801149 0.449719274233
7182 0.457497815906 0.44055757312
7185 0.454001556142 0.437190772967
7188 0.445351131536 0.428860656542
7191 0.459691395637 0.442669928915
7194 0.458288648522 0.441319122763
7197 0.464102538318 0.446917735673
7200 0.46252654626 0.445400099496
7203 0.462969506542 0.445826657832
7206 0.447213328286 0.430653899814
7209 0.458159869853 0.441195112514
7212 0.464075405441 0.446891607473
7215 0.462733464754 0.445599356206
7218 0.457481199748 0.440541572225
7221 0.45083214476 0.434138718644
7224 0.444314276555 0.427862194257
7227 0.456914373991 0.43999573491
7230 0.462967711939 0.445824929679
7233 0.459482134586 0.442468416388
7236 0.451334767007 0.43462272978
7239 0.454444886301 0.437617687484
7242 0.452785391347 0.436019640358
7245 0.450613511799 0.433928181231
7248 0.459726454371 0.442703689493
7251 0.450721211044 0.434031892585
7254 0.45538250852 0.438520591399
7257 0.4607266308 0.44366683136
7260 0.454982013613 0.438134926029
7263 0.442598681121 0.426210123942
7266 0.443595515351 0.427170047365
7269 0.454741407181 0.43790322878
7272 0.452095044705 0.435354855893
7275 0.446838700994 0.430293144233
7278 0.45128647236 0.434576223388
7281 0.450683658138 0.433995730189
7284 0.443846887962 0.427412112144
7287 0.441333378043 0.424991672545
7290 0.425386108211 0.409634898696
7293 0.437498851795 0.421299131249
7296 0.448378568215 0.431775993204
7299 0.447193575745 0.430634878671
7302 0.439632729313 0.423353995487
7305 0.448435408236 0.431830728552
7308 0.431403419476 0.41542940078
7311 0.42978768164 0.413873490533
7314 0.44873218204 0.432116513406
7317 0.447097654771 0.430542509462
7320 0.436092206179 0.419944570949
7323 0.445667103997 0.429164929164
7326 0.443896872208 0.427460245571
7329 0.442914386198 0.426514139082
7332 0.441419743612 0.425074840166
7335 0.443272528619 0.426859020195
7338 0.445759061341 0.429253481509
7341 0.442611414684 0.426222386007
7344 0.444699451044 0.428233106494
7347 0.443390221894 0.42697235552
7350 0.438412494203 0.422178943279
7353 0.43375925375 0.417698003152
7356 0.428177483561 0.412322914917
7359 0.437140951239 0.420954483046
7362 0.435640267103 0.419509366286
7365 0.436761380591 0.420588967151
7368 0.438129017506 0.421905963166
7371 0.433872265473 0.417806830274
7374 0.429920586032 0.414001473737
7377 0.433159157928 0.417120127696
7380 0.440271970434 0.423969566768
7383 0.43285950695 0.416831572204
7386 0.419715310654 0.4041740796
7389 0.417425589929 0.401969142723
7392 0.429811678252 0.413896598598
7395 0.424252402721 0.408543172086
7398 0.435862492039 0.419723362671
