Wave Flux FluxNorm
3600 0.258268686894 0.238026395855
3603 0.166384726216 0.153344012326
3606 0.148496564792 0.136857868986
3609 0.102217558271 0.0942060660968
3612 0.162805144147 0.150044986692
3615 0.219736757454 0.202514478402
3618 0.123458994855 0.113782665389
3621 0.169869547043 0.156555703808
3624 0.2290253412 0.211075052036
3627 0.303415758782 0.279634981604
3630 0.19496391832 0.179683256835
3633 0.14986141513 0.138115746629
3636 0.2063785517 0.190203246989
3639 0.278860072706 0.257003893319
3642 0.256904759714 0.236769369018
3645 0.198095751888 0.182569627093
3648 0.129605274241 0.119447218641
3651 0.213608642115 0.196866665555
3654 0.268254193777 0.247229269973
3657 0.322479521311 0.297204586115
3660 0.331528163837 0.305544024371
3663 0.279173266866 0.257292540302
3666 0.298166758732 0.274797381744
3669 0.236197705513 0.217685268891
3672 0.298886303976 0.275460531284
3675 0.313612996802 0.289032992036
3678 0.228790405612 0.210858529964
3681 0.222659824163 0.205208444293
3684 0.262667515537 0.242080458082
3687 0.156539579104 0.14427049702
3690 0.274374349697 0.252869747235
3693 0.283280222729 0.261077605823
3696 0.258673969963 0.238399914106
3699 0.346092937697 0.318967256859
3702 0.306418754398 0.282402611826
3705 0.158153960941 0.145758348663
3708 0.148021425114 0.136419969269
3711 0.253323540636 0.233468834678
3714 0.342068112034 0.315257884429
3717 0.247819032607 0.228395752753
3720 0.0895598502981 0.0825404296439
3723 0.15077374777 0.138956573493
3726 0.228955998725 0.211011144407
3729 0.194490274793 0.179246736005
3732 0.141753854827 0.130643631517
3735 0.0638457047297 0.0588416782941
3738 0.116867070283 0.107707395225
3741 0.206580469723 0.19038933931
3744 0.120484937713 0.111041705534
3747 0.0947919134076 0.0873624200285
3750 0.0971145119676 0.0895029805854
3753 0.21012466317 0.193655749972
3756 0.232199494736 0.214000425356
3759 0.110968640513 0.102271265913
3762 0.173263300459 0.159683465457
3765 0.157065895324 0.144755562222
3768 0.172826357172 0.159280768417
3771 0.264334497343 0.243616787074
3774 0.266613642168 0.245717299663
3777 0.250788415939 0.231132405117
3780 0.28291150166 0.260737783956
3783 0.28206505331 0.259957677578
3786 0.204099738913 0.188103040414
3789 0.132662791685 0.12226509744
3792 0.196736446879 0.181316860155
3795 0.143880311692 0.132603423351
3798 0.132330886161 0.121959205632
3801 0.191173512031 0.176189930723
3804 0.243071052091 0.224019904084
3807 0.17780791262 0.163871885146
3810 0.216069110496 0.199134290129
3813 0.175851797175 0.162069083905
3816 0.115421918733 0.106375510129
3819 0.105118408525 0.096879556791
3822 0.102624096409 0.0945807410487
3825 0.0772496848168 0.0711950963898
3828 0.100131357266 0.092283374995
3831 0.125228725841 0.115413690401
3834 0.0890297739139 0.082051898987
3837 0.129940560449 0.119756226166
3840 0.0878697995829 0.0809828398122
3843 0.15666600968 0.144387018363
3846 0.150860512225 0.139036537621
3849 0.128867075822 0.118766877902
3852 0.148102728572 0.136494900417
3855 0.133345892568 0.122894659015
3858 0.107209250724 0.0988065253247
3861 0.104701205206 0.0964950525617
3864 0.148177777464 0.136564067211
3867 0.13571894135 0.125081715663
3870 0.116009591189 0.106917122658
3873 0.11800714272 0.108758112354
3876 0.163615062729 0.150791426391
3879 0.125621844929 0.115775998046
3882 0.127806837796 0.117789738013
3885 0.185841186301 0.171275535988
3888 0.160897635233 0.148286982355
3891 0.265870751907 0.245032634814
3894 0.280635807845 0.258640451897
3897 0.256344621467 0.236253132652
3900 0.228118103768 0.210238921033
3903 0.244161001201 0.225024426396
3906 0.196828511434 0.181401708978
3909 0.287614151531 0.265071854855
3912 0.304050511952 0.280219984808
3915 0.283357840254 0.261149139929
3918 0.240612256472 0.221753821168
3921 0.164081938547 0.151221709945
3924 0.195578561037 0.18024972578
3927 0.147107994259 0.135578130264
3930 0.0756542620587 0.0697247178722
3933 0.0421830593439 0.0388768832278
3936 0.0648503987517 0.0597676275443
3939 0.140352119503 0.12935175982
3942 0.161546221642 0.148884734592
3945 0.187561171013 0.172860713684
3948 0.234783331864 0.21638174942
3951 0.300987932683 0.277397440913
3954 0.318819128496 0.293831083428
3957 0.270427361506 0.24923211162
3960 0.254507848599 0.234560320291
3963 0.142842133627 0.131646614432
3966 0.0900205900704 0.0829650580754
3969 0.0523687448433 0.0482642465891
3972 0.12412844419 0.114399645381
3975 0.222504892893 0.205065656052
3978 0.313369631867 0.288808701283
3981 0.361838585215 0.333478809824
3984 0.357648325552 0.329616969593
3987 0.430365485664 0.396634786373
3990 0.396362122853 0.365296500675
3993 0.441667340653 0.407050837354
3996 0.407311900452 0.37538806899
3999 0.465849852568 0.429337999701
4002 0.526423533501 0.485164105179
4005 0.390378574857 0.359781924437
4008 0.477402967141 0.439985617327
4011 0.507562270279 0.467781128713
4014 0.539926248574 0.497608519721
4017 0.535849644516 0.493851427125
4020 0.552209703538 0.508929235944
4023 0.51844770397 0.477813396194
4026 0.536377524488 0.494337933519
4029 0.581704169188 0.536112017724
4032 0.365009138586 0.336400865148
4035 0.426865658285 0.393409264506
4038 0.596354002564 0.549613643029
4041 0.528655954296 0.487221555821
4044 0.391479347304 0.360796421786
4047 0.36843502115 0.339558237763
4050 0.55715880981 0.513490446763
4053 0.53185336636 0.490168364739
4056 0.454510964973 0.418887818614
4059 0.445397882209 0.410488990744
4062 0.437418550749 0.403135054301
4065 0.41004005391 0.377902398321
4068 0.488271042475 0.450001886944
4071 0.431682212211 0.397848312016
4074 0.530105859653 0.488557822137
4077 0.343461201149 0.316541787581
4080 0.540980386612 0.498580037721
4083 0.549843247314 0.50674825515
4086 0.542580850276 0.500055062054
4089 0.655804174073 0.604404296234
4092 0.59175803351 0.54537789164
4095 0.537171550152 0.495069725937
4098 0.496590496816 0.457669288502
4101 0.406661257402 0.374788421304
4104 0.500873579963 0.461616677002
4107 0.587397819135 0.541359417215
4110 0.48313528903 0.445268657774
4113 0.496265037331 0.457369337513
4116 0.540930728957 0.498534272077
4119 0.442586817035 0.407898248056
4122 0.476482641603 0.439137424022
4125 0.534227416457 0.492356344223
4128 0.478150335941 0.4406744097
4131 0.418045541978 0.385280441299
4134 0.400004632458 0.368653521782
4137 0.504837670324 0.465270074372
4140 0.503365259238 0.463913066257
4143 0.293037566451 0.270070199494
4146 0.442562933916 0.407876236822
4149 0.421813913273 0.388753459451
4152 0.394850935166 0.363903755147
4155 0.405154553584 0.373399808214
4158 0.46848641381 0.431767915528
4161 0.495818119112 0.456957447344
4164 0.482657089863 0.44482793836
4167 0.428013130905 0.394466801815
4170 0.488299231403 0.450027866512
4173 0.348228082991 0.320935056149
4176 0.418094994774 0.38532601814
4179 0.41606038699 0.383450876544
4182 0.424026617988 0.390792739299
4185 0.55151409246 0.508288144685
4188 0.453990425207 0.418408077125
4191 0.469740623371 0.43292382407
4194 0.504987528811 0.46540818742
4197 0.382554696281 0.352571256967
4200 0.428921451524 0.395303931108
4203 0.418356138971 0.385566694673
4206 0.503097271479 0.46366608254
4209 0.542323072389 0.49981748799
4212 0.515794296599 0.475367954585
4215 0.372742662577 0.343528259743
4218 0.664967234134 0.612849184337
4221 0.679353100246 0.626107531305
4224 0.443430488584 0.408675795271
4227 0.217814884928 0.200743236226
4230 0.601959819213 0.554780093321
4233 0.541138194923 0.49872547751
4236 0.505762379839 0.466122308051
4239 0.550635193888 0.507478131432
4242 0.627830634909 0.578623235485
4245 0.732019595133 0.674646191222
4248 0.568259474877 0.523721076458
4251 0.473198696502 0.436110864256
4254 0.482302960171 0.444501564245
4257 0.626622947772 0.577510203084
4260 0.458507529105 0.422571144562
4263 0.66229152633 0.610383190133
4266 0.726788238213 0.669824851678
4269 0.558298037013 0.514540384905
4272 0.341645745336 0.31486862151
4275 0.445656257664 0.410727115539
4278 0.677348183309 0.624259753481
4281 0.549587773748 0.506512804803
4284 0.587697502566 0.541635612397
4287 0.564534224548 0.520287799586
4290 0.404915973291 0.373179927097
4293 0.566234768421 0.521855060155
4296 0.542573790779 0.500048555858
4299 0.370131066327 0.34112135223
4302 0.401912593976 0.37041194325
4305 0.393131083858 0.3623187004
4308 0.280892797426 0.25887729944
4311 0.425130335091 0.391809950511
4314 0.558701431016 0.514912162149
4317 0.857060636119 0.78988690692
4320 0.75959450821 0.700059868949
4323 0.599924995014 0.552904752271
4326 0.394314546276 0.363409406739
4329 0.785217778556 0.723674867592
4332 0.751577372045 0.692671090815
4335 0.849877420356 0.783266689118
4338 0.563778752726 0.51959153928
4341 0.562319359541 0.518246528763
4344 0.724477312449 0.66769504904
4347 0.744408947502 0.686064504944
4350 0.776449877418 0.715594167093
4353 0.614953824091 0.566755668781
4356 0.760608722944 0.700994592708
4359 0.66856444884 0.616164460617
4362 0.793964922575 0.73173643785
4365 0.871085035283 0.802812117587
4368 0.675473296786 0.622531814693
4371 0.736029745565 0.678342038619
4374 0.583528555521 0.537793414369
4377 0.723722809001 0.66699968121
4380 0.716837037219 0.66065359466
4383 0.361286326152 0.332969835096
4386 0.581372211705 0.53580607803
4389 0.615538954774 0.567294938753
4392 0.649946057783 0.599005320757
4395 0.646797512079 0.596103548207
4398 0.791468272096 0.729435467018
4401 0.671902800633 0.619241162849
4404 0.50595505747 0.466299884212
4407 0.567026419147 0.522584663775
4410 0.730561528591 0.67330240337
4413 0.786523277038 0.72487804519
4416 0.602131223292 0.554938063285
4419 0.805454543539 0.742325538297
4422 0.674052420538 0.621222302277
4425 0.74459103506 0.686232321049
4428 0.745533260725 0.687100698016
4431 0.699442309115 0.644622210882
4434 0.643049403378 0.592649204531
4437 0.743982972275 0.685671916321
4440 0.814767702498 0.750908761016
4443 0.651366621384 0.60031454503
4446 0.852168447246 0.785378152493
4449 0.828296278976 0.763377010028
4452 0.80677876912 0.743545975223
4455 0.657589394875 0.606049597019
4458 0.667308945289 0.615007359504
4461 0.591554867498 0.545190649144
4464 0.766270062227 0.706212213943
4467 0.75345565008 0.694402155298
4470 0.721124010059 0.664604567992
4473 0.853696739779 0.786786662243
4476 0.911150063357 0.839736974204
4479 0.856881541607 0.789721849274
4482 0.735978390855 0.67829470893
4485 0.945117178207 0.871041852944
4488 0.821615484874 0.75721983565
4491 0.809241584067 0.745815762446
4494 0.731602820224 0.674262081826
4497 0.776516571469 0.715655633873
4500 0.886630311509 0.817139003736
4503 0.967441439217 0.891616408274
4506 0.965165284152 0.889518651116
4509 0.946356478553 0.872184020809
4512 0.903371878918 0.832568419508
4515 0.841449118027 0.775498970736
4518 0.83571274676 0.770212198288
4521 0.960249767593 0.884988397354
4524 0.833568482085 0.768235994365
4527 0.684615101252 0.630957113147
4530 0.686347736533 0.6325539499
4533 0.789758328284 0.727859543249
4536 0.768249207391 0.708036239906
4539 0.862776554119 0.795154829163
4542 0.817731182639 0.753639972863
4545 0.793147682877 0.73098325084
4548 0.834696709197 0.769275794568
4551 0.842264703885 0.776250633527
4554 0.754111998801 0.695007061462
4557 0.908566120435 0.837355552639
4560 0.914373817286 0.842708060394
4563 0.851075842444 0.784371182635
4566 0.817446205895 0.753377331703
4569 0.929061940862 0.856244974833
4572 0.822144519266 0.757707405983
4575 0.895397784144 0.825219309316
4578 0.861647370907 0.794114147796
4581 0.769432935536 0.709127191146
4584 0.828542447563 0.763603884692
4587 0.859963854563 0.792562580191
4590 0.937021265268 0.863580472313
4593 0.817358610847 0.753296602081
4596 0.784692991816 0.723191211993
4599 0.838533599999 0.772811961882
4602 0.842992303762 0.776921206404
4605 0.80274315652 0.739826661303
4608 0.995089323315 0.917097337781
4611 0.944877138745 0.870820627023
4614 0.917295236699 0.845400508101
4617 0.977846239322 0.901205712724
4620 0.936408829276 0.863016037136
4623 0.951914101291 0.877306054478
4626 0.932478584574 0.859393832708
4629 0.923049487092 0.850703758365
4632 0.955679443344 0.88077628081
4635 0.877270541571 0.808512823259
4638 0.82995989592 0.764910237884
4641 0.865812589274 0.797952909388
4644 0.848602364234 0.782091567902
4647 0.708715579329 0.653168671211
4650 0.855638537845 0.788576268256
4653 0.905828196635 0.834832218734
4656 0.80530873743 0.742191160014
4659 1.01076989036 0.931548911078
4662 0.890836382225 0.821015415797
4665 0.828586013628 0.763644036185
4668 0.67963693317 0.626369118293
4671 0.896359846369 0.826105968116
4674 0.85795805001 0.790713984319
4677 0.919347825597 0.847292221507
4680 0.800984268696 0.7382056296
4683 0.867094285183 0.799134149985
4686 0.864439509577 0.796687447379
4689 0.846303697728 0.779973063679
4692 0.845566940188 0.779294050888
4695 0.933328162221 0.860176823119
4698 0.816793189607 0.752775496787
4701 0.817028076111 0.752991973623
4704 0.844966891201 0.778741031863
4707 0.823212988604 0.758692132039
4710 0.838643361144 0.772913120292
4713 0.861162007743 0.793666825877
4716 0.898447788375 0.828030263765
4719 0.996491405344 0.918389529011
4722 0.958228559602 0.883125605317
4725 0.998970799477 0.920674595994
4728 0.759004933874 0.699516503604
4731 0.828910072939 0.763942696742
4734 0.912292333169 0.840789716485
4737 0.894945887048 0.824802830499
4740 0.920374815083 0.848238718773
4743 0.944551283244 0.870520311056
4746 0.963159073926 0.887669681366
4749 0.986422680432 0.909109959232
4752 0.950023439327 0.875563576679
4755 0.915677426377 0.843909496686
4758 0.932426148511 0.85934550642
4761 0.947414468551 0.873159088863
4764 0.875598962888 0.806972257679
4767 0.871114744899 0.802839498656
4770 1.00075714574 0.92232093403
4773 0.975284845757 0.898845073167
4776 1.03244624689 0.951526342655
4779 1.01405332694 0.934575002175
4782 0.937722889818 0.864227105727
4785 0.923471812374 0.851092983113
4788 0.919011729089 0.846982467192
4791 0.920924911862 0.848745700689
4794 1.06267382405 0.979384776954
4797 0.978695386257 0.90198830618
4800 0.921176952879 0.84897798752
4803 1.05124595614 0.968852589554
4806 0.947762229989 0.873479593848
4809 0.945797544364 0.871668894132
4812 0.979915393307 0.903112692898
4815 0.982572906535 0.905561918559
4818 1.05401332122 0.971403057221
4821 1.03720070068 0.955908157235
4824 0.913664804859 0.842054618141
4827 0.985386099878 0.908154622616
4830 0.976936378782 0.900367164204
4833 0.925551134594 0.853009334568
4836 0.981634615919 0.904697168224
4839 0.923595565659 0.851207037003
4842 0.927677893979 0.854969405211
4845 0.995476101037 0.917453801076
4848 0.921920499626 0.849663257402
4851 0.9915386744 0.913824977611
4854 0.915077366068 0.843356467226
4857 0.937712836736 0.864217840574
4860 0.741640166197 0.683512732048
4863 0.830142360027 0.765078401026
4866 0.921930247068 0.849672240869
4869 0.908149013666 0.836971137392
4872 0.78706323064 0.72537567892
4875 0.886553144119 0.817067884484
4878 0.974843293745 0.898438128619
4881 0.901994919099 0.831299381489
4884 0.912968622632 0.841413000497
4887 0.848189372746 0.781710945394
4890 0.809759149473 0.746292762695
4893 0.967662412671 0.891820062519
4896 1.08592894886 1.00081723789
4899 0.997973524162 0.919755483997
4902 0.975211429018 0.898777410601
4905 1.02500784128 0.944670935982
4908 0.95172869936 0.877135183769
4911 0.891012245063 0.821177495057
4914 0.989357953924 0.911815175178
4917 0.965240477654 0.889587951186
4920 0.714799403278 0.658775664088
4923 0.901162907328 0.830532580195
4926 0.938822117584 0.865240179462
4929 1.05024978815 0.967934498088
4932 1.00062206192 0.922196437655
4935 0.945371906154 0.871276616112
4938 0.804053125061 0.741033958612
4941 0.975422798958 0.898972214027
4944 1.0289464093 0.948300811369
4947 1.01896143789 0.939098430757
4950 1.06047627547 0.977359465354
4953 1.02291328504 0.9427405445
4956 0.951872997974 0.87726817271
4959 0.949998403825 0.875540503381
4962 1.03862316494 0.957219133205
4965 0.935667103391 0.862332445404
4968 0.927866376439 0.855143115006
4971 0.986021553806 0.908740271655
4974 1.05946743672 0.976429696227
4977 0.974235007419 0.897877517871
4980 0.928160260508 0.855413965362
4983 0.798603909508 0.736011835512
4986 0.899913322584 0.829380933992
4989 0.955894676527 0.88097464469
4992 0.96439437692 0.888808165178
4995 0.966469450616 0.890720601095
4998 0.945317097462 0.871226103154
5001 0.875514477455 0.806894393951
5004 0.86590833199 0.79804114809
5007 0.852007479346 0.785229800753
5010 0.938279353597 0.864739955617
5013 0.774803708514 0.714077019753
5016 0.869026003678 0.800914466433
5019 0.867761079842 0.799748683367
5022 0.837202456445 0.771585149192
5025 0.934615448789 0.861363216196
5028 0.873403235722 0.804948624734
5031 0.9800514136 0.903238052346
5034 1.03420548754 0.953147699524
5037 0.89868964268 0.828253162286
5040 0.720364805775 0.663904867763
5043 0.903857046172 0.833015560872
5046 1.06763292908 0.983955202865
5049 0.863336272047 0.795670678152
5052 0.888367821151 0.818740332811
5055 1.01941199693 0.939513676397
5058 1.01804373291 0.938252652621
5061 1.06319392294 0.979864112128
5064 0.905817836378 0.834822670481
5067 0.91945691883 0.847392764355
5070 0.968435711108 0.892532752247
5073 0.938633107915 0.86506598378
5076 0.936892253031 0.863461571651
5079 0.79739462247 0.734897328606
5082 0.859402110298 0.792044863683
5085 0.918261811363 0.846291325669
5088 0.95117395746 0.876623920803
5091 0.98284468217 0.905812393271
5094 1.01985942464 0.939926036118
5097 0.895188707767 0.825026619691
5100 0.89912916811 0.82865823909
5103 0.938604200812 0.865039342325
5106 0.902009897678 0.831313186093
5109 0.864511521946 0.796753815644
5112 0.926992777976 0.854337986455
5115 0.965725923975 0.890035349745
5118 1.02625356904 0.9458190275
5121 0.92717421241 0.854505200626
5124 0.78389025748 0.722451393461
5127 0.847922090104 0.781464611529
5130 0.856179337898 0.789074682093
5133 0.931478857159 0.858472460798
5136 0.949308020077 0.87490422975
5139 0.841347042031 0.775404895137
5142 0.831884193699 0.766683715229
5145 0.869152669604 0.80103120468
5148 0.846212863235 0.77988934851
5151 0.828766172986 0.763810075217
5154 0.844281425694 0.778109290995
5157 0.969982269002 0.893958095775
5160 0.976804819515 0.90024591614
5163 0.90302660363 0.832250205816
5166 0.640170811426 0.589996227603
5169 0.707744903521 0.652274073935
5172 0.535245861597 0.493294966821
5175 0.860020750694 0.792615016982
5178 0.921439738174 0.849220176527
5181 0.823646181741 0.759091372855
5184 0.564183737321 0.519964782451
5187 0.960720504685 0.885422239547
5190 1.00237657371 0.923813436311
5193 0.795900638288 0.733520438226
5196 0.87569757097 0.807063137169
5199 0.96834537743 0.892449498639
5202 0.946447186716 0.87226761955
5205 0.764715130031 0.704779152464
5208 0.710435515568 0.654753804234
5211 0.870926565066 0.80266606777
5214 0.965657903165 0.889972660193
5217 0.910946007794 0.839548911878
5220 0.990380335203 0.912757425414
5223 0.908711213603 0.837489273858
5226 0.705283444409 0.650005536281
5229 0.951218301668 0.876664789451
5232 0.936491810251 0.863092514322
5235 0.909002686564 0.837757902081
5238 1.02119852712 0.94116018394
5241 1.01628911423 0.936635555463
5244 1.05555227408 0.972821391777
5247 0.85374646095 0.786832486423
5250 0.847614125265 0.781180784009
5253 0.941445702341 0.867658135861
5256 0.946585289559 0.872394898324
5259 1.05363766381 0.971056842665
5262 0.86160930275 0.794079063302
5265 0.714904698062 0.658872706196
5268 0.793457517121 0.731268801247
5271 0.789893916244 0.727984504249
5274 0.903078042767 0.832297613315
5277 1.02101150433 0.940987819413
5280 0.9871805789 0.909808455991
5283 0.888316448081 0.818692986202
5286 1.08442904857 0.999434895094
5289 1.06153257927 0.978332979367
5292 1.06255042472 0.979271049281
5295 1.0010192739 0.922562517403
5298 0.813051344965 0.749326926213
5301 0.933907107046 0.860710392061
5304 1.07229364788 0.988250629116
5307 1.050019725 0.967722466565
5310 1.10325349389 1.01678393933
5313 1.05180142379 0.969364521384
5316 1.02053498575 0.940548648861
5319 1.01559469957 0.935995566845
5322 1.00515437283 0.926373520225
5325 0.947222961955 0.872982591955
5328 0.664194464448 0.61213698192
5331 0.972533653007 0.89630951029
5334 1.02462115531 0.94431455725
5337 1.0382612316 0.956885567063
5340 0.886807237971 0.817302063255
5343 1.01653948679 0.936866304605
5346 0.969778067956 0.893769899368
5349 0.929580534901 0.856722923095
5352 1.04516537246 0.96324858298
5355 1.10708665835 1.02031667236
5358 1.11214762027 1.02498097193
5361 1.05608023878 0.973307976258
5364 1.02403276288 0.943772281171
5367 1.00411165792 0.925412530047
5370 0.858720104341 0.791416311218
5373 1.00982580015 0.930678815699
5376 1.05495501235 0.972270941549
5379 1.05581627647 0.973064702488
5382 1.01615463279 0.936511614258
5385 1.03331916257 0.952330841932
5388 0.98506002873 0.907854107904
5391 0.880996086725 0.811946371849
5394 0.934388438295 0.861153998075
5397 0.820595535294 0.756279826525
5400 0.964702067401 0.889091739843
5403 0.95454106512 0.879727125107
5406 0.792225339906 0.730133198224
5409 0.88462899045 0.815294539955
5412 1.00559702922 0.926781482599
5415 1.01334969113 0.933926515137
5418 1.05045573431 0.968124302832
5421 0.984340198573 0.907190695781
5424 0.957173527723 0.882153263533
5427 1.06072245509 0.977586350188
5430 0.877251000172 0.808494813454
5433 0.902244479626 0.831529382243
5436 0.891029835493 0.821193706804
5439 1.0811977559 0.996456861029
5442 1.07973501985 0.995108769647
5445 0.961488848859 0.88613036331
5448 0.955918973933 0.880997037741
5451 1.06213292602 0.978886272823
5454 0.948524725912 0.874182327728
5457 0.995480118289 0.917457503469
5460 1.04272323756 0.960997854973
5463 0.954804238522 0.879969671801
5466 1.02673941705 0.94626679627
5469 1.01090501843 0.931673448234
5472 0.97594503003 0.899453514263
5475 0.939358330129 0.865734365348
5478 0.941114809726 0.867353177573
5481 0.889253947282 0.819557007151
5484 1.00886334529 0.92979179504
5487 0.965232598703 0.889580689763
5490 0.977724845492 0.901093833362
5493 0.980798942673 0.903926992431
5496 1.00753293645 0.92856565948
5499 1.05783171331 0.974922175691
5502 0.969634479038 0.893637564499
5505 0.964188250752 0.888618194534
5508 1.0018842059 0.923359658741
5511 0.955854293218 0.880937426498
5514 0.913364481585 0.841777833265
5517 0.988008703994 0.910571675233
5520 1.04848253541 0.966305757083
5523 1.03165937897 0.950801146976
5526 0.998279313379 0.920037306412
5529 0.951462456846 0.87688980851
5532 1.00576770029 0.926938777006
5535 0.97374428395 0.897425255771
5538 0.993926048068 0.916025236406
5541 1.07357988734 0.989436057156
5544 1.01368261773 0.934233348
5547 1.0213741684 0.941322059003
5550 1.08504221125 1.0
5553 1.03162168529 0.950766407607
5556 1.04738114013 0.965290685719
5559 1.04362880166 0.961832443794
5562 1.01114427574 0.931893953301
5565 0.996185608394 0.918107699468
5568 0.988256562856 0.910800107693
5571 1.03491330198 0.953800037688
5574 1.03398004812 0.952939929346
5577 1.04145668809 0.959830573685
5580 1.0514894213 0.969076972672
5583 1.02941537683 0.948733022695
5586 0.935452687442 0.862134834706
5589 0.895629488635 0.825432853534
5592 0.955054313648 0.880200146822
5595 1.00708568592 0.92815346305
5598 0.997684989258 0.919489563554
5601 0.936203073331 0.862826407698
5604 1.01095078915 0.931715631587
5607 1.09853080855 1.01243140328
5610 1.08232920904 0.997499634412
5613 1.09111171424 1.00559379435
5616 0.930007494146 0.857116418611
5619 0.998604616385 0.920337113187
5622 1.05111036114 0.968727622062
5625 0.918170352524 0.846207035087
5628 1.02544588421 0.94507464648
5631 1.09782208837 1.01177823037
5634 1.04804343621 0.965901073102
5637 0.98380729849 0.906699562738
5640 1.00407587017 0.925379547227
5643 0.999775225183 0.921415973332
5646 1.0192750188 0.939387434182
5649 1.01008705579 0.930919594939
5652 1.05944913723 0.976412830994
5655 1.00319393807 0.924566738206
5658 0.881487331814 0.812399114686
5661 0.982665873384 0.905647598958
5664 1.02302438505 0.942842936844
5667 0.997654530244 0.919461491823
5670 1.00952936984 0.930405618671
5673 1.09813730057 1.01206873723
5676 1.09174184375 1.00617453628
5679 1.04833815725 0.966172694838
5682 0.995617214257 0.917583854284
5685 1.02577780095 0.945380548623
5688 0.978459985713 0.901771355594
5691 1.05828277127 0.975337881142
5694 1.06513242137 0.981650677113
5697 1.03183227231 0.950960489476
5700 0.973491598929 0.89719237541
5703 0.977246423018 0.900652908143
5706 0.951597422863 0.877014196314
5709 0.885233676022 0.815851832164
5712 0.928703093228 0.855914252553
5715 1.03666858909 0.955417750894
5718 1.05774726329 0.974844344602
5721 1.08930762866 1.00393110735
5724 1.10711849667 1.02034601529
5727 1.01311554707 0.933710722563
5730 1.05939789127 0.976365601533
5733 1.06876506012 0.98499860101
5736 1.0748398058 0.990597227148
5739 1.05660134275 0.973788237726
5742 1.04275313612 0.961025410173
5745 1.0988650114 1.01273941236
5748 1.00940233001 0.930288535823
5751 1.07448515611 0.990270373794
5754 0.957835456702 0.882763312591
5757 1.09785309708 1.01180680871
5760 1.02626060922 0.945825515891
5763 1.00255847624 0.923981081882
5766 1.1173748799 1.02979853532
5769 1.09984107994 1.0136389797
5772 1.06741496794 0.983754324829
5775 1.06245415093 0.979182321124
5778 1.07849845067 0.993969118893
5781 0.911201311327 0.839784205519
5784 0.931096604641 0.858120168035
5787 1.00949365593 0.930372703908
5790 1.0297076932 0.949002428226
5793 1.06538285771 0.981881485043
5796 1.07026170877 0.98637794703
5799 1.07132268776 0.987355769808
5802 1.12386882927 1.03578350926
5805 1.03041053689 0.949650185228
5808 1.06505222807 0.981576769116
5811 1.10692128752 1.02016426278
5814 1.08266732728 0.997811252005
5817 1.06476679264 0.981313705216
5820 1.13971423683 1.05038700339
5823 1.10926986405 1.02232876523
5826 1.11682123652 1.02928828477
5829 1.12736455521 1.03900525115
5832 1.1095477194 1.02258484315
5835 1.0728060966 0.988722913711
5838 1.08074557739 0.996040122851
5841 1.13484708939 1.04590132773
5844 1.11915805536 1.03144195107
5847 1.05967514126 0.976621121534
5850 1.09884257584 1.01271873523
5853 1.01925734625 0.939371146749
5856 1.04145987446 0.959833510313
5859 1.01975585871 0.93983058736
5862 1.07162002105 0.987629799044
5865 1.07918430322 0.994601216463
5868 1.08040383749 0.995725167454
5871 1.11170573426 1.02457371956
5874 1.10156993348 1.01523233111
5877 1.08909415138 1.00373436175
5880 1.01718753362 0.937463559557
5883 1.05362176166 0.971042186871
5886 1.06062391045 0.977495529168
5889 0.689334910128 0.635306998181
5892 0.87118909418 0.802908020674
5895 0.787173328682 0.725477147822
5898 0.957665942031 0.88260708395
5901 1.05495778917 0.972273500729
5904 1.06710885147 0.983472200813
5907 1.06440610108 0.98098128354
5910 1.07567017512 0.991362514722
5913 1.04939578736 0.967147431211
5916 1.00392002484 0.925235916568
5919 1.06346586096 0.980114736492
5922 1.04980280216 0.967522545461
5925 1.09304574137 1.00737623849
5928 1.06478311336 0.981328746773
5931 1.06859574928 0.984842560228
5934 1.03731016428 0.956009041424
5937 1.0674286856 0.983766967346
5940 1.04320150094 0.961438633565
5943 1.03940454241 0.957939268752
5946 1.08612639334 1.0009992073
5949 1.02916171473 0.948499241841
5952 1.04357573756 0.961783538692
5955 1.06199176476 0.978756175342
5958 1.03018504005 0.949442362124
5961 1.10495129809 1.01834867495
5964 1.08978387554 1.00437002749
5967 1.07666979023 0.992283783126
5970 1.11366140711 1.0263761129
5973 1.10496601046 1.01836223421
5976 1.03039028042 0.949631516395
5979 1.05778272741 0.974877029161
5982 1.06533764763 0.981839818386
5985 1.01122008607 0.931963821856
5988 1.0695201862 0.985694542673
5991 1.05196255383 0.969513022557
5994 1.10131231814 1.01499490686
5997 1.03631767086 0.955094336531
6000 1.07194117739 0.987925784158
6003 1.03077307855 0.949984312004
6006 1.02697616426 0.946484987967
6009 1.01491052803 0.935365018531
6012 1.02917910565 0.94851526971
6015 1.02647042355 0.946018885637
6018 1.02092385076 0.940907035854
6021 0.996243039132 0.918160628965
6024 1.03601735742 0.95481756072
6027 1.04796739627 0.965830992937
6030 1.07632965352 0.991970305265
6033 1.09262173819 1.00698546736
6036 1.09256571348 1.00693383369
6039 1.07213947701 0.988108541675
6042 1.06467356216 0.981227781852
6045 1.10163115605 1.01528875525
6048 1.09722318799 1.01122626992
6051 1.10461395603 1.0180377727
6054 1.06324278261 0.979909142326
6057 1.0452021272 0.963282457004
6060 1.08741929147 1.00219077212
6063 1.03869809221 0.957288187911
6066 1.0241731142 0.943901632194
6069 1.11623713803 1.0287499661
6072 1.1209062554 1.03305313267
6075 1.10885182866 1.02194349415
6078 1.05040426557 0.968076868052
6081 1.03548622134 0.954328053421
6084 1.04099478739 0.959404875315
6087 1.05709281984 0.974241194384
6090 1.00849158838 0.929449175277
6093 1.01627053223 0.936618429863
6096 1.0645989272 0.981158996545
6099 1.07421572161 0.990022056724
6102 0.966579551618 0.890822072726
6105 1.06394644738 0.980557656058
6108 1.04766799941 0.965555061867
6111 1.05037575655 0.968050593484
6114 1.09812464693 1.01205707533
6117 1.05528113882 0.972571507251
6120 1.00712607545 0.928190686969
6123 1.01443716119 0.9349287527
6126 1.03567528899 0.954502302542
6129 1.01538698674 0.935804133899
6132 1.09200150427 1.00641384542
6135 0.97774677431 0.901114043468
6138 0.91302451984 0.841464516658
6141 1.02878806995 0.948154882163
6144 1.07695259384 0.992544421479
6147 1.06076651653 0.977626958224
6150 1.01633410061 0.936677015952
6153 1.0718353802 0.987828279018
6156 1.03573710137 0.954559270263
6159 1.04836325737 0.966195827682
6162 0.875434937104 0.806821087723
6165 1.0086382396 0.929584332426
6168 1.02714488177 0.946640481927
6171 0.996308539405 0.918220995532
6174 1.05076224059 0.96840678611
6177 1.03604274684 0.9548409602
6180 1.05537153777 0.972654821012
6183 1.09124928827 1.00572058576
6186 1.0529955608 0.970465065677
6189 1.01269949749 0.933327281638
6192 0.949513320007 0.875093438914
6195 1.09504119106 1.00921529108
6198 1.06799023865 0.984284507629
6201 1.03330428228 0.952317127912
6204 1.09017477077 1.00473028557
6207 1.09400552714 1.00826079926
6210 1.06309587383 0.979773747791
6213 0.974837033709 0.898432359225
6216 0.964093867346 0.888531208604
6219 0.982233645597 0.905249247832
6222 1.01110336832 0.931856252076
6225 1.02670064456 0.946231062638
6228 1.03772348221 0.95638996479
6231 0.900364826212 0.829797050179
6234 1.04592196391 0.96394587516
6237 1.05711774071 0.974264162034
6240 0.945523220565 0.871416070973
6243 0.916815087145 0.844957991166
6246 0.969399896922 0.893421368195
6249 1.0402616446 0.958729193957
6252 0.936096939103 0.862728591939
6255 0.938968810344 0.865375374904
6258 0.844536008104 0.778343920033
6261 0.972838037102 0.896590037713
6264 1.02297496969 0.942797394502
6267 1.01099976751 0.931760771176
6270 0.99055391731 0.912917402698
6273 1.02991125989 0.949190039996
6276 0.962153180797 0.886742626991
6279 0.960997225961 0.885677272275
6282 0.961738030256 0.886360014649
6285 1.02104195896 0.941015887098
6288 1.06215372246 0.978905439304
6291 0.997828224432 0.919621572405
6294 1.00310550622 0.924485237368
6297 0.926089011884 0.85350505472
6300 0.982826227369 0.9057953849
6303 0.967100166011 0.891301882993
6306 0.994057382398 0.916146277162
6309 1.04114944326 0.959547409739
6312 0.980619547389 0.903761657587
6315 0.936763955769 0.863343329926
6318 0.916764077643 0.844910979628
6321 0.99729923359 0.919134042208
6324 1.03298119154 0.952019360012
6327 1.01940956698 0.939511436892
6330 1.01957125628 0.939660453492
6333 1.05414628127 0.971525596283
6336 0.932365673532 0.85928977128
6339 0.99825226445 0.920012377493
6342 1.01885888902 0.939003919345
6345 0.994833010116 0.916861113608
6348 1.04120698277 0.959600439483
6351 1.03521410904 0.95407726843
6354 0.99528481736 0.917277509615
6357 1.00320498542 0.924576919703
6360 0.945191060972 0.871109945009
6363 0.928582116761 0.855802757843
6366 0.989878315884 0.912294752797
6369 1.04391358501 0.962094906714
6372 1.06194330984 0.97871151816
6375 1.05569285886 0.972950957956
6378 1.02940635151 0.948724704758
6381 1.02466743425 0.944357208991
6384 1.0364528716 0.955218940663
6387 1.06512599912 0.981644758219
6390 1.05654746064 0.973738578727
6393 0.939703935131 0.866052882911
6396 1.05316463029 0.970620884025
6399 0.978292902853 0.901617368165
6402 1.04208749954 0.96041194411
6405 1.05803990718 0.975114051979
6408 0.984986972886 0.907786777948
6411 0.99854657336 0.920283619392
6414 1.01658631028 0.936909458214
6417 1.03753015993 0.956211794509
6420 0.95854872183 0.883420674232
6423 1.05853050371 0.975566197087
6426 1.05923507728 0.976215548392
6429 1.03387341951 0.952841657954
6432 0.983247598556 0.906183730333
6435 1.0513195335 0.968920400146
6438 0.992401051504 0.914619764298
6441 1.06102883208 0.977868714305
6444 1.06213915159 0.978892010453
6447 1.07806883157 0.993573171988
6450 0.864821452874 0.797039455156
6453 1.03770727291 0.956375025921
6456 0.99464378548 0.916686719806
6459 1.07805300161 0.99355858273
6462 0.965385642292 0.889721738275
6465 1.02286446772 0.942695553328
6468 1.04558867758 0.963638710768
6471 0.998746006864 0.920467421923
6474 1.04392039349 0.962101181568
6477 1.01854990566 0.938719153138
6480 1.04552074312 0.963576100802
6483 0.97223127212 0.896030829071
6486 1.05211165606 0.969650438627
6489 1.04462052652 0.962746440358
6492 0.991209184725 0.913521312305
6495 0.818309049885 0.754172548683
6498 0.910601023861 0.839230966705
6501 0.983224844354 0.906162759533
6504 1.02464880209 0.944340037158
6507 1.03741793262 0.956108363223
6510 1.03153202422 0.95068377389
6513 1.04820722323 0.966052023014
6516 1.01192555484 0.932613998191
6519 0.998852500988 0.920565569371
6522 1.04777850139 0.965656903048
6525 1.05568854461 0.972946981851
6528 1.01011960762 0.930949595461
6531 1.01691473304 0.93721214023
6534 1.01144733931 0.932173263701
6537 1.033172855 0.952196001489
6540 1.06085355363 0.977707173628
6543 1.03048542078 0.949719199955
6546 0.972528022517 0.8963043211
6549 1.04220798078 0.960522982405
6552 1.00567433578 0.926852730112
6555 0.961309343902 0.88596492739
6558 1.00744496972 0.92848458731
6561 0.882572395887 0.813399134834
6564 0.805341916735 0.742221738829
6567 1.04534016236 0.963409673401
6570 0.992785128164 0.914973738232
6573 0.948613259934 0.874263922731
6576 0.997736443461 0.919536984939
6579 1.04798161619 0.965844098347
6582 1.00483832886 0.926082246797
6585 1.02408560411 0.943820980872
6588 1.05016578744 0.967857081094
6591 1.020317714 0.940348406193
6594 0.937771750307 0.864272136684
6597 1.00883643351 0.929766992522
6600 1.03019273928 0.949449457908
6603 1.03781052195 0.956470182626
6606 0.990772701804 0.913119039549
6609 0.936961498318 0.86352538971
6612 1.03760199192 0.956277996525
6615 1.04354156031 0.96175204014
6618 1.04103778736 0.959444505082
6621 1.06161296827 0.978407067733
6624 0.984745294985 0.907564042004
6627 1.03143787245 0.950597001439
6630 1.01339132721 0.933964887911
6633 0.953047996661 0.878351078679
6636 1.02353847432 0.943316733404
6639 1.01238547012 0.933037866758
6642 1.01936983674 0.939474820586
6645 1.00465077321 0.925909391169
6648 1.00415233755 0.925450021338
6651 1.04133690837 0.959720181917
6654 1.03529766257 0.954154273294
6657 1.0349248129 0.953810646416
6660 1.02662280091 0.946159320137
6663 0.958499474015 0.883375286307
6666 0.987629617604 0.910222300448
6669 1.01351344366 0.934077433258
6672 1.03535215371 0.954204493597
6675 1.0348207772 0.95371476471
6678 0.925582837771 0.853038552949
6681 1.02928940289 0.948616922196
6684 1.04642326143 0.964407882551
6687 1.04202150405 0.960351121135
6690 1.04544569128 0.963506931289
6693 1.03991971104 0.95841406008
6696 0.982160343853 0.905181691249
6699 1.01109409185 0.931847702668
6702 1.02140504671 0.941350517174
6705 0.99370311678 0.915819777774
6708 1.01288580204 0.933498984222
6711 0.995175020713 0.917176318485
6714 0.978246997358 0.901575060599
6717 0.940656956703 0.866931209637
6720 1.02825524214 0.947663815734
6723 1.00002247372 0.921643843302
6726 1.00144776764 0.922957427144
6729 1.02516786915 0.944818421366
6732 1.02002195984 0.940075832322
6735 1.02052112224 0.940535871931
6738 0.978090820085 0.901431124012
6741 0.990552479608 0.912916077679
6744 0.983712811394 0.906612481244
6747 0.989344625826 0.911802891695
6750 0.976341442844 0.899818857482
6753 0.970338711432 0.894286601364
6756 1.01108101408 0.931835649891
6759 1.04150810162 0.95987795758
6762 1.02092320372 0.940906439528
6765 1.00989316755 0.930740903055
6768 0.962315159426 0.886891910242
6771 0.952060488132 0.877440967976
6774 1.00931315027 0.930206345717
6777 1.01555394597 0.935958007384
6780 1.03133943674 0.950506280815
6783 0.968230013756 0.892343176808
6786 0.970443377925 0.894383064424
6789 0.992845585992 0.915029457565
6792 0.980048954259 0.903235785761
6795 0.961865976916 0.88647793325
6798 0.982490577472 0.90548604219
6801 0.999594385222 0.921249307041
6804 0.987064128866 0.909701132946
6807 0.990696841351 0.913049124801
6810 0.989140662363 0.911614914249
6813 1.00143527436 0.922945913048
6816 1.00647981994 0.927595082941
6819 1.01066963071 0.931456509462
6822 1.02483171112 0.944508610353
6825 1.0382366913 0.956862950159
6828 0.995455043657 0.917434394108
6831 1.02721638827 0.946706383979
6834 1.02121115488 0.941171821977
6837 1.01024890663 0.931068760419
6840 0.950363507023 0.875876990934
6843 0.95633002626 0.881375873074
6846 1.01501418539 0.93546055155
6849 1.01983487365 0.939903409356
6852 1.02130577735 0.941259028235
6855 0.957885225058 0.882809180259
6858 0.986480649857 0.909163385195
6861 0.94512738029 0.87105125542
6864 1.01932361874 0.939432225007
6867 1.04979933486 0.96751934992
6870 1.03969056343 0.958202872345
6873 0.971677893782 0.895520822794
6876 0.98630900396 0.909005192366
6879 1.00218949269 0.923641018114
6882 0.945577259883 0.871465874859
6885 1.02453583767 0.944235926539
6888 1.02194837345 0.941851259665
6891 1.02457708281 0.94427393901
6894 1.00991153556 0.930757831437
6897 1.00753408589 0.928566718833
6900 0.997026737328 0.91888290335
6903 1.00978738225 0.930643408877
6906 0.998614133516 0.920345884395
6909 1.01202801088 0.932708424045
6912 0.972760462345 0.896518543022
6915 0.952073267666 0.87745274589
6918 0.992256732196 0.914486756286
6921 1.01660142745 0.93692339055
6924 0.955921626201 0.880999482133
6927 0.956687055308 0.881704919303
6930 0.984350139235 0.907199857325
6933 0.940799591244 0.867062664929
6936 0.973701680653 0.897385991587
6939 0.98035140876 0.903514534824
6942 0.977051811293 0.900473549476
6945 0.914689545622 0.842999042932
6948 0.976464364645 0.899932145057
6951 0.936482329127 0.863083776299
6954 0.92986293857 0.856983192849
6957 0.974000459534 0.897661353114
6960 0.965395361252 0.889730695493
6963 0.969375188624 0.893398596456
6966 0.9491562954 0.874764396778
6969 0.970142761223 0.894106009118
6972 0.957082437313 0.882069312504
6975 0.93384220321 0.860650575185
6978 0.832559858179 0.767306423242
6981 0.928705650153 0.855916609075
6984 0.982080203352 0.905107831909
6987 0.974415736743 0.898044082195
6990 0.963647031552 0.888119394401
6993 0.990946003689 0.913278758575
6996 0.978044517162 0.901388450167
6999 0.935835801556 0.862487921534
7002 0.963178472485 0.887687559526
7005 0.932202113044 0.859139030151
7008 0.949817107624 0.875373416609
7011 0.952129392723 0.877504472041
7014 0.947298608809 0.873052309845
7017 0.873672605606 0.80519688225
7020 0.983146493518 0.906090549591
7023 0.91895515793 0.846930329902
7026 0.948686275614 0.874331215671
7029 0.960815861657 0.885510122738
7032 0.962397981381 0.886968240871
7035 0.977325646887 0.900725922693
7038 0.914725258354 0.843031956611
7041 1.02415572047 0.94388560173
7044 0.984613049801 0.907442161784
7047 1.00434807338 0.925630416004
7050 1.00773706513 0.928753789193
7053 0.920852635835 0.84867908943
7056 1.02493643038 0.944605122045
7059 0.962990017101 0.887513874686
7062 0.965476292546 0.889805283646
7065 0.96502673911 0.8893909648
7068 0.896826918458 0.826536432557
7071 0.991434321724 0.913728803771
7074 0.992888424976 0.915068938963
7077 0.987574826198 0.91017180342
7080 1.02045205227 0.940472215454
7083 0.946084315309 0.871933188868
7086 0.935265042882 0.861961897138
7089 0.967729383298 0.891881784199
7092 0.951203519797 0.876651166137
7095 0.965903989321 0.890199458886
7098 0.979814722435 0.903019912293
7101 0.974724713385 0.898328842216
7104 0.975666796711 0.899197088
7107 0.948559631291 0.874214497333
7110 0.939408315154 0.865780432702
7113 0.950818284884 0.876296124729
7116 0.966268226108 0.890535147934
7119 0.952952526715 0.878263091368
7122 0.933318062738 0.860167515202
7125 0.974307739887 0.897944549796
7128 0.963581379931 0.888058888348
7131 0.904294547928 0.833418772611
7134 0.985637107066 0.908385956647
7137 0.998286285823 0.920043732378
7140 0.955898035511 0.880977740407
7143 0.981154754533 0.904254916871
7146 0.973447858461 0.897152063183
7149 0.920447968429 0.848306138589
7152 0.980304805807 0.903471584465
7155 0.941886536424 0.868064418749
7158 0.990745384513 0.913093863302
7161 0.96356761126 0.888046198823
7164 0.891040804863 0.821203816429
7167 0.943976696016 0.869990758176
7170 0.953598309278 0.878858259516
7173 0.979719443291 0.90293210083
7176 0.924901197433 0.852410337446
7179 0.950046479688 0.875584811208
7182 0.901389458929 0.830741375391
7185 0.949394918154 0.874984317027
7188 0.842023915819 0.776028717676
7191 0.904120963298 0.833258793
7194 0.897362778559 0.827030293621
7197 0.903312918871 0.832514080566
7200 0.930594430433 0.857657352669
7203 0.939670225538 0.866021815371
7206 0.913016708508 0.841457317553
7209 0.885859973962 0.816429042833
7212 0.949635952638 0.875206459983
7215 0.892723331179 0.822754471601
7218 0.952122985976 0.877498567435
7221 0.910900692921 0.839507148643
7224 0.921413917169 0.849196379291
7227 0.955742935104 0.880834796284
7230 0.940336982945 0.86663631442
7233 0.954331853235 0.879534310595
7236 0.924406434178 0.851954352186
7239 0.921314188211 0.849104466777
7242 0.94923239539 0.874834532289
7245 0.88038624454 0.811384327184
7248 0.960999573533 0.885679435852
7251 0.892063285345 0.822146158092
7254 0.911753085254 0.840292733134
7257 0.952445419254 0.877795729402
7260 0.893967952799 0.823901543675
7263 0.892337831075 0.822399185787
7266 0.912677820343 0.841144990381
7269 0.921381455655 0.849166462009
7272 0.899619420988 0.829110067482
7275 0.918379632399 0.846399912261
7278 0.907438045798 0.836315892959
7281 0.890921318575 0.821093695102
7284 0.858930580114 0.791610290559
7287 0.909616009935 0.838323155086
7290 0.848362052752 0.781870091281
7293 0.829971286054 0.764920735296
7296 0.931161807983 0.858180260943
7299 0.88945922189 0.819746192978
7302 0.895014393833 0.824865967938
7305 0.921079635761 0.848888297813
7308 0.868214783835 0.800166827461
7311 0.874933968069 0.806359383073
7314 0.911077008912 0.839669645539
7317 0.877316305049 0.808554999939
7320 0.898537263294 0.82811272592
7323 0.892683506776 0.822717768509
7326 0.849326810099 0.782759233968
7329 0.907463813934 0.83633964147
7332 0.910474241997 0.839114121606
7335 0.922316288142 0.850028025253
7338 0.938501594165 0.864944777666
7341 0.929581979477 0.85672425445
7344 0.868077175055 0.800040004026
7347 0.925845058483 0.853280221622
7350 0.908798783464 0.837569980268
7353 0.913016622534 0.841457238318
7356 0.851296037984 0.784574119937
7359 0.941620742657 0.867819457065
7362 0.882022880975 0.81289268918
7365 0.912981069987 0.841424472268
7368 0.929112809415 0.856291856468
7371 0.955507000893 0.880617353858
7374 0.944841658729 0.87078792782
7377 0.942346791918 0.868488600858
7380 0.973609297357 0.897300849004
7383 0.942489256339 0.868619899364
7386 0.891630410474 0.821747210599
7389 0.870777718856 0.802528887659
7392 0.95916232704 0.883986186987
7395 0.976615610888 0.900071537093
7398 0.944806995408 0.870755981302
