Wave Flux FluxNorm
3600 0.792392293494 0.765627458295
3603 0.673593420215 0.650841284649
3606 0.680436054463 0.657452793506
3609 0.635173381155 0.61371896898
3612 0.691676373827 0.668313445757
3615 0.710761377537 0.686753810463
3618 0.621872026573 0.60086689762
3621 0.665630893589 0.643147710302
3624 0.715956666005 0.691773616356
3627 0.840140637966 0.811762994842
3630 0.715864714486 0.691684770706
3633 0.638030897256 0.616479966035
3636 0.693105457861 0.669694259257
3639 0.794516387261 0.767679806009
3642 0.751878831017 0.726482429302
3645 0.668909292986 0.646315374371
3648 0.688840304132 0.665573170706
3651 0.721042944023 0.696688093874
3654 0.803696612171 0.776549948137
3657 0.813571482083 0.786091272067
3660 0.827306953924 0.799362797397
3663 0.782169477276 0.75574994073
3666 0.797974653911 0.771021261911
3669 0.74103896836 0.716008707432
3672 0.82641812711 0.798503992711
3675 0.801369552516 0.774301490166
3678 0.715218028628 0.69105992812
3681 0.738252138624 0.713316009149
3684 0.77800593538 0.751727031843
3687 0.695145307991 0.671665208853
3690 0.79178318053 0.765038919494
3693 0.826052720605 0.798150928634
3696 0.792632082814 0.765859148191
3699 0.85841163647 0.829416849202
3702 0.827679844715 0.79972309296
3705 0.66007535688 0.637779824363
3708 0.71621825955 0.692026373989
3711 0.739481699015 0.714504038368
3714 0.871262889731 0.841834022427
3717 0.909797272437 0.879066819528
3720 0.673233016774 0.650493054646
3723 0.674662041925 0.651873811253
3726 0.869258736988 0.839897564458
3729 0.852650955308 0.823850748026
3732 0.731456808939 0.706750207036
3735 0.529685250635 0.511793937763
3738 0.719924746248 0.695607665747
3741 0.892334354816 0.862193751298
3744 0.769882134121 0.743877630277
3747 0.672182265633 0.649477794993
3750 0.515778040141 0.49835647464
3753 0.815547656001 0.788000696258
3756 0.964195397284 0.931627525133
3759 0.744153318405 0.719017863286
3762 0.849121292543 0.820440307575
3765 0.873641115503 0.844131918264
3768 0.737824707762 0.712903015728
3771 0.611258200554 0.590611577491
3774 0.846221757029 0.817638710406
3777 0.906651887907 0.876027677447
3780 1.00866535426 0.97459540911
3783 1.03674873528 1.00173021066
3786 0.927040292274 0.895727417516
3789 0.864503642009 0.835303083527
3792 0.861922177753 0.832808814042
3795 0.732025698968 0.707299881523
3798 0.544596221853 0.526201257329
3801 0.813119902427 0.785654945531
3804 0.983619621905 0.9503956528
3807 0.925803516789 0.89453241691
3810 1.07515548424 1.03883968513
3813 0.936941503819 0.905294193331
3816 0.840615935708 0.812222238332
3819 0.937925467126 0.90624492106
3822 0.904893418947 0.874328604739
3825 0.762484830427 0.736730187184
3828 0.72050421929 0.696167565782
3831 0.700797861116 0.677126834259
3834 0.509910939016 0.492687548076
3837 0.55670064038 0.537896821846
3840 0.653714031782 0.631633367354
3843 0.887793032169 0.857805822057
3846 0.933885961443 0.902341858783
3849 1.01188562141 0.97770690448
3852 1.06642011408 1.03039937178
3855 0.990060373855 0.95661885384
3858 0.954388880473 0.922152245524
3861 0.951715636066 0.919569295971
3864 1.08064307932 1.04414192432
3867 1.05687267025 1.02117441438
3870 1.03353677867 0.998626745118
3873 0.878966978911 0.849277888635
3876 1.03011522484 0.995320761975
3879 0.890111382807 0.860045865177
3882 0.910521633794 0.879766713948
3885 0.7887566069 0.762114575208
3888 0.572219974852 0.552891955826
3891 0.699317815539 0.675696780557
3894 0.829458759186 0.801441920587
3897 0.931843200702 0.900368096889
3900 0.945313554865 0.913383459488
3903 0.937778143551 0.906102573671
3906 0.87831084318 0.848643915366
3909 1.03320979483 0.998310805889
3912 1.07431978865 1.03803221704
3915 1.0259529982 0.991299123923
3918 0.982911784668 0.94971172436
3921 0.93263489637 0.901133051252
3924 0.979917798405 0.94681886673
3927 0.791851419659 0.765104853693
3930 0.480630034561 0.464395672147
3933 0.231842136158 0.224011145602
3936 0.366024149238 0.35366085884
3939 0.70971769627 0.685745381882
3942 0.846240656776 0.817656971772
3945 0.898645306807 0.868291536666
3948 0.941347026776 0.909550909823
3951 1.01692018436 0.982571413725
3954 1.01078629212 0.976644707518
3957 0.937481961046 0.905816395398
3960 0.972682458318 0.939827916557
3963 0.734431137445 0.709624070895
3966 0.468842211705 0.45300600957
3969 0.24870336959 0.240302852882
3972 0.547045009146 0.528567331314
3975 0.792317697573 0.765555382019
3978 0.953665465038 0.921453265076
3981 1.06224799303 1.02636817351
3984 1.03522839305 1.00026122141
3987 1.05673844586 1.02104472372
3990 1.11132302976 1.0737855903
3993 1.18232795171 1.14239216102
3996 1.10019128915 1.06302984932
3999 1.15504477174 1.11603053193
4002 1.21082535898 1.16992700415
4005 1.05503024965 1.01939422568
4008 1.19042763361 1.15021825791
4011 1.21187404464 1.17094026809
4014 1.20382665567 1.16316469781
4017 1.18881885008 1.14866381468
4020 1.28333205397 1.23998462213
4023 1.23061995466 1.18905299276
4026 1.25481762587 1.21243333309
4029 1.22957341404 1.1880418014
4032 1.0831260558 1.04654103267
4035 1.18505733888 1.14502935699
4038 1.31412553265 1.26973798168
4041 1.226986393 1.18554216283
4044 1.15801142812 1.11889698281
4047 1.16779670502 1.12835173993
4050 1.27497377453 1.23190866242
4053 1.17353636834 1.13389753319
4056 1.14758284939 1.10882065282
4059 1.15603648604 1.11698874885
4062 1.16761152896 1.12817281861
4065 1.15188724462 1.1129796574
4068 1.18596760433 1.14590887617
4071 1.13842871157 1.09997571663
4074 1.20595704076 1.16522312435
4077 1.00033717552 0.966548533368
4080 1.14696925997 1.10822778876
4083 1.15655671089 1.11749140192
4086 1.13861103507 1.10015188175
4089 1.20792664152 1.1671261974
4092 1.13178910308 1.09356037588
4095 1.073277301 1.03702494176
4098 0.943420179886 0.911554037515
4101 0.642735221893 0.621025391507
4104 0.848032059239 0.81938786558
4107 1.03936439097 1.00425751668
4110 1.07558883447 1.03925839798
4113 1.15390935161 1.11493346317
4116 1.23502617684 1.19331038485
4119 1.13050174768 1.0923165038
4122 1.16789452628 1.12844625705
4125 1.20546559335 1.16474827668
4128 1.14480106665 1.10613283106
4131 1.16386543016 1.12455325273
4134 1.14402407477 1.10538208384
4137 1.25592192871 1.21350033562
4140 1.31422855256 1.26983752187
4143 1.13871925497 1.10025644627
4146 1.25641129063 1.21397316823
4149 1.22905697605 1.18754280727
4152 1.22523326501 1.18384825068
4155 1.14862927887 1.10983173679
4158 1.1926897967 1.15240401135
4161 1.23173336131 1.19012879159
4164 1.30111848853 1.25717027978
4167 1.20555807058 1.16483763028
4170 1.23052423602 1.18896050722
4173 1.04306387616 1.00783204342
4176 1.16969924841 1.13019002063
4179 1.17037258438 1.13084061316
4182 1.15687553173 1.11779945387
4185 1.20165037197 1.16106192299
4188 1.1254692432 1.0874539835
4191 1.2262554146 1.18483587487
4194 1.29107488484 1.24746592144
4197 1.15211894818 1.11320353465
4200 1.14441744898 1.10576217094
4203 1.15829442578 1.11917042158
4206 1.20853747627 1.16771639982
4209 1.23353879444 1.19187324215
4212 1.28736605657 1.24388236721
4215 1.17823219384 1.1384347466
4218 1.21917439961 1.17799403712
4221 1.25534563592 1.21294350842
4224 1.14277890579 1.10417897324
4227 0.936143622163 0.904523261926
4230 1.2645671911 1.22185358479
4233 1.16853488451 1.12906498574
4236 1.13454557122 1.0962237381
4239 1.13056475145 1.09237737948
4242 1.21178206064 1.17085139105
4245 1.21892599401 1.17775402197
4248 1.14205426718 1.10347881093
4251 1.1608368153 1.12162693617
4254 1.19609704728 1.15569617436
4257 1.23139855548 1.18980529458
4260 1.06639681685 1.03037686146
4263 1.24436006065 1.20232899571
4266 1.25364012975 1.21129560956
4269 1.17565595152 1.13594552267
4272 1.04421561291 1.00894487767
4275 1.13496162891 1.0966257425
4278 1.2390215901 1.19717084403
4281 1.18345101366 1.14347728902
4284 1.17698546568 1.1372301295
4287 1.11686141977 1.07913690871
4290 0.988935987381 0.955532446053
4293 1.16402754737 1.12470989408
4296 1.11757600307 1.07982735535
4299 0.934556128014 0.902989388969
4302 0.942688672567 0.910847238504
4305 1.015643441 0.981337795248
4308 0.91003959825 0.87930096024
4311 1.04927070415 1.01382922181
4314 1.06908076818 1.03297015629
4317 1.23233710653 1.19071214395
4320 1.18332806357 1.14335849185
4323 1.1306549622 1.09246454316
4326 0.968323800427 0.935616482158
4329 1.1664822667 1.12708169973
4332 1.11694677689 1.0792193827
4335 1.07353885234 1.03727765861
4338 0.785151312351 0.758631057607
4341 0.614259238217 0.593511248345
4344 0.91314397684 0.882300481448
4347 1.07634233241 1.03998644483
4350 1.10447216525 1.06716612918
4353 1.05817071097 1.02242861084
4356 1.18598842929 1.14592899772
4359 1.15289505212 1.11395342393
4362 1.24593815064 1.20385378214
4365 1.28037554501 1.23712797592
4368 1.17442739777 1.13475846609
4371 1.20729972014 1.1665204517
4374 1.12845161394 1.09033561795
4377 1.22348414248 1.18215820871
4380 1.24517469949 1.20311611828
4383 1.01923736811 0.98481032937
4386 1.13048167104 1.0922971053
4389 1.17455910641 1.13488572597
4392 1.20472252666 1.16403030874
4395 1.14510231571 1.10642390475
4398 1.25316318812 1.21083477771
4401 1.13701503324 1.09860978847
4404 1.14513890219 1.10645925545
4407 1.21025243694 1.16937343384
4410 1.2322349899 1.19061347654
4413 1.27924139973 1.23603213895
4416 1.14375492645 1.1051220266
4419 1.26805840818 1.22522687815
4422 1.22429468899 1.18294137718
4425 1.23595409216 1.19420695774
4428 1.25956481336 1.21702017363
4431 1.21445624969 1.17343525334
4434 1.15893031034 1.11978482771
4437 1.24937853365 1.20717795847
4440 1.28129846475 1.23801972197
4443 1.12980255046 1.09164092355
4446 1.27362256474 1.23060309278
4449 1.25905145116 1.2165241514
4452 1.24869025982 1.20651293264
4455 1.0893324302 1.0525377728
4458 1.14957954757 1.11074990802
4461 1.14858160853 1.10978567662
4464 1.21589036982 1.17482093283
4467 1.21583720995 1.17476956856
4470 1.18009620539 1.14023579696
4473 1.28491956043 1.24151850699
4476 1.27214333767 1.22917382994
4479 1.24627186425 1.20417622383
4482 1.11367328194 1.07605645742
4485 1.28588429732 1.24245065771
4488 1.2352899681 1.19356526596
4491 1.21314956122 1.17217270122
4494 1.236314445 1.19455513885
4497 1.26370795764 1.22102337388
4500 1.26599805386 1.22323611694
4503 1.31078537873 1.26651064899
4506 1.33532223609 1.2902187187
4509 1.29211121345 1.24846724572
4512 1.30861454383 1.26441313893
4515 1.25232065864 1.21002070656
4518 1.25807629577 1.21558193407
4521 1.27589327085 1.23279710067
4524 1.23643777301 1.19467430118
4527 1.16472385303 1.12538268044
4530 1.15973942365 1.1205666114
4533 1.16560192399 1.12623109257
4536 1.19862485627 1.1581386009
4539 1.28537743315 1.24196091402
4542 1.25304963677 1.21072506181
4545 1.2338327978 1.19215731488
4548 1.18582014054 1.1457663933
4551 1.19524368539 1.15487163669
4554 1.17683753054 1.1370871912
4557 1.22599977639 1.18458887142
4560 1.28379674644 1.24043361857
4563 1.2476085092 1.20546772059
4566 1.2265066938 1.18507866654
4569 1.28561936009 1.24219466934
4572 1.21657164689 1.17547919823
4575 1.27936430233 1.23615089025
4578 1.26400472408 1.22131011636
4581 1.18008477047 1.14022474828
4584 1.16383294268 1.1245218626
4587 1.22186482459 1.18059358693
4590 1.23329752965 1.19164012662
4593 1.20347990854 1.16282966284
4596 1.21191514839 1.17097998346
4599 1.21980214387 1.1786005779
4602 1.21680581801 1.17570545969
4605 1.22436882165 1.18301300584
4608 1.26795016804 1.22512229406
4611 1.24719783822 1.20507092094
4614 1.23645767887 1.19469353467
4617 1.22243896861 1.18114833794
4620 1.21820816016 1.17706043458
4623 1.26058228441 1.2180032773
4626 1.23679935166 1.19502366669
4629 1.22393340213 1.18259229361
4632 1.24986882776 1.20765169179
4635 1.22975260538 1.18821494015
4638 1.20707047655 1.16629895133
4641 1.23692102491 1.19514123016
4644 1.21641733287 1.17533009652
4647 1.14307186533 1.10446203741
4650 1.21024890502 1.16937002121
4653 1.22488244447 1.1835092799
4656 1.18456759135 1.14455615178
4659 1.26335303202 1.22068043666
4662 1.22940127028 1.18787547219
4665 1.18794115828 1.14781576889
4668 1.07704755801 1.04066784985
4671 1.20340805652 1.16276023779
4674 1.21118967301 1.17027901265
4677 1.23137127017 1.18977893089
4680 1.17721397181 1.13745091732
4683 1.21356816956 1.17257717011
4686 1.22011235451 1.17890031047
4689 1.20859926238 1.16777609898
4692 1.19658507774 1.15616772049
4695 1.23165862332 1.19005657804
4698 1.19456566104 1.15421651414
4701 1.16406643206 1.12474746534
4704 1.14061963631 1.10209263796
4707 1.1581914779 1.119070951
4710 1.16331264638 1.12401914047
4713 1.20372328314 1.16306481692
4716 1.20873854503 1.16791067704
4719 1.23736978656 1.19557483387
4722 1.23264265898 1.19100737568
4725 1.25052008074 1.20828094724
4728 1.16297519653 1.12369308875
4731 1.15529848448 1.11627567495
4734 1.20070353956 1.16014707198
4737 1.17087582866 1.13132685923
4740 1.2065333414 1.16577995913
4743 1.21859455881 1.17743378175
4746 1.20834070731 1.16752627719
4749 1.20876830426 1.16793943109
4752 1.19579428298 1.15540363661
4755 1.15972308697 1.12055082652
4758 1.20183814101 1.16124334971
4761 1.18293958983 1.14298313969
4764 1.13268557193 1.09442656448
4767 1.14977778277 1.11094144738
4770 1.19857891549 1.15809421188
4773 1.18748743063 1.14737736691
4776 1.21419760035 1.17318534047
4779 1.22058934833 1.17936119276
4782 1.20660932962 1.16585338068
4785 1.18579291731 1.1457400896
4788 1.16190547053 1.12265949515
4791 1.17819553065 1.1383993218
4794 1.22787772974 1.18640339266
4797 1.22021303582 1.17899759105
4800 1.16942917933 1.12992907374
4803 1.19969684795 1.15917438365
4806 1.16741099673 1.12797905981
4809 1.17663535744 1.13689184694
4812 1.18765795765 1.147542134
4815 1.20883985412 1.16800856418
4818 1.21121372044 1.17030224782
4821 1.20885308806 1.16802135112
4824 1.1210559255 1.08318973556
4827 1.1889950681 1.14883408053
4830 1.15810476156 1.1189871637
4833 1.1605907657 1.12138919744
4836 1.16145587672 1.12222508739
4839 1.13068872022 1.09249716093
4842 1.12708688869 1.08901698938
4845 1.13637042494 1.09798695327
4848 1.08940224781 1.05260523215
4851 1.09476997671 1.05779165392
4854 1.01920135035 0.984775528187
4857 0.925140361001 0.893891660703
4860 0.679408017283 0.656459480599
4863 0.715896595842 0.691715575198
4866 0.944679027769 0.912770364975
4869 1.03390147886 0.998979126736
4872 0.971465389838 0.938651957308
4875 1.07109079954 1.03491229431
4878 1.0716472284 1.03544992854
4881 1.13643755653 1.09805181734
4884 1.09999676894 1.06284189947
4887 1.07541755443 1.0390929033
4890 1.05868910297 1.02292949299
4893 1.1251337793 1.08712985066
4896 1.19013993073 1.14994027284
4899 1.15886506068 1.119721782
4902 1.15960325371 1.1204350409
4905 1.15941770561 1.12025576011
4908 1.1667380403 1.12732883399
4911 1.08409594593 1.04747816258
4914 1.17503237093 1.13534300492
4917 1.14795752364 1.1091826716
4920 1.02513065321 0.990504555486
4923 1.08652175428 1.04982203378
4926 1.1427378566 1.10413931058
4929 1.17960453267 1.1397607316
4932 1.14975573751 1.11092014674
4935 1.11259734427 1.07501686196
4938 1.07754148975 1.04114509793
4941 1.15962125581 1.12045243493
4944 1.18929992646 1.14912864161
4947 1.1601729844 1.12098552765
4950 1.17587540452 1.13615756315
4953 1.16153120731 1.12229787353
4956 1.12954679685 1.0913938086
4959 1.13002441597 1.09185529506
4962 1.19077375295 1.15055268629
4965 1.16826806348 1.12880717719
4968 1.13568279281 1.09732254746
4971 1.14012908319 1.10161865437
4974 1.18237787564 1.14244039866
4977 1.17197757782 1.13239139433
4980 1.12396619179 1.08600170105
4983 1.00849735786 0.974433087166
4986 1.09689703367 1.05984686474
4989 1.15279127702 1.11385315407
4992 1.12280998393 1.08488454671
4995 1.14623913716 1.1075223275
4998 1.14851690135 1.10972315507
5001 1.0824756476 1.04591259347
5004 1.10814210607 1.07071210947
5007 1.04723600841 1.0118632525
5010 1.14444401379 1.10578783847
5013 1.04633262752 1.01099038534
5016 1.07846826649 1.0420405707
5019 1.02923454336 0.994469827502
5022 1.08942261648 1.05262491282
5025 1.12701393709 1.08894650188
5028 1.0809307917 1.04441991857
5031 1.1321271992 1.09388705204
5034 1.15487347191 1.11586501813
5037 1.09256185722 1.05565811863
5040 1.02041948103 0.985952513761
5043 1.08417698733 1.04755646663
5046 1.16654563442 1.12714292705
5049 1.07701201719 1.04063350949
5052 1.08068739411 1.04418474227
5055 1.14439637381 1.10574180763
5058 1.15039724646 1.11153998729
5061 1.16380252413 1.1244924715
5064 1.11548371807 1.07780574198
5067 1.11048434684 1.07297523579
5070 1.12429080597 1.08631535065
5073 1.08981982403 1.0530087038
5076 1.10589418324 1.06854011531
5079 1.03806729334 1.00300423145
5082 1.07086750023 1.03469653744
5085 1.11391135835 1.07628649226
5088 1.12242327743 1.08451090209
5091 1.12333998068 1.08539664163
5094 1.1525319397 1.11360257645
5097 1.0688089223 1.03270749262
5100 1.04533132337 1.01002290249
5103 1.13580748678 1.09744302962
5106 1.10720481408 1.06980647663
5109 1.07541046591 1.03908605421
5112 1.1223628153 1.08445248221
5115 1.12103399683 1.08316854758
5118 1.14841959004 1.10962913067
5121 1.10876468115 1.07131365568
5124 1.05607077139 1.02039960146
5127 1.07478442549 1.03848115972
5130 1.07095709751 1.03478310837
5133 1.06720149497 1.03115435977
5136 1.08859099519 1.05182138142
5139 1.02410015947 0.989508868993
5142 1.03548802637 1.00051208503
5145 1.08671421749 1.05000799612
5148 1.05333745741 1.01775861132
5151 1.07398194606 1.03770578584
5154 1.06093235716 1.02509697621
5157 1.09787455978 1.0607913727
5160 1.10964382856 1.0721631079
5163 1.07330743104 1.03705405409
5166 0.976196561243 0.943223322737
5169 0.91433107375 0.883447481486
5172 0.895243068267 0.865004216398
5175 1.07901072219 1.04256470373
5178 1.11084281958 1.0733216003
5181 1.07404169812 1.03776351964
5184 0.846215044692 0.817632224794
5187 1.0605260695 1.02470441184
5190 1.05480705721 1.01917857207
5193 1.01299019489 0.978774168506
5196 1.01106057061 0.976909721632
5199 1.06276234564 1.02686515271
5202 1.06185426746 1.02598774692
5205 1.01317881742 0.97895641988
5208 1.01560399698 0.981299683533
5211 1.07940704277 1.04294763769
5214 1.07882684218 1.04238703468
5217 1.01471178431 0.980437607358
5220 1.10331965302 1.06605254564
5223 1.09047596298 1.05364268018
5226 0.967587708898 0.934905253779
5229 1.03308276537 0.998188067139
5232 1.04669219935 1.01133781182
5235 1.02138956895 0.986889834777
5238 1.08231080954 1.04575332319
5241 1.08188724299 1.04534406356
5244 1.06961367229 1.03348506037
5247 1.0739528059 1.03767762996
5250 1.05065408107 1.01516587206
5253 1.07028019118 1.03412906608
5256 1.06355899436 1.02763489282
5259 1.10143036224 1.06422706992
5262 0.997796535816 0.964093709498
5265 0.929967471516 0.898555724683
5268 0.998431975597 0.964707685869
5271 0.978108537094 0.945070717296
5274 0.999005170467 0.96526151979
5277 1.04298662291 1.00775739957
5280 1.05244445785 1.01689577483
5283 1.00869106438 0.974620250808
5286 1.08421016005 1.04758851886
5289 1.09660936953 1.0595689171
5292 1.09464706338 1.05767289226
5295 1.08106126183 1.04454598177
5298 0.99906529242 0.965319610989
5301 1.05749414191 1.02177489444
5304 1.07992246707 1.04344565237
5307 1.05767106765 1.02194584411
5310 1.09323155243 1.05630519338
5313 1.07831315429 1.04189069775
5316 1.03091155866 0.996090197831
5319 1.0754451654 1.03911958166
5322 1.06503201281 1.02905815676
5325 1.0084799702 0.974416286818
5328 0.934278676611 0.902721309112
5331 1.05379349438 1.01819924461
5334 1.05878327705 1.02302048613
5337 1.04387922395 1.008619851
5340 1.00257671215 0.968712424601
5343 1.05553546642 1.01988237762
5346 1.04123465142 1.00606460487
5349 1.02076818751 0.986289441898
5352 1.06849857694 1.03240762987
5355 1.0814331254 1.04490528482
5358 1.08958926192 1.05278592944
5361 1.07332502344 1.03707105227
5364 1.02092276643 0.986438799564
5367 1.02103683519 0.986549015395
5370 0.984682590245 0.951422716988
5373 1.0375129227 1.00246858592
5376 1.07480823709 1.03850416703
5379 1.05108408035 1.01558134714
5382 1.02337920849 0.988812269754
5385 1.0601728877 1.02436315954
5388 1.05759528038 1.02187261672
5391 1.02509124033 0.990466473861
5394 1.03119977948 0.996368683342
5397 0.99860063791 0.964870651232
5400 1.02035134052 0.985886674853
5403 1.00594793379 0.971969775636
5406 0.968774209809 0.936051677948
5409 1.00583150217 0.971857276762
5412 1.02135037915 0.986851968704
5415 1.0015006547 0.967672713416
5418 1.04619716808 1.01085950135
5421 1.02626774585 0.99160324026
5424 0.985156449625 0.9518805707
5427 1.053760822 1.01816767581
5430 0.984095773704 0.950855721498
5433 1.02158001522 0.987073848292
5436 1.01284452212 0.97863341616
5439 1.06360000325 1.02767451654
5442 1.05739636042 1.02168041573
5445 1.00294842735 0.969071584288
5448 1.01637380395 0.982043488537
5451 1.05930534032 1.02352491554
5454 1.02295154075 0.988399047464
5457 1.02088050884 0.98639796932
5460 1.05224936776 1.01670727434
5463 0.97914816472 0.946075229156
5466 1.02275972628 0.988213711956
5469 1.04436214597 1.00908646124
5472 1.03576553888 1.00078022393
5475 0.997582482483 0.963886886299
5478 0.981341566711 0.948194544053
5481 1.00122322256 0.967404652177
5484 1.03997770829 1.00485011783
5487 1.0124603768 0.978262246212
5490 1.0297803183 0.994997167662
5493 1.0229640638 0.988411147519
5496 1.02863549989 0.993891018067
5499 1.03385488618 0.998934107827
5502 0.993471664963 0.959914920903
5505 1.0211260796 0.986635245371
5508 1.01164956418 0.977478820613
5511 1.00951561243 0.97541694789
5514 1.01322077677 0.978996961962
5517 1.03654364194 1.00153204481
5520 1.0355989532 1.00061926506
5523 1.03534162845 1.00037063202
5526 0.992771215518 0.959238130717
5529 0.967211949305 0.934542186313
5532 1.02657870377 0.991903694872
5535 0.987185145479 0.95384074278
5538 1.02667395126 0.991995725171
5541 1.03286144501 0.997974222375
5544 1.00019418458 0.966410372268
5547 1.01641982625 0.982087956335
5550 1.03495803985 1.0
5553 1.01572160345 0.98141331758
5556 1.01487210226 0.980592510211
5559 1.01613339356 0.981811198549
5562 1.00023763313 0.966452353253
5565 0.992155439569 0.958643153988
5568 0.992456635023 0.958934175887
5571 0.995906318784 0.962267338806
5574 0.987501612512 0.954146520426
5577 0.999317902698 0.965563688786
5580 1.01179437023 0.977618735517
5583 1.00284383704 0.968970526752
5586 0.96613894057 0.933505420865
5589 0.933454165216 0.901924647448
5592 0.98460751375 0.951350176372
5595 0.964434756914 0.931858799853
5598 0.961556180077 0.929077453434
5601 0.949623077529 0.917547418314
5604 0.979506449333 0.946421411899
5607 1.02169556247 0.987185492675
5610 1.01752395649 0.983154792088
5613 1.01255827433 0.978356837032
5616 0.931626420003 0.900158638447
5619 0.992141705828 0.958629884135
5622 1.00128734609 0.967466609791
5625 0.954971554551 0.922715238472
5628 1.00224597449 0.968392858356
5631 1.01307819678 0.978859197932
5634 0.987322151916 0.953973121516
5637 0.968740044279 0.936018666435
5640 0.979589037291 0.946501210263
5643 0.986800339465 0.953468934457
5646 0.998068572448 0.964356557481
5649 0.992434830285 0.958913107653
5652 0.991509673473 0.958019200097
5655 0.954635458676 0.922390494993
5658 0.920573677754 0.889479227473
5661 0.968426926736 0.935716125144
5664 0.968418283242 0.935707773603
5667 0.970483418478 0.937703154243
5670 0.984616512081 0.951358870763
5673 1.00318539852 0.969300551227
5676 0.98081702671 0.947687721572
5679 0.9825710751 0.949382523025
5682 0.954356119657 0.922120591279
5685 0.953958096431 0.921736012184
5688 0.940063991431 0.908311211888
5691 0.972227513369 0.939388338399
5694 0.974695277356 0.941772748097
5697 0.984559363942 0.951303652932
5700 0.970942843183 0.938147060843
5703 0.972109351626 0.939274167835
5706 0.943417107504 0.91155106891
5709 0.914057588996 0.883183234295
5712 0.933875968838 0.902332203702
5715 0.967179754516 0.934511078975
5718 0.969720473555 0.936965979504
5721 0.985402893884 0.952118690749
5724 0.988835650076 0.955435497866
5727 0.981228441165 0.948085239577
5730 0.980532077213 0.947412396886
5733 0.975512718187 0.942562578022
5736 0.981416223833 0.948266679463
5739 0.982110934257 0.948937924476
5742 0.975870256349 0.942908039527
5745 0.980204173524 0.947095568884
5748 0.958170853047 0.925806473453
5751 0.965950578433 0.933323421084
5754 0.930399128138 0.89897280113
5757 0.974243565856 0.94133629417
5760 0.964570042873 0.931989516223
5763 0.93629590293 0.904670399067
5766 0.978640702461 0.945584907579
5769 0.976770524952 0.943777899529
5772 0.962902381742 0.930378184105
5775 0.960263846972 0.927828771792
5778 0.974264048651 0.941356085113
5781 0.943472062984 0.911604168145
5784 0.943949083887 0.912065076592
5787 0.95674310921 0.924426954881
5790 0.956270735865 0.92397053701
5793 0.954802608722 0.92255199917
5796 0.969180328536 0.9364440791
5799 0.962114564864 0.929616977517
5802 0.974047598654 0.941146946202
5805 0.951179576037 0.919051342577
5808 0.96265789916 0.930141959473
5811 0.969688492943 0.936935079109
5814 0.965298133296 0.932693013751
5817 0.952346120708 0.920178484574
5820 0.972881110705 0.940019859012
5823 0.972811336484 0.939952441573
5826 0.973566922695 0.940682506157
5829 0.973731913984 0.940841924493
5832 0.968411985231 0.935701688322
5835 0.964269384978 0.931699013726
5838 0.966495700381 0.93385013031
5841 0.970759743499 0.937970145764
5844 0.969522676101 0.936774863105
5847 0.961062848235 0.928600784987
5850 0.964418050305 0.931842657547
5853 0.938783525077 0.907073996171
5856 0.933478374344 0.901948038857
5859 0.924884738539 0.893644672466
5862 0.937240828703 0.905583407843
5865 0.962115881772 0.929618249943
5868 0.957833365489 0.925480385297
5871 0.962256749599 0.929754359642
5874 0.956812850577 0.924494340577
5877 0.958372163716 0.9260009844
5880 0.956615143637 0.924303311634
5883 0.945993060848 0.914040013626
5886 0.949492532575 0.91742128281
5889 0.854811631553 0.825938442563
5892 0.906167155344 0.875559317819
5895 0.870461724204 0.841059918071
5898 0.91977594834 0.888708443168
5901 0.944902211767 0.91298601043
5904 0.946813055948 0.914832311543
5907 0.942414713794 0.910582533307
5910 0.948390038777 0.916356028224
5913 0.929954723314 0.898543407081
5916 0.930317860038 0.898894278044
5919 0.941296011141 0.909501617357
5922 0.942987152353 0.911135636463
5925 0.947652373434 0.91564327919
5928 0.928278595966 0.896923894711
5931 0.919256998119 0.888207021659
5934 0.927926356327 0.896583552759
5937 0.939818648023 0.908074155507
5940 0.935492429927 0.903894065175
5943 0.932285941784 0.900795883394
5946 0.931691339413 0.900221365058
5949 0.904834454634 0.874271632079
5952 0.919746095756 0.888679598922
5955 0.929916206272 0.898506191038
5958 0.924038330053 0.892826853334
5961 0.931934783289 0.900456586068
5964 0.930301292633 0.89887827024
5967 0.924563489568 0.893334274403
5970 0.930806584061 0.899366494311
5973 0.930192486807 0.898773139576
5976 0.903325427513 0.872813575749
5979 0.919370468818 0.88831665963
5982 0.920279084952 0.889194585206
5985 0.890899977854 0.860807823651
5988 0.911560172335 0.880770173509
5991 0.910940630472 0.880171558069
5994 0.924065189159 0.892852805212
5997 0.904893047316 0.874328245661
6000 0.916243472289 0.885295284455
6003 0.899737721688 0.869347052773
6006 0.904475056213 0.873924373149
6009 0.883658156429 0.853810611061
6012 0.903240109306 0.872731139356
6015 0.896285283307 0.866011228277
6018 0.90098611426 0.870553278072
6021 0.871698300669 0.842254726379
6024 0.878737894008 0.849056541591
6027 0.894532137989 0.864317299392
6030 0.905285637038 0.87470757478
6033 0.909856522637 0.879124068418
6036 0.90954754949 0.878825531535
6039 0.907960333821 0.877291927653
6042 0.893407788108 0.863230926962
6045 0.900771709978 0.870346115778
6048 0.906820108317 0.876190215834
6051 0.905267357901 0.874689913062
6054 0.892401663463 0.862258786444
6057 0.892793388617 0.862637280198
6060 0.904888147417 0.874323511267
6063 0.90055373721 0.870135505531
6066 0.880016713221 0.850292165804
6069 0.902571291309 0.872084912194
6072 0.904773079969 0.874212330481
6075 0.903014995286 0.87251362907
6078 0.873235204322 0.843739717647
6081 0.89564291356 0.865390556015
6084 0.887236739925 0.857268319836
6087 0.886863626589 0.856907809244
6090 0.885909820258 0.855986219871
6093 0.885712662412 0.855795721476
6096 0.88606786465 0.856138925958
6099 0.894366240238 0.864157005211
6102 0.837774056568 0.809476350063
6105 0.885510573808 0.855600458869
6108 0.882124864315 0.852329109343
6111 0.887688858421 0.857705167012
6114 0.887323295422 0.857351951726
6117 0.887115331706 0.857151012454
6120 0.885151503693 0.855253517157
6123 0.854373004115 0.825514630755
6126 0.884765145965 0.854880209532
6129 0.877599120963 0.847956233172
6132 0.878156362733 0.848494652845
6135 0.870835939965 0.841421493851
6138 0.827409562222 0.799461939868
6141 0.850208655066 0.821490941979
6144 0.874248394149 0.844718684706
6147 0.866724304205 0.837448737853
6150 0.867903735341 0.838588331045
6153 0.873652013967 0.844142448608
6156 0.846702707032 0.818103415239
6159 0.867317078534 0.838021489894
6162 0.801199125397 0.774136819606
6165 0.857262751833 0.828306770732
6168 0.847801426022 0.819165022519
6171 0.84719098109 0.818575196741
6174 0.860317893661 0.83125871826
6177 0.861133299692 0.832046582116
6180 0.864345356503 0.83515014447
6183 0.876660192088 0.847049018734
6186 0.864667387487 0.835461298132
6189 0.864996021726 0.83577883201
6192 0.83756169897 0.809271165322
6195 0.868182382468 0.838857566237
6198 0.872286949731 0.842823492492
6201 0.860856281787 0.831778921115
6204 0.871248740178 0.841820350807
6207 0.874203417293 0.844675227044
6210 0.869052000559 0.839697811018
6213 0.848070065349 0.819424587948
6216 0.848917595225 0.820243490593
6219 0.841213755286 0.812799865207
6222 0.860915497298 0.831836136488
6225 0.862101339273 0.832981923979
6228 0.858253170962 0.829263736224
6231 0.820343192781 0.792634252978
6234 0.853054455984 0.824240619558
6237 0.83269316939 0.804567081299
6240 0.83456702971 0.806377647764
6243 0.840820333479 0.812419732108
6246 0.805710475032 0.778495788242
6249 0.844834880034 0.816298678307
6252 0.822211758188 0.794439703377
6255 0.815584279642 0.788036082853
6258 0.829688822771 0.801664213256
6261 0.841770789774 0.813338084599
6264 0.844860175535 0.816323119395
6267 0.84666438452 0.818066387156
6270 0.835892759386 0.807658597932
6273 0.844072616688 0.815562162123
6276 0.808043022587 0.780749548748
6279 0.792685261715 0.765910530854
6282 0.821153122136 0.793416825143
6285 0.83886704581 0.810532421131
6288 0.83309234384 0.804952772732
6291 0.815328365982 0.787788813254
6294 0.830300428514 0.802255160638
6297 0.820156894325 0.792454247171
6300 0.808550209926 0.781239604691
6303 0.8058495746 0.778630189409
6306 0.830082242907 0.80204434474
6309 0.825223181561 0.797349409141
6312 0.830460930628 0.802410241431
6315 0.801321600706 0.774255158036
6318 0.79022713488 0.763535432792
6321 0.824415589658 0.796569095473
6324 0.828986133682 0.800985259075
6327 0.837999600463 0.809694275705
6330 0.830219019763 0.80217650165
6333 0.834569425903 0.80637996302
6336 0.799574924628 0.772567479878
6339 0.817967454168 0.790338760289
6342 0.828126005311 0.800154183478
6345 0.819424784651 0.791746866151
6348 0.817011173443 0.789414780101
6351 0.835984850019 0.807747577997
6354 0.827725756778 0.79976745424
6357 0.827743891846 0.799784976756
6360 0.81271557792 0.785264277996
6363 0.805657603323 0.778444702394
6366 0.826783071881 0.79885661065
6369 0.822794690531 0.795002945867
6372 0.819646582947 0.791961172711
6375 0.834836247583 0.806637772196
6378 0.834598579432 0.806408131823
6381 0.824403567505 0.796557479396
6384 0.822714872696 0.794925824059
6387 0.831427829547 0.803344481159
6390 0.833601243013 0.805444482688
6393 0.80350024548 0.776360214173
6396 0.831193198318 0.803117775129
6399 0.801468255432 0.774396859168
6402 0.824025418807 0.796192103522
6405 0.826935748573 0.799004130343
6408 0.796690341238 0.769780329792
6411 0.80452659544 0.777351896851
6414 0.817240162375 0.789636034416
6417 0.810683559318 0.783300895401
6420 0.794150960604 0.767326722461
6423 0.820269446532 0.792562997674
6426 0.826644750438 0.798722961325
6429 0.819928912109 0.792233965569
6432 0.797162622685 0.770236658869
6435 0.823900640219 0.796071539613
6438 0.798751080652 0.771771463089
6441 0.818200009833 0.790563460863
6444 0.824656493842 0.796801862576
6447 0.819191669792 0.791521625272
6450 0.786918934145 0.760338973991
6453 0.817891453542 0.790265326756
6456 0.771253571103 0.745202743884
6459 0.814515776495 0.787003670807
6462 0.772914672593 0.746807737929
6465 0.812444155444 0.785002023425
6468 0.809543484574 0.78219932925
6471 0.791851552214 0.76510498177
6474 0.806491385849 0.779250322037
6477 0.803186591947 0.776057154995
6480 0.809224867379 0.781891474068
6483 0.796834743451 0.769919854495
6486 0.814872786581 0.787348622073
6489 0.812076278965 0.784646572803
6492 0.785933859974 0.75938717292
6495 0.727567599697 0.7029923646
6498 0.769309981879 0.743324803766
6501 0.793281039874 0.766486185264
6504 0.805055474363 0.777862911697
6507 0.807023933285 0.779764881483
6510 0.806229087038 0.778996882959
6513 0.801162293102 0.774101231405
6516 0.773882871375 0.747743233615
6519 0.786097598416 0.759545380727
6522 0.799786272703 0.772771689196
6525 0.796742183108 0.769830420586
6528 0.781475547865 0.755079450348
6531 0.791642017692 0.764902524749
6534 0.783865268226 0.757388452519
6537 0.785409949877 0.758880959067
6540 0.783767949313 0.757294420772
6543 0.77212702151 0.746046691536
6546 0.747377809824 0.722133440241
6549 0.75554037748 0.730020298783
6552 0.738658700431 0.713708838415
6555 0.706627516749 0.682759580138
6558 0.664267038766 0.641829922748
6561 0.521747418348 0.504124223647
6564 0.468841077531 0.453004913705
6567 0.657928382632 0.635705369008
6570 0.699781939194 0.676145227389
6573 0.726194916212 0.701666046593
6576 0.740342091117 0.715335368787
6579 0.761835068187 0.736102372127
6582 0.766036489438 0.740161880909
6585 0.766882467605 0.740979284256
6588 0.76965433117 0.743657521883
6591 0.769722161025 0.743723060633
6594 0.753650046604 0.728193818091
6597 0.77377899568 0.747642866556
6600 0.785264779826 0.758740692461
6603 0.78006270366 0.75371432814
6606 0.772434638172 0.746343917752
6609 0.768316794489 0.742365163518
6612 0.774744897174 0.748576142551
6615 0.778440645722 0.752147058864
6618 0.780638478396 0.754270654787
6621 0.782718659168 0.756280572766
6624 0.77846758596 0.752173089135
6627 0.775910797261 0.749702661735
6630 0.778851976883 0.752544496388
6633 0.760561550586 0.734871870453
6636 0.772996325517 0.746886632841
6639 0.776564434523 0.750334220926
6642 0.774328380612 0.748173694774
6645 0.766410696063 0.740523447861
6648 0.77841344652 0.752120778377
6651 0.780760152371 0.754388218949
6654 0.777669260258 0.751401728682
6657 0.775625047903 0.749426564206
6660 0.775942106932 0.749732913851
6663 0.757226597559 0.731649562979
6666 0.773857473188 0.747718693309
6669 0.771189338979 0.745140681345
6672 0.766815644609 0.740914718358
6675 0.773572252934 0.747443107012
6678 0.746073639341 0.720873321056
6681 0.770821305011 0.744785078554
6684 0.770636597298 0.74460660976
6687 0.773910334124 0.747769768748
6690 0.776259377411 0.750039467805
6693 0.771421203624 0.745364714239
6696 0.764730691816 0.738900189544
6699 0.758351288157 0.732736264618
6702 0.770864445879 0.744826762242
6705 0.759593552169 0.733936568364
6708 0.765522388343 0.739665144736
6711 0.770810332605 0.744774476766
6714 0.758550009441 0.732928273642
6717 0.736088372164 0.711225328777
6720 0.749519907355 0.724203183601
6723 0.736530386243 0.711652412835
6726 0.754779971115 0.729285576856
6729 0.765626184761 0.739765435196
6732 0.760125535653 0.734450582906
6735 0.754610455771 0.729121787274
6738 0.749155695754 0.723851274068
6741 0.75300492699 0.727570488846
6744 0.743119583521 0.718019045127
6747 0.748999961007 0.723700799613
6750 0.74114674444 0.716112843131
6753 0.753468507822 0.728018411191
6756 0.750680897387 0.725324958579
6759 0.743857275882 0.718731820267
6762 0.748055427087 0.722788169455
6765 0.750800128192 0.725440162095
6768 0.737101412501 0.712204151394
6771 0.748310348628 0.723034480446
6774 0.750667645475 0.725312154281
6777 0.748740440129 0.723450044638
6780 0.754930362595 0.729430888524
6783 0.741246805171 0.716209524085
6786 0.736297194867 0.711427098023
6789 0.739915942778 0.714923614569
6792 0.744639221692 0.719487354094
6795 0.741349739027 0.716308981119
6798 0.741254973622 0.716217416629
6801 0.746046017074 0.720846631792
6804 0.744283231225 0.719143388008
6807 0.745672314429 0.720485551796
6810 0.741323128516 0.716283269438
6813 0.748222823891 0.722949912054
6816 0.746473757233 0.721259924064
6819 0.742148545964 0.717080806552
6822 0.747860731097 0.72260004976
6825 0.751467122326 0.726084626999
6828 0.733311122714 0.708541887185
6831 0.745590975755 0.72040696052
6834 0.74200067991 0.716937935006
6837 0.737617013452 0.712702336761
6840 0.730017355355 0.70535937424
6843 0.722442539041 0.698040414416
6846 0.742012478076 0.716949334663
6849 0.741296345874 0.716257391439
6852 0.741401205531 0.716358709226
6855 0.721424322075 0.697056590022
6858 0.731152459752 0.706456137929
6861 0.737501819854 0.712591034087
6864 0.733595438907 0.708816599958
6867 0.713115904584 0.689028808053
6870 0.713423782149 0.68932628636
6873 0.718179576619 0.693921443155
6876 0.717989437698 0.693737726604
6879 0.724345362754 0.69987896597
6882 0.718156224494 0.693898879801
6885 0.713491917568 0.689392120351
6888 0.714554214525 0.690418535835
6891 0.723736874113 0.699291030404
6894 0.71879092519 0.694512142051
6897 0.723887294383 0.699436369891
6900 0.722986863406 0.698566352998
6903 0.720316524587 0.69598621089
6906 0.721889091944 0.697505661241
6909 0.73030181647 0.70563422704
6912 0.720385051978 0.696052423615
6915 0.714315461197 0.690187846938
6918 0.716400635709 0.692202589982
6921 0.722951633802 0.698532313354
6924 0.715181556547 0.691024687967
6927 0.724580983033 0.700106627644
6930 0.725576446728 0.701068467309
6933 0.717703951609 0.693461883452
6936 0.72424657515 0.69978351514
6939 0.721641626885 0.697266554872
6942 0.723929742298 0.699477384032
6945 0.707387004781 0.68349341475
6948 0.722005976293 0.697618597559
6951 0.711691127938 0.687652156448
6954 0.714257218929 0.690131571934
6957 0.720962762397 0.696610620563
6960 0.717548212183 0.693311404475
6963 0.719088697963 0.694799856878
6966 0.713718662293 0.689611206263
6969 0.716720397241 0.692511550848
6972 0.717167167501 0.692943230436
6975 0.708253226784 0.684330378153
6978 0.684509743264 0.66138888429
6981 0.708017335732 0.684102454852
6984 0.72140924455 0.697042021774
6987 0.716404884915 0.692206695663
6990 0.719458683372 0.695157345195
6993 0.710414636583 0.686418781465
6996 0.716340723217 0.692144701171
6999 0.705994344885 0.68214779508
7002 0.709834754073 0.685858485793
7005 0.69240653455 0.669018943656
7008 0.713446882029 0.689348605989
7011 0.707924147968 0.684012414715
7014 0.70787541443 0.683965327262
7017 0.68469376131 0.661566686712
7020 0.709970108955 0.68598926876
7023 0.693994365165 0.670553141714
7026 0.705768728952 0.681929799833
7029 0.709126464052 0.685174119864
7032 0.709099173099 0.685147750725
7035 0.697638336064 0.674074029286
7038 0.697695472803 0.674129236102
7041 0.710057206713 0.686073424595
7044 0.708399095808 0.684471320122
7047 0.709104238842 0.685152645361
7050 0.711610917598 0.687574655393
7053 0.705559197024 0.681727345318
7056 0.700825196626 0.677153246451
7059 0.698463165545 0.674870998291
7062 0.698777611189 0.675174822826
7065 0.698440855731 0.674849442042
7068 0.692403534813 0.669016045242
7071 0.699259537405 0.675640470898
7074 0.704808073067 0.681001592266
7077 0.700240056045 0.676587870311
7080 0.706490037657 0.682626744712
7083 0.694428954931 0.670973052232
7086 0.694164237952 0.670717276665
7089 0.696105398847 0.672592870477
7092 0.695255376446 0.671771559498
7095 0.698765071737 0.675162706922
7098 0.698752372308 0.675150436445
7101 0.701482506618 0.677788354317
7104 0.7011507907 0.677467842852
7107 0.696685275454 0.673153160445
7110 0.692286720936 0.668903177017
7113 0.685683771811 0.662523257377
7116 0.687180774222 0.663969695158
7119 0.690039181688 0.666731553471
7122 0.679643720169 0.656687222089
7125 0.698682335426 0.675082765216
7128 0.695298687101 0.671813407238
7131 0.672310795039 0.649601983029
7134 0.691152464887 0.667807233022
7137 0.69550342598 0.6720112306
7140 0.690649333335 0.667321095871
7143 0.68916784426 0.665889647428
7146 0.681946338798 0.658912064585
7149 0.666030229245 0.643533557496
7152 0.6878689432 0.664634619678
7155 0.687219146747 0.664006771565
7158 0.689233734713 0.665953312283
7161 0.684417145218 0.661299413951
7164 0.644065023379 0.622310275952
7167 0.669944506566 0.647315621281
7170 0.676551255108 0.653699212003
7173 0.676087241323 0.65325087133
7176 0.662910608461 0.640519308934
7179 0.668443289983 0.64586511167
7182 0.657464563905 0.635257216804
7185 0.660955894258 0.638630619607
7188 0.648809034244 0.626894047161
7191 0.662590501523 0.640210014329
7194 0.657935652537 0.635712393356
7197 0.668364317934 0.64578880708
7200 0.666277917984 0.64377287999
7203 0.656014510904 0.633856142611
7206 0.647652135161 0.62577622495
7209 0.656033550143 0.633874538757
7212 0.665672069058 0.643187494977
7215 0.661805973253 0.639451985269
7218 0.656414404057 0.634242528471
7221 0.653601551083 0.631524685944
7224 0.652153714868 0.63012575366
7227 0.65730806771 0.63510600662
7230 0.665305769757 0.642833568259
7233 0.661791708444 0.639438202285
7236 0.650666124279 0.628688409795
7239 0.65206730569 0.630042263146
7242 0.654110728908 0.632016665141
7245 0.655064500428 0.632938220879
7248 0.659121636518 0.636858318055
7251 0.646016756355 0.624196084749
7254 0.660033006897 0.637738904847
7257 0.662170012342 0.639803728117
7260 0.656393712941 0.634222536244
7263 0.647539396674 0.62566729446
7266 0.65424353154 0.632144982065
7269 0.652625628596 0.630581727438
7272 0.652274400456 0.63024236282
7275 0.642031623684 0.620345558914
7278 0.655703344685 0.633555486732
7281 0.650889007912 0.628903765032
7284 0.639612662525 0.618008303618
7287 0.642289952596 0.620595162184
7290 0.622065619142 0.601053951164
7293 0.633146455294 0.611760507107
7296 0.650824704881 0.62884163398
7299 0.650465605238 0.628494663736
7302 0.647742555179 0.625863590829
7305 0.656140842217 0.633978206799
7308 0.638120014812 0.616566073445
7311 0.636545525648 0.615044766201
7314 0.65579559981 0.633644625732
7317 0.652803785077 0.630753866282
7320 0.643253880394 0.621526531149
7323 0.653437731386 0.631366399627
7326 0.631297405958 0.609973913578
7329 0.646112115268 0.624288222699
7332 0.64480913285 0.623029251449
7335 0.65118918818 0.629193806034
7338 0.651326826447 0.629326795259
7341 0.649653860154 0.627710337172
7344 0.650700680685 0.628721798981
7347 0.651536688687 0.629529568928
7350 0.646745652596 0.624900360877
7353 0.644966170109 0.62318098442
7356 0.635004339506 0.613555637094
7359 0.641603309656 0.619931712157
7362 0.638943456209 0.617361701253
7365 0.645440011269 0.623638820527
7368 0.650529514896 0.628556414701
7371 0.643320799182 0.621591189604
7374 0.639197680439 0.617607338487
7377 0.640977392158 0.619326936433
7380 0.652294131458 0.630261427363
7383 0.649597008837 0.627655406136
7386 0.626486689152 0.605325689573
7389 0.620736712018 0.599769930873
7392 0.646416106178 0.624581945631
7395 0.639236038448 0.617644400868
7398 0.652282496293 0.630250185202
