Wave Flux FluxNorm
3600 0.151967462799 0.148920594342
3603 0.140038596953 0.137230896041
3606 0.146586927707 0.143647936175
3609 0.136056892069 0.133329022266
3612 0.144148710862 0.141258604308
3615 0.154741296382 0.151638814007
3618 0.141073022838 0.138244582226
3621 0.153602352573 0.150522705427
3624 0.158327191634 0.155152813928
3627 0.163832526502 0.160547769699
3630 0.139367662013 0.136573412997
3633 0.138969293191 0.136183031263
3636 0.138205786241 0.135434832229
3639 0.146239985579 0.143307950056
3642 0.151540568311 0.148502258866
3645 0.127897430518 0.125333153668
3648 0.14223996491 0.139388127718
3651 0.141442477723 0.138606629733
3654 0.156509924187 0.153371981746
3657 0.171513845043 0.168075081805
3660 0.146496085196 0.143558915009
3663 0.162540039398 0.159281196288
3666 0.17242322404 0.168966228227
3669 0.152651121783 0.14959054632
3672 0.15030295584 0.14728945988
3675 0.176938999754 0.17339146499
3678 0.160818639844 0.157594309898
3681 0.161277185725 0.158043662174
3684 0.15640563742 0.153269785874
3687 0.152882664101 0.149817446335
3690 0.186431179392 0.182693331372
3693 0.15150686332 0.148469229642
3696 0.177883380588 0.174316911481
3699 0.177974429964 0.174406135364
3702 0.189046334715 0.185256054193
3705 0.138983017851 0.136196480751
3708 0.157327387659 0.154173055501
3711 0.158593805508 0.155414082332
3714 0.184773258792 0.181068651217
3717 0.191252591218 0.187418076403
3720 0.132078817023 0.129430705552
3723 0.14286459977 0.140000238974
3726 0.190683089857 0.186859993248
3729 0.182414583392 0.178757266029
3732 0.171651163904 0.168209647495
3735 0.128176660004 0.125606784748
3738 0.133443055975 0.130767592224
3741 0.186089315526 0.182358321698
3744 0.183686526413 0.180003707255
3747 0.165890610836 0.162564590515
3750 0.13795436579 0.135188452627
3753 0.165399812511 0.162083632441
3756 0.167490246458 0.164132154276
3759 0.149863971028 0.146859276485
3762 0.175577348975 0.172057114601
3765 0.178382581984 0.174806104149
3768 0.167071226222 0.163721535177
3771 0.150053504316 0.14704500973
3774 0.16297484538 0.159707284637
3777 0.173964287278 0.17047639395
3780 0.182361832591 0.178705572854
3783 0.183286822291 0.179612016993
3786 0.17018132388 0.166769276997
3789 0.160016571135 0.156808322249
3792 0.158375325406 0.155199982642
3795 0.142951499681 0.140085396587
3798 0.139315468987 0.136522266414
3801 0.164360867835 0.161065518064
3804 0.165243719937 0.161930669441
3807 0.148043499048 0.145075304019
3810 0.145607536858 0.142688181603
3813 0.157091337661 0.153941738183
3816 0.133860822985 0.131176983223
3819 0.130761724965 0.128140020504
3822 0.145314294119 0.142400818227
3825 0.118646337719 0.116267540461
3828 0.124785191229 0.122283313155
3831 0.117520032184 0.115163816764
3834 0.117927224778 0.115562845359
3837 0.125624650236 0.123105941447
3840 0.12309986868 0.120631780446
3843 0.134950519684 0.132244832071
3846 0.114918712008 0.112614651703
3849 0.0920956202391 0.0902491510333
3852 0.0996695820683 0.0976712588737
3855 0.103497953062 0.101422873024
3858 0.0964085451535 0.0944756040501
3861 0.0921359236687 0.0902886464002
3864 0.128298571927 0.125726252401
3867 0.11049299768 0.108277670641
3870 0.078709295894 0.0771312155173
3873 0.105065016377 0.102958517535
3876 0.144952142242 0.142045927307
3879 0.109312016752 0.107120367765
3882 0.0811502920909 0.0795232710121
3885 0.202357477345 0.198300315348
3888 0.197134550204 0.193182105176
3891 0.176838992942 0.173293463263
3894 0.207330165884 0.203173304073
3897 0.208082022255 0.203910086115
3900 0.220702609015 0.216277636686
3903 0.207013295044 0.202862786328
3906 0.209356405469 0.20515891861
3909 0.212209787292 0.207955091614
3912 0.244779782955 0.239872075833
3915 0.215778433946 0.211452188762
3918 0.231584236558 0.226941093266
3921 0.189069674625 0.18527892615
3924 0.255869157672 0.250739114364
3927 0.213275576784 0.208999512581
3930 0.137637848767 0.134878281605
3933 0.0618475017662 0.0606074915771
3936 0.0966438542078 0.0947061952805
3939 0.197984557278 0.194015070051
3942 0.216863070252 0.212515078675
3945 0.220475445899 0.216055028072
3948 0.238883736926 0.234094242455
3951 0.25809871946 0.252923974599
3954 0.257869968143 0.252699809627
3957 0.260149574967 0.254933711522
3960 0.278852912735 0.273262057111
3963 0.198879310822 0.194891884252
3966 0.147798546229 0.144835262377
3969 0.0706875773809 0.0692703282813
3972 0.158098239985 0.154928452639
3975 0.24304182598 0.238168963989
3978 0.28353356266 0.277848862444
3981 0.302193629186 0.296134804358
3984 0.279747534661 0.274138742334
3987 0.286638088618 0.280891144274
3990 0.301888393083 0.29583568808
3993 0.306534007144 0.300388159998
3996 0.298604741169 0.292617871676
3999 0.291594343246 0.285748028579
4002 0.289947011411 0.284133724889
4005 0.301967059596 0.29591277737
4008 0.312078523447 0.305821511639
4011 0.342635977889 0.335766305039
4014 0.339560767315 0.332752750834
4017 0.274818829915 0.26930885555
4020 0.308597067579 0.302409857147
4023 0.336549926498 0.329802275808
4026 0.302616400633 0.296549099457
4029 0.335605533537 0.328876817433
4032 0.290424302079 0.284601446128
4035 0.247767828251 0.242800212377
4038 0.318749317161 0.312358559414
4041 0.30096020374 0.294926108449
4044 0.306392144514 0.30024914164
4047 0.290432534371 0.284609513366
4050 0.309362788606 0.303160225866
4053 0.329543524806 0.322936348819
4056 0.298318515447 0.29233738463
4059 0.314636967923 0.308328660636
4062 0.351059780041 0.344021214346
4065 0.314674995961 0.308365926231
4068 0.309985431816 0.303770385404
4071 0.354654589031 0.347543949289
4074 0.322124321773 0.315665896941
4077 0.269023376233 0.263629597696
4080 0.324828400124 0.31831575993
4083 0.320012156874 0.313596079849
4086 0.313991420988 0.30769605658
4089 0.380650911003 0.373019058549
4092 0.384376672995 0.376670120954
4095 0.345751119201 0.33881898939
4098 0.352745700868 0.345673333339
4101 0.297343481192 0.291381899304
4104 0.30304534808 0.296969446732
4107 0.33056253775 0.323934931085
4110 0.317303017885 0.310941257685
4113 0.376840940716 0.369285476181
4116 0.386708009442 0.37895471532
4119 0.314785586262 0.308474299254
4122 0.349583441617 0.342574475739
4125 0.324272633928 0.317771136557
4128 0.304631441119 0.298523739432
4131 0.334234901776 0.327533666125
4134 0.295273725898 0.289353641525
4137 0.331395087817 0.324750788957
4140 0.352636238273 0.345566065412
4143 0.292288571406 0.286428337826
4146 0.329298617009 0.322696351296
4149 0.310581540423 0.304354542344
4152 0.298967199847 0.292973063246
4155 0.306756183889 0.300605882216
4158 0.336131326976 0.329392068988
4161 0.367393540859 0.360027491769
4164 0.336849455654 0.33009579956
4167 0.298781423511 0.292791011629
4170 0.365662591665 0.358331247205
4173 0.328800398073 0.32220812139
4176 0.338136407654 0.331356948843
4179 0.297591651311 0.291625093741
4182 0.33055219347 0.323924794202
4185 0.368632000981 0.361241121411
4188 0.325186022469 0.318666212134
4191 0.352694185613 0.345622850938
4194 0.348091019828 0.341111976229
4197 0.308757079986 0.302566661389
4200 0.403881953109 0.395784330364
4203 0.394069781186 0.386168887376
4206 0.371719511253 0.36426672871
4209 0.408185504009 0.40000159731
4212 0.352692515177 0.345621213994
4215 0.295993362285 0.290058849578
4218 0.430261341924 0.421634826176
4221 0.507203352625 0.497034189647
4224 0.412984995691 0.404704861684
4227 0.39330604233 0.385420461086
4230 0.479624717593 0.47000849188
4233 0.465664137608 0.45632781425
4236 0.413773979436 0.405478026716
4239 0.388150183671 0.380367974707
4242 0.40876072564 0.400565286047
4245 0.453215291177 0.444128560705
4248 0.379493067272 0.371884428982
4251 0.467395148637 0.45802411941
4254 0.404651413445 0.396538363421
4257 0.481944755363 0.472282014101
4260 0.435905604068 0.427165923804
4263 0.427733797645 0.419157957843
4266 0.441214135986 0.432368022423
4269 0.395923527503 0.387985467045
4272 0.338333478855 0.331550068869
4275 0.342863822253 0.335989581242
4278 0.447323312286 0.438354712921
4281 0.356463607336 0.34931669772
4284 0.464890654205 0.455569838787
4287 0.370766382024 0.363332709227
4290 0.386768859057 0.379014344932
4293 0.469823569389 0.460403851591
4296 0.363840723006 0.356545906063
4299 0.237161378953 0.232406416861
4302 0.232314610799 0.227656823884
4305 0.222451648379 0.217991608721
4308 0.222324039655 0.217866558487
4311 0.156225631081 0.153093388568
4314 0.314048196915 0.30775169418
4317 0.610352421096 0.598115173034
4320 0.619342370573 0.606924878708
4323 0.355850556415 0.34871593815
4326 0.378701333141 0.371108568708
4329 0.43369668945 0.425001296774
4332 0.482836933021 0.473156304062
4335 0.462682360659 0.453405820377
4338 0.384594891507 0.376883964299
4341 0.360295806982 0.353072063759
4344 0.471811902132 0.462352319299
4347 0.485726651896 0.47598808558
4350 0.509255198849 0.499044897424
4353 0.318869623663 0.312476453833
4356 0.346503475944 0.339556261773
4359 0.390538855706 0.382708755112
4362 0.431269973938 0.422623235644
4365 0.443966100572 0.435064811553
4368 0.427931208967 0.419351411171
4371 0.377201629269 0.369638933117
4374 0.391921000441 0.384063188566
4377 0.432538292102 0.42386612469
4380 0.466319445699 0.456969983756
4383 0.409626617129 0.401413816863
4386 0.411129317236 0.402886388616
4389 0.476589536701 0.467034164784
4392 0.44478020006 0.435862588771
4395 0.460834190955 0.451594705512
4398 0.451499943068 0.442447604432
4401 0.462761089165 0.453482970416
4404 0.477712434656 0.46813454922
4407 0.488284376076 0.478494528722
4410 0.502491458412 0.492416766459
4413 0.577630084896 0.566048902628
4416 0.516041477434 0.505695114658
4419 0.594411054134 0.582493422175
4422 0.585435603693 0.57369792484
4425 0.64436413346 0.631444968285
4428 0.577642845668 0.566061407553
4431 0.621947289456 0.609477570325
4434 0.635333557204 0.622595450378
4437 0.686177621119 0.672420117301
4440 0.654385437089 0.641265349997
4443 0.626269105903 0.613712736604
4446 0.676771246306 0.663202335402
4449 0.623234368351 0.610738843958
4452 0.668573639211 0.655169086059
4455 0.619615953671 0.607192976608
4458 0.697693871776 0.683705473132
4461 0.663291015439 0.649992376141
4464 0.659564483933 0.64634055965
4467 0.672048597326 0.658574373074
4470 0.601228795692 0.589174471567
4473 0.656661445719 0.64349572584
4476 0.70640932185 0.692246182972
4479 0.716843199317 0.702470866632
4482 0.696255389034 0.682295831219
4485 0.717648921339 0.703260434347
4488 0.690965240037 0.677111746954
4491 0.731986753233 0.717310800181
4494 0.668426931274 0.65502531954
4497 0.638418244954 0.625618291746
4500 0.712276539673 0.697995766135
4503 0.731370107216 0.716706517596
4506 0.73864126059 0.723831888133
4509 0.738780553423 0.723968388216
4512 0.69944183311 0.685418388751
4515 0.691901678832 0.678029410638
4518 0.708740624329 0.694530744051
4521 0.733038224246 0.718341189748
4524 0.669654880124 0.656228648654
4527 0.676318415123 0.662758583248
4530 0.699717989796 0.68568900864
4533 0.685479147775 0.671735647983
4536 0.69639761878 0.682435209333
4539 0.739301035632 0.724478435029
4542 0.714126862623 0.699808991073
4545 0.731122290962 0.716463669928
4548 0.743847760295 0.728934000231
4551 0.676799034099 0.663229566064
4554 0.597295527595 0.585320063446
4557 0.726825922173 0.712253441095
4560 0.723736450051 0.70922591128
4563 0.721036908539 0.706580494169
4566 0.757127229578 0.741947223073
4569 0.793480185326 0.777571320997
4572 0.707266523577 0.693086198252
4575 0.759340934029 0.744116543904
4578 0.735797571208 0.721045213241
4581 0.759644045872 0.744413578511
4584 0.753454125986 0.738347763295
4587 0.797788263173 0.781793024128
4590 0.780418630361 0.764771643404
4593 0.760267170799 0.745024210108
4596 0.78578993206 0.770035253303
4599 0.809656976653 0.793423776086
4602 0.770655405922 0.755204166529
4605 0.768854744974 0.753439607895
4608 0.784333553239 0.768608074119
4611 0.798679700355 0.782666588459
4614 0.782085150262 0.76640475045
4617 0.789663116677 0.773830782586
4620 0.788533596257 0.772723908462
4623 0.813796796197 0.797480594405
4626 0.81379612185 0.797479933579
4629 0.760800378856 0.745546727622
4632 0.794865462752 0.778928824333
4635 0.789784083903 0.773949324482
4638 0.776927343553 0.761350355079
4641 0.809402148803 0.793174057402
4644 0.807141459543 0.790958693784
4647 0.734341150091 0.719617992609
4650 0.799729726771 0.783695562393
4653 0.773656543577 0.758145132938
4656 0.730831782135 0.716178985653
4659 0.787664478006 0.771872215579
4662 0.768095949766 0.752696026136
4665 0.7728207486 0.757326095215
4668 0.702280085131 0.688199735298
4671 0.694156220798 0.680238750213
4674 0.737010615137 0.722233936272
4677 0.66559346543 0.652248663209
4680 0.684673924887 0.670946569394
4683 0.696146287973 0.682188917577
4686 0.76426027847 0.748937258051
4689 0.795817920069 0.779862185377
4692 0.769790909018 0.754357002338
4695 0.692563213887 0.67867768226
4698 0.735557515593 0.720809970617
4701 0.869981563744 0.852538886634
4704 0.801418919957 0.785350888135
4707 0.801956677726 0.785877864141
4710 0.809529079108 0.793298442821
4713 0.680953382617 0.667300622059
4716 0.747366310347 0.732382005188
4719 0.889980616155 0.872136968464
4722 0.868513623176 0.85110037751
4725 0.887526993317 0.869732539485
4728 0.848951138768 0.831930110723
4731 0.859753062492 0.842515461503
4734 0.753794625558 0.738681436027
4737 0.699537473592 0.685512111692
4740 0.94561161344 0.926652593236
4743 0.949874723244 0.930830229909
4746 0.95178688733 0.932704056101
4749 0.943373034569 0.924458896705
4752 0.93923181584 0.920400707253
4755 0.937957163851 0.919151611372
4758 0.914345687441 0.896013532764
4761 0.894858873839 0.876917419622
4764 0.84073162286 0.823875391826
4767 0.881217505989 0.863549554091
4770 0.859619102101 0.842384186949
4773 0.808773698711 0.792558207407
4776 0.840030054809 0.823187889849
4779 0.810706875727 0.79445262523
4782 0.792681921576 0.77678906202
4785 0.767042177477 0.751663381433
4788 0.82394119421 0.807421602523
4791 0.863703881839 0.846387068981
4794 0.856666154113 0.839490444029
4797 0.832026443321 0.815344746602
4800 0.843882631905 0.826963224782
4803 0.853473341977 0.836361646113
4806 0.826672462292 0.810098110103
4809 0.83640170928 0.819632290758
4812 0.831492930646 0.814821930578
4815 0.810887948888 0.79463006797
4818 0.840220461569 0.823374479053
4821 0.819335171064 0.802907927742
4824 0.75914672389 0.743926227577
4827 0.801851084334 0.785774387842
4830 0.826256628543 0.809690613604
4833 0.791169725117 0.775307184313
4836 0.791558253397 0.775687922802
4839 0.790991105498 0.775132145923
4842 0.780011552826 0.764372727562
4845 0.812573339478 0.796281667356
4848 0.784577168443 0.768846804965
4851 0.81162461075 0.795351960145
4854 0.792445655542 0.776557532997
4857 0.796631055725 0.780659018086
4860 0.665564948381 0.652220717912
4863 0.696238682621 0.682279459761
4866 0.816249927618 0.799884541819
4869 0.847681218648 0.830685651839
4872 0.792822005742 0.776926337572
4875 0.829005496096 0.812384367795
4878 0.828376884043 0.811768359086
4881 0.849545290562 0.832512350082
4884 0.829118303665 0.812494913631
4887 0.829415846318 0.812786490708
4890 0.819436027142 0.803006761708
4893 0.877174686318 0.859587790848
4896 0.896687066023 0.878708957506
4899 0.877649389548 0.860052976525
4902 0.838365949643 0.821557149125
4905 0.873709753596 0.856192328221
4908 0.872923834754 0.855422166643
4911 0.80927135774 0.793045888632
4914 0.849502518392 0.832470435472
4917 0.901533236158 0.883457964454
4920 0.808192996538 0.79198914801
4923 0.846714415095 0.829738232193
4926 0.912002222813 0.89371705338
4929 0.926579765588 0.908002324017
4932 0.880887920359 0.863226576481
4935 0.789176182624 0.773353611307
4938 0.821306720317 0.804839948459
4941 0.863733202591 0.846415801867
4944 0.929691533235 0.911051702344
4947 0.928180580596 0.909571043519
4950 0.945702544281 0.926741700961
4953 0.957968068911 0.938761308212
4956 0.905514682242 0.887359584618
4959 0.89854945435 0.880534005917
4962 0.932596757599 0.913898678474
4965 0.941566510313 0.922688592318
4968 0.948218073688 0.929206795313
4971 0.916529780912 0.898153836299
4974 0.945560422351 0.926602428501
4977 0.967487446341 0.948089827083
4980 0.926119584 0.907551368831
4983 0.87748062615 0.859887596746
4986 0.89389282975 0.875970744214
4989 0.900328507314 0.882277389795
4992 0.885330523402 0.867580107647
4995 0.934418191066 0.915683593149
4998 0.931716678549 0.91303624455
5001 0.871963632541 0.854481215985
5004 0.925243970261 0.906693310691
5007 0.881919553615 0.864237526027
5010 0.926051459107 0.907484609806
5013 0.883145547349 0.865438939226
5016 0.892462768313 0.874569354763
5019 0.899790185327 0.881749860884
5022 0.891306387851 0.873436159127
5025 0.913358184647 0.895045828886
5028 0.897399039899 0.879406656677
5031 0.902352010679 0.884260322972
5034 0.884128185289 0.866401875787
5037 0.879197407812 0.86156995783
5040 0.844424983204 0.827494702219
5043 0.858778553251 0.841560490665
5046 0.903355833284 0.885244019457
5049 0.849120911574 0.832096479672
5052 0.847598680133 0.830604768179
5055 0.890498588158 0.872644555397
5058 0.892446503546 0.874553416097
5061 0.879039179996 0.861414902399
5064 0.841866339287 0.82498735778
5067 0.854622677369 0.837487937929
5070 0.82951976939 0.812888330177
5073 0.832787432759 0.816090478598
5076 0.804376189808 0.788248866266
5079 0.792791689984 0.776896629629
5082 0.798385825566 0.782378605706
5085 0.827547519555 0.810955622924
5088 0.813991402779 0.797671299227
5091 0.795770153317 0.779815376324
5094 0.776914760049 0.761338023867
5097 0.715503727235 0.701158250267
5100 0.796929082687 0.780951069764
5103 0.792906726603 0.777009359823
5106 0.753280649633 0.738177765052
5109 0.733109530568 0.718411066416
5112 0.756025121803 0.740867211985
5115 0.774321675029 0.758796928851
5118 0.755347325555 0.740203005199
5121 0.739924765421 0.725089659361
5124 0.679880233243 0.66624898877
5127 0.602412934507 0.590334869015
5130 0.647673189038 0.634687679023
5133 0.804024362009 0.787904092432
5136 0.784020618001 0.768301413069
5139 0.7533684122 0.738263768025
5142 0.752049800947 0.736971594241
5145 0.758580125373 0.743370989064
5148 0.728498199982 0.713892190606
5151 0.741131357681 0.726272060074
5154 0.722745278537 0.708254612238
5157 0.73160355676 0.716935286598
5160 0.707355101433 0.693173000167
5163 0.506236750105 0.496086967005
5166 0.672035436833 0.658561476442
5169 0.845615193217 0.828661049142
5172 0.848980817567 0.831959194477
5175 0.937263285145 0.918471644573
5178 0.982237302875 0.962543956679
5181 0.954479652181 0.93534283242
5184 0.794618323789 0.778686640378
5187 0.935691693701 0.916931562719
5190 0.928769569426 0.91014822343
5193 0.854485514526 0.83735352513
5196 0.914295366345 0.895964220579
5199 0.925369024073 0.906815857239
5202 0.928635422284 0.910016765868
5205 0.867165808343 0.849779585662
5208 0.884223957079 0.866495727403
5211 0.910361804553 0.892109524653
5214 0.934929287603 0.916184442466
5217 0.897484201871 0.879490111195
5220 0.928378206282 0.909764706912
5223 0.954164507206 0.935034005937
5226 0.849888557383 0.832848734582
5229 0.90669817031 0.888519344367
5232 0.919718869343 0.901278985168
5235 0.893498062904 0.875583892237
5238 0.939289390169 0.920457127248
5241 0.934891080588 0.916147001482
5244 0.951987153876 0.932900307407
5247 0.932482321263 0.913786536526
5250 0.897345382339 0.879354074922
5253 0.91757809261 0.899181129893
5256 0.920259101693 0.901808386141
5259 0.936522540044 0.917745751026
5262 0.903847198858 0.885725533408
5265 0.854414597592 0.837284030044
5268 0.905833134774 0.887671652343
5271 0.847192375372 0.830206609617
5274 0.880047598963 0.862403103091
5277 0.918547639353 0.900131237729
5280 0.948594213295 0.929575393517
5283 0.917611979457 0.899214337326
5286 0.959777547047 0.940534507254
5289 0.950212392367 0.931161128942
5292 0.931138496492 0.912469654743
5295 0.93988368236 0.921039504189
5298 0.912341369483 0.894049400337
5301 0.926900123772 0.908316259187
5304 0.926187816339 0.907618233147
5307 0.939846894243 0.921003453655
5310 0.953781732682 0.934658905843
5313 0.955269103369 0.936116455523
5316 0.935628621704 0.916869755283
5319 0.949367335202 0.930333014732
5322 0.934544817885 0.915807681166
5325 0.934501028144 0.915764769386
5328 0.858922773387 0.841701819263
5331 0.944004273167 0.925077479298
5334 0.950943219621 0.93187730349
5337 0.934348375904 0.915615177744
5340 0.924440881645 0.905906323583
5343 0.958467826797 0.939251046212
5346 0.932823740082 0.914121110076
5349 0.939744830075 0.92090343582
5352 0.95076122734 0.931698960059
5355 0.962201408416 0.942909771465
5358 0.975118948453 0.955568321554
5361 0.946600698341 0.927621847499
5364 0.961360891931 0.942086106898
5367 0.949244441826 0.930212585305
5370 0.945202671774 0.926251850637
5373 0.946185214007 0.92721469341
5376 0.983801995757 0.964077278284
5379 0.975651775371 0.95609046557
5382 0.949564379396 0.930526108293
5385 0.964148497036 0.944817821973
5388 0.982550780991 0.962851149722
5391 0.920837806 0.902375487728
5394 0.932224948417 0.913534323872
5397 0.948113596916 0.929104413246
5400 0.964541067581 0.945202521683
5403 0.961272043259 0.941999039596
5406 0.941381862685 0.92250764678
5409 0.939868461377 0.92102458838
5412 0.970388184144 0.950932406605
5415 0.96458520879 0.945245777884
5418 0.98079592622 0.961131478875
5421 0.983242941393 0.963529432669
5424 0.958085615056 0.938876497617
5427 1.01311222908 0.992799856694
5430 0.909626781686 0.891389238611
5433 0.962554091395 0.943255383334
5436 0.954211022557 0.93507958868
5439 1.00323754697 0.983123156825
5442 0.976465601597 0.956887975004
5445 0.969280935981 0.949847358191
5448 0.944213899133 0.925282902372
5451 0.989587093064 0.969746387403
5454 0.998184755374 0.978171671064
5457 0.939314912063 0.92048213744
5460 0.9966600767 0.976677561402
5463 0.962929953881 0.943623709973
5466 0.980696741609 0.961034282863
5469 0.964548030894 0.945209345385
5472 0.991756399305 0.971872200184
5475 0.989181161747 0.969348594798
5478 0.949907726657 0.930862571621
5481 1.00358488241 0.98346352837
5484 0.989659917216 0.969817751469
5487 0.982916017221 0.963209063156
5490 0.999671255752 0.979628367883
5493 0.968853320012 0.949428315699
5496 0.96828649388 0.948872854136
5499 0.963956956211 0.944630121442
5502 0.947288626293 0.928295982855
5505 1.00157511289 0.981494053674
5508 1.00008701668 0.980035793024
5511 0.970757184784 0.951294008974
5514 0.988598223663 0.968777344318
5517 1.0091181402 0.988885847215
5520 0.979831551006 0.960186438882
5523 0.990473984623 0.970615497248
5526 0.984143478517 0.964411914492
5529 0.943991881096 0.925065335681
5532 0.964979777379 0.945632435578
5535 0.963708691522 0.94438683433
5538 0.946421138168 0.927445887415
5541 0.938997959088 0.920171539207
5544 0.998148762738 0.978136400061
5547 0.996718419221 0.976734734186
5550 1.02045968505 1.0
5553 1.0182292309 0.997814265294
5556 0.982062423721 0.96237258376
5559 0.991879689868 0.971993018836
5562 0.985724189176 0.965960932726
5565 0.991950830064 0.972062732708
5568 0.998003706136 0.977994251768
5571 0.987957479429 0.968149446673
5574 0.976019306771 0.956450628157
5577 0.974395361143 0.954859241792
5580 0.965981246505 0.94661382577
5583 0.886072528157 0.868307235594
5586 0.921232386845 0.902762157432
5589 0.981496331869 0.961817841755
5592 1.03975964505 1.01891300586
5595 0.99592338891 0.975955643819
5598 1.0044774746 0.98433822455
5601 1.00401941097 0.98388934485
5604 0.994863975632 0.974917471225
5607 1.03530065987 1.01454342101
5610 1.01714822962 0.996754937532
5613 1.0146199104 0.994277309793
5616 0.960630948983 0.941370798925
5619 0.992587599375 0.972686735126
5622 0.989530091779 0.969690528964
5625 0.955367784843 0.936213158484
5628 0.988548939973 0.968729048741
5631 0.966793758647 0.947410047466
5634 0.839382758602 0.822553571594
5637 1.02555062036 1.00498886472
5640 1.07836368951 1.05674305934
5643 1.09012312959 1.06826672877
5646 1.08283132248 1.0611211186
5649 1.08721582207 1.06541771126
5652 1.08436127934 1.06262040062
5655 1.07355843118 1.05203414394
5658 1.02972311994 1.00907770785
5661 1.06128222408 1.04000406839
5664 1.05272076132 1.03161425851
5667 1.06229374116 1.04099530508
5670 1.05240523331 1.03130505666
5673 1.06937276089 1.04793239416
5676 1.06188290086 1.04059270192
5679 1.06005461281 1.03880107009
5682 1.05547757187 1.03431579643
5685 1.0464420942 1.02546147539
5688 1.0234437499 1.00292423591
5691 1.05110740506 1.0300332492
5694 1.05358808729 1.03246419504
5697 1.05298954655 1.03187765473
5700 1.05054742116 1.02948449268
5703 1.02530925029 1.00475233399
5706 1.03573045899 1.01496460288
5709 0.997644258497 0.977642010867
5712 1.00487622323 0.984728978476
5715 1.03962790254 1.01878390472
5718 1.03408441972 1.01335156584
5721 1.04518953681 1.02423403112
5724 1.04792829736 1.02691788094
5727 1.03485332302 1.01410505303
5730 1.03643400324 1.01565404143
5733 1.03332196055 1.01260439358
5736 1.04490889633 1.02395901733
5739 1.03428073965 1.01354394966
5742 1.00903338556 0.988802791871
5745 1.02543606816 1.00487660923
5748 1.0208434621 1.00037608252
5751 1.0344179251 1.01367838461
5754 1.00897995826 0.98875043576
5757 1.03547634413 1.01471558289
5760 1.03356965768 1.01284712451
5763 1.01772772499 0.997322814322
5766 1.04535729148 1.0243984224
5769 1.0135446356 0.993223593694
5772 1.02607979177 1.00550742652
5775 1.03061506893 1.00995177373
5778 1.03642721081 1.01564738519
5781 1.02982828691 1.00918076627
5784 1.02203941606 1.00154805823
5787 1.03191793612 1.0112285191
5790 1.04187827169 1.02098915514
5793 1.0372218297 1.01642607239
5796 1.04147144538 1.02059048549
5799 1.03229669278 1.01159968189
5802 1.04405948509 1.02312663634
5805 1.02898468025 1.00835407349
5808 1.0484342476 1.02741368715
5811 1.04943805754 1.02839737122
5814 1.06284653823 1.04153701886
5817 1.05189585642 1.03080589251
5820 1.07044428604 1.04898243579
5823 1.05557738197 1.03441360539
5826 1.07036406118 1.04890381939
5829 1.08292175258 1.06120973562
5832 1.07920395674 1.05756647965
5835 1.08707450845 1.0652792309
5838 1.08307177933 1.06135675442
5841 1.08180755036 1.06011787257
5844 1.0841498828 1.06241324247
5847 1.08916130164 1.06732418497
5850 1.08741340209 1.0656113299
5853 1.05079976662 1.02973177875
5856 1.07291900494 1.05140753786
5859 1.07282418201 1.05131461608
5862 1.08451091384 1.06276703503
5865 1.08954260286 1.0676978413
5868 1.0958026849 1.07383241196
5871 1.09857190591 1.07654611153
5874 1.0757278864 1.05416010271
5877 1.09691843215 1.07492578906
5880 1.08474389816 1.06299534813
5883 1.08633183487 1.06455144754
5886 1.09712050752 1.07512381292
5889 1.01487218073 0.994524522232
5892 0.954110257476 0.934980843886
5895 1.0167966211 0.99641037858
5898 0.992418468497 0.972520995234
5901 1.07881393468 1.05718427733
5904 1.09467380868 1.07272616912
5907 1.09270533462 1.07079716194
5910 1.10833404512 1.08611252494
5913 1.09497077483 1.07301718125
5916 1.09794693515 1.07593367111
5919 1.10012490223 1.07806797109
5922 1.08906141746 1.06722630342
5925 1.10485594817 1.08270416201
5928 1.09816413051 1.07614651182
5931 1.10359547208 1.08146895781
5934 1.08737164403 1.06557040907
5937 1.10757555292 1.08536924011
5940 1.10398469113 1.08185037322
5943 1.08318229399 1.06146505331
5946 1.0920558676 1.0701607164
5949 1.06658227802 1.04519785902
5952 1.0852754519 1.06351624449
5955 1.08899828763 1.06716443931
5958 1.08139544224 1.05971402701
5961 1.08371286849 1.06198499007
5964 1.11108745784 1.08881073317
5967 1.10055176119 1.07848627174
5970 1.08862795382 1.0668015305
5973 1.09732163694 1.07532090981
5976 1.08569595196 1.06392831375
5979 1.07480032324 1.05325113671
5982 1.09054058059 1.0686758101
5985 1.07680347287 1.05521412423
5988 1.0750812923 1.05352647248
5991 1.07369402828 1.05216702239
5994 1.06556250081 1.04419852781
5997 1.0759478215 1.05437562822
6000 1.06617976281 1.04480341402
6003 1.0473357796 1.02633724286
6006 1.07905877163 1.05742420542
6009 1.07861131245 1.05698571757
6012 1.09451652031 1.0725720343
6015 1.08206066337 1.0603659108
6018 1.09210484299 1.07020870985
6021 1.07720828012 1.05561081531
6024 1.07366780611 1.05214132596
6027 1.08511823448 1.06336217921
6030 1.09064997772 1.06878301387
6033 1.08282638058 1.06111627578
6036 1.08266069554 1.06095391264
6039 1.09127562737 1.06939611957
6042 1.08023321229 1.05857509917
6045 1.08519773974 1.06344009043
6048 1.08170052874 1.06001299668
6051 1.08682575296 1.06503546282
6054 1.07357549729 1.05205086788
6057 1.062644884 1.04133940769
6060 1.07211176656 1.05061648419
6063 1.1022426194 1.08014322912
6066 1.06780605259 1.04639709755
6069 1.09696636823 1.07497276405
6072 1.10226697142 1.0801670929
6075 1.0942992939 1.07235916317
6078 1.08365189299 1.06192523709
6081 1.08697933617 1.06518596677
6084 1.09173218557 1.06984352402
6087 1.08907703761 1.06724161039
6090 1.09143801279 1.06955524925
6093 1.08994530683 1.06809247126
6096 1.09772347801 1.07571469416
6099 1.08065228504 1.05898576972
6102 1.05902475588 1.03779186125
6105 1.07965753577 1.05801096466
6108 1.0744182022 1.052876677
6111 1.09174324569 1.06985436239
6114 1.08219176251 1.06049438147
6117 1.08180056822 1.06011103042
6120 1.05288014682 1.0317704484
6123 1.04530797635 1.024350096
6126 1.08707570737 1.06528040579
6129 1.08675306689 1.06496423408
6132 1.08558369434 1.06381830684
6135 1.07537957182 1.05381877166
6138 1.03017361571 1.00951917141
6141 0.998585139496 0.978564027693
6144 1.06151508171 1.04023225735
6147 1.07105621843 1.04958209925
6150 1.07137438272 1.04989388451
6153 1.07503254715 1.05347870465
6156 1.06601485805 1.04464181552
6159 1.06140526507 1.04012464247
6162 0.997437525288 0.977439422551
6165 1.0450478567 1.02409519162
6168 1.04305305128 1.02214038101
6171 1.03830940423 1.01749184162
6174 1.04962602339 1.02858156846
6177 1.05482951984 1.03368073751
6180 1.05556359603 1.03440009586
6183 1.04946439517 1.0284231808
6186 1.05508915357 1.03393516572
6189 1.03844342823 1.0176231785
6192 0.995698518048 0.9757352815
6195 1.06450927279 1.04316641646
6198 1.06693624501 1.04554472915
6201 1.04368771288 1.02276231798
6204 1.06180811725 1.04051941768
6207 1.05227840046 1.03118076675
6210 1.0567570808 1.03556965188
6213 1.04025031353 1.0193938367
6216 1.04901703099 1.02798478604
6219 1.03412233323 1.01338871921
6222 1.04049914001 1.01963767433
6225 1.04922004846 1.02818373311
6228 1.0509995134 1.0299275207
6231 1.00812929 0.987916822947
6234 1.04356526466 1.02264232478
6237 1.04226707629 1.02137016441
6240 1.04164936096 1.02076483396
6243 1.03496052227 1.014210103
6246 1.01393904873 0.99361009904
6249 1.04123266482 1.02035649236
6252 1.01909147916 0.998659225933
6255 1.01528471854 0.994928788877
6258 1.02601079491 1.00543981301
6261 1.02533394402 1.00477653262
6264 1.02406284367 1.00353091717
6267 1.04591084785 1.02494088025
6270 1.03454541383 1.01380331726
6273 1.03731631177 1.01651866014
6276 1.04275684515 1.02185011366
6279 0.996624329014 0.976642530439
6282 0.961583919097 0.942304662486
6285 1.00336610722 0.983249139504
6288 1.0126723338 0.992368781092
6291 1.02877869644 1.00815221955
6294 1.01837965408 0.99796167257
6297 1.01139877089 0.991120752452
6300 1.00789808932 0.987690257724
6303 1.01736532424 0.996967679512
6306 1.02307209319 1.00256003073
6309 1.03541437091 1.0146548522
6312 1.03143925295 1.01075943329
6315 1.03485844774 1.014110075
6318 1.0017591702 0.981674420736
6321 1.00587427414 0.985707018983
6324 1.03910829466 1.01827471471
6327 1.04463735256 1.02369291787
6330 1.05502739668 1.03387464702
6333 1.0376047774 1.01680134218
6336 1.01546566866 0.99510611104
6339 1.03516455955 1.01441004943
6342 1.04182778869 1.0209396843
6345 1.03355615822 1.01283389571
6348 1.03639191532 1.01561279736
6351 1.04457480149 1.02363162092
6354 1.0391023009 1.01826884112
6357 1.03470046038 1.01395525521
6360 1.03521239195 1.01445692282
6363 1.03509633992 1.01434319757
6366 1.045565071 1.02460203605
6369 1.04836651148 1.0273473091
6372 1.04683045216 1.02584204698
6375 1.04974547488 1.02869862501
6378 1.05464134508 1.03349633556
6381 1.0549975431 1.033845392
6384 1.0482761702 1.02725877912
6387 1.05831252943 1.03709391457
6390 1.04535531519 1.02439648573
6393 1.02838924413 1.00777057555
6396 1.0609952845 1.03972288181
6399 1.04116789698 1.02029302308
6402 1.05498381206 1.03383193625
6405 1.07179629229 1.05030733501
6408 1.05317302188 1.03205745147
6411 1.05450123551 1.03335903512
6414 1.05985377542 1.03860425938
6417 1.0731827609 1.05166600565
6420 1.04539109685 1.02443154998
6423 1.06987666916 1.04842619933
6426 1.05835541135 1.03713593673
6429 1.06412111552 1.04278604154
6432 1.03877880231 1.01795182851
6435 1.07479447506 1.05324540578
6438 1.04888660024 1.02785697035
6441 1.06888128805 1.0474507751
6444 1.07382105947 1.05229150666
6447 1.08577580835 1.06400656906
6450 1.03903803009 1.0182058589
6453 1.08560210148 1.06383634492
6456 1.05884461737 1.03761533443
6459 1.07677028396 1.05518160074
6462 1.03326669371 1.01255023481
6465 1.05546913365 1.0343075274
6468 1.07311895122 1.05160347532
6471 1.03721858323 1.016422891
6474 1.06429161911 1.04295312662
6477 1.05232591002 1.03122732377
6480 1.04204017657 1.02114781391
6483 1.04517050123 1.0242153772
6486 1.0415149395 1.02063310757
6489 1.06242089325 1.04111990784
6492 1.04686521056 1.02587610849
6495 0.960563181357 0.941304390005
6498 0.974525785009 0.954987050728
6501 1.05428142225 1.03314362899
6504 1.04193191877 1.02104172663
6507 1.07101809339 1.04954473859
6510 1.06711957546 1.04572438392
6513 1.06925588282 1.04781785943
6516 1.04129865504 1.0204211595
6519 1.00749737962 0.987297582042
6522 1.05339651581 1.03227646446
6525 1.065327994 1.04396872273
6528 1.03997523785 1.01912427614
6531 1.08223961331 1.06054127289
6534 1.06455167264 1.04320796621
6537 1.05775623013 1.03654876879
6540 1.07544337627 1.05388129686
6543 1.06562862234 1.04426332363
6546 1.02513020288 1.00457687638
6549 1.05706471309 1.03587111631
6552 1.05467212988 1.03352650314
6555 1.04190075894 1.02101119154
6558 1.03810507003 1.01729160421
6561 0.894041451784 0.876116386454
6564 0.72178021945 0.707308902083
6567 1.02516979507 1.00461567477
6570 1.04242705982 1.02152694035
6573 1.06085287778 1.03958333027
6576 1.04739159004 1.02639193433
6579 1.07371427267 1.05218686088
6582 1.07012304902 1.0486676394
6585 1.06782484681 1.04641551494
6588 1.06289180226 1.04158137537
6591 1.06398205466 1.04264976877
6594 1.0395439188 1.01870160481
6597 1.05872363709 1.03749677974
6600 1.07014955376 1.04869361273
6603 1.05949542553 1.03825309423
6606 1.06043793339 1.03917670529
6609 1.06661914152 1.04523398342
6612 1.07234080602 1.05084093153
6615 1.06394293884 1.04261143721
6618 1.05522644303 1.0340697026
6621 1.07858313775 1.05695810775
6624 1.06033037687 1.03907130522
6627 1.07364835637 1.05212226618
6630 1.06714352135 1.0457478497
6633 1.06007929746 1.03882525983
6636 1.06261311747 1.04130827806
6639 1.05780709943 1.03659861818
6642 1.05992993349 1.03867889053
6645 1.04865375929 1.02762879774
6648 1.04990959215 1.02885945181
6651 1.04658388828 1.02560042657
6654 1.05967097058 1.03842511969
6657 1.05008372042 1.0290300889
6660 1.05923381158 1.03799672549
6663 1.04235701133 1.0214582963
6666 1.05436025037 1.03322087665
6669 1.056407361 1.03522694378
6672 1.04737417023 1.02637486378
6675 1.04132200065 1.02044403705
6678 1.02540372936 1.0048449188
6681 1.05640549678 1.03522511694
6684 1.06032124193 1.03906235344
6687 1.06262199283 1.04131697548
6690 1.06692225442 1.04553101906
6693 1.05986793973 1.0386181397
6696 1.06378770274 1.04245931351
6699 1.061600862 1.04031631779
6702 1.05746393713 1.03626233611
6705 1.05751238752 1.03630981509
6708 1.05949019714 1.03824797066
6711 1.05692645936 1.03573563449
6714 1.06011805279 1.03886323813
6717 1.04590234454 1.02493254742
6720 1.05829417157 1.03707592478
6723 1.05315438185 1.03203918517
6726 1.0611429159 1.03986755327
6729 1.05778362262 1.03657561207
6732 1.06280016396 1.04149157437
6735 1.05675449948 1.03556712232
6738 1.05971045373 1.03846381122
6741 1.03742558397 1.01662574149
6744 1.04631018093 1.02533220691
6747 1.04871268945 1.02768654639
6750 1.04454283695 1.02360029726
6753 1.05323536456 1.03211854421
6756 1.05001425801 1.02896201917
6759 1.06212769247 1.04083258558
6762 1.0526612577 1.0315559479
6765 1.06460543075 1.04326064651
6768 1.04982214 1.02877375303
6771 1.0645281822 1.04318494675
6774 1.04898859861 1.02795692371
6777 1.06596420748 1.04459218047
6780 1.07507769148 1.05352294386
6783 1.06882744789 1.0473980144
6786 1.07081837333 1.04934902282
6789 1.07011342493 1.04865820826
6792 1.0664488425 1.0450670988
6795 1.06062676077 1.03936174679
6798 1.07350416991 1.05198097058
6801 1.06779905924 1.0463902444
6804 1.06715715229 1.04576120736
6807 1.0656829655 1.04431657724
6810 1.05590527646 1.03473492577
6813 1.06000655153 1.03875397241
6816 1.0599326159 1.03868151915
6819 1.06423057323 1.04289330468
6822 1.06345881318 1.04213701802
6825 1.06414714965 1.0428115537
6828 1.05081847291 1.02975010998
6831 1.05782128701 1.03661252131
6834 1.05796978234 1.03675803939
6837 1.05698544069 1.03579343327
6840 1.05479749816 1.03364935785
6843 1.05004932899 1.028996387
6846 1.04464383717 1.02369927248
6849 1.05825260351 1.03703519014
6852 1.06131430873 1.04003550976
6855 1.04803408647 1.02702154904
6858 1.05175240534 1.03066531756
6861 1.0499366175 1.02888593532
6864 1.05985922042 1.03860959521
6867 1.0562824634 1.03510455031
6870 1.04932891735 1.02829041923
6873 1.03748154276 1.01668057834
6876 1.03854475258 1.01772247135
6879 1.04682404732 1.02583577054
6882 1.05443225867 1.03329144122
6885 1.06012630702 1.03887132687
6888 1.05372168196 1.0325951112
6891 1.06177231336 1.04048433164
6894 1.06597836568 1.0446060548
6897 1.06854002686 1.04711635601
6900 1.03763879206 1.01683467487
6903 1.05200986526 1.03091761554
6906 1.04816633792 1.02715114892
6909 1.04441169665 1.02347178625
6912 1.04287473792 1.02196564274
6915 1.03506037805 1.01430795672
6918 1.04328273833 1.02236546296
6921 1.04256243866 1.02165960492
6924 1.04490968861 1.02395979373
6927 1.01186867281 0.991581233079
6930 1.02748856854 1.00688795805
6933 1.02645169215 1.00587187048
6936 1.02155874907 1.00107702836
6939 1.02545376831 1.00489395449
6942 1.0098639284 0.989616682758
6945 0.980911276694 0.961244516632
6948 1.00896029855 0.98873117021
6951 1.00248712037 0.982387775882
6954 0.992614396443 0.972712994926
6957 1.00149340584 0.981413984808
6960 1.0032502534 0.983135608496
6963 0.994347961707 0.97441180311
6966 0.993067368655 0.973156885282
6969 1.00065989487 0.980597185298
6972 1.00256678362 0.982465841929
6975 0.98293883807 0.963231426459
6978 0.979500310826 0.959861839894
6981 0.980528588585 0.96086950122
6984 0.989140565807 0.969308812785
6987 1.00449267399 0.984353119194
6990 0.991745260171 0.971861284384
6993 1.01042040308 0.990162000406
6996 1.00376405296 0.983639106635
6999 0.994737159368 0.974793197561
7002 1.00253485386 0.982434552343
7005 0.994303970972 0.974368694366
7008 1.00008772591 0.980036488033
7011 1.00239727494 0.982299731808
7014 0.994491029556 0.974552002524
7017 0.990476542722 0.970618004059
7020 0.980228572165 0.960575499973
7023 1.00192430449 0.981836244168
7026 0.978063156067 0.958453499339
7029 1.01256771473 0.992266259577
7032 0.983184316863 0.96347198353
7035 1.01286221638 0.992554856618
7038 0.965545226825 0.946186548057
7041 1.00283360121 0.982727309957
7044 1.00117233203 0.981099348368
7047 0.991379976041 0.97150332401
7050 1.0152343957 0.994879474986
7053 0.97122560631 0.951753038893
7056 1.01538169889 0.995023824824
7059 0.993768715551 0.973844170538
7062 0.980755866846 0.96109222267
7065 0.984922659897 0.965175473691
7068 0.941942163042 0.923056713406
7071 1.00205189554 0.981961277079
7074 0.990383741024 0.970527062987
7077 0.976477807901 0.956899936579
7080 0.995547760488 0.975587546551
7083 0.973714586931 0.954192116749
7086 0.985511262172 0.965752274797
7089 0.981746007844 0.962062511857
7092 0.962091054585 0.942801630171
7095 0.981806547669 0.96212183789
7098 0.985685758886 0.965923272943
7101 0.975172559212 0.955620857445
7104 0.982628671 0.962927478077
7107 0.96168226532 0.942401036918
7110 0.956111517011 0.93694197921
7113 0.968596941994 0.949177077926
7116 0.968850364116 0.949425419068
7119 0.957069638514 0.937880890876
7122 0.946262224008 0.927290159401
7125 0.970641333716 0.951180480659
7128 0.967888787558 0.948483121619
7131 0.9416799965 0.922799803166
7134 0.983472507821 0.963754396409
7137 0.984873835797 0.965127628489
7140 0.951277685547 0.932205063548
7143 0.975487929082 0.955929904314
7146 0.966999694405 0.94761185432
7149 0.944766075216 0.925824007612
7152 0.973104232353 0.953593999463
7155 0.96896499931 0.949537755885
7158 0.998514610121 0.978494912394
7161 0.957367975111 0.93817324598
7164 0.967774053157 0.948370687583
7167 0.979357418748 0.959721812728
7170 0.979817816932 0.960172980168
7173 0.990717009885 0.97085364998
7176 0.962310177386 0.943016359674
7179 1.00212353115 0.982031476433
7182 0.987312974447 0.96751786368
7185 1.01199071673 0.991700830087
7188 0.965359869409 0.946004906961
7191 0.992483157933 0.97258438768
7194 0.961360498289 0.942085721148
7197 0.985391563106 0.965634975635
7200 0.965525213923 0.946166936403
7203 0.963370015397 0.944054948485
7206 0.971048073606 0.951579065627
7209 0.973745765101 0.954222669813
7212 1.00602952295 0.985859155138
7215 0.9786869871 0.959064822885
7218 1.01282102109 0.992514487276
7221 0.972928833917 0.953422117673
7224 0.998194783991 0.978181498611
7227 1.00938780529 0.98915010567
7230 0.979408828266 0.959772191511
7233 1.00646373761 0.986284664022
7236 0.974879280154 0.95533345848
7239 0.980813289375 0.961148493908
7242 0.989356105549 0.969520031068
7245 0.95786249545 0.938657851444
7248 0.983062371925 0.963352483524
7251 0.983175885605 0.963463721314
7254 0.959988371669 0.940741104952
7257 0.970594909009 0.951134986744
7260 0.958659443688 0.939438821285
7263 0.945055674806 0.926107800881
7266 0.9497889031 0.930746130414
7269 0.957675984435 0.938475079878
7272 0.957946845213 0.938740510038
7275 0.965470980605 0.946113790435
7278 0.956244010451 0.937071816226
7281 0.935899956916 0.917135650365
7284 0.94132665253 0.922453543559
7287 0.973284072418 0.953770233828
7290 0.933376526338 0.914662813256
7293 0.921472806073 0.90299775638
7296 0.958771594738 0.939548723764
7299 0.938276606427 0.919464649292
7302 0.945513740952 0.92655668304
7305 0.948822393329 0.92979899866
7308 0.895472474857 0.87751871826
7311 0.947408726757 0.928413675367
7314 0.938846111948 0.920022736524
7317 0.954089119998 0.934960130204
7320 0.947093657263 0.928104922852
7323 0.94472676728 0.92578548778
7326 0.931898686468 0.913214603305
7329 0.944486104424 0.925549650089
7332 0.962319806473 0.943025795703
7335 0.935668371768 0.916908708378
7338 0.968153804746 0.94874282535
7341 0.946130104889 0.927160689201
7344 0.948466732982 0.929450469118
7347 0.956894483195 0.93770924733
7350 0.946738045367 0.927756440789
7353 0.964724581642 0.945382356382
7356 0.935138029124 0.916388998828
7359 0.970634263571 0.951173552268
7362 0.95265855509 0.933558247377
7365 0.958133011227 0.93892294352
7368 0.951339784162 0.932265917119
7371 0.959107740927 0.939878130398
7374 0.954714561965 0.935573032385
7377 0.944071368484 0.925143229388
7380 0.957508540165 0.938310992778
7383 0.943774110956 0.924851931719
7386 0.942058113282 0.923170338904
7389 0.938917462698 0.920092656728
7392 0.938555989293 0.919738430677
7395 0.957604502192 0.938405030816
7398 0.937820895724 0.919018075351
