Wave Flux FluxNorm
3600 1.05813686499 1.05252839466
3603 1.03443227511 1.02894944684
3606 1.02436350685 1.01893404633
3609 1.04445672238 1.03892076127
3612 1.02783725744 1.02238938491
3615 1.03949586807 1.0339862011
3618 1.0401676695 1.03465444176
3621 1.02820406319 1.02275424647
3624 1.06108275797 1.05545867345
3627 1.06170222689 1.05607485899
3630 1.0336669832 1.02818821122
3633 1.02947273043 1.02401618937
3636 1.06545153748 1.059804297
3639 1.06791289633 1.06225260985
3642 1.06120949858 1.0555847423
3645 1.04383678102 1.0383041058
3648 1.05275744728 1.04717748962
3651 1.04832851704 1.04277203415
3654 1.07061122395 1.06493663545
3657 1.08349853758 1.07775564212
3660 1.06309527191 1.05746052041
3663 1.07599539445 1.0702922681
3666 1.08636634241 1.08060824665
3669 1.09253252591 1.08674174737
3672 1.08636584318 1.08060775007
3675 1.10199792056 1.09615697234
3678 1.043694442 1.03816252122
3681 1.0943620724 1.08856159666
3684 1.06952797532 1.06385912839
3687 1.05546810029 1.04987377529
3690 1.10253835671 1.096694544
3693 1.09954206813 1.09371413673
3696 1.07282339265 1.06713707894
3699 1.11447715741 1.10857006516
3702 1.09686810098 1.09105434248
3705 1.07901328544 1.07329416327
3708 1.21626218034 1.2098155943
3711 1.01491659359 1.00953720479
3714 1.09751629848 1.09169910432
3717 1.34654796187 1.33941081871
3720 1.11101452872 1.10512578954
3723 0.98769480315 0.982459698715
3726 1.3553753601 1.34819142886
3729 1.46561352737 1.4578452979
3732 1.18999506821 1.18368770642
3735 0.92840723617 0.923486375166
3738 1.33623435226 1.3291518746
3741 1.65613671676 1.64735865227
3744 1.64612806337 1.63740304801
3747 1.2900003007 1.28316287858
3750 0.884007022604 0.879321497206
3753 1.24283549083 1.23624805758
3756 1.60481758289 1.59631152655
3759 1.84735661997 1.83756502767
3762 1.85483029261 1.8449990874
3765 1.6497734097 1.64102907282
3768 1.24118923844 1.23461053086
3771 0.904288667873 0.899495643144
3774 1.37068254888 1.36341748455
3777 1.86096779424 1.85110405827
3780 2.1575556942 2.14611994568
3783 2.22480158633 2.21300941266
3786 2.27162560665 2.25958525041
3789 2.14700814425 2.13562830119
3792 1.82053518251 1.81088575257
3795 1.32715452841 1.32012017677
3798 0.893552324088 0.888816205481
3801 1.33176786984 1.32470906599
3804 1.84962355272 1.83981994493
3807 2.17332713027 2.161807788
3810 2.41521845428 2.40241700913
3813 2.43741479489 2.4244957019
3816 2.44236641638 2.42942107818
3819 2.49262484596 2.4794131217
3822 2.46507254607 2.45200685798
3825 2.25681847603 2.2448566024
3828 2.02375875556 2.01303217443
3831 1.62926865575 1.62063300075
3834 1.07463953732 1.06894359745
3837 1.07682333147 1.07111581678
3840 1.64025135007 1.63155748321
3843 2.06362195785 2.05268408875
3846 2.3380591759 2.32566670009
3849 2.45115954733 2.43816760268
3852 2.54342184019 2.52994087531
3855 2.42998469239 2.41710498137
3858 2.60113793445 2.58735105545
3861 2.62791638413 2.61398757062
3864 2.53896670251 2.5255093513
3867 2.66126216891 2.64715661187
3870 2.72378906424 2.70935209427
3873 2.58466127476 2.57096172743
3876 2.50677477901 2.4934880555
3879 2.2746678092 2.26261132829
3882 2.03683967047 2.02604375622
3885 1.6064203387 1.59790578723
3888 1.02662000515 1.02117858445
3891 1.1615677449 1.15541105719
3894 1.72566367339 1.71651709337
3897 2.07650965717 2.06550347906
3900 2.35007014992 2.33761401203
3903 2.51751669407 2.50417303491
3906 2.49853006127 2.48528703745
3909 2.63374021719 2.61978053546
3912 2.70615488064 2.69181137759
3915 2.6534440295 2.63937991115
3918 2.64514510846 2.6311249771
3921 2.7045094277 2.69017464609
3924 2.76206349849 2.74742366154
3927 2.777113812 2.76239420349
3930 2.67155437253 2.65739426346
3933 2.5524500333 2.53892121605
3936 2.63646989062 2.62249574074
3939 2.67091404157 2.65675732646
3942 2.70693883734 2.69259117906
3945 2.70856811207 2.69421181811
3948 2.73931695199 2.72479767916
3951 2.62888561557 2.61495166481
3954 2.49002379295 2.47682585513
3957 2.42421989829 2.41137074256
3960 2.33287804084 2.32051302673
3963 2.00726642556 1.99662725915
3966 1.60541166877 1.59690246358
3969 0.976438315497 0.971262874116
3972 1.15365061322 1.14753588889
3975 1.68541209383 1.67647886031
3978 2.07518371296 2.06418456279
3981 2.32835736517 2.31601631211
3984 2.44110213282 2.42816349574
3987 2.60203498933 2.58824335565
3990 2.60372133493 2.58992076307
3993 2.58056002306 2.5668822137
3996 2.63983063653 2.6258386736
3999 2.57343764947 2.55979759101
4002 2.58746541601 2.57375100581
4005 2.64968817508 2.63564396398
4008 2.63914504568 2.6251567166
4011 2.68985510267 2.67559799376
4014 2.69008797959 2.67582963635
4017 2.7077513017 2.6933993371
4020 2.7200856447 2.70566830406
4023 2.66086225009 2.64675881275
4026 2.68734505302 2.67310124819
4029 2.64434116505 2.63032529485
4032 2.59975362871 2.58597408698
4035 2.67219664094 2.65803312764
4038 2.61410144524 2.60024585541
4041 2.65520555334 2.64113209834
4044 2.65267360484 2.63861356999
4047 2.58326959796 2.56957742697
4050 2.55910180196 2.54553772817
4053 2.56924072881 2.5556229154
4056 2.53911230517 2.52565418223
4059 2.62535855837 2.61144330217
4062 2.55075079326 2.53723098254
4065 2.63152141848 2.61757349711
4068 2.66053326048 2.64643156689
4071 2.52169111094 2.508325326
4074 2.51202055616 2.49870602832
4077 2.28690534204 2.27478399822
4080 2.49499636925 2.48177207515
4083 2.4555002348 2.44248528309
4086 2.35740641575 2.34491139325
4089 2.32874972949 2.31640659678
4092 2.18417534589 2.17259850454
4095 1.90515849601 1.89506053492
4098 1.46525031894 1.45748401459
4101 0.928034924091 0.923116036463
4104 1.1832166719 1.17694523782
4107 1.65484234326 1.64607113937
4110 1.92988869937 1.91965966014
4113 2.18260580069 2.17103727844
4116 2.33256981883 2.32020643839
4119 2.31986362719 2.30756759372
4122 2.4080848316 2.39532119698
4125 2.43452473251 2.42162095779
4128 2.12214390956 2.11089585504
4131 2.08172047549 2.07068667835
4134 2.43285221001 2.41995730022
4137 2.41345019964 2.40065812682
4140 2.49811268562 2.48487187402
4143 2.43377288149 2.42087309183
4146 2.40530593209 2.39255702655
4149 2.47384418122 2.46073200061
4152 2.47401805094 2.46090494876
4155 2.4679626424 2.45488163586
4158 2.50265000681 2.48938514593
4161 2.40847049191 2.39570481317
4164 2.45133977942 2.43834687947
4167 2.48267110126 2.46951213509
4170 2.45026535544 2.43727815029
4173 2.31705899871 2.30477783068
4176 2.41991604605 2.40708970214
4179 2.29210942434 2.27996049719
4182 2.39961614988 2.38689740204
4185 2.3697486475 2.35718820715
4188 2.32160328163 2.30929802742
4191 2.31717431529 2.30489253605
4194 2.42847007566 2.4155983926
4197 2.39704191429 2.38433681073
4200 2.29751751718 2.28533992538
4203 2.333298899 2.32093165421
4206 2.23643097987 2.22457716662
4209 2.35039915351 2.33794127179
4212 2.40829346628 2.39552872583
4215 2.32760413073 2.31526707006
4218 2.41429650881 2.40149995027
4221 2.42511078166 2.41225690396
4224 2.34966193024 2.33720795605
4227 2.33596282178 2.32358145732
4230 2.40858241612 2.39581614414
4233 2.24440201993 2.23250595758
4236 2.33922192126 2.32682328252
4239 2.34256582466 2.33014946213
4242 2.32368098031 2.31136471361
4245 2.35879692787 2.34629453521
4248 2.32612820508 2.3137989673
4251 2.27978701916 2.26770340477
4254 2.23907659199 2.22720875614
4257 2.29857876599 2.28639554921
4260 2.31150916969 2.29925741757
4263 2.315675168 2.30340133472
4266 2.35102913621 2.33856791537
4269 2.31118835256 2.29893830087
4272 2.27268353399 2.26063757038
4275 2.27775408415 2.26568124498
4278 2.29672272862 2.28454934945
4281 2.23103209351 2.21920689612
4284 2.23067656499 2.21885325202
4287 2.29810154748 2.28592086012
4290 2.19218685318 2.18056754822
4293 2.24062696669 2.22875091335
4296 2.22464542975 2.21285408376
4299 2.24225879803 2.23037409545
4302 2.19762588386 2.18597775028
4305 2.18576557185 2.17418030178
4308 2.16364802893 2.15217998905
4311 2.24133831938 2.22945849563
4314 2.12914868813 2.11786350601
4317 2.16738368928 2.15589584918
4320 2.1706024801 2.15909757936
4323 2.13839521172 2.12706102001
4326 1.95453446242 1.94417479261
4329 1.94258266313 1.93228634175
4332 1.77034026535 1.76095688483
4335 1.51351737509 1.50549523961
4338 1.08548678309 1.07973334928
4341 0.795476985192 0.791260697852
4344 1.20711625778 1.20071814811
4347 1.5602401049 1.55197032373
4350 1.78386574444 1.77441067447
4353 1.89590596045 1.88585704081
4356 1.99974944069 1.98915011676
4359 2.05073774768 2.0398681691
4362 2.05217644662 2.04129924246
4365 2.11227643901 2.1010806853
4368 2.08321243751 2.07217073249
4371 2.12817862183 2.11689858137
4374 2.10477437903 2.09361838868
4377 2.06006581626 2.04914679587
4380 2.15447245091 2.14305304458
4383 2.07296355765 2.06197617503
4386 2.0438417161 2.03300868873
4389 2.1211316459 2.10988895671
4392 2.08428328911 2.07323590822
4395 2.07179145397 2.06081028388
4398 2.10932401944 2.09814391452
4401 2.10026550982 2.08913341795
4404 2.05861706742 2.04770572587
4407 2.03542760323 2.02463917341
4410 2.02383804835 2.01311104694
4413 2.08224177992 2.07120521969
4416 2.0309186988 2.02015416764
4419 2.03861970712 2.0278143581
4422 2.07377156862 2.06277990328
4425 2.11056286125 2.09937619006
4428 2.08518711626 2.0741349448
4431 2.03952381463 2.02871367355
4434 2.01644652406 2.00575870014
4437 2.07915758392 2.06813737094
4440 2.08685380243 2.07579279698
4443 1.97232379622 1.96186983714
4446 1.98272141768 1.97221234782
4449 1.97401536295 1.96355243801
4452 1.98233070976 1.97182371078
4455 2.01908981716 2.00838798292
4458 2.03888223592 2.02807549542
4461 2.00485373059 1.99422735226
4464 2.00541480371 1.9947854515
4467 1.9437552698 1.93345273322
4470 1.95773901774 1.94736236275
4473 1.94398512629 1.9336813714
4476 2.00723328774 1.99659429698
4479 1.98525930606 1.97473678456
4482 1.90731016636 1.89720080071
4485 1.99471571894 1.98414307537
4488 1.95406038337 1.94370322633
4491 1.97644413166 1.96596833346
4494 1.94397607019 1.9336723633
4497 1.95736242011 1.9469877612
4500 1.8933652533 1.88332980024
4503 1.95816180123 1.94778290535
4506 1.96947179423 1.9590329517
4509 1.91849563336 1.9083269811
4512 1.94942887728 1.93909626873
4515 1.84153370388 1.83177297493
4518 1.92988146804 1.91965246714
4521 1.88568115318 1.87568642835
4524 1.89066178683 1.88064066302
4527 1.94051367397 1.93022831891
4530 1.9290413871 1.9188168389
4533 1.86777510517 1.85787528824
4536 1.90526059485 1.8951620926
4539 1.90045350257 1.89038047948
4542 1.89364496411 1.8836080285
4545 1.91664442573 1.90648558547
4548 1.86218884889 1.85231864094
4551 1.82264423378 1.81298362518
4554 1.86283068838 1.85295707847
4557 1.82264684474 1.8129862223
4560 1.86592585289 1.8560358376
4563 1.84709670591 1.83730649123
4566 1.86899786087 1.85909156294
4569 1.89669867886 1.88664555756
4572 1.83319793703 1.82348139036
4575 1.86710832396 1.85721204118
4578 1.85569704913 1.84586124983
4581 1.83329261465 1.82357556616
4584 1.76119596891 1.75186105614
4587 1.85256256726 1.84274338173
4590 1.80435956689 1.79479587299
4593 1.83384353064 1.82412356212
4596 1.82474495721 1.81507321409
4599 1.84759227999 1.83779943861
4602 1.86313613385 1.85326090497
4605 1.82967664722 1.81997876453
4608 1.85350258849 1.84367842055
4611 1.81605877606 1.80643307253
4614 1.8224898625 1.81283007212
4617 1.80213233368 1.79258044483
4620 1.72698299138 1.71782941854
4623 1.7688101595 1.75943488904
4626 1.77415951745 1.76475589365
4629 1.74405461421 1.73481055622
4632 1.81486306675 1.80524370087
4635 1.77472657956 1.76531995015
4638 1.7922367598 1.78273732072
4641 1.79707777346 1.78755267543
4644 1.8083757788 1.79879079766
4647 1.78002299309 1.77058829096
4650 1.79845943064 1.78892700938
4653 1.75020082202 1.74092418712
4656 1.74888361179 1.73961395852
4659 1.78744228145 1.77796825467
4662 1.78254086431 1.77309281664
4665 1.76451260037 1.75516010838
4668 1.72804745443 1.71888823959
4671 1.71145908837 1.70238779728
4674 1.69976447078 1.69075516498
4677 1.77534204529 1.76593215371
4680 1.77467894295 1.76527256602
4683 1.74238315468 1.73314795596
4686 1.73567525447 1.7264756098
4689 1.73123151243 1.72205542105
4692 1.74667742434 1.73741946459
4695 1.71859545241 1.70948633627
4698 1.71146888782 1.70239754479
4701 1.73635628751 1.72715303316
4704 1.71872113785 1.70961135554
4707 1.71719367907 1.70809199279
4710 1.68393881047 1.67501338582
4713 1.65678286071 1.64800137146
4716 1.68402771985 1.67510182396
4719 1.67584514195 1.66696261639
4722 1.68878573391 1.67983461899
4725 1.66687810656 1.65804310921
4728 1.62956597011 1.62092873925
4731 1.63982149779 1.63112990928
4734 1.64948024267 1.64073745967
4737 1.63818116033 1.62949826615
4740 1.62873039354 1.6200975915
4743 1.64348996074 1.63477892819
4746 1.65310253642 1.64434055408
4749 1.64695393681 1.63822454405
4752 1.66505371725 1.65622838976
4755 1.61488473991 1.60632532436
4758 1.61703938054 1.60846854468
4761 1.61167408017 1.60313168216
4764 1.56559402954 1.55729587081
4767 1.60352673272 1.5950275183
4770 1.59499272455 1.58653874316
4773 1.60190352081 1.59341290995
4776 1.58608655029 1.57767977453
4779 1.60006270499 1.59158185105
4782 1.61957040474 1.61098615363
4785 1.58491828433 1.57651770075
4788 1.58324812229 1.57485639112
4791 1.58246689089 1.5740793005
4794 1.57606777645 1.56771410345
4797 1.55456372032 1.54632402583
4800 1.55317137678 1.54493906217
4803 1.58425352928 1.57585646913
4806 1.52469930763 1.51661790427
4809 1.5732249752 1.56488636997
4812 1.53313979797 1.52501365725
4815 1.5557226159 1.54747677889
4818 1.55213568716 1.54390886204
4821 1.53532043309 1.52718273429
4824 1.50142185282 1.49346382755
4827 1.54279227298 1.534614971
4830 1.53172537461 1.52360673079
4833 1.52554792514 1.51746202382
4836 1.49439221416 1.48647144827
4839 1.47584739404 1.46802492174
4842 1.45888705746 1.45115448047
4845 1.39369450722 1.386307472
4848 1.32491198206 1.31788951665
4851 1.26702476521 1.26030912091
4854 1.13996256004 1.13392038685
4857 0.952606714812 0.947557588683
4860 0.673264038281 0.669695519401
4863 0.713023446902 0.709244190194
4866 0.965082599157 0.959967346774
4869 1.15734646898 1.15121215541
4872 1.27423764847 1.26748377354
4875 1.34627137124 1.3391356941
4878 1.39344801769 1.38606228895
4881 1.45077637577 1.44308678804
4884 1.41325017301 1.40575948638
4887 1.46157412539 1.45382730607
4890 1.45449157677 1.44678229726
4893 1.47421694728 1.46640311688
4896 1.47692332071 1.46909514565
4899 1.4877955784 1.47990977683
4902 1.44721992546 1.43954918808
4905 1.48426065258 1.47639358727
4908 1.47633183959 1.46850679957
4911 1.43841777684 1.43079369371
4914 1.41946697601 1.4119433383
4917 1.49068404246 1.48278293109
4920 1.417475037 1.40996195722
4923 1.41008821316 1.40261428596
4926 1.48991794788 1.48202089706
4929 1.47873486724 1.47089709039
4932 1.49335844415 1.48544315758
4935 1.48952347723 1.48162851723
4938 1.47987581466 1.47203199041
4941 1.47479759156 1.46698068355
4944 1.46131051543 1.45356509333
4947 1.46330896724 1.45555295269
4950 1.44472872247 1.43707118927
4953 1.4221540463 1.41461616625
4956 1.43968133629 1.43205055588
4959 1.43871984412 1.43109415994
4962 1.46242735155 1.45467600985
4965 1.4574584975 1.44973349235
4968 1.46303327907 1.45527872576
4971 1.41734906758 1.40983665548
4974 1.44533232223 1.43767158976
4977 1.40605916908 1.39860659712
4980 1.4646403645 1.45687729311
4983 1.44221717053 1.43457294938
4986 1.43543437204 1.42782610193
4989 1.43290548453 1.42531061834
4992 1.40322781555 1.39579025069
4995 1.42367914937 1.41613318577
4998 1.40051725813 1.39309406011
5001 1.35640283736 1.34921346014
5004 1.38291091897 1.37558104028
5007 1.3877486307 1.38039311056
5010 1.37313922653 1.365861141
5013 1.38104312019 1.37372314144
5016 1.38190456417 1.37458001949
5019 1.3174136476 1.3104309258
5022 1.3570632407 1.34987036313
5025 1.38821812925 1.38086012062
5028 1.39991686535 1.3924968496
5031 1.35727904891 1.35008502749
5034 1.37029018946 1.36302720475
5037 1.3780454771 1.37074138684
5040 1.32367641846 1.31666050194
5043 1.36979451022 1.36253415278
5046 1.38474797435 1.37740835868
5049 1.3589950523 1.3517919355
5052 1.39634962347 1.38894851527
5055 1.30047429452 1.29358135682
5058 1.3411671515 1.33405852839
5061 1.37033641566 1.36307318594
5064 1.37064635939 1.36338148687
5067 1.37439837933 1.36711361988
5070 1.34475399596 1.3376263614
5073 1.34562670858 1.33849444836
5076 1.30756361408 1.30063310067
5079 1.35320151386 1.34602910471
5082 1.34487055512 1.33774230276
5085 1.32012088223 1.31312381121
5088 1.34043402453 1.33332928723
5091 1.33042745708 1.32337575785
5094 1.31605772467 1.30908218971
5097 1.30546837823 1.29854897026
5100 1.31041054249 1.30346493944
5103 1.30048784002 1.29359483052
5106 1.30472548145 1.29781001107
5109 1.33245419432 1.32539175273
5112 1.33568837845 1.32860879463
5115 1.33229104315 1.32522946631
5118 1.32596363093 1.31893559144
5121 1.32696980913 1.31993643657
5124 1.29144779196 1.28460269766
5127 1.2426665526 1.23608001478
5130 1.27019285884 1.26346042262
5133 1.30245300448 1.29554957897
5136 1.2998048933 1.29291550364
5139 1.2971193153 1.29024416008
5142 1.28135268707 1.27456110012
5145 1.24184238484 1.23526021537
5148 1.25803326899 1.25136528256
5151 1.22904625471 1.2225319089
5154 1.18345239785 1.17717971435
5157 1.24430015929 1.23770496282
5160 1.26262151531 1.25592920968
5163 1.25917368672 1.25249965571
5166 1.23516553955 1.22861875954
5169 1.19146636104 1.18515120092
5172 1.23729910438 1.23074101578
5175 1.24992184095 1.24329684773
5178 1.19823863965 1.19188758424
5181 1.23938926592 1.23282009878
5184 1.20692570563 1.20052860594
5187 1.17864767781 1.17240046089
5190 1.19248503446 1.18616447504
5193 1.15801020919 1.15187237758
5196 1.20989376829 1.20348093691
5199 1.21282470179 1.2063963355
5202 1.21953241132 1.21306849198
5205 1.20025077611 1.19388905572
5208 1.21995144141 1.21348530108
5211 1.20780513263 1.20140337169
5214 1.16701698744 1.16083141697
5217 1.16398855151 1.15781903274
5220 1.19269545397 1.18637377926
5223 1.19875015235 1.19239638576
5226 1.13146384236 1.12546671515
5229 1.17785692445 1.17161389878
5232 1.18386008409 1.17758523972
5235 1.15269898353 1.14658930315
5238 1.15673211528 1.15060105798
5241 1.17971205619 1.17345919772
5244 1.20700123352 1.20060373351
5247 1.20571703596 1.19932634261
5250 1.18615325632 1.17986625738
5253 1.18629026813 1.18000254299
5256 1.19153781537 1.18522227652
5259 1.16770505058 1.16151583315
5262 1.15915435917 1.15301046319
5265 1.119613358 1.11367904222
5268 1.20229021238 1.19591768232
5271 1.1813451808 1.17508366623
5274 1.17037141671 1.16416806667
5277 1.14653792979 1.14046090501
5280 1.1778553113 1.17161229418
5283 1.16756513956 1.16137666371
5286 1.180055897 1.17380121606
5289 1.20308197497 1.19670524831
5292 1.15950395891 1.15335820994
5295 1.13131457162 1.12531823559
5298 1.15164515076 1.14554105604
5301 1.1540007157 1.14788413572
5304 1.14677320949 1.14069493765
5307 1.13065543579 1.1246625934
5310 1.14502204947 1.13895305934
5313 1.14162099254 1.13557002913
5316 1.09436897869 1.08856846634
5319 1.13506896828 1.12905273272
5322 1.16033273881 1.15418259703
5325 1.13690776598 1.1308817842
5328 1.14776748299 1.14168394117
5331 1.13189469309 1.12589528223
5334 1.13367806757 1.12766920424
5337 1.09985209439 1.09402251975
5340 1.09996973524 1.09413953707
5343 1.12934808605 1.12336217304
5346 1.08120062909 1.07546991329
5349 1.13117846584 1.12518285122
5352 1.12831599291 1.12233555033
5355 1.13185691674 1.12585770611
5358 1.1232825301 1.11732876652
5361 1.12126726858 1.11532418653
5364 1.10690529227 1.10103833338
5367 1.10241253423 1.09656938842
5370 1.06749330325 1.06183524075
5373 1.10617359868 1.10031051801
5376 1.12530899219 1.1193444877
5379 1.1234259991 1.11747147508
5382 1.10438408236 1.09853048671
5385 1.11466504087 1.10875695278
5388 1.05203605824 1.04645992418
5391 1.06489090699 1.05924663804
5394 1.08676084487 1.08100065812
5397 1.06966340876 1.06399384399
5400 1.07976496639 1.07404186007
5403 1.0684748822 1.06281161701
5406 1.07990230736 1.0741784731
5409 1.0720333199 1.06635119383
5412 1.08444310951 1.07869520752
5415 1.06383488866 1.05819621695
5418 1.0811698239 1.07543927139
5421 1.08541678884 1.07966372602
5424 1.07200092365 1.0663189693
5427 1.05083843349 1.04526864723
5430 1.04000555938 1.03449319088
5433 1.05854014386 1.05292953602
5436 1.08998215489 1.08420489415
5439 1.07139417503 1.06571543664
5442 1.05014654742 1.04458042838
5445 1.0628740552 1.05724047622
5448 1.05771587276 1.05210963383
5451 1.06033144423 1.05471134192
5454 1.06724430894 1.06158756619
5457 1.04115184371 1.03563339953
5460 1.06865956602 1.06299532195
5463 1.06515638088 1.05951070483
5466 0.997358995917 0.99207266811
5469 1.03194333975 1.02647370365
5472 1.03593851237 1.03044770055
5475 1.04488934805 1.03935109388
5478 1.02666574305 1.02122407993
5481 1.03516123741 1.0296745454
5484 1.04840958751 1.04285267493
5487 1.02702274076 1.02157918543
5490 1.05142506713 1.04585217152
5493 1.02818634971 1.02273662688
5496 1.04332795015 1.0377979719
5499 1.04760002168 1.04204740006
5502 0.998235481733 0.992944508265
5505 1.00023601936 0.994934442393
5508 1.00389412531 0.998573159188
5511 0.988997520664 0.983755511401
5514 1.04186036528 1.03633816571
5517 1.03211708884 1.02664653181
5520 1.03034143194 1.02488028647
5523 1.0303734395 1.02491212438
5526 1.03226064741 1.02678932948
5529 0.999671622359 0.994373036877
5532 0.982859822968 0.977650345504
5535 0.975359885913 0.97019016056
5538 1.01385151699 1.00847777345
5541 1.01746763418 1.01207472404
5544 0.987219526556 0.981986941242
5547 1.00377338314 0.998453056988
5550 1.00532856914 1.0
5553 1.01673659088 1.0113475555
5556 1.00929657308 1.00394697222
5559 0.994747834504 0.989475346703
5562 1.00358011374 0.998260811977
5565 0.984443256387 0.97922538621
5568 0.981773543186 0.976569823358
5571 0.977809082028 0.972626375138
5574 0.994016415229 0.988747804189
5577 0.969663395916 0.964523863817
5580 0.981519952932 0.976317577216
5583 0.976736084624 0.971559064969
5586 0.975713418042 0.970541818853
5589 0.981693025275 0.976489732219
5592 0.992562463192 0.987301558571
5595 0.985123645167 0.979902168707
5598 0.977686345123 0.972504288777
5601 0.978393231101 0.973207428029
5604 0.98086518166 0.975666276445
5607 0.983069297345 0.977858709598
5610 0.985248477768 0.980026339655
5613 0.98076732081 0.975568934289
5616 0.981981114208 0.976776294187
5619 0.971482830666 0.96633365497
5622 0.967496817032 0.962368768507
5625 0.969449171669 0.964310775029
5628 0.968354001679 0.963221409797
5631 0.975215046226 0.970046088571
5634 0.957923067086 0.952845762557
5637 0.962775770735 0.957672745295
5640 0.960858979204 0.955766113384
5643 0.951292186045 0.946250027347
5646 0.938905080121 0.933928577123
5649 0.946387187067 0.941371026463
5652 0.954672681203 0.949612604779
5655 0.933525602062 0.928577612051
5658 0.938632369036 0.933657311496
5661 0.940319278738 0.935335280026
5664 0.952780983742 0.947730933932
5667 0.938784696558 0.933808831632
5670 0.936077118416 0.931115604537
5673 0.933888217187 0.928938305198
5676 0.929623366212 0.924696059323
5679 0.92871298105 0.923790499499
5682 0.936360868879 0.93139785103
5685 0.939352017767 0.934373145854
5688 0.920348698194 0.915470550069
5691 0.926510338674 0.921599531846
5694 0.933984083028 0.929033662918
5697 0.934000762867 0.929050254348
5700 0.93200564982 0.927065716051
5703 0.92276012531 0.917869195835
5706 0.912324168667 0.907488553165
5709 0.912887271641 0.908048671509
5712 0.921382364663 0.916498737769
5715 0.910498888427 0.905672947505
5718 0.906953774868 0.902146624203
5721 0.908690420182 0.903874064731
5724 0.913271100581 0.90843046603
5727 0.905855050225 0.901053723159
5730 0.896141278739 0.891391437829
5733 0.913183502634 0.908343332381
5736 0.91697151925 0.912111271274
5739 0.902566629703 0.897782732338
5742 0.894820874679 0.89007803234
5745 0.906987517099 0.902180187589
5748 0.896720781065 0.891967868604
5751 0.904214569704 0.899421937719
5754 0.908167573257 0.903353989065
5757 0.90568537273 0.90088494501
5760 0.899382863069 0.894615840705
5763 0.903139183314 0.898352251228
5766 0.899796494275 0.89502727953
5769 0.899232769032 0.894466542215
5772 0.901818436306 0.89703850461
5775 0.895623388137 0.890876292215
5778 0.895213916849 0.890468991259
5781 0.878545983885 0.873889403773
5784 0.86367341556 0.859095664909
5787 0.883476097936 0.878793386613
5790 0.887392327473 0.882688858856
5793 0.881887706081 0.877213413753
5796 0.869723551685 0.865113733339
5799 0.882841938902 0.878162588828
5802 0.861816554527 0.857248645845
5805 0.874021023926 0.869388427577
5808 0.881911122206 0.877236705764
5811 0.871102371799 0.866485245258
5814 0.874783704214 0.870147065411
5817 0.886657473308 0.881957899658
5820 0.887602400205 0.882897818134
5823 0.882097749262 0.877422343636
5826 0.872056429745 0.867434246386
5829 0.880900278494 0.876231219853
5832 0.882058908306 0.877383708549
5835 0.877325612759 0.872675501012
5838 0.887997823568 0.883291145625
5841 0.875306575173 0.870667164983
5844 0.853238707671 0.848716264373
5847 0.868892007896 0.864286597004
5850 0.87394145887 0.869309284242
5853 0.866253661975 0.861662235177
5856 0.872511672419 0.867887076125
5859 0.86623853234 0.861647185733
5862 0.873505704343 0.868875839355
5865 0.873729165102 0.8690981157
5868 0.8431175425 0.838648744676
5871 0.867575047029 0.862976616459
5874 0.878411782547 0.873755913746
5877 0.867686834915 0.863087811833
5880 0.864540098203 0.859957753852
5883 0.851808634846 0.8472937714
5886 0.835921018546 0.831490364646
5889 0.830698828779 0.826295854187
5892 0.837140091188 0.832702975805
5895 0.839977320723 0.835525167099
5898 0.834766264535 0.830341731208
5901 0.824695441311 0.820324286629
5904 0.829635488669 0.825238150126
5907 0.851904301077 0.847388930569
5910 0.850867350847 0.846357476513
5913 0.840210036805 0.83575664971
5916 0.840614939166 0.836159405956
5919 0.83261078927 0.828197680664
5922 0.838382301266 0.833938601765
5925 0.838030558782 0.833588723631
5928 0.842482432118 0.838017000587
5931 0.839244994172 0.834796722118
5934 0.840529124944 0.836074046577
5937 0.839338189194 0.834889423176
5940 0.827939407667 0.823551058906
5943 0.825808075534 0.821431023529
5946 0.824048235888 0.819680511606
5949 0.81691325011 0.812583343578
5952 0.823918026435 0.819550992306
5955 0.804301426634 0.800038366879
5958 0.7969598319 0.79273568499
5961 0.80876506765 0.804478349142
5964 0.81662117783 0.812292819377
5967 0.814696124016 0.810377968976
5970 0.818179186386 0.81384256998
5973 0.813890951062 0.809577063701
5976 0.800435180044 0.796192612655
5979 0.772876879577 0.768780380165
5982 0.810622006065 0.806325445179
5985 0.809479475439 0.805188970337
5988 0.783918465512 0.779763442095
5991 0.797435001248 0.793208335785
5994 0.787912711736 0.783736517512
5997 0.799574542545 0.795336536816
6000 0.793082551458 0.788878955398
6003 0.801613792097 0.79736497768
6006 0.805487233195 0.801217888278
6009 0.797248417601 0.793022741093
6012 0.78314777686 0.778996838345
6015 0.785745085413 0.781580380315
6018 0.793812482243 0.789605017312
6021 0.794332956485 0.790122732871
6024 0.788337811089 0.7841593637
6027 0.786263801414 0.782096346952
6030 0.784580977693 0.780422442746
6033 0.787740502871 0.78356522141
6036 0.787031992359 0.782860466235
6039 0.768626219066 0.764552249541
6042 0.782182850576 0.778037026484
6045 0.769246589197 0.765169331507
6048 0.777084374471 0.772965573964
6051 0.772722123815 0.768626444659
6054 0.765235734836 0.761179735982
6057 0.77984432201 0.775710892882
6060 0.77570811121 0.771596605347
6063 0.779942442549 0.77580849335
6066 0.778066085215 0.773942081322
6069 0.760848265444 0.756815521608
6072 0.76532084376 0.761264393801
6075 0.774889499645 0.77078233269
6078 0.765423316638 0.761366323539
6081 0.76356346716 0.75951633187
6084 0.762086074802 0.758046770173
6087 0.765827680262 0.761768543905
6090 0.751973060371 0.747987358015
6093 0.75876592653 0.754744219769
6096 0.765431040517 0.761374006479
6099 0.753397765058 0.749404511303
6102 0.763706892333 0.759658996843
6105 0.749474664263 0.745502204222
6108 0.759938260095 0.755910339584
6111 0.764420228085 0.760368551683
6114 0.756643791264 0.752633332512
6117 0.751535555035 0.7475521716
6120 0.752055094312 0.74806895715
6123 0.739868001406 0.735946459809
6126 0.736500881896 0.73259718713
6129 0.729582714558 0.725715688334
6132 0.739275668367 0.735357266328
6135 0.755059313636 0.751057253132
6138 0.752371734962 0.748383919501
6141 0.744715465759 0.74076823102
6144 0.744199365724 0.740254866484
6147 0.732115815916 0.728235363429
6150 0.730102524703 0.726232743316
6153 0.744625007734 0.740678252453
6156 0.74153540494 0.73760502556
6159 0.720874383021 0.717053513793
6162 0.729156369617 0.725291603161
6165 0.740601119216 0.736675691856
6168 0.737045301821 0.733138721452
6171 0.734785023045 0.73089042289
6174 0.730518608007 0.726646621243
6177 0.729901716998 0.726032999957
6180 0.727016635877 0.723163210706
6183 0.729840905282 0.725972510563
6186 0.731887264821 0.728008023729
6189 0.733415823212 0.729528480263
6192 0.728912770203 0.725049294902
6195 0.714412543805 0.710625924432
6198 0.724224600899 0.720385974425
6201 0.72716256271 0.72330836408
6204 0.726815491581 0.722963132541
6207 0.72754095369 0.723684749464
6210 0.728638356458 0.72477633564
6213 0.723878576444 0.720041784012
6216 0.726874795181 0.723022121813
6219 0.724099733806 0.720261769168
6222 0.717456292631 0.713653540397
6225 0.721741272983 0.717915808956
6228 0.721003723573 0.717182168798
6231 0.716340204721 0.712543368116
6234 0.709212215224 0.705453159287
6237 0.694916334363 0.691233051255
6240 0.667480521108 0.663942656755
6243 0.704462041009 0.700728162544
6246 0.695625362433 0.691938321245
6249 0.693848521887 0.690170898533
6252 0.708984696274 0.705226846261
6255 0.704260903176 0.700528090807
6258 0.707455844324 0.703706097725
6261 0.698689695862 0.694986412708
6264 0.70537582818 0.701637106345
6267 0.701280739755 0.697563723223
6270 0.694418126261 0.690737483819
6273 0.686671238945 0.683031657531
6276 0.671051713535 0.667494920697
6279 0.666321251369 0.662789531522
6282 0.675053626417 0.671475622137
6285 0.687851870978 0.684206031829
6288 0.688474984776 0.684825842921
6291 0.674795824928 0.671219187079
6294 0.6835049574 0.67988215831
6297 0.688953590137 0.685301911517
6300 0.68286175141 0.679242361521
6303 0.676490137989 0.672904519729
6306 0.67202578482 0.668463829087
6309 0.682440490443 0.678823333375
6312 0.683080370814 0.679459822172
6315 0.679637838438 0.676035536339
6318 0.665942647617 0.662412934494
6321 0.677194349819 0.673604999006
6324 0.679985668299 0.676381522589
6327 0.662043933154 0.658534884489
6330 0.675480520266 0.671900253308
6333 0.67176272505 0.668202163619
6336 0.677260871314 0.673671167915
6339 0.677914620424 0.674321451942
6342 0.674840192434 0.671263319423
6345 0.652016070213 0.64856017249
6348 0.611912721355 0.608669384455
6351 0.663102378595 0.659587719824
6354 0.67366449174 0.670093850325
6357 0.665829665789 0.662300551507
6360 0.663500373063 0.659983604791
6363 0.654692878524 0.651222792844
6366 0.664666923043 0.661143971676
6369 0.643376824755 0.639966717849
6372 0.615940948245 0.612676260429
6375 0.658292058642 0.654802896135
6378 0.66676699778 0.663232915332
6381 0.665088491978 0.661563306158
6384 0.644060681709 0.640646950139
6387 0.657088199451 0.65360541779
6390 0.660295563066 0.656795781332
6393 0.660246569715 0.656747047662
6396 0.660517607473 0.657016648831
6399 0.659515114175 0.656019469074
6402 0.651250194481 0.647798356149
6405 0.654850081364 0.651379162458
6408 0.655675669225 0.652200374434
6411 0.654244183521 0.650776476072
6414 0.648371062092 0.644934484101
6417 0.627766730466 0.624439362149
6420 0.647265881232 0.643835161059
6423 0.65251922046 0.649060655877
6426 0.642577091967 0.639171223906
6429 0.639810490771 0.636419286598
6432 0.63312776753 0.629771983969
6435 0.633086860588 0.629731293847
6438 0.638571692616 0.635187054477
6441 0.63572145834 0.632351927371
6444 0.624348981631 0.621039728497
6447 0.626501006118 0.623180346552
6450 0.629507464505 0.62617086973
6453 0.628164249331 0.624834774034
6456 0.596110830569 0.592951248841
6459 0.618866769084 0.615586573464
6462 0.626778888895 0.62345675646
6465 0.626435165147 0.62311485456
6468 0.623091671401 0.619789082421
6471 0.626802562582 0.623480304669
6474 0.621789610909 0.618493923274
6477 0.616012079218 0.612747014385
6480 0.619838418587 0.616553072907
6483 0.611338224721 0.60809793284
6486 0.620491278755 0.617202472703
6489 0.618052188307 0.61477631023
6492 0.607094502435 0.603876703666
6495 0.608341382799 0.605116975157
6498 0.612203095226 0.608958219249
6501 0.606190046655 0.602977041795
6504 0.617193037045 0.61392171275
6507 0.608880773279 0.605653506691
6510 0.605446567772 0.602237503594
6513 0.60504995268 0.601842990691
6516 0.593164709683 0.590020743356
6519 0.599905627327 0.596725931939
6522 0.604154138898 0.600951925013
6525 0.591894742531 0.588757507444
6528 0.602162130459 0.598970474868
6531 0.597135670793 0.593970657077
6534 0.591634926886 0.588499068907
6537 0.58433858786 0.581241402856
6540 0.579865687894 0.576792210718
6543 0.565567163017 0.562569472684
6546 0.562814984526 0.559831881636
6549 0.538818551049 0.535962637079
6552 0.517666907623 0.514923104258
6555 0.4914109996 0.488806361107
6558 0.445577772027 0.443216064582
6561 0.346954712834 0.345115739752
6564 0.325655718833 0.323929637363
6567 0.43759941112 0.435279991588
6570 0.483101950882 0.480541353056
6573 0.5144371499 0.511710465304
6576 0.536041554768 0.533200359783
6579 0.544180544295 0.541296210013
6582 0.559566351674 0.556600467597
6585 0.565325449891 0.562329040716
6588 0.574510767866 0.571465673511
6591 0.569651528706 0.566632189903
6594 0.57854513114 0.575478653345
6597 0.579582986686 0.576511007919
6600 0.570983929396 0.567957528435
6603 0.57682025276 0.573762917382
6606 0.575758278995 0.572706572424
6609 0.571226839905 0.56819915144
6612 0.575009074857 0.571961339313
6615 0.568965887444 0.565950182764
6618 0.574771149372 0.571724674911
6621 0.573496981399 0.570457260444
6624 0.576236790399 0.573182547563
6627 0.565734705901 0.562736127536
6630 0.572817498961 0.569781379484
6633 0.577898793488 0.574835741493
6636 0.570778117449 0.567752807358
6639 0.577262371222 0.574202692472
6642 0.571112019372 0.568084939493
6645 0.564986609586 0.561991996375
6648 0.565595955722 0.562598112778
6651 0.567462310163 0.564454574932
6654 0.56795687318 0.564946516603
6657 0.567707585387 0.564698550117
6660 0.560618696024 0.557647234179
6663 0.56453384865 0.561541635219
6666 0.560362755122 0.557392649847
6669 0.56631449279 0.563312841365
6672 0.552112699805 0.549186322513
6675 0.55988941687 0.556921820442
6678 0.548011655202 0.545107014783
6681 0.555673534174 0.552728283298
6684 0.55885685563 0.555894732113
6687 0.563710051628 0.560722204591
6690 0.562473494577 0.559492201695
6693 0.559214401442 0.556250382816
6696 0.563452773794 0.560466290413
6699 0.556479546858 0.553530023852
6702 0.567756169969 0.564746877186
6705 0.559083206015 0.556119882768
6708 0.560119260632 0.557150445958
6711 0.561167694747 0.55819332303
6714 0.55630873745 0.55336011979
6717 0.544224145809 0.541339580424
6720 0.551757438262 0.548832943972
6723 0.531117174484 0.52830208032
6726 0.554159677219 0.551222450279
6729 0.55741178533 0.554457321157
6732 0.55609780379 0.553150304147
6735 0.550939376418 0.548019218122
6738 0.549648062326 0.546734748416
6741 0.551553438998 0.548630025971
6744 0.543523307615 0.540642456902
6747 0.548187313223 0.54528174176
6750 0.539390487624 0.536531542204
6753 0.53787552039 0.53502460479
6756 0.543032733841 0.540154483328
6759 0.545476312387 0.542585110111
6762 0.546671213714 0.543773678072
6765 0.548788655376 0.545879896603
6768 0.544395744805 0.54151026989
6771 0.545419273166 0.542528373217
6774 0.539975335474 0.53711329017
6777 0.535391474221 0.532553724875
6780 0.539261170596 0.536402910598
6783 0.535837009609 0.532996898781
6786 0.528385454614 0.525584839456
6789 0.531090685309 0.528275731546
6792 0.531151524477 0.528336248247
6795 0.537494719226 0.534645821996
6798 0.534537974219 0.531704748702
6801 0.535826965471 0.53298690788
6804 0.537004561018 0.534158261786
6807 0.528569266409 0.525767676989
6810 0.533644220468 0.530815732137
6813 0.538397216003 0.535543535246
6816 0.528473284653 0.525672203967
6819 0.528424831771 0.525624007902
6822 0.534937520469 0.532102177226
6825 0.532320711175 0.529499237875
6828 0.520762292186 0.518002082274
6831 0.526821216521 0.524028892335
6834 0.530118525083 0.527308724086
6837 0.529912538776 0.527103829574
6840 0.528434181508 0.525633308082
6843 0.526353519305 0.523563674067
6846 0.522038352768 0.519271379319
6849 0.52376961543 0.520993465725
6852 0.518837507128 0.516087499204
6855 0.51372756985 0.511004646259
6858 0.518455796119 0.515707811389
6861 0.519194964486 0.516443061922
6864 0.5167558941 0.514016919404
6867 0.509210528546 0.506511546747
6870 0.515227497813 0.512496624115
6873 0.519905285823 0.517149618324
6876 0.52165824897 0.518893290195
6879 0.517354378276 0.514612231419
6882 0.509465023237 0.506764692534
6885 0.511778242596 0.509065651076
6888 0.513048434605 0.510329110653
6891 0.512358804528 0.50964313584
6894 0.520423860412 0.517665444299
6897 0.509965422673 0.50726243969
6900 0.501941259789 0.499280807484
6903 0.511851633322 0.509138652807
6906 0.501718629936 0.499059357642
6909 0.497132602493 0.49449763764
6912 0.507993549431 0.505301018018
6915 0.506518638107 0.503833924205
6918 0.50936930505 0.506669481684
6921 0.499078862005 0.496433581342
6924 0.49669640771 0.494063754831
6927 0.503243646001 0.500576290625
6930 0.505096218607 0.502419043992
6933 0.503735588399 0.501065625568
6936 0.5044601463 0.501786343076
6939 0.504686389013 0.502011386628
6942 0.500956193318 0.498300962187
6945 0.500014854453 0.497364612724
6948 0.496426857447 0.493795633272
6951 0.495539432531 0.492912911998
6954 0.493264739538 0.490650275619
6957 0.496540791981 0.493908963916
6960 0.497617650104 0.49498011434
6963 0.493851486471 0.491233912602
6966 0.494711507332 0.492089375072
6969 0.493101254802 0.490487657406
6972 0.493488331402 0.490872682374
6975 0.490891372687 0.488289488386
6978 0.491450475416 0.488845627689
6981 0.490042333539 0.487444949422
6984 0.49483084139 0.49220807662
6987 0.491555106007 0.488949703703
6990 0.492384858131 0.48977505787
6993 0.48956588483 0.486971026047
6996 0.489609588968 0.487014498539
6999 0.491362857252 0.488758473929
7002 0.494845603805 0.49222276079
7005 0.48819247148 0.485604892235
7008 0.491331041564 0.488726826874
7011 0.487592791255 0.485008390511
7014 0.487007943949 0.484426643087
7017 0.487956059449 0.485369733265
7020 0.485461612659 0.482888507856
7023 0.485632346152 0.483058336406
7026 0.483852770014 0.481288192602
7029 0.47953270742 0.476991027748
7032 0.484755639655 0.48218627674
7035 0.48632220517 0.483744538947
7038 0.483438222027 0.480875841854
7041 0.484588293705 0.482019817777
7044 0.486502820186 0.483924196644
7047 0.484063083669 0.481497391526
7050 0.48131419172 0.4787630696
7053 0.479624254611 0.477082089708
7056 0.475990750652 0.473467844505
7059 0.476211252846 0.473687177966
7062 0.477179194725 0.474649989437
7065 0.472658545104 0.470153300733
7068 0.478572159181 0.476035570728
7071 0.476776951385 0.474249878118
7074 0.472838685056 0.470332485885
7077 0.453788477992 0.451383251128
7080 0.475103442867 0.472585239741
7083 0.470631480168 0.468136979902
7086 0.469196242112 0.466709349075
7089 0.474790123678 0.472273581246
7092 0.47495253733 0.472435134052
7095 0.47556085806 0.473040230485
7098 0.472709644478 0.470204129263
7101 0.473358037903 0.470849085993
7104 0.472889395075 0.470382927124
7107 0.47254454452 0.470039904389
7110 0.467523429565 0.46504540298
7113 0.462176235219 0.459726550508
7116 0.46820737418 0.465725722466
7119 0.467785677701 0.465306261116
7122 0.466112105643 0.463641559535
7125 0.463741776796 0.461283794204
7128 0.464076179002 0.461616423969
7131 0.465201270102 0.462735551719
7134 0.463898365909 0.461439553344
7137 0.464013676602 0.461554252852
7140 0.463533478972 0.461076600426
7143 0.460736883983 0.458294828302
7146 0.464459185311 0.461997400219
7149 0.459680680417 0.457244222959
7152 0.464745272842 0.462281971394
7155 0.459481194924 0.457045794805
7158 0.461414486247 0.458968839053
7161 0.462459207778 0.460008023219
7164 0.46071197025 0.45827004662
7167 0.461869262006 0.459421204352
7170 0.455512020102 0.453097657903
7173 0.448722407265 0.446344032228
7176 0.454899914021 0.452488796184
7179 0.453996479311 0.451590149972
7182 0.455686138904 0.453270853819
7185 0.455332992684 0.452919579389
7188 0.450790627642 0.448401290363
7191 0.454863893943 0.452452967024
7194 0.451478969136 0.449085983422
7197 0.454486969728 0.45207804063
7200 0.452684051354 0.450284678312
7203 0.45314194432 0.450740144295
7206 0.452018422817 0.449622577822
7209 0.447845632938 0.445471905091
7212 0.449173601863 0.446792835347
7215 0.446383838598 0.444017858737
7218 0.445607039756 0.443245177181
7221 0.441496217937 0.439156144058
7224 0.439281032735 0.43695270006
7227 0.44204500496 0.439702022332
7230 0.447463694958 0.445091991506
7233 0.447183684048 0.444813464746
7236 0.44336600734 0.441016022968
7239 0.440822297454 0.438485795574
7242 0.439192707584 0.436864843061
7245 0.446067137947 0.443702836702
7248 0.441593199633 0.43925261172
7251 0.438864380654 0.436538256371
7254 0.441344418084 0.439005148794
7257 0.440137647141 0.437804774131
7260 0.436098591551 0.433787126852
7263 0.43419577007 0.431894390945
7266 0.434108224823 0.431807309716
7269 0.435514132381 0.433205765506
7272 0.437070359496 0.434753744111
7275 0.433169989336 0.430874047184
7278 0.433477599403 0.431180026816
7281 0.433840600267 0.431541103658
7284 0.431477100062 0.429190130775
7287 0.432774495586 0.430480649679
7290 0.430203359788 0.42792314174
7293 0.434029216612 0.431728720275
7296 0.43097366667 0.428689365743
7299 0.429812883293 0.427534734897
7302 0.425361034347 0.423106482202
7305 0.433908255251 0.431608400048
7308 0.425031962555 0.422779154597
7311 0.420656743504 0.418427125633
7314 0.425313757054 0.423059455494
7317 0.426284163942 0.424024718909
7320 0.424717741343 0.42246659886
7323 0.425504904501 0.423249589796
7326 0.426552878922 0.424292009612
7329 0.420606936633 0.418377582756
7332 0.422644015382 0.420403864323
7335 0.423249765025 0.421006403296
7338 0.420609847202 0.418380477897
7341 0.41882116408 0.416601275379
7344 0.420104903764 0.417878210824
7347 0.418183996957 0.415967485449
7350 0.416116686483 0.413911132395
7353 0.412474870589 0.410288619312
7356 0.417707663097 0.415493676314
7359 0.42810111747 0.425832041991
7362 0.422475572523 0.420236314266
7365 0.417999559217 0.415784025289
7368 0.41601436127 0.413809349539
7371 0.412560057249 0.410373354455
7374 0.418091250239 0.415875230319
7377 0.414216773739 0.412021289808
7380 0.420279651623 0.418052032463
7383 0.413585886388 0.411393746366
7386 0.408808607762 0.406641788873
7389 0.416113977852 0.413908438121
7392 0.413796491907 0.411603235606
7395 0.411002380504 0.408823933904
7398 0.412969637411 0.410780763709
