Wave Flux FluxNorm
3600 0.346636404551 0.324315078625
3603 0.23766064916 0.22235671472
3606 0.202380914992 0.189348785921
3609 0.143808455013 0.134548044528
3612 0.236825735812 0.221575564833
3615 0.278097880749 0.260190028735
3618 0.16102114971 0.150652343905
3621 0.204454690204 0.191289022324
3624 0.272939522281 0.255363837918
3627 0.368833741332 0.345083038737
3630 0.252440761357 0.236185075465
3633 0.193422450247 0.180967193105
3636 0.257817929046 0.241215985487
3639 0.325269553658 0.304324126041
3642 0.316547691542 0.29616390005
3645 0.241951164652 0.226370946494
3648 0.170646375265 0.159657762095
3651 0.275499526683 0.257758993239
3654 0.352820911682 0.330101340224
3657 0.388887876477 0.363845806672
3660 0.407379924587 0.381147076701
3663 0.356216575703 0.333278343648
3666 0.358198576394 0.335132715264
3669 0.314045258677 0.293822609
3672 0.381383529119 0.356824694719
3675 0.381343511337 0.356787253845
3678 0.286931552975 0.268454864928
3681 0.26370446969 0.246723467871
3684 0.318799134812 0.298270363744
3687 0.22380675945 0.209394933235
3690 0.337187940706 0.315475039741
3693 0.357569071261 0.334543746524
3696 0.334276798581 0.312751357881
3699 0.416107126283 0.389312298434
3702 0.383656550161 0.358951346704
3705 0.21430858842 0.200508388014
3708 0.206696547119 0.193386516967
3711 0.329205696287 0.308006804459
3714 0.447772196677 0.418938326341
3717 0.325162171475 0.304223658633
3720 0.126594914175 0.118442953496
3723 0.194354099918 0.18183885007
3726 0.312620627093 0.29248971523
3729 0.279128840704 0.26115460099
3732 0.216144271899 0.202225864378
3735 0.0935809442242 0.0875548871538
3738 0.154479929953 0.144532339855
3741 0.300444939703 0.281098069802
3744 0.171429416239 0.16039037988
3747 0.1357793305 0.127035947952
3750 0.1408290546 0.131760499808
3753 0.305832368632 0.286138580301
3756 0.350608803621 0.328031678785
3759 0.175993724927 0.164660774194
3762 0.260924998307 0.244122977939
3765 0.236007770461 0.220810271594
3768 0.247570739344 0.231628653948
3771 0.348391031184 0.325956717723
3774 0.368321996695 0.344604247416
3777 0.351496233267 0.328861963232
3780 0.390269693397 0.365138642789
3783 0.395003816732 0.369567916695
3786 0.300238732439 0.280905141061
3789 0.215546402753 0.201666494455
3792 0.294975751501 0.27598106484
3795 0.224523741653 0.210065746042
3798 0.208070582126 0.194672072281
3801 0.278791370524 0.260838861886
3804 0.349396977656 0.326897887215
3807 0.261010453844 0.244202930647
3810 0.327688067094 0.306586901574
3813 0.249260769978 0.233209856646
3816 0.164566745353 0.153969624244
3819 0.172530390586 0.161420458017
3822 0.161149328993 0.150772269204
3825 0.11860311489 0.110965778625
3828 0.12982370504 0.121463829403
3831 0.158608349025 0.148394913255
3834 0.129992473632 0.1216217303
3837 0.175272392626 0.16398589141
3840 0.124217280705 0.116218425501
3843 0.226195811507 0.211630144528
3846 0.221275736047 0.207026892708
3849 0.191344892698 0.179023417925
3852 0.213685050061 0.199925001822
3855 0.179200327293 0.167660890411
3858 0.146921197667 0.13746034504
3861 0.140655549309 0.131598167228
3864 0.235288296216 0.220137127218
3867 0.206094577065 0.192823310211
3870 0.160865925572 0.15050711528
3873 0.17942055659 0.167866938249
3876 0.28102031838 0.262924278737
3879 0.179396596028 0.167844520604
3882 0.188431353851 0.176297493677
3885 0.263219974381 0.246270171183
3888 0.223857558541 0.209442461167
3891 0.369981485475 0.346156874974
3894 0.375525458274 0.351343848848
3897 0.360642534451 0.337419296936
3900 0.309595120929 0.289659033696
3903 0.3120241842 0.291931679717
3906 0.272522052306 0.254973250531
3909 0.401401258557 0.375553401258
3912 0.430311871811 0.402602342707
3915 0.422565957444 0.395355219225
3918 0.373495349058 0.349444466609
3921 0.251401578377 0.235212809698
3924 0.306304678147 0.286580475888
3927 0.244085958538 0.228368272331
3930 0.140850384513 0.131780456201
3933 0.0731614209449 0.0684502599107
3936 0.118992742737 0.111330316753
3939 0.240939983171 0.225424879095
3942 0.266579466799 0.249413332239
3945 0.272585474471 0.255032588685
3948 0.356219922228 0.333281474676
3951 0.436805618759 0.408677930914
3954 0.432359657907 0.404518263538
3957 0.382172214511 0.357562593455
3960 0.365573523336 0.342032759419
3963 0.219634555698 0.205491394628
3966 0.163417147584 0.152894053744
3969 0.0821343786955 0.0768454124688
3972 0.201824555488 0.188828252665
3975 0.324355514192 0.303468945288
3978 0.426595607414 0.399125383668
3981 0.496617523976 0.464638304633
3984 0.465769750766 0.435776944826
3987 0.505071361999 0.472547765691
3990 0.513503886572 0.480437285759
3993 0.557848067091 0.521925964394
3996 0.510985007341 0.478080607392
3999 0.546658166358 0.511456626816
4002 0.600452423463 0.561786853225
4005 0.472026355454 0.441630661328
4008 0.563218506266 0.526950579179
4011 0.59179538573 0.553687277312
4014 0.602421764293 0.5636293802
4017 0.570579714081 0.533837768926
4020 0.629218024167 0.58870012007
4023 0.619850272719 0.579935596184
4026 0.604866623743 0.565916805221
4029 0.635725741454 0.594788779011
4032 0.435211453036 0.407186419997
4035 0.471130399724 0.440792399825
4038 0.668410222196 0.625368573292
4041 0.600811304705 0.562122624646
4044 0.477225681575 0.446495181723
4047 0.408651314242 0.382336596412
4050 0.630890360819 0.590264768173
4053 0.589893290064 0.55190766531
4056 0.531997768171 0.497740271211
4059 0.504183248441 0.471716841372
4062 0.500753598454 0.468508040478
4065 0.450069837148 0.42108801241
4068 0.558225065171 0.522278686036
4071 0.479560951876 0.448680074484
4074 0.594167862453 0.555906980622
4077 0.458392020013 0.428874296121
4080 0.618367373813 0.578548187162
4083 0.619372702279 0.579488778445
4086 0.612954005697 0.573483407805
4089 0.727900643007 0.681028164291
4092 0.645635295028 0.604060216183
4095 0.606125790958 0.567094889544
4098 0.558707227373 0.522729799856
4101 0.48088148625 0.449915574287
4104 0.556667097027 0.520821041789
4107 0.639565222421 0.598381020204
4110 0.584402088253 0.546770064287
4113 0.616854019941 0.577132284292
4116 0.656751710362 0.614460800385
4119 0.564675974774 0.52831419537
4122 0.60120060742 0.562486858579
4125 0.634987955892 0.594098502457
4128 0.577922124883 0.540707372075
4131 0.528270333394 0.494252861097
4134 0.481240092244 0.450251088185
4137 0.620487856221 0.580532123095
4140 0.631686241922 0.59100939926
4143 0.412840774234 0.386256280059
4146 0.54839868897 0.513085070108
4149 0.547230200017 0.511991824904
4152 0.526823205215 0.492898919379
4155 0.507590775757 0.474904944165
4158 0.550143497853 0.514717523661
4161 0.610562381123 0.57124578965
4164 0.624634896305 0.584412118425
4167 0.470336840087 0.440049940717
4170 0.610322669914 0.57102151442
4173 0.478781168369 0.447950504405
4176 0.528924381885 0.494864792749
4179 0.539402613061 0.504668288063
4182 0.521090345748 0.487535222017
4185 0.614488179066 0.57491878952
4188 0.502680692905 0.47031104149
4191 0.576676010606 0.539541500158
4194 0.609254468657 0.57002209898
4197 0.471131116282 0.440793070242
4200 0.516482220353 0.483223832532
4203 0.528279477557 0.494261416431
4206 0.658516910729 0.616112332331
4209 0.649065707773 0.607269730719
4212 0.637200032907 0.596168134849
4215 0.497502213928 0.465466025807
4218 0.679386177054 0.635637741839
4221 0.73756955691 0.690074457558
4224 0.540602384296 0.505790801156
4227 0.29231738346 0.273493879915
4230 0.668979405908 0.625901104953
4233 0.627507514135 0.587099756726
4236 0.549789356744 0.514386187136
4239 0.598394684555 0.559861620483
4242 0.680703580298 0.636870312137
4245 0.755311420879 0.706673850849
4248 0.591186713781 0.553117800221
4251 0.52041640641 0.48690468037
4254 0.533105390444 0.498776569187
4257 0.699864642558 0.654797515777
4260 0.481414004055 0.450413801108
4263 0.692022434774 0.647460299603
4266 0.73694145147 0.689486798379
4269 0.601685264482 0.562940306604
4272 0.391545301652 0.366332109448
4275 0.475992472295 0.445341383797
4278 0.707650959967 0.662082440585
4281 0.583285034257 0.545724941934
4284 0.646130673034 0.604523694787
4287 0.598306913621 0.559779501476
4290 0.473373016312 0.442890605224
4293 0.624491781293 0.58427821917
4296 0.574598002024 0.537597302988
4299 0.389144558242 0.364085959656
4302 0.410454746878 0.384023898696
4305 0.413929263907 0.387274677462
4308 0.308783129996 0.288899330157
4311 0.383170705452 0.358496787509
4314 0.58007253355 0.542719307194
4317 0.870982360053 0.814896268461
4320 0.815745006008 0.763215871985
4323 0.614605420405 0.575028481212
4326 0.419760958235 0.392730845308
4329 0.787751576624 0.737025053212
4332 0.784577072951 0.734054968724
4335 0.83421760941 0.780498949429
4338 0.605676857505 0.566674864741
4341 0.578209984904 0.540976695621
4344 0.727782401649 0.680917536974
4347 0.773352767978 0.723553442335
4350 0.808150131498 0.756110062291
4353 0.602796683539 0.563980156874
4356 0.715280216088 0.669220417919
4359 0.700496307021 0.6553885048
4362 0.81443548528 0.761990676616
4365 0.851272063 0.796455197487
4368 0.723021159777 0.676462890804
4371 0.728485374711 0.681575242746
4374 0.631005064378 0.590372085504
4377 0.70176253665 0.656573196761
4380 0.726560157197 0.679773997807
4383 0.408203478782 0.381917598896
4386 0.603672903577 0.564799953544
4389 0.648558427105 0.606795115913
4392 0.681196875777 0.637331842317
4395 0.68609532347 0.641914859068
4398 0.806466753569 0.754535083903
4401 0.687280027115 0.643023274834
4404 0.547355782192 0.512109320334
4407 0.645125956978 0.603583676478
4410 0.787007278016 0.736328683015
4413 0.839765008149 0.785689128633
4416 0.651548925511 0.609593043981
4419 0.864423057324 0.808759345875
4422 0.749447912544 0.70118791763
4425 0.774509470113 0.724635659722
4428 0.812714593499 0.760380600046
4431 0.760241725645 0.711286673268
4434 0.714119400001 0.668134351494
4437 0.787912628544 0.737175734346
4440 0.849205424268 0.794521638017
4443 0.729306031808 0.682343054399
4446 0.897974402238 0.840150183424
4449 0.879330305732 0.822706656014
4452 0.852154536218 0.797280844671
4455 0.674126288911 0.630716559256
4458 0.714903890417 0.668868325386
4461 0.669202578417 0.626109906478
4464 0.817247449303 0.764621566854
4467 0.818988259815 0.766250279507
4470 0.77993796852 0.729714595069
4473 0.894869692758 0.837245398797
4476 0.901384230777 0.843340439254
4479 0.893919154686 0.836356069732
4482 0.757707688203 0.708915812788
4485 0.945278652922 0.884408321284
4488 0.861381000176 0.805913179141
4491 0.84172387387 0.787521855035
4494 0.798242450679 0.746840377279
4497 0.850434875059 0.795671919478
4500 0.9100247653 0.851424574666
4503 0.954042733274 0.892608046907
4506 0.982550158481 0.919279763224
4509 0.959627390349 0.897833085231
4512 0.929501896238 0.869647494039
4515 0.878411658659 0.821847164356
4518 0.874906807352 0.81856800466
4521 0.964745051043 0.902621198968
4524 0.882386941933 0.825566462995
4527 0.741918670243 0.69414351382
4530 0.743721481368 0.695830234615
4533 0.816930954904 0.764325452816
4536 0.793645710787 0.742539640138
4539 0.912871116301 0.854087637566
4542 0.877055297112 0.820578144438
4545 0.849779023475 0.795058300842
4548 0.8581098229 0.802852646256
4551 0.864358170437 0.808698637318
4554 0.844684604472 0.790291932168
4557 0.92127938 0.861954459017
4560 0.955688478733 0.894147816132
4563 0.916424076456 0.857411808187
4566 0.855383599179 0.800301975153
4569 0.949160224251 0.88803994247
4572 0.879530834032 0.822894271482
4575 0.956698808264 0.895093086441
4578 0.924125150167 0.864616978484
4581 0.806865131623 0.754907808777
4584 0.868975838357 0.813018954847
4587 0.877228002001 0.820739728158
4590 0.958187352408 0.896485777182
4593 0.871552200538 0.815429414603
4596 0.847710780383 0.793123240322
4599 0.884266557205 0.827325042206
4602 0.885870302361 0.828825515697
4605 0.877189111929 0.820703342376
4608 0.988299447373 0.924658832054
4611 0.948223595103 0.887163626677
4614 0.932900923334 0.872827643975
4617 0.969875949035 0.9074216976
4620 0.953595362382 0.892189484044
4623 0.957231848859 0.895591802388
4626 0.955833711848 0.894283697097
4629 0.966518061496 0.904280038077
4632 0.971781371226 0.909204421917
4635 0.937538132762 0.877166244654
4638 0.874185658245 0.817893293273
4641 0.914218832461 0.855348568809
4644 0.898525386939 0.840665687982
4647 0.782838762001 0.732428594676
4650 0.884938888171 0.82795407905
4653 0.941940496921 0.881285122706
4656 0.87703759112 0.820561578607
4659 1.00980183289 0.944776591641
4662 0.936832953488 0.876506474738
4665 0.872691217209 0.816495085364
4668 0.737074848191 0.689611605143
4671 0.937690699373 0.877308986881
4674 0.902579985066 0.844459194068
4677 0.946582885812 0.885628569321
4680 0.864038514988 0.808399565782
4683 0.910133234574 0.851526059164
4686 0.931610485872 0.871620303022
4689 0.907444533233 0.849010494222
4692 0.893609398224 0.836066259747
4695 0.934474682852 0.874300062726
4698 0.873122028747 0.816898155198
4701 0.859916103277 0.804542612903
4704 0.858893333922 0.803585703821
4707 0.876729009706 0.820272868003
4710 0.894137121799 0.836560001057
4713 0.888747478139 0.831517418442
4716 0.938215182175 0.877799696106
4719 1.0328777284 0.966366536511
4722 1.00121653484 0.936744135799
4725 1.02894037682 0.962682726991
4728 0.861565845501 0.806086121525
4731 0.885647308044 0.828616880891
4734 0.938727462244 0.878278988381
4737 0.896023553694 0.83832495794
4740 0.976761345284 0.91386371522
4743 0.999705571637 0.935330469652
4746 1.00459200088 0.939902241872
4749 1.00872536794 0.943769444642
4752 0.96850857129 0.906142370862
4755 0.924168180421 0.864657237846
4758 0.967909854683 0.905582208048
4761 0.964105742745 0.902023058328
4764 0.898768052332 0.840892727165
4767 0.881189145662 0.824445797691
4770 0.979742139698 0.916652564176
4773 0.956666823864 0.895063161646
4776 0.997503119379 0.933269842239
4779 1.01741515532 0.951899661313
4782 0.975514920046 0.912697552365
4785 0.962043738496 0.900093834908
4788 0.947930613851 0.886889511677
4791 0.951462389639 0.890193862078
4794 1.04588548773 0.978536673391
4797 1.01625470042 0.950813932823
4800 0.941933930849 0.881278979449
4803 1.0304294989 0.964075958453
4806 0.972626037797 0.909994696977
4809 0.95699128554 0.895366729918
4812 0.994207469141 0.930186412306
4815 1.00075557668 0.93631286061
4818 1.04019498792 0.973212607975
4821 1.02971431268 0.963406825984
4824 0.92439989621 0.864874032514
4827 0.996127932959 0.931983209659
4830 0.972762334325 0.910122216818
4833 0.951856178491 0.890562293267
4836 0.998293420055 0.934009252246
4839 0.942941750096 0.882221901122
4842 0.944978018332 0.884127045776
4845 0.995560830998 0.931452625696
4848 0.96736921841 0.905076385541
4851 0.995026027018 0.930952259917
4854 0.944476126967 0.883657473234
4857 0.910876884611 0.852221822554
4860 0.753705228163 0.705171087405
4863 0.799414772506 0.747937208543
4866 0.927231868994 0.867523643068
4869 0.919361459775 0.860160041464
4872 0.757100319555 0.708347555074
4875 0.91421999795 0.855349659248
4878 0.948232616285 0.887172066949
4881 0.95829287195 0.896584501892
4884 0.954083875671 0.892646539978
4887 0.869490660976 0.813500625946
4890 0.818456441721 0.765752707341
4893 0.939429093957 0.878935439178
4896 1.05961073344 0.991378094785
4899 1.01221681828 0.947036066308
4902 0.989368255986 0.92565881574
4905 1.00383260752 0.939191748929
4908 0.982088923271 0.918848228823
4911 0.890011297763 0.832699855587
4914 0.994625451191 0.930577478794
4917 0.962521211759 0.900540561728
4920 0.694376738009 0.649662999691
4923 0.905706140573 0.847384043725
4926 0.95662099965 0.89502028824
4929 1.03229510858 0.965821433954
4932 1.00934887578 0.944352802276
4935 0.957457050206 0.895802502105
4938 0.837713236705 0.783769479085
4941 0.975293414336 0.912490310308
4944 1.05018448218 0.982558838128
4947 1.00854307634 0.943598891532
4950 1.0383189118 0.971457340015
4953 1.02178255182 0.955985823414
4956 0.93026926427 0.870365448126
4959 0.907985841611 0.849516945554
4962 1.04632630627 0.978949105837
4965 0.969935988118 0.907477870522
4968 0.953142479463 0.891765764095
4971 0.986725164609 0.923185923752
4974 1.03947848149 0.972542240301
4977 0.994673913386 0.930622820311
4980 0.935439176225 0.875202448453
4983 0.797337601414 0.745993794933
4986 0.912159158864 0.853421525961
4989 0.992505820653 0.928594339875
4992 0.960779840623 0.898911324551
4995 0.980258275425 0.917135463827
4998 0.979044761814 0.916000093286
5001 0.889808934867 0.83251052366
5004 0.896874360639 0.839120977971
5007 0.824199337804 0.77112579502
5010 0.949216600549 0.888092688469
5013 0.818887773241 0.766156263673
5016 0.878039267588 0.821498753059
5019 0.8815064459 0.824742665678
5022 0.871319874391 0.81521204888
5025 0.935037774369 0.874826894493
5028 0.882394552813 0.825573583779
5031 0.976387705331 0.913514135461
5034 1.01683083975 0.951352972199
5037 0.902891089063 0.844750264816
5040 0.790823485085 0.739899149011
5043 0.892636598842 0.835156102867
5046 1.03097425741 0.96458563775
5049 0.866930557952 0.811105378354
5052 0.888889804676 0.831650579996
5055 0.991444639751 0.927601492721
5058 0.997341721811 0.933118837717
5061 1.02702405875 0.96088980843
5064 0.939616904661 0.879111155988
5067 0.912966190011 0.854176589094
5070 0.939429161176 0.878935502069
5073 0.90439184777 0.846154383574
5076 0.926526982557 0.866864147132
5079 0.838739424672 0.784729586642
5082 0.856317308172 0.801175558831
5085 0.917293133995 0.858224903582
5088 0.940147386934 0.879607478353
5091 0.960721932057 0.898857144953
5094 0.994786870674 0.930728503821
5097 0.88341468546 0.826528025942
5100 0.854125419923 0.799124815169
5103 0.94547786541 0.884594705671
5106 0.900694809485 0.842695412599
5109 0.860331929133 0.804931662044
5112 0.926612934848 0.866944564606
5115 0.954696814936 0.893220009594
5118 0.986007701807 0.922514661293
5121 0.915079150446 0.856153487425
5124 0.819178895533 0.766428639417
5127 0.841783586978 0.787577722973
5130 0.85524401163 0.800171376213
5133 0.91059092247 0.851954274677
5136 0.923332588221 0.863875452821
5139 0.805417742654 0.753553623062
5142 0.841590320842 0.787396902028
5145 0.880248537697 0.823565759292
5148 0.841383891959 0.787203765939
5151 0.858074597299 0.802819688975
5154 0.854010034704 0.799016860074
5157 0.92602349923 0.866393085141
5160 0.932599961334 0.87254606214
5163 0.821878402046 0.768954313742
5166 0.63442844311 0.593575018976
5169 0.662480019208 0.619820240159
5172 0.535467352966 0.500986435349
5175 0.822037114984 0.769102806509
5178 0.924205218917 0.864691891282
5181 0.800594762436 0.749041214128
5184 0.49100638917 0.459388493587
5187 0.901449325349 0.843401342122
5190 0.95196976822 0.890668568492
5193 0.815250908856 0.762753591756
5196 0.879335245565 0.822711277751
5199 0.972619916606 0.909988969955
5202 0.953197922018 0.891817636479
5205 0.809967030661 0.757809963938
5208 0.769828033968 0.720255680264
5211 0.917710662948 0.858615546149
5214 0.976162552487 0.913303481123
5217 0.899196935248 0.841293992568
5220 1.0022978521 0.937755822649
5223 0.962756517908 0.900760715558
5226 0.777418283813 0.727357163093
5229 0.920565108671 0.86128618252
5232 0.921806509007 0.862447644046
5235 0.925578726008 0.865976952674
5238 1.02469131803 0.95870728236
5241 1.02017390851 0.954480767184
5244 1.01101780457 0.945914261962
5247 0.947010400843 0.886028554922
5250 0.929528986016 0.869672839396
5253 0.969676782423 0.907235356135
5256 0.962617107824 0.900630282655
5259 1.05786023079 0.989740314111
5262 0.893855146685 0.836296183465
5265 0.754694151109 0.706096329586
5268 0.796018639529 0.744759766361
5271 0.756712036714 0.707984275343
5274 0.911727368567 0.853017540394
5277 0.996792352827 0.932604844833
5280 0.993823298852 0.929826980302
5283 0.886838771664 0.829731621329
5286 1.04687754514 0.979464848196
5289 1.05913324766 0.990931356257
5292 1.07237916188 1.00332431226
5295 1.01977096238 0.954103768394
5298 0.854926977894 0.799874757567
5301 0.964427049365 0.90232367471
5304 1.05494091358 0.98700898359
5307 1.04775553946 0.980286304895
5310 1.09260625663 1.02224890223
5313 1.06253214116 0.994111381199
5316 1.01638215989 0.950933184657
5319 1.03616442454 0.969441588937
5322 1.01324852834 0.948001340373
5325 0.906035113966 0.847691833185
5328 0.71515529136 0.669103537601
5331 0.987444480724 0.92385892018
5334 1.02161711542 0.955831040134
5337 1.0430685757 0.975901153769
5340 0.897796977493 0.839984183779
5343 1.01439369337 0.949072763572
5346 0.982171593104 0.91892557521
5349 0.956067906893 0.894502811372
5352 1.04026353477 0.973276740814
5355 1.08189384845 1.01222630952
5358 1.09223010298 1.02189697064
5361 1.05958097962 0.99135025694
5364 1.00646589074 0.941655464352
5367 0.978537271 0.915525281866
5370 0.863972886509 0.808338163387
5373 0.968776121169 0.906392692117
5376 1.05877475712 0.990595950381
5379 1.04311053874 0.975940414634
5382 1.00553406481 0.940783642478
5385 1.03895852791 0.97205576865
5388 1.01754596014 0.952022043082
5391 0.958362410108 0.896649562206
5394 0.942051755196 0.881389216608
5397 0.861366862772 0.805899952103
5400 0.959484019383 0.897698946504
5403 0.963887353577 0.901818732125
5406 0.806287250245 0.754367139528
5409 0.925149025062 0.865574921916
5412 0.985634512951 0.922165503583
5415 0.979568480899 0.916490087972
5418 1.04438143898 0.977129476454
5421 0.980130933807 0.917016322253
5424 0.936436223916 0.876135292194
5427 1.05363237901 0.985784710879
5430 0.872738162744 0.816539007886
5433 0.933540316879 0.873425864373
5436 0.924376734643 0.864852362414
5439 1.06976644829 1.00087984191
5442 1.06314089127 0.99468093142
5445 0.961807768836 0.899873060292
5448 0.942808968819 0.88209767017
5451 1.0635300192 0.995045001818
5454 0.984418379726 0.921027682115
5457 0.982482156606 0.919216140267
5460 1.04504173711 0.977747255297
5463 0.934316182168 0.874151768544
5466 1.01290178609 0.947676926258
5469 1.01970708365 0.954044003075
5472 0.999768374869 0.935389228728
5475 0.952360553114 0.89103418916
5478 0.930011902357 0.870124658792
5481 0.931799440974 0.871797090537
5484 1.00540931758 0.940666928225
5487 0.982642194926 0.919365873068
5490 1.00150039048 0.93700971282
5493 1.00114569277 0.936677855535
5496 1.01387445873 0.948586964563
5499 1.03809667424 0.971249413234
5502 0.979348008597 0.916283812777
5505 0.9945371925 0.930494903439
5508 1.00778727922 0.942891763257
5511 0.983698523505 0.92035418036
5514 0.947491560104 0.886478730384
5517 1.00447277115 0.93979068983
5520 1.04625839769 0.978885570161
5523 1.03506246644 0.968410590397
5526 0.9953971635 0.931299497413
5529 0.922768830846 0.863347998073
5532 1.01794679028 0.952397062145
5535 0.990265013216 0.92649782713
5538 0.994627065703 0.93057898934
5541 1.04648180807 0.979094594239
5544 1.01146429085 0.946331997173
5547 1.02433915885 0.958377800133
5550 1.06882605034 1.0
5553 1.02529125952 0.95926859118
5556 1.02774510768 0.961564426088
5559 1.0307241947 0.964351677601
5562 1.00246259434 0.937909956466
5565 0.988660554134 0.924996685684
5568 0.983257421778 0.919941482965
5571 1.00311084777 0.938516466222
5574 0.986854631765 0.923307053991
5577 1.01462113915 0.949285563195
5580 1.0302678515 0.963924720189
5583 1.00837050946 0.943437436941
5586 0.907580122486 0.849137352332
5589 0.890200505109 0.832876879104
5592 0.975710135985 0.912880197557
5595 0.977818093255 0.914852414897
5598 0.986146434789 0.922644460695
5601 0.942395636985 0.881710954452
5604 0.995981029173 0.931845765604
5607 1.07431031315 1.00513110886
5610 1.06473180009 0.996169395153
5613 1.05889304104 0.990706617519
5616 0.874694272847 0.818369156114
5619 1.0018581968 0.937344478539
5622 1.03477376368 0.968140478385
5625 0.927325195217 0.867610959637
5628 1.01220172209 0.947021942225
5631 1.06164923048 0.993285324726
5634 1.00599263107 0.941212679798
5637 0.978787422376 0.915759324979
5640 1.01442921429 0.949105997155
5643 0.997198488722 0.932984827989
5646 1.02372660453 0.957804690674
5649 1.01029546631 0.945238437992
5652 1.03986236121 0.97290140045
5655 0.977348478912 0.914413040929
5658 0.919171786448 0.859982581973
5661 0.981447856949 0.918248443365
5664 1.00582354937 0.941054485954
5667 1.00376225099 0.939125922943
5670 1.01599848012 0.950574211586
5673 1.06516419252 0.996573944083
5676 1.04417454615 0.976935906285
5679 1.03251218212 0.966024529243
5682 0.980241791348 0.917120041226
5685 1.00389994283 0.93925474825
5688 0.965501631849 0.903329060464
5691 1.02338514494 0.957485219058
5694 1.02998187584 0.96365715966
5697 1.02859195206 0.962356738723
5700 0.979484410194 0.916411430921
5703 0.983478657139 0.920148472083
5706 0.950241759027 0.889051832829
5709 0.898152524067 0.840316835265
5712 0.923023886371 0.863586629537
5715 1.01064730767 0.945567622858
5718 1.02517289151 0.959157845363
5721 1.04950214053 0.98192043523
5724 1.06394898257 0.995436986436
5727 1.01540526226 0.950019193433
5730 1.04198118845 0.974883787796
5733 1.03370734642 0.967142732061
5736 1.04931661365 0.981746855177
5739 1.03771269576 0.970890160686
5742 1.03038978807 0.964038804767
5745 1.05697773163 0.98891464266
5748 0.993905090406 0.929903504965
5751 1.03686962528 0.97010137894
5754 0.947852803873 0.8868167122
5757 1.04408522022 0.976852332418
5760 1.01050360498 0.945433173772
5763 0.968479010927 0.90611471401
5766 1.06274219651 0.994307910233
5769 1.06048800038 0.992198870941
5772 1.02818533082 0.96197630147
5775 1.02195680634 0.956148856978
5778 1.04428514446 0.977039382722
5781 0.925148179325 0.86557413064
5784 0.939735928794 0.879222515673
5787 0.989545223884 0.925824387956
5790 1.00987070136 0.944841025386
5793 1.02012735678 0.954437213107
5796 1.04166780205 0.974590581621
5799 1.03081619213 0.964437750936
5802 1.06872406562 0.999904582493
5805 0.999911768158 0.935523388341
5808 1.02664400535 0.960534228212
5811 1.05316272848 0.985345303056
5814 1.04326928653 0.976088940008
5817 1.01641066153 0.950959850959
5820 1.0744644368 1.00527530786
5823 1.06249301932 0.994074778569
5826 1.06747023958 0.998731495401
5829 1.06606353663 0.997415375768
5832 1.05448039156 0.986578116458
5835 1.04187500162 0.974784438767
5838 1.03936834654 0.972439197391
5841 1.07259523675 1.00352647319
5844 1.0648251509 0.99625673473
5847 1.03012403713 0.963790166607
5850 1.0507868642 0.983122430326
5853 1.01305411676 0.947819447737
5856 0.996897467588 0.932703190827
5859 0.978657486201 0.915637755922
5862 1.01886619871 0.953257266128
5865 1.04139395363 0.974334367416
5868 1.03422538187 0.9676274091
5871 1.06143602372 0.993085847208
5874 1.05236823779 0.984601972847
5877 1.05026670621 0.982635767421
5880 1.02284829921 0.956982943007
5883 1.0293286951 0.963046039883
5886 1.0266473174 0.960537326987
5889 0.727663791196 0.68080656433
5892 0.849315194243 0.794624339457
5895 0.790029567981 0.739156355454
5898 0.930840107933 0.870899532847
5901 1.02637420912 0.960281805253
5904 1.03696804457 0.970193460611
5907 1.03280513312 0.966298615937
5910 1.04220934471 0.975097252154
5913 1.02684295068 0.960720362645
5916 1.00173232601 0.937226713075
5919 1.0371024892 0.97031924781
5922 1.03312895224 0.966601583028
5925 1.0570251285 0.988958987451
5928 1.03129526176 0.964885971328
5931 1.02057134013 0.954852606562
5934 1.02139638649 0.955624524837
5937 1.04897862458 0.981430630592
5940 1.03810772954 0.971259756636
5943 1.0262307482 0.960147582362
5946 1.05500635556 0.9870702115
5949 0.997354044152 0.933130366572
5952 1.01844509554 0.952863279502
5955 1.03897184121 0.972068224651
5958 1.01569557269 0.950290809597
5961 1.05601731886 0.988016074768
5964 1.04994646276 0.982336145747
5967 1.04126622587 0.974214864566
5970 1.06197093191 0.993586310494
5973 1.06462731322 0.996071636616
5976 1.00310925691 0.938514977804
5979 1.02499941906 0.958995543512
5982 1.04119585879 0.974149028703
5985 0.982975161895 0.919677398942
5988 1.02428578937 0.958327867333
5991 1.03101559145 0.964624310125
5994 1.05657389983 0.988536815222
5997 1.00370771319 0.939074897057
6000 1.02833502664 0.962116357773
6003 1.0061472575 0.941357349201
6006 1.01236558692 0.947175255138
6009 0.98249103561 0.919224447515
6012 1.01507227026 0.949707644139
6015 1.003170131 0.938571931968
6018 1.00951192925 0.944505356071
6021 0.971169568777 0.908632015913
6024 0.994163808303 0.930145562966
6027 1.01745310805 0.951935170119
6030 1.04744562675 0.979996348719
6033 1.05910761854 0.990907377495
6036 1.05135062697 0.983649890122
6039 1.04523013018 0.977923516978
6042 1.0251447983 0.959131561194
6045 1.05449091273 0.986587960128
6048 1.05722732631 0.989148164918
6051 1.06076944601 0.99246219315
6054 1.02724818714 0.961099504277
6057 1.01839533291 0.95281672129
6060 1.05273627879 0.984946314194
6063 1.02562019188 0.959576342245
6066 0.994580336752 0.930535269457
6069 1.06644135164 0.997768861741
6072 1.06287950294 0.994436374939
6075 1.06280536448 0.994367010557
6078 1.00947461356 0.944470443288
6081 1.0182699426 0.952699405369
6084 1.01778992492 0.952250297978
6087 1.02043147947 0.954721752107
6090 0.998363268957 0.934074603293
6093 1.00674744243 0.941918885788
6096 1.03444735403 0.967835087571
6099 1.03772315792 0.970899949147
6102 0.9370397606 0.8766999647
6105 1.02649238005 0.960392366678
6108 1.01789118065 0.952345033439
6111 1.02699670655 0.960864217549
6114 1.05368435175 0.985833336886
6117 1.02056394389 0.9548456866
6120 0.999154389166 0.934814780059
6123 0.952915342207 0.89155325313
6126 1.02341727257 0.957515277858
6129 1.00843616415 0.943498863851
6132 1.04051314639 0.973510278933
6135 0.99103758658 0.927220651357
6138 0.89910824507 0.84121101351
6141 1.01184767383 0.946690692573
6144 1.03744494412 0.970639650666
6147 1.02961730321 0.963316063344
6150 1.00915098285 0.944167652473
6153 1.02680317596 0.960683149175
6156 0.995362437117 0.931267007203
6159 1.01408402797 0.948783038784
6162 0.834645035754 0.780898852055
6165 0.973460933737 0.910775830576
6168 0.982481092646 0.919215144819
6171 0.962115078458 0.900160581
6174 1.01382975903 0.94854514325
6177 1.00313862286 0.938542452766
6180 1.0167547478 0.951281780119
6183 1.04336093071 0.976174682849
6186 1.01827129191 0.952700667793
6189 1.00575530361 0.940990634815
6192 0.945988466173 0.885072426777
6195 1.03797185631 0.971132632836
6198 1.04028211144 0.973294121257
6201 1.00987630222 0.944846265589
6204 1.0454898726 0.97816653353
6207 1.04666076511 0.979262027513
6210 1.04187766379 0.974786929514
6213 0.987517401677 0.923927145457
6216 0.960614650663 0.898756771844
6219 0.981478982316 0.918277564443
6222 1.0095872371 0.94457581454
6225 1.01772915599 0.952193442207
6228 1.01345797309 0.948197298123
6231 0.909502184846 0.85093564529
6234 1.01701215772 0.951522614368
6237 1.01519584171 0.94982325832
6240 0.982255143601 0.919003745551
6243 0.948282067683 0.88721833397
6246 0.947178167764 0.886185518651
6249 1.01895346327 0.953338911366
6252 0.946491815813 0.885543363689
6255 0.941760745026 0.881116945765
6258 0.919266965775 0.860071632316
6261 0.987414529752 0.923830897873
6264 1.01354944936 0.94828288386
6267 1.01097472391 0.945873955444
6270 0.99278711441 0.928857519984
6273 1.01817701145 0.952612458431
6276 0.985590013187 0.92212386934
6279 0.934542330415 0.874363354187
6282 0.955461010484 0.893934995488
6285 0.994867932979 0.930804346194
6288 1.01795195541 0.952401894667
6291 0.980023334533 0.916915651733
6294 0.996803369311 0.932615151921
6297 0.962197534055 0.900237726946
6300 0.9663878808 0.904158240245
6303 0.939448985634 0.878954049949
6306 0.994947102309 0.93087841749
6309 1.01458698341 0.949253606884
6312 0.981947511426 0.918715923061
6315 0.929697700778 0.869830689929
6318 0.912597107487 0.853831273293
6321 0.988257560483 0.924619642431
6324 1.00541870017 0.940675706631
6327 1.0063404366 0.941538088714
6330 0.995739326532 0.931619627178
6333 1.02138074602 0.955609891521
6336 0.930448320579 0.870532974273
6339 0.971994869806 0.909404172456
6342 0.989221974018 0.925521953462
6345 0.970615321004 0.908113458405
6348 1.01075853553 0.945671688306
6351 1.01860740452 0.953015136744
6354 0.994074604764 0.930062103606
6357 0.993903069648 0.929901614333
6360 0.947212706559 0.886217833352
6363 0.928365232997 0.86858402516
6366 0.983302616303 0.919983767231
6369 1.01443730285 0.949113564856
6372 1.02216638767 0.956344942517
6375 1.02100569598 0.95525899248
6378 1.01066219313 0.945581549788
6381 0.997279277193 0.933060414162
6384 1.00614613139 0.941356295606
6387 1.02748171255 0.961317992045
6390 1.03078312033 0.964406808768
6393 0.938898874896 0.878439363075
6396 1.01467967037 0.949340325351
6399 0.942288793086 0.881610990665
6402 1.00042638653 0.936004868343
6405 1.01551699229 0.95012372871
6408 0.949778505519 0.888618410096
6411 0.95844838416 0.896730000039
6414 0.989090145977 0.925398614364
6417 0.998774047685 0.93445893031
6420 0.946315400256 0.885378308246
6423 1.00841045433 0.943474809592
6426 1.01796644739 0.95241545345
6429 1.00588369379 0.941110757432
6432 0.966563960025 0.904322981013
6435 1.02151395241 0.955734520217
6438 0.959323038623 0.89754833195
6441 1.00556020677 0.940808101051
6444 1.02357813491 0.957665781618
6447 1.02189241771 0.956088614594
6450 0.881246281275 0.824499254109
6453 1.00332718258 0.938718870355
6456 0.961818831924 0.899883410983
6459 1.01796955676 0.952418362592
6462 0.922710431411 0.863293359215
6465 0.990730849736 0.926933666544
6468 0.99977116922 0.93539184314
6471 0.964825662194 0.90269661924
6474 1.00337642732 0.938764944028
6477 1.00586267755 0.941091094509
6480 1.00541814957 0.940675191494
6483 0.959330988376 0.897555769785
6486 1.0091376572 0.944155184918
6489 1.0075225579 0.942644088422
6492 0.964232924569 0.902142050398
6495 0.823296378963 0.770280981367
6498 0.925361617556 0.865773824717
6501 0.966858820745 0.904598854454
6504 0.994590938706 0.930545188708
6507 1.00378138645 0.939143826193
6510 0.996818843171 0.932629629356
6513 1.0059139243 0.941139041272
6516 0.97531891097 0.91251416511
6519 0.961390533893 0.899482692802
6522 0.998561357486 0.934259936098
6525 1.0010051647 0.936546376638
6528 0.974511231525 0.911758495425
6531 0.988845778378 0.925169982587
6534 0.973321937751 0.910645785107
6537 0.997224055692 0.933008748597
6540 1.00571537367 0.940953276124
6543 0.990697128456 0.926902116715
6546 0.941084315351 0.880484074144
6549 0.991405807231 0.927565160785
6552 0.975656525778 0.912830039529
6555 0.928439217475 0.868653245477
6558 0.947833496566 0.886798648169
6561 0.822213540615 0.769267871377
6564 0.745530405139 0.697522674437
6567 0.961821583612 0.899885985479
6570 0.940345225901 0.879792577666
6573 0.932173703241 0.872147252537
6576 0.95805605323 0.896362932892
6579 0.988678888513 0.925013839438
6582 0.966266527194 0.904044701091
6585 0.975459994032 0.91264616326
6588 0.986771419018 0.923229199651
6591 0.969307163818 0.906889538773
6594 0.905168339973 0.84688087429
6597 0.961808670867 0.899873904237
6600 0.978912463387 0.915876314092
6603 0.988213471274 0.924578392305
6606 0.964815650555 0.902687252291
6609 0.925720829176 0.866109905241
6612 0.983204517355 0.919891985273
6615 0.986474556448 0.922951453267
6618 0.984147213809 0.920773977673
6621 0.994966341545 0.930896417834
6624 0.966535423677 0.904296282237
6627 0.971659486061 0.909090385433
6630 0.97051646781 0.908020970769
6633 0.914510927115 0.855621854302
6636 0.962169404171 0.900211408459
6639 0.965122745128 0.902974571798
6642 0.966220460236 0.904001600571
6645 0.959223074755 0.897454805161
6648 0.965297956566 0.903138500659
6651 0.987617189699 0.924020507723
6654 0.978202661254 0.915212219001
6657 0.980385052062 0.917254076801
6660 0.96984097058 0.907388971549
6663 0.923796771734 0.864309745673
6666 0.958067663303 0.896373795344
6669 0.962090587802 0.900137667396
6672 0.978433747886 0.915428425026
6675 0.978022902357 0.915044035509
6678 0.906045845958 0.847701874101
6681 0.972219040685 0.909613908062
6684 0.980017372589 0.916910073703
6687 0.95848459306 0.896763877301
6690 0.984576087544 0.921175234487
6693 0.98023164321 0.917110546568
6696 0.927918535754 0.868166092567
6699 0.950480839755 0.889275518178
6702 0.969039973439 0.906639553868
6705 0.946277246228 0.885342611111
6708 0.960741426205 0.898875383794
6711 0.958060909065 0.89636747604
6714 0.940962236762 0.880369856691
6717 0.901217674899 0.843184608586
6720 0.953234113778 0.891851497705
6723 0.941310545449 0.880695736367
6726 0.947057971423 0.88607306224
6729 0.96634363895 0.904116847308
6732 0.96149672135 0.899582042417
6735 0.961655346716 0.899730453252
6738 0.935420193634 0.875184688229
6741 0.950760803702 0.889537454109
6744 0.941851383185 0.881201747365
6747 0.950635994906 0.889420682259
6750 0.934472755104 0.874298259113
6753 0.942588925531 0.881891796363
6756 0.955247961611 0.893735665696
6759 0.963144090097 0.9011233304
6762 0.963925993017 0.901854883415
6765 0.949291171068 0.88816245709
6768 0.927950513524 0.868196011158
6771 0.930805309972 0.870866975668
6774 0.967165205226 0.904885509594
6777 0.959818438362 0.898011830887
6780 0.966816610594 0.904559362386
6783 0.928655007948 0.868855140325
6786 0.926101001844 0.866465597047
6789 0.946719243846 0.885756146707
6792 0.918366338486 0.859229000076
6795 0.915946456578 0.856964944193
6798 0.92182622023 0.862466085983
6801 0.933428053917 0.873320830479
6804 0.928860821855 0.869047701039
6807 0.933581773523 0.873464651455
6810 0.931467274783 0.871486313877
6813 0.946663140779 0.885703656345
6816 0.949201829634 0.888078868713
6819 0.946385657542 0.88544404138
6822 0.959027808774 0.897272113149
6825 0.965570999236 0.903393961003
6828 0.936153391008 0.875870672045
6831 0.961742516885 0.89981201018
6834 0.959426482012 0.897645114198
6837 0.943937421712 0.883153457398
6840 0.904025284683 0.845811424973
6843 0.9044251673 0.846185557524
6846 0.960575565473 0.898720203508
6849 0.959124689467 0.897362755301
6852 0.963853632027 0.901787182044
6855 0.915058194271 0.856133880703
6858 0.933785329766 0.873655099885
6861 0.92299327522 0.863557989562
6864 0.954575463673 0.893106472632
6867 0.935690831915 0.875437899012
6870 0.97160945248 0.909043573718
6873 0.95290820346 0.891546574076
6876 0.941191181708 0.880584058942
6879 0.948987335123 0.887878186375
6882 0.899492377198 0.841570409811
6885 0.940918199591 0.880328655252
6888 0.955008246355 0.89351138668
6891 0.964683229218 0.902563358101
6894 0.949762773218 0.888603690862
6897 0.956172812701 0.894600961868
6900 0.954811295014 0.893327117836
6903 0.947575068087 0.886556860949
6906 0.937298606102 0.876942142089
6909 0.962579081619 0.900594705113
6912 0.934726005666 0.874535201843
6915 0.912747079771 0.853971588253
6918 0.931077097607 0.871121261794
6921 0.957895673883 0.896212881022
6924 0.912812296944 0.854032605827
6927 0.92579814428 0.866182241712
6930 0.938719909077 0.878271921593
6933 0.914377576222 0.855497090414
6936 0.935588200181 0.875341876152
6939 0.93582458296 0.875563037284
6942 0.936647252557 0.876332731844
6945 0.895802183542 0.838117842712
6948 0.930695230223 0.870763984402
6951 0.907525006577 0.84908578556
6954 0.916696590096 0.857666773567
6957 0.931834374164 0.871829774237
6960 0.923551674069 0.864080430841
6963 0.926160667168 0.866521420278
6966 0.910520274133 0.851888175673
6969 0.933006762071 0.872926667326
6972 0.921160962656 0.861843667046
6975 0.900993160432 0.842974551517
6978 0.831788643871 0.778226394846
6981 0.898077671703 0.840246802949
6984 0.9331457682 0.873056722286
6987 0.924770658564 0.865220919974
6990 0.924623744585 0.865083466383
6993 0.928843218277 0.869031231026
6996 0.931444961434 0.871465437375
6999 0.898262428499 0.840419662504
7002 0.91744025065 0.858362546797
7005 0.888391229905 0.831184110478
7008 0.91032903253 0.851709248894
7011 0.905453550942 0.847147719367
7014 0.90208996462 0.844000728029
7017 0.843312147455 0.789007853232
7020 0.923877068596 0.864384871893
7023 0.873528243339 0.817278211982
7026 0.895553702068 0.837885361969
7029 0.907471310273 0.849035546979
7032 0.909788711892 0.851203721696
7035 0.905604033739 0.847288511965
7038 0.876626475975 0.820176936836
7041 0.94113156713 0.880528283189
7044 0.923429020688 0.86396567561
7047 0.933949158799 0.873808379301
7050 0.937163443875 0.876815683507
7053 0.887759564209 0.830593120302
7056 0.921953424948 0.862585099473
7059 0.902918198326 0.844775628403
7062 0.905800723396 0.847472535976
7065 0.91568041262 0.856716031886
7068 0.871339262873 0.815230188859
7071 0.921159656633 0.861842445123
7074 0.92798930864 0.868232308099
7077 0.921179925496 0.861861408792
7080 0.935055933454 0.874843884241
7083 0.885797527 0.828757426638
7086 0.882903921119 0.826050151792
7089 0.906803641223 0.848410871851
7092 0.899680903052 0.841746795719
7095 0.905336439337 0.847038149054
7098 0.917055318286 0.858002401792
7101 0.919359222816 0.860157948552
7104 0.923880494427 0.864388077121
7107 0.90044636047 0.842462962226
7110 0.895010937349 0.837377548075
7113 0.898739552777 0.840866062812
7116 0.902923645722 0.844780725019
7119 0.901730315852 0.843664238505
7122 0.877910058722 0.821377864476
7125 0.919559578713 0.860345402719
7128 0.905545580676 0.847233822932
7131 0.864967672219 0.809268890805
7134 0.912130122658 0.853394359513
7137 0.92356518747 0.86409307406
7140 0.905318602996 0.847021461267
7143 0.907543060562 0.849102676976
7146 0.900806575682 0.842799981717
7149 0.857789445728 0.802552899472
7152 0.90644863758 0.848078728334
7155 0.894375607409 0.83678312961
7158 0.911487130519 0.85279277225
7161 0.904358409846 0.846123098854
7164 0.840854569928 0.786708529104
7167 0.890946800919 0.833575117896
7170 0.900523682888 0.842535305539
7173 0.905808928688 0.847480212896
7176 0.873269980482 0.81703657972
7179 0.896235262795 0.838523034233
7182 0.855761915937 0.800655930558
7185 0.87557815412 0.819196120682
7188 0.824910138975 0.771790824818
7191 0.863891506041 0.808262023338
7194 0.851138448167 0.796330186656
7197 0.865663118769 0.809919554727
7200 0.878434029947 0.821868095066
7203 0.877690887493 0.821172806573
7206 0.856366795612 0.801221859575
7209 0.851377228219 0.796553590691
7212 0.899166859593 0.841265853607
7215 0.876359704007 0.819927343398
7218 0.89506841824 0.837431327537
7221 0.872411839563 0.81623369798
7224 0.870703502577 0.814635367751
7227 0.889093730187 0.831841373914
7230 0.893684722786 0.836136733854
7233 0.902329934948 0.844225245693
7236 0.880576991936 0.82387306303
7239 0.878791373609 0.822202427919
7242 0.895250999897 0.837602152021
7245 0.86292955548 0.80736201668
7248 0.902505260985 0.844389281774
7251 0.856012592013 0.800890464584
7254 0.878482681144 0.821913613415
7257 0.897174868353 0.839402134773
7260 0.86973773145 0.813731786549
7263 0.858199803375 0.802936832523
7266 0.882736553592 0.825893561739
7269 0.882783710971 0.825937682463
7272 0.876243547772 0.819818666935
7275 0.868166889196 0.812262097207
7278 0.867949509039 0.812058715042
7281 0.870644382473 0.81458005463
7284 0.841376034775 0.787196414711
7287 0.86807839439 0.812179300941
7290 0.808452652603 0.756393102833
7293 0.816044945663 0.763496497308
7296 0.883631376761 0.826730763611
7299 0.86785261249 0.811968058055
7302 0.864528773977 0.808858255003
7305 0.889269398115 0.832005729871
7308 0.842390595745 0.78814564398
7311 0.845465839865 0.791022860641
7314 0.88736599535 0.83022489494
7317 0.860519182945 0.805106857822
7320 0.870212043222 0.814175555459
7323 0.87943309407 0.822802825392
7326 0.823482678038 0.770455283887
7329 0.869998375741 0.813975646896
7332 0.870145165899 0.814112984639
7335 0.877035171648 0.820559314935
7338 0.8907335945 0.833375640704
7341 0.888197539172 0.831002892279
7344 0.851445505039 0.796617470889
7347 0.877195742644 0.820709546112
7350 0.861113834266 0.80566321713
7353 0.868171965001 0.81226684616
7356 0.828470645509 0.775122055875
7359 0.873736651816 0.817473200191
7362 0.836248932005 0.782399466913
7365 0.860300484599 0.804902242351
7368 0.876134478758 0.819716621318
7371 0.883522204024 0.82662862095
7374 0.87884999965 0.82225727879
7377 0.872360301026 0.816185478219
7380 0.888586568084 0.831366870039
7383 0.869935554962 0.813916871402
7386 0.82268110675 0.76970532903
7389 0.809482316502 0.757356462492
7392 0.877986439906 0.821449327166
7395 0.883031255276 0.826169286385
7398 0.877679288547 0.82116195453
