Wave Flux FluxNorm
3600 0.0981240996341 0.0908934600726
3603 0.0621768061812 0.0575950767563
3606 0.0442638493998 0.0410021028787
3609 0.0351842976071 0.0325916116597
3612 0.0598844077641 0.0554716022503
3615 0.080595110512 0.0746561597679
3618 0.0458434587965 0.0424653128767
3621 0.0614960368761 0.0569644724717
3624 0.0849008062285 0.078644574267
3627 0.113904969197 0.105511457515
3630 0.0729610128559 0.0675846090165
3633 0.0516159501968 0.0478124367593
3636 0.0738029270297 0.0683644836103
3639 0.103771453728 0.0961246678567
3642 0.0960158031664 0.0889405212785
3645 0.0724769626026 0.0671362278081
3648 0.0440561634889 0.0408097210773
3651 0.077257484742 0.0715644793775
3654 0.097457673336 0.0902761418771
3657 0.118018260328 0.109321645477
3660 0.124903695243 0.115699701488
3663 0.10528856114 0.0975299815617
3666 0.113605989047 0.105234508831
3669 0.0902518079317 0.0836012674899
3672 0.110387999943 0.102253649233
3675 0.114900698827 0.106433813101
3678 0.0842035999555 0.0779987442337
3681 0.0773305988535 0.0716322058035
3684 0.0942478643971 0.0873028596588
3687 0.0537345944042 0.0497749607814
3690 0.0940391942871 0.0871095661826
3693 0.10343139029 0.0958096632591
3696 0.0943598074017 0.0874065537263
3699 0.125238696909 0.116010017309
3702 0.110941500231 0.102766362792
3705 0.0534707803598 0.0495305868569
3708 0.0505891293674 0.0468612810452
3711 0.0876892770239 0.0812275662114
3714 0.120988403392 0.112072922493
3717 0.0814815213747 0.0754772521464
3720 0.0290285804262 0.0268895014147
3723 0.0497387503232 0.0460735653466
3726 0.0747849498314 0.0692741424061
3729 0.06317952914 0.0585239103411
3732 0.0484935668781 0.0449201378789
3735 0.0230797966605 0.021379075926
3738 0.0378295703576 0.0350419576402
3741 0.06679808583 0.0618758202108
3744 0.0404050303348 0.0374276352615
3747 0.0327696006772 0.0303548506621
3750 0.0329241809722 0.0304980401326
3753 0.0710560745583 0.0658200431887
3756 0.0823565343018 0.0762877864886
3759 0.0395802483645 0.036663630421
3762 0.062742639166 0.0581192142312
3765 0.0554811128008 0.0513927804682
3768 0.0606577776025 0.0561879834532
3771 0.101042352865 0.0935966709504
3774 0.104803842293 0.0970809810274
3777 0.094328573726 0.0873776216203
3780 0.110157983686 0.10204058258
3783 0.109816292967 0.101724070614
3786 0.0825501400299 0.0764671256579
3789 0.0527395174519 0.0488532097785
3792 0.0773440049174 0.0716446239917
3795 0.056481907777 0.052319828141
3798 0.052833866717 0.0489406065669
3801 0.0743332778053 0.0688557535147
3804 0.0963829084887 0.0892805750785
3807 0.0728411521076 0.0674735806537
3810 0.0892876799945 0.0827081849089
3813 0.0700233304758 0.0648634006986
3816 0.0468727276936 0.0434187362636
3819 0.042250588804 0.0391371968845
3822 0.0390760316466 0.036196568789
3825 0.0301825134232 0.0279584025632
3828 0.0400830269507 0.0371293598954
3831 0.0529256472561 0.0490256239153
3834 0.0368594560484 0.0341433298153
3837 0.0565894784734 0.0524194720902
3840 0.0369889739021 0.0342633036638
3843 0.0650283408099 0.0602364854406
3846 0.0689703089497 0.0638879749836
3849 0.0578578339758 0.0535943640958
3852 0.0637316740908 0.0590353684357
3855 0.0579223303927 0.0536541078541
3858 0.0473672241883 0.0438767939432
3861 0.0436405757772 0.0404247574932
3864 0.0635893458177 0.0589035281513
3867 0.0612418066564 0.0567289761522
3870 0.0572678722489 0.0530478758949
3873 0.0508590416663 0.0471113038515
3876 0.0676614186016 0.0626755350933
3879 0.0530482087631 0.0491391540214
3882 0.0580170392034 0.0537418376935
3885 0.0723559432128 0.0670241261826
3888 0.0596777462666 0.0552801693746
3891 0.101844186147 0.0943394181622
3894 0.106807767415 0.0989372394671
3897 0.0950916534804 0.0880844710024
3900 0.0823481545146 0.0762800241972
3903 0.0933288082933 0.0864515276253
3906 0.0796415885633 0.0737729016336
3909 0.115587437817 0.107069947172
3912 0.118191714839 0.109482318347
3915 0.114614230593 0.106168454345
3918 0.0951250356079 0.0881153932435
3921 0.0645749065318 0.0598164641553
3924 0.073479997736 0.0680653505638
3927 0.0606631079479 0.0561929210123
3930 0.0324369644799 0.0300467260013
3933 0.0194231366708 0.01799187054
3936 0.0265362014858 0.0245807826948
3939 0.0569381919832 0.0527424893469
3942 0.0630294342768 0.0583848757767
3945 0.0684103754548 0.0633693022726
3948 0.0934043855779 0.0865215357163
3951 0.123098301393 0.114027344805
3954 0.129105892325 0.119592244035
3957 0.105791554535 0.0979959100159
3960 0.0922540287593 0.0854559472222
3963 0.0533807159804 0.0494471592066
3966 0.0379865207311 0.0351873425412
3969 0.0239333244981 0.0221697083875
3972 0.0505066638879 0.0467848923415
3975 0.0915515723962 0.0848052539712
3978 0.127298936129 0.117918440133
3981 0.148134860909 0.137218992231
3984 0.15042477229 0.139340162968
3987 0.183815829191 0.170270675538
3990 0.162034728483 0.150094596319
3993 0.188802574945 0.174889954367
3996 0.177370811288 0.164300582772
3999 0.189902181076 0.175908531927
4002 0.229399107045 0.212494979873
4005 0.169187666014 0.15672044302
4008 0.207860360552 0.192543396097
4011 0.222127515934 0.205759223023
4014 0.237277379863 0.219792712831
4017 0.243370253734 0.225436610609
4020 0.250610565194 0.232143392767
4023 0.227962960691 0.21116466131
4026 0.232567892062 0.21543026117
4029 0.256671290245 0.23775751073
4032 0.142240852363 0.131759305646
4035 0.171427442048 0.158795172819
4038 0.270088381733 0.250185913885
4041 0.237312048591 0.219824826865
4044 0.175958347442 0.162992201582
4047 0.146960417042 0.136131091633
4050 0.252708111313 0.234086373391
4053 0.252126391306 0.233547519588
4056 0.211118181239 0.195561152139
4059 0.201811943932 0.186940679572
4062 0.19736017651 0.182816957205
4065 0.176244802945 0.163257548545
4068 0.223430587274 0.2069662727
4071 0.194278263861 0.179962146762
4074 0.243793366519 0.225828544753
4077 0.157604610628 0.14599092819
4080 0.2543888548 0.235643265038
4083 0.261120583147 0.241878940922
4086 0.259680065666 0.240544573334
4089 0.328444838304 0.304242157713
4092 0.279721321143 0.259109014294
4095 0.252545981539 0.233936190753
4098 0.219871824986 0.20366975106
4101 0.181293875704 0.167934561583
4104 0.226113686183 0.209451657478
4107 0.279208888084 0.258634341773
4110 0.229717327465 0.212789751038
4113 0.224069885049 0.207558461439
4116 0.246904622808 0.228710536541
4119 0.203681838647 0.188672784134
4122 0.227016120329 0.210287592405
4125 0.267427339476 0.247720960433
4128 0.234987163768 0.217671259835
4131 0.193327925303 0.179081837438
4134 0.188322260778 0.174445033937
4137 0.24326373567 0.225337941725
4140 0.24028466433 0.222578394347
4143 0.129738696158 0.120178417362
4146 0.209008950474 0.193607347895
4149 0.209349674889 0.193922964762
4152 0.193712558182 0.179438127211
4155 0.205022671102 0.189914812358
4158 0.24007820478 0.222387148537
4161 0.249107297114 0.230750898591
4164 0.248613132955 0.230293148758
4167 0.214131418713 0.198352347992
4170 0.239861809577 0.222186699221
4173 0.166204336821 0.153956951544
4176 0.207936342141 0.1926137787
4179 0.225420387027 0.208809446651
4182 0.218207021838 0.202127625129
4185 0.278660338493 0.258126214101
4188 0.228264463207 0.211443946491
4191 0.234218365003 0.216959112868
4194 0.271110294425 0.251132523136
4197 0.200522905026 0.185746628296
4200 0.203358494195 0.188373266521
4203 0.208697551727 0.193318895723
4206 0.251623376055 0.233081570889
4209 0.284149005352 0.263210428111
4212 0.270980783878 0.251012556056
4215 0.197563861675 0.18300563307
4218 0.325669490848 0.301671322067
4221 0.330149910902 0.30582158569
4224 0.18952977183 0.175563565043
4227 0.0681618525334 0.0631390926879
4230 0.248579191861 0.230261708739
4233 0.260598927399 0.24139572532
4236 0.249701797592 0.231301591088
4239 0.281205566706 0.260483887699
4242 0.315424530966 0.292181300192
4245 0.393515796625 0.364518120236
4248 0.300614081641 0.278462213959
4251 0.223128898992 0.206686815442
4254 0.211706093749 0.196105742127
4257 0.316215430176 0.29291391905
4260 0.232853466218 0.215694791731
4263 0.337543948789 0.31267076637
4266 0.385498673084 0.357091768288
4269 0.289619740001 0.268278031311
4272 0.159850678936 0.148071486593
4275 0.200188882631 0.185437219585
4278 0.355208730617 0.32903385299
4281 0.289498561255 0.268165782072
4284 0.310262816321 0.287399945706
4287 0.294861231332 0.273133283841
4290 0.187495550472 0.173679242858
4293 0.294771323789 0.27305000147
4296 0.298091483881 0.276125503206
4299 0.207168430352 0.19190245335
4302 0.222699007166 0.206288601796
4305 0.220307570224 0.204073386788
4308 0.146464620789 0.135671829972
4311 0.248366282364 0.230064488272
4314 0.315540356861 0.292288591025
4317 0.486677422445 0.450814784851
4320 0.424790259937 0.393488008295
4323 0.346346797928 0.320824944801
4326 0.202857429889 0.187909125004
4329 0.445312464754 0.412497958053
4332 0.431954639148 0.400124453554
4335 0.492479766593 0.45618956167
4338 0.321019260885 0.29736376161
4341 0.319108089328 0.295593421844
4344 0.417386993524 0.386630279127
4347 0.435957053947 0.403831935519
4350 0.464732721487 0.430487160875
4353 0.344576313986 0.319184925558
4356 0.442100464043 0.409522645572
4359 0.392201825182 0.36330097367
4362 0.461434106995 0.427431617071
4365 0.518152839946 0.479970819042
4368 0.396730934829 0.367496339013
4371 0.437557444634 0.405314395461
4374 0.348552053196 0.322867697625
4377 0.419546546132 0.388630697063
4380 0.411307477241 0.380998754634
4383 0.196174571076 0.18171871752
4386 0.332452756092 0.307954737159
4389 0.368909293022 0.341724838451
4392 0.387824304227 0.359246026642
4395 0.385833511829 0.357401933193
4398 0.495409699947 0.458903591978
4401 0.406968460526 0.376979474518
4404 0.286446415636 0.265338545165
4407 0.317085954723 0.293720295754
4410 0.446230945688 0.413348757301
4413 0.480213695681 0.444827361855
4416 0.352706041901 0.326715584208
4419 0.508795885477 0.471303366596
4422 0.415038705487 0.384455033436
4425 0.458584643119 0.424792126549
4428 0.462086664129 0.428036088104
4431 0.439123278508 0.406764845036
4434 0.398754204545 0.369370516567
4437 0.455911082707 0.422315577388
4440 0.533443341197 0.494134582787
4443 0.40796903274 0.377906315843
4446 0.557543786134 0.516459096722
4449 0.535759319843 0.496279899925
4452 0.520362621501 0.482017764617
4455 0.408488725097 0.378387712735
4458 0.42421450803 0.392954682811
4461 0.36609685793 0.339119648109
4464 0.501321733548 0.464379975375
4467 0.484733749635 0.449014338808
4470 0.470271711826 0.435617990091
4473 0.557509517578 0.516427353372
4476 0.591883018078 0.548267914528
4479 0.581511047278 0.538660241007
4482 0.477516385956 0.442328813439
4485 0.641246898318 0.593994233488
4488 0.553651229609 0.512853377715
4491 0.535737745257 0.496259915143
4494 0.485575285916 0.449793863354
4497 0.505479804646 0.468231643525
4500 0.609539721664 0.56462351818
4503 0.661096214527 0.61238087894
4506 0.649301517072 0.601455317675
4509 0.643616354151 0.596189087148
4512 0.614100704212 0.568848407751
4515 0.576354498538 0.533883671757
4518 0.564219088841 0.522642504899
4521 0.666560679869 0.617442674812
4524 0.565400079009 0.52373646941
4527 0.448907422406 0.415828007868
4530 0.453633881159 0.420206179914
4533 0.523535851397 0.484957163255
4536 0.501564604471 0.46460494945
4539 0.593839944966 0.550080637973
4542 0.55514673764 0.514238683669
4545 0.543768606334 0.503698992325
4548 0.580666578613 0.537878000159
4551 0.597084646059 0.553086241187
4554 0.517045151904 0.478944755117
4557 0.6412128473 0.593962691647
4560 0.650521202217 0.60258512578
4563 0.60038866826 0.556146794212
4566 0.583010917245 0.540049587472
4569 0.667452131242 0.618268436272
4572 0.573891381299 0.531602058481
4575 0.638569775062 0.591514384025
4578 0.613095087625 0.567916893765
4581 0.545583689521 0.505380324351
4584 0.603916788624 0.559414931894
4587 0.613871788409 0.56863636046
4590 0.680100221332 0.629984504759
4593 0.58726491032 0.543990109231
4596 0.569089869992 0.527154364409
4599 0.613077256945 0.567900377005
4602 0.608325788761 0.563499038442
4605 0.57748817789 0.534933811726
4608 0.726301592903 0.672781356276
4611 0.694894681254 0.643688779828
4614 0.675076521459 0.625330994913
4617 0.733277395194 0.679243120606
4620 0.692570690643 0.641536041116
4623 0.707425758674 0.65529645816
4626 0.683257049733 0.632908710508
4629 0.690049497463 0.639200631441
4632 0.723413348422 0.670105942841
4635 0.647594244824 0.599873852138
4638 0.615870703858 0.570487978384
4641 0.614859797855 0.569551564752
4644 0.630640917732 0.584169794064
4647 0.512680094035 0.474901352786
4650 0.638314726174 0.591278129364
4653 0.682515742535 0.632222029291
4656 0.6012741191 0.556966997311
4659 0.768745151746 0.712097303483
4662 0.68928902243 0.638496194842
4665 0.631829762534 0.585271034411
4668 0.506549992337 0.469222970452
4671 0.679282715805 0.62922724017
4674 0.650868931894 0.602907231701
4677 0.712517629964 0.660013115958
4680 0.618910333163 0.573303621288
4683 0.656655159769 0.608267079835
4686 0.663881639112 0.614961049146
4689 0.648550027103 0.600759204042
4692 0.636907151653 0.589974277212
4695 0.704820184001 0.652882884955
4698 0.629849932495 0.583437095519
4701 0.62602593395 0.579894882542
4704 0.645709782959 0.598128253861
4707 0.6281819475 0.581892022208
4710 0.626864976471 0.580672097091
4713 0.665187928787 0.616171080003
4716 0.667919850678 0.61870169006
4719 0.759826632101 0.703835978159
4722 0.734807215812 0.680660210697
4725 0.766373546547 0.709900458842
4728 0.570198537327 0.528181335464
4731 0.611937241946 0.566844368255
4734 0.674664772783 0.624949587471
4737 0.676078627707 0.626259257232
4740 0.708289430392 0.656096487012
4743 0.699117968851 0.647600858757
4746 0.715569691216 0.662840274715
4749 0.737950448452 0.683571822539
4752 0.711614911508 0.659176917672
4755 0.687034211685 0.636407538221
4758 0.681548420034 0.631325987549
4761 0.701420679103 0.649733885231
4764 0.651175928498 0.603191606117
4767 0.623872172643 0.577899829155
4770 0.73616733869 0.681920107858
4773 0.691533940709 0.640575687961
4776 0.746909453022 0.691870649507
4779 0.739361835563 0.684879206336
4782 0.676853994186 0.626977487945
4785 0.668541970059 0.619277966259
4788 0.673354982337 0.62373631381
4791 0.673337638034 0.623720247586
4794 0.783127356615 0.725419702047
4797 0.745818557032 0.690860140249
4800 0.682252218876 0.631977924353
4803 0.807012477479 0.747544758865
4806 0.717098800645 0.664256706024
4809 0.715603610489 0.66287169452
4812 0.749475748633 0.694247838072
4815 0.73556546134 0.68136258208
4818 0.804459803005 0.745180187712
4821 0.805180063799 0.745847373408
4824 0.683197081188 0.632853160968
4827 0.757779665369 0.701939849791
4830 0.750143477635 0.694866362977
4833 0.691339113268 0.640395217105
4836 0.759787557167 0.703799782607
4839 0.721661977841 0.668483628521
4842 0.727099081334 0.673520078802
4845 0.75496218349 0.699329984552
4848 0.733204612589 0.679175701259
4851 0.776703455897 0.719469170367
4854 0.73916274846 0.684694789708
4857 0.734144408144 0.68004624448
4860 0.642338161881 0.595005083233
4863 0.64939892471 0.601545547469
4866 0.721469224005 0.668305078469
4869 0.723929125293 0.670583712773
4872 0.606492845327 0.561801162269
4875 0.702628555996 0.650852755219
4878 0.775582857886 0.718431147792
4881 0.717384635785 0.664521478337
4884 0.734643257352 0.680508334127
4887 0.651029879614 0.603056319389
4890 0.660735687473 0.612046918665
4893 0.736178736877 0.681930666126
4896 0.886896636892 0.821542356612
4899 0.8210974089 0.760591789681
4902 0.787074671543 0.72907614438
4905 0.799419516164 0.74051131317
4908 0.793804297928 0.735309873193
4911 0.72228291338 0.669058808113
4914 0.793996282194 0.735487710384
4917 0.817258277961 0.757035559397
4920 0.563012507998 0.521524835457
4923 0.74208615884 0.687402777712
4926 0.745729146872 0.690777318609
4929 0.864424853582 0.800726490309
4932 0.836855974656 0.775189126856
4935 0.776916519241 0.719666533345
4938 0.663974647604 0.615047203962
4941 0.779744562521 0.722286181728
4944 0.84798555307 0.785498580853
4947 0.833197841738 0.771800557079
4950 0.877631077708 0.812959564649
4953 0.85883782805 0.795551165552
4956 0.809624726141 0.749964514259
4959 0.731708731914 0.67779005012
4962 0.856528012649 0.793411557497
4965 0.780991790845 0.723441503391
4968 0.746426644658 0.691423418674
4971 0.818090431042 0.75780639218
4974 0.877399016006 0.812744603277
4977 0.832319147355 0.770986612563
4980 0.760583347496 0.704536932163
4983 0.644655086919 0.597151277025
4986 0.732857315987 0.6788539965
4989 0.789700261005 0.731508257508
4992 0.789843028449 0.731640504602
4995 0.783109495762 0.725403157337
4998 0.791777781021 0.733432687729
5001 0.713693794706 0.661102610623
5004 0.733057174066 0.679039127292
5007 0.67484877189 0.625120027919
5010 0.774124138347 0.717079919433
5013 0.645925640847 0.598328205457
5016 0.69398532286 0.642846430892
5019 0.723402208424 0.670095623736
5022 0.679519627401 0.629446694053
5025 0.769888240031 0.713156159053
5028 0.700513714702 0.648893753878
5031 0.813762233869 0.753797134328
5034 0.872318211256 0.808038196539
5037 0.73071911504 0.676873356849
5040 0.606354304865 0.561672830677
5043 0.703989822074 0.652113711339
5046 0.880322856093 0.815452989323
5049 0.708043201214 0.655868402148
5052 0.725193336904 0.671754766245
5055 0.823546898477 0.7628607795
5058 0.843476628921 0.781321913565
5061 0.879961140988 0.815117928542
5064 0.747308867589 0.692240631724
5067 0.735611527908 0.681405254062
5070 0.763933655276 0.707640360042
5073 0.746009299162 0.691036826834
5076 0.751081048213 0.695734845177
5079 0.684217328334 0.633798227406
5082 0.660742940775 0.61205363748
5085 0.717801497071 0.664907621647
5088 0.756181354269 0.700459316194
5091 0.788520385986 0.730415325972
5094 0.830244360009 0.769064713647
5097 0.737721103889 0.683359378084
5100 0.676297509314 0.626462009733
5103 0.756132151655 0.700413739258
5106 0.716578347428 0.663774604339
5109 0.686713351057 0.636110321402
5112 0.711135902783 0.658733206489
5115 0.786447775291 0.728495443312
5118 0.81973512336 0.759329889222
5121 0.741552578515 0.686908516239
5124 0.607648964118 0.562872088142
5127 0.663324852935 0.614445291832
5130 0.646148309668 0.598534466097
5133 0.753270010315 0.697762505457
5136 0.785628015605 0.72773609067
5139 0.680397745024 0.630260104311
5142 0.703566071607 0.651721186503
5145 0.703079816029 0.651270762476
5148 0.675186075675 0.625432476219
5151 0.6648746567 0.615880892537
5154 0.637423489407 0.590452566697
5157 0.787226107206 0.729216420942
5160 0.789237667242 0.731079751689
5163 0.742277009247 0.687579564596
5166 0.528571546044 0.489621783996
5169 0.521601264913 0.483165133978
5172 0.439570960659 0.407179538061
5175 0.633229572443 0.586567694116
5178 0.716587810692 0.663783370268
5181 0.622248372819 0.576395685066
5184 0.40870372316 0.378586867865
5187 0.797523350295 0.738754873342
5190 0.848163231619 0.785663166496
5193 0.638926894879 0.591845188139
5196 0.736454038196 0.682185680843
5199 0.835817192224 0.774226890974
5202 0.78900334524 0.730862696576
5205 0.598960271683 0.554823654354
5208 0.530051313676 0.490992509441
5211 0.674324861082 0.624634723429
5214 0.855154375021 0.792139141471
5217 0.803980642172 0.744736335628
5220 0.887603990992 0.822197586691
5223 0.82662575486 0.765712758888
5226 0.629585316513 0.58319197875
5229 0.831438742523 0.770171083639
5232 0.861774218268 0.798271176926
5235 0.805963743493 0.746573304746
5238 0.920729913217 0.852882502022
5241 0.897948328142 0.831779662851
5244 0.9296474383 0.861142906072
5247 0.737636044523 0.683280586634
5250 0.75723070772 0.70143134413
5253 0.828455440858 0.767407617662
5256 0.81230975752 0.752451689106
5259 0.954954299628 0.884584937116
5262 0.797365825588 0.738608956429
5265 0.633646317054 0.586953729349
5268 0.708682761022 0.65646083361
5271 0.628101364082 0.581817376878
5274 0.827374481229 0.766406312568
5277 0.896294275766 0.830247495482
5280 0.920862034651 0.853004887596
5283 0.80920017847 0.749571250964
5286 0.975013529541 0.903166027999
5289 0.954489217028 0.884154125858
5292 0.983830007936 0.911332831363
5295 0.927213812887 0.858888611407
5298 0.716851581472 0.664027704116
5301 0.851930795962 0.789153103836
5304 0.976163628938 0.90423137804
5307 0.983533521962 0.911058193061
5310 1.03096615183 0.954995573019
5313 0.978569034845 0.906459532659
5316 0.963023909219 0.892059907483
5319 0.944356496502 0.874768072564
5322 0.95088589327 0.880816326425
5325 0.875504945747 0.810990104636
5328 0.615831448601 0.570451615796
5331 0.870859580598 0.806687050511
5334 0.947556220601 0.877732013082
5337 0.975583097424 0.903693625152
5340 0.841868887159 0.77983264424
5343 0.934754594966 0.865873722887
5346 0.903339728591 0.836773777887
5349 0.866835345113 0.802959355798
5352 0.99595003007 0.922559744547
5355 1.0581592963 0.980184889412
5358 1.07737651072 0.99798601185
5361 1.01927932989 0.944169938062
5364 0.992352898581 0.919227681083
5367 0.964432253216 0.89336447241
5370 0.831300343104 0.770042882696
5373 0.916989227269 0.849417462443
5376 1.02172921847 0.946439297483
5379 1.03335044707 0.957204172595
5382 0.985883146417 0.913234676692
5385 0.988027702726 0.915221203386
5388 0.971193986416 0.899627942128
5391 0.878952424807 0.814183543368
5394 0.903459013579 0.836884272917
5397 0.768595792041 0.711958949905
5400 0.935920942672 0.866954123921
5403 0.935889360882 0.866924869353
5406 0.729971401789 0.676180741633
5409 0.839027543309 0.777200675388
5412 0.965303047068 0.894171098576
5415 1.00418205038 0.930185157799
5418 1.04723098866 0.970061874804
5421 0.966185989979 0.894988978551
5424 0.967661043073 0.896355336867
5427 1.04812776245 0.970892566478
5430 0.821480352413 0.760946514575
5433 0.892495125756 0.826728299982
5436 0.8512455736 0.788518374634
5439 1.03079014411 0.954832535088
5442 1.0740653533 0.994918849388
5445 0.97800834872 0.905940162779
5448 0.869346091526 0.805285088515
5451 1.04023725053 0.963583496304
5454 0.939305578741 0.870089350481
5457 0.923677293103 0.855612693249
5460 1.02815701215 0.952393435262
5463 0.94373323371 0.874190737212
5466 1.00928411663 0.934911259297
5469 0.997253755334 0.923767399963
5472 0.964243842398 0.893189945344
5475 0.920349946827 0.85253053487
5478 0.889887634258 0.824312951203
5481 0.900094394161 0.833767588006
5484 0.971257323575 0.899686612053
5487 0.963969066621 0.892935417444
5490 0.966933174912 0.895681104381
5493 0.992756970634 0.919601977583
5496 0.99133266865 0.918282630593
5499 1.03178797857 0.955756840405
5502 0.960686811045 0.889895027088
5505 0.957956768493 0.887366157885
5508 0.969995489915 0.898517761303
5511 0.95816528178 0.887559306094
5514 0.871746134226 0.807508275134
5517 0.942688533725 0.873223019834
5520 1.05125331801 0.973787803839
5523 1.02858443346 0.952789360439
5526 1.00674886013 0.932562822612
5529 0.923638568203 0.855576821938
5532 1.00269263553 0.928805496025
5535 0.974896565047 0.903057682469
5538 0.977617228295 0.905577863517
5541 1.0685781957 0.989836033429
5544 1.00597917692 0.931849856376
5547 0.997138659941 0.923660785802
5550 1.07955071306 1.0
5553 1.04514929165 0.968133575388
5556 1.028166975 0.952402663961
5559 1.02372684075 0.948289717534
5562 0.998548913274 0.924967119368
5565 0.99169140653 0.918614933537
5568 0.976387951104 0.904439170193
5571 1.02251044174 0.94716295341
5574 1.01060457747 0.936134417068
5577 1.03858605746 0.962053977544
5580 1.03696474596 0.960552138418
5583 1.01958600994 0.944454019249
5586 0.931731508547 0.863073403845
5589 0.86545360664 0.801679435868
5592 0.933062654177 0.864306459054
5595 0.981165043851 0.908864245077
5598 0.998378393149 0.924809164653
5601 0.927704588737 0.859343222612
5604 0.97203821731 0.900409962726
5607 1.0949055873 1.01422339317
5610 1.07389832094 0.994764125435
5613 1.10117377042 1.02002968188
5616 0.901353072255 0.834933515719
5619 0.990178214703 0.917213246882
5622 1.03896040574 0.962400740573
5625 0.894540758416 0.828623192585
5628 1.00360315806 0.929648923314
5631 1.0917742065 1.01132275982
5634 1.05617392122 0.978345814091
5637 0.986346779539 0.913664145281
5640 1.01293027267 0.938288734757
5643 0.996359245876 0.922938805764
5646 1.00507935073 0.931016337233
5649 1.00919506813 0.934828772671
5652 1.06637072761 0.987791230835
5655 1.01451121427 0.939753178791
5658 0.898928572332 0.832687674099
5661 0.990734356748 0.91772840753
5664 1.00291918548 0.929015351801
5667 1.01513144065 0.940327701485
5670 1.00317258359 0.929250077325
5673 1.08684366548 1.00675554407
5676 1.09760567323 1.01672451321
5679 1.05983826558 0.981740137589
5682 1.01507920505 0.940279315056
5685 1.04716694761 0.970002552854
5688 0.98170629834 0.909365615214
5691 1.06624005785 0.987670189968
5694 1.08905988628 1.00880845439
5697 1.04992311906 0.972555625555
5700 0.979289599812 0.907127000114
5703 0.964912446429 0.893809280799
5706 0.97245188687 0.900793149504
5709 0.870517540006 0.806370214453
5712 0.914707894942 0.847304238581
5715 1.04212556527 0.965332663541
5718 1.06103014563 0.982844189522
5721 1.09422187958 1.01359006699
5724 1.11238767308 1.03041724638
5727 1.01338980655 0.938714406175
5730 1.07801201555 0.998574687136
5733 1.05490773898 0.977172935195
5736 1.0799401147 1.00036070713
5739 1.05787592882 0.979922402925
5742 1.04848881372 0.97122701234
5745 1.09674000737 1.01592263717
5748 1.02101117352 0.94577416435
5751 1.09077664267 1.01039870519
5754 0.967227286797 0.895953543537
5757 1.11418982656 1.03208660147
5760 1.05020034469 0.972812422785
5763 0.999442660073 0.925795007107
5766 1.13549012781 1.05181731073
5769 1.1239982793 1.04117228185
5772 1.07858468386 0.999105156258
5775 1.06915782923 0.990372954504
5778 1.0928527217 1.01232180061
5781 0.927876569565 0.859502530393
5784 0.934406407085 0.865551192526
5787 0.98921490169 0.916320919175
5790 1.03212253661 0.956066745283
5793 1.07563323442 0.996371195356
5796 1.10050418372 1.01940943617
5799 1.0627424279 0.984430295896
5802 1.15980575105 1.07434114676
5805 1.05309410845 0.975492948786
5808 1.08197314254 1.00224392374
5811 1.12991675242 1.04665463025
5814 1.09887724819 1.01790238744
5817 1.07208568638 0.993085061594
5820 1.16930550618 1.08314087706
5823 1.13081417941 1.047485927
5826 1.14130619966 1.05720480367
5829 1.15462787859 1.0695448251
5832 1.14305042911 1.05882050309
5835 1.09167887148 1.01123444991
5838 1.10592578672 1.02443152817
5841 1.16772734728 1.08167901067
5844 1.15347726679 1.06847900041
5847 1.09543639487 1.0147150862
5850 1.12530915814 1.0423865637
5853 1.04675047015 0.969616765088
5856 1.07780961815 0.998387204146
5859 1.04337863638 0.966493397447
5862 1.1065270339 1.02498847021
5865 1.10316854054 1.02187745994
5868 1.10368395653 1.02235489558
5871 1.15746470663 1.07217261091
5874 1.13772731384 1.05388964138
5877 1.12757565075 1.04448604137
5880 1.03149859201 0.955488778363
5883 1.0978969321 1.01699430959
5886 1.08306723973 1.00325739831
5889 0.703482386659 0.651643668191
5892 0.836520034562 0.774877941758
5895 0.786139063875 0.728209480446
5898 0.946460412117 0.876716953325
5901 1.07643040213 0.997109620795
5904 1.09926382659 1.01826047937
5907 1.10422662797 1.02285757826
5910 1.12787341983 1.04476186824
5913 1.09930079586 1.01829472443
5916 1.03421523982 0.958005239874
5919 1.09441419082 1.01376820707
5922 1.09925775248 1.01825485286
5925 1.11896029092 1.0365055364
5928 1.12596273733 1.04299198149
5931 1.11457398915 1.03244245561
5934 1.08568203419 1.0056795119
5937 1.10934203852 1.02759604074
5940 1.09128316499 1.01086790253
5943 1.0646566047 0.986203419458
5946 1.1389338388 1.05500725906
5949 1.07953397947 0.999984499487
5952 1.10892124958 1.0272062592
5955 1.10188570131 1.0206891515
5958 1.0655936676 0.987071431391
5961 1.14883781593 1.06418142476
5964 1.13401346895 1.05044946497
5967 1.10248144128 1.02124099215
5970 1.15349030556 1.06849107837
5973 1.16619551946 1.08026006129
5976 1.0803098284 1.0007031771
5979 1.07771091867 0.998295777701
5982 1.09297597759 1.01243597393
5985 1.03081289294 0.954853607589
5988 1.10604263447 1.02453976556
5991 1.08903856883 1.0087887078
5994 1.13854322313 1.05464542736
5997 1.07684415008 0.997492880186
6000 1.09636003955 1.01557066869
6003 1.0717547731 0.992778532894
6006 1.0756808269 0.996415280803
6009 1.04278647209 0.965944868985
6012 1.08074968072 1.00111061727
6015 1.07133869965 0.992393119363
6018 1.0550578066 0.977311944524
6021 1.05554120965 0.977759726228
6024 1.08953461808 1.00924820381
6027 1.1148142252 1.03266498897
6030 1.13809939198 1.05423430156
6033 1.14524464594 1.06085303087
6036 1.15631774006 1.07111016284
6039 1.13562299594 1.05194038798
6042 1.13097831399 1.04763796671
6045 1.16765913755 1.08161582723
6048 1.16249350594 1.07683084442
6051 1.17422157343 1.0876946856
6054 1.13184575283 1.04844148509
6057 1.09349610717 1.01291777583
6060 1.14707255876 1.06254624714
6063 1.09583865831 1.01508770736
6066 1.08039450557 1.00078161452
6069 1.1869352843 1.09947153935
6072 1.19664110913 1.10846215435
6075 1.17801336646 1.09120706625
6078 1.12349471208 1.04070582186
6081 1.09542776198 1.01470708946
6084 1.10432656063 1.022950147
6087 1.12223123104 1.03953544513
6090 1.06633346867 0.987756717461
6093 1.07469196226 0.995499284333
6096 1.13851164869 1.05461617959
6099 1.13713776473 1.05334353539
6102 1.02428291884 0.948804818938
6105 1.11476152013 1.03261616767
6108 1.10788320828 1.02624470984
6111 1.1100022618 1.02820761301
6114 1.16807997098 1.08200564998
6117 1.12408918468 1.04125648853
6120 1.05559521723 0.977809754058
6123 1.05547171776 0.977695355102
6126 1.09772143355 1.01683174331
6129 1.07011637965 0.991260870566
6132 1.16673831732 1.08076286107
6135 1.01376692459 0.939063734869
6138 0.936155610717 0.867171499577
6141 1.07945898751 0.999915033583
6144 1.11756187379 1.03521016685
6147 1.11186738877 1.02993530115
6150 1.05138770442 0.973912287488
6153 1.11472459398 1.03258196256
6156 1.06828339005 0.989562951628
6159 1.07463384789 0.99544545234
6162 0.873230864953 0.80888359795
6165 1.03768607867 0.961220317034
6168 1.05559697633 0.977811383533
6171 1.00248579037 0.928613893022
6174 1.0856589477 1.00565812662
6177 1.08321477989 1.00339406642
6180 1.10289358954 1.02162276973
6183 1.13244885093 1.04900014166
6186 1.08944415754 1.00916440919
6189 1.03229517086 0.956226658342
6192 0.96642037205 0.895206089307
6195 1.14608952162 1.06163564875
6198 1.11921935212 1.03674550772
6201 1.08470429114 1.0047738175
6204 1.1484825533 1.06385234098
6207 1.15237099623 1.06745424952
6210 1.111156328 1.02927663754
6213 1.01075965597 0.936278068032
6216 0.987316623032 0.914562522246
6219 1.03178833498 0.955757170551
6222 1.03619108877 0.959835491032
6225 1.06943980839 0.990634154973
6228 1.09024594815 1.00990711687
6231 0.927581265748 0.859228987136
6234 1.08749891964 1.00736251338
6237 1.11865245934 1.03622038854
6240 0.95227539016 0.882103433064
6243 0.942091172351 0.872669677257
6246 1.01964348331 0.94450725748
6249 1.09835786306 1.01742127514
6252 0.984943773089 0.912364524584
6255 0.994768884768 0.921465636334
6258 0.841144721027 0.779161840985
6261 1.01063656439 0.936164046913
6264 1.08783698807 1.00767566998
6267 1.05030786931 0.97291202405
6270 1.05481641113 0.977088337183
6273 1.0860015787 1.00597550959
6276 1.02949272781 0.953630723737
6279 1.02916018767 0.953322688054
6282 1.01923422183 0.944128153956
6285 1.07806679157 0.998625426785
6288 1.14788322903 1.06329718016
6291 1.07925950732 0.999730252838
6294 1.06676166101 0.988153356856
6297 0.969923536362 0.898451109915
6300 1.07072938251 0.991828702027
6303 1.03824738169 0.961740258359
6306 1.03228283803 0.956215234303
6309 1.13286430362 1.04938498017
6312 1.05371306012 0.976066290698
6315 1.02582724322 0.950235344027
6318 0.993769385321 0.920539788725
6321 1.08702744712 1.00692578307
6324 1.11658256899 1.03430302577
6327 1.10478368547 1.0233735869
6330 1.11908535838 1.0366213878
6333 1.15469387345 1.06960595689
6336 1.00888193211 0.934538711243
6339 1.09361432495 1.01302728229
6342 1.10803206449 1.02638259702
6345 1.06253661628 0.984239650279
6348 1.14381843646 1.05953191696
6351 1.15381816346 1.06879477684
6354 1.08930274802 1.00903341996
6357 1.09497984322 1.01429217726
6360 0.998201463944 0.924645273135
6363 0.991433417963 0.918375955818
6366 1.07353123201 0.994424086812
6369 1.15372990987 1.06871302655
6372 1.16800210237 1.08193351942
6375 1.16714082244 1.0811357061
6378 1.12888180838 1.04569594992
6381 1.12235918807 1.03965397316
6384 1.15264409801 1.06770722677
6387 1.17079630409 1.08452181998
6390 1.17345875654 1.08698807971
6393 1.036848285 0.960444259316
6396 1.15527431619 1.07014362754
6399 1.09409959869 1.01347679683
6402 1.14708949612 1.06256193641
6405 1.16831065718 1.08221933721
6408 1.09552847319 1.0148003794
6411 1.1076975424 1.02607272543
6414 1.11258319559 1.03059836108
6417 1.15564340336 1.07048551714
6420 1.06656496664 0.987971156641
6423 1.17020675968 1.08397571834
6426 1.17808531081 1.0912737091
6429 1.15043114022 1.06565733902
6432 1.07455243968 0.995370042997
6435 1.15855272142 1.07318045128
6438 1.11522332197 1.03304393992
6441 1.1787125276 1.09185470708
6444 1.18727660821 1.09978771154
6447 1.20308456022 1.11443079576
6450 0.944943316522 0.875311650567
6453 1.15029369433 1.06553002135
6456 1.12009149197 1.03755338069
6459 1.20712775468 1.11817605238
6462 1.08779546923 1.00763721062
6465 1.13306647373 1.04957225263
6468 1.16784702169 1.08178986643
6471 1.12459546636 1.04172546296
6474 1.16694108071 1.08095068308
6477 1.17054848216 1.08429225973
6480 1.17195963292 1.0855994246
6483 1.0825564407 1.00278423941
6486 1.17840945356 1.09157396619
6489 1.1646014392 1.07878344677
6492 1.11048630975 1.02865599208
6495 0.903142538172 0.836591118178
6498 1.00427491313 0.930271177608
6501 1.09223296182 1.01174771004
6504 1.13652680467 1.05277759619
6507 1.15341937023 1.06842537017
6510 1.15283136181 1.06788069134
6513 1.17210098069 1.08573035663
6516 1.14157855254 1.05745708722
6519 1.12199962279 1.03932090379
6522 1.18285566865 1.09569254537
6525 1.18966386039 1.10199905016
6528 1.13880288124 1.0548859516
6531 1.14206300974 1.05790584539
6534 1.14123608357 1.05713985434
6537 1.16624823391 1.08030889128
6540 1.20654183015 1.11763330388
6543 1.14338388869 1.05912939045
6546 1.10679544525 1.02523710268
6549 1.16838103458 1.0822845286
6552 1.11997246699 1.03744312651
6555 1.06816136902 0.989449922171
6558 1.12709384189 1.04403973639
6561 1.02931238135 0.953463666778
6564 0.883476374223 0.81837412873
6567 1.18230210562 1.09517977369
6570 1.1194534316 1.03696233818
6573 1.0531705186 0.975563728368
6576 1.11252055954 1.0305403406
6579 1.17596747478 1.0893119337
6582 1.1260127654 1.04303832305
6585 1.15708425882 1.07182019781
6588 1.18667043289 1.0992262045
6591 1.15741858898 1.0721298916
6594 1.04350228895 0.966607938211
6597 1.13329131532 1.04978052592
6600 1.14835238506 1.06373176468
6603 1.17579526609 1.08915241485
6606 1.09924756143 1.01824541277
6609 1.05000594165 0.972632345051
6612 1.17148217859 1.08515715326
6615 1.17548835537 1.08886812
6618 1.17725534099 1.0905048987
6621 1.19892856107 1.11058104688
6624 1.09082919317 1.01044738331
6627 1.16060471728 1.07508123818
6630 1.13242611642 1.04897908242
6633 1.07561212457 0.996351641059
6636 1.15758201265 1.0722812728
6639 1.14497185355 1.06060034021
6642 1.15518082431 1.07005702495
6645 1.12993945844 1.0466756631
6648 1.13322905779 1.04972285607
6651 1.16757851566 1.08154114627
6654 1.15505185873 1.06993756268
6657 1.15497993452 1.06987093848
6660 1.14507378333 1.06069475891
6663 1.08083999169 1.00119427333
6666 1.09777246087 1.01687901048
6669 1.13114832654 1.04779545125
6672 1.17124726007 1.08493954559
6675 1.16508929811 1.07923535598
6678 1.02222152539 0.946895326935
6681 1.14728978861 1.0627474696
6684 1.17479051146 1.08822169931
6687 1.15942718125 1.07399047328
6690 1.1691443628 1.08299160813
6693 1.17203532693 1.08566954081
6696 1.10390667368 1.02256120099
6699 1.13343229572 1.04991111766
6702 1.15904236383 1.07363401256
6705 1.1238337015 1.04101983159
6708 1.15291380361 1.06795705812
6711 1.11501059691 1.0328468903
6714 1.10619167992 1.02467782804
6717 1.05048197532 0.973073300411
6720 1.16210345122 1.07646953233
6723 1.15986989494 1.07440056396
6726 1.1306756155 1.04735757368
6729 1.15967256409 1.07421777417
6732 1.15432926862 1.06926821932
6735 1.15137463407 1.06653130801
6738 1.1163907982 1.03412538632
6741 1.12921154866 1.04600139206
6744 1.10765546364 1.02603374741
6747 1.11579898266 1.03357718091
6750 1.10781101191 1.02617783352
6753 1.06648987106 0.987901594762
6756 1.14286129003 1.05864530142
6759 1.18223251721 1.09511531317
6762 1.15044907781 1.06567395481
6765 1.14409037888 1.05978382028
6768 1.0912042276 1.01079478193
6771 1.09273693674 1.0122145477
6774 1.16183767045 1.0762233366
6777 1.16725065817 1.08123744817
6780 1.18729428742 1.09980408799
6783 1.0966260935 1.01581711746
6786 1.10089641888 1.01977276802
6789 1.15401672351 1.06897870526
6792 1.15467454419 1.06958805197
6795 1.11953267915 1.03703574608
6798 1.14412491544 1.05981581188
6801 1.15460492279 1.06952356088
6804 1.14115223109 1.05706218085
6807 1.13247977885 1.04902879054
6810 1.13779978685 1.05395677394
6813 1.14430551617 1.05998310438
6816 1.14045965878 1.05642064331
6819 1.15182426971 1.06694781057
6822 1.16357158939 1.07782948528
6825 1.18211070004 1.09500247254
6828 1.12517751624 1.04226462233
6831 1.15515101678 1.0700294139
6834 1.15293686645 1.06797842149
6837 1.15118182156 1.06635270361
6840 1.08060187347 1.00097370174
6843 1.08831119384 1.00811493214
6846 1.14258447057 1.05838888044
6849 1.14744217797 1.06288862958
6852 1.14869331933 1.06404757593
6855 1.08258893037 1.00281433495
6858 1.11296164419 1.03094892229
6861 1.05725214 0.979344580304
6864 1.16085239946 1.07531066898
6867 1.09794693383 1.01704062676
6870 1.11710427517 1.03478628808
6873 1.09299755231 1.01245595884
6876 1.08307785312 1.00326722962
6879 1.13381763722 1.05026806384
6882 1.05344626462 0.975819155021
6885 1.12701183828 1.04396377553
6888 1.13829949422 1.05441965852
6891 1.15282010928 1.067870268
6894 1.14147504134 1.05736120363
6897 1.14424973959 1.0599314379
6900 1.13780707061 1.05396352098
6903 1.15159507439 1.06673550437
6906 1.13865187028 1.05474606844
6909 1.16397567838 1.07820379747
6912 1.10524425046 1.02380021344
6915 1.0921897427 1.01170767569
6918 1.14309556497 1.05886231294
6921 1.162924606 1.07723017726
6924 1.0937389528 1.01314272648
6927 1.10412715646 1.02276543668
6930 1.13875122045 1.05483809762
6933 1.09729648393 1.01643810768
6936 1.13192093762 1.0485111296
6939 1.14229487342 1.05812062332
6942 1.13459363935 1.05098688336
6945 1.06219342824 0.983921751327
6948 1.12703967183 1.04398955805
6951 1.09821622175 1.01729007119
6954 1.07993865854 1.00035935827
6957 1.12894374895 1.04575332616
6960 1.13663897333 1.05288149929
6963 1.13465480832 1.05104354487
6966 1.12100181925 1.03839662712
6969 1.15383047535 1.06880618149
6972 1.11927349395 1.0367956599
6975 1.10252476432 1.02128112277
6978 0.977056594548 0.905058542156
6981 1.08182220224 1.00210410604
6984 1.12987587886 1.04661676861
6987 1.14274436721 1.05853699449
6990 1.10722703329 1.02563688754
6993 1.15232224031 1.06740908636
6996 1.13131472764 1.04794959046
6999 1.09855144473 1.01760059202
7002 1.1234934037 1.04070460989
7005 1.09169610231 1.01125041102
7008 1.10379930277 1.02246174211
7011 1.10108554187 1.01994795478
7014 1.10837510343 1.02670035786
7017 1.02235151869 0.947015741198
7020 1.14559259507 1.06117534008
7023 1.08484211026 1.0049014809
7026 1.09184320186 1.01138667099
7029 1.11308625255 1.03106434842
7032 1.12538868016 1.04246022586
7035 1.13228604188 1.0488493298
7038 1.06358239034 0.985208362584
7041 1.18925706693 1.10162223279
7044 1.15644921955 1.07123195377
7047 1.16963989761 1.08345062761
7050 1.17155218238 1.08522199856
7053 1.06192068783 0.983669108807
7056 1.160831967 1.07529174216
7059 1.11873464247 1.0362965157
7062 1.12109654324 1.03848437102
7065 1.10674020209 1.02518593031
7068 1.03752291593 0.961069177551
7071 1.14521426187 1.06082488577
7074 1.15684119549 1.0715950455
7077 1.1472054664 1.06266936098
7080 1.17479742189 1.08822810052
7083 1.09981499838 1.01877103601
7086 1.06335963103 0.985002018123
7089 1.0942397657 1.01360663511
7092 1.089614242 1.00932196035
7095 1.0933755304 1.0128060842
7098 1.10791549736 1.02627461958
7101 1.10664352362 1.02509637595
7104 1.09377496598 1.01317608589
7107 1.09310070428 1.01255150967
7110 1.07295006855 0.993885748545
7113 1.07600508026 0.99671564035
7116 1.11044817348 1.02862066602
7119 1.0959634889 1.01520333935
7122 1.07259038814 0.993552572533
7125 1.0913969329 1.01097328703
7128 1.07932049068 0.999786742413
7131 1.00587758697 0.931755752465
7134 1.10538612547 1.02393163387
7137 1.1086994458 1.02700079986
7140 1.07427319514 0.995111375634
7143 1.0993135317 1.01830652177
7146 1.09470386594 1.0140365364
7149 1.03683426896 0.960431276096
7152 1.10057178419 1.01947205525
7155 1.07033538087 0.991463733863
7158 1.10622127135 1.02470523892
7161 1.08446099854 1.00454845281
7164 1.05055107662 0.973137309723
7167 1.09473320942 1.0140637176
7170 1.09890883394 1.01793164568
7173 1.14093382068 1.05685986483
7176 1.0808322145 1.00118706923
7179 1.10144454163 1.02028050031
7182 1.0491750382 0.971862669815
7185 1.09292849773 1.0123919928
7188 0.975452842656 0.903572968692
7191 1.05584616809 0.978042212669
7194 1.05302184381 0.975426009239
7197 1.05322279979 0.975612157028
7200 1.09099860756 1.01060431378
7203 1.09522357352 1.01451794739
7206 1.06153243839 0.983309468973
7209 1.02184106364 0.946542900924
7212 1.11013291412 1.02832863773
7215 1.05697353503 0.979086505375
7218 1.12925387102 1.04604059573
7221 1.09239114083 1.01189423305
7224 1.0946098929 1.01394948811
7227 1.12190167099 1.03923016994
7230 1.11296024851 1.03094762946
7233 1.12762519433 1.04453193415
7236 1.09470102783 1.01403390742
7239 1.09837204326 1.01743441042
7242 1.12286911898 1.04012632792
7245 1.03457104119 0.958334822692
7248 1.13597682907 1.05226814759
7251 1.07109717305 0.992169390556
7254 1.07166754619 0.992697733623
7257 1.13587915933 1.05217767501
7260 1.07054582908 0.991658674417
7263 1.06122650684 0.983026081126
7266 1.08044242446 1.00082600232
7269 1.11961873717 1.03711546259
7272 1.07944318005 0.99990039096
7275 1.10695559729 1.02538545331
7278 1.09339273627 1.0128220222
7281 1.06434022907 0.985910357146
7284 1.04047653114 0.963805144628
7287 1.09684469817 1.01601961344
7290 1.02465482332 0.949149318251
7293 1.01248795881 0.937879014441
7296 1.12977043614 1.04651909583
7299 1.07926307565 0.999733558218
7302 1.0981625899 1.01724039141
7305 1.11727604307 1.03494539863
7308 1.06727024491 0.988624463856
7311 1.07186024702 0.992876234578
7314 1.11571711981 1.03350135043
7317 1.07899114884 0.999481669349
7320 1.10379474535 1.02245752051
7323 1.0874951236 1.00735899707
7326 1.03818633738 0.961683712326
7329 1.107037608 1.02546142076
7332 1.0912192951 1.01080873913
7335 1.11974446625 1.03723192686
7338 1.13142789523 1.04805441888
7341 1.15439913324 1.0693329357
7344 1.05508251299 0.977334830338
7347 1.12931208775 1.04609452255
7350 1.09925107562 1.018248668
7353 1.09080687423 1.01042670903
7356 0.999574110356 0.925916770986
7359 1.13463549717 1.05102565673
7362 1.04177514673 0.965008066897
7365 1.09622549246 1.0154460362
7368 1.12268588015 1.03995659172
7371 1.14967676228 1.06495855023
7374 1.14077774101 1.05671528646
7377 1.13262557958 1.0491638474
7380 1.14850124738 1.06386965752
7383 1.0921121314 1.01163578346
7386 1.05868097542 0.980668126668
7389 1.03696306539 0.960550581683
7392 1.10484078882 1.02342648238
7395 1.13623522045 1.05250749844
7398 1.11499437645 1.03283186511
