Wave Flux FluxNorm
3600 0.721758851946 0.693433471545
3603 0.594108146682 0.570792410119
3606 0.599102023463 0.575590302522
3609 0.53789001075 0.516780551368
3612 0.606111063879 0.582324273592
3615 0.622186123201 0.597768468228
3618 0.530426210259 0.509609667255
3621 0.573937967511 0.551413808351
3624 0.627293032309 0.602674957012
3627 0.758047251245 0.728297734914
3630 0.634143635779 0.609256708984
3633 0.552476631587 0.530794721195
3636 0.600841963383 0.57726195861
3639 0.703318430554 0.675716743322
3642 0.666209191007 0.640063853529
3645 0.583734120182 0.560825511631
3648 0.588479039356 0.565384216753
3651 0.627030106318 0.602422349535
3654 0.71024938745 0.682375695254
3657 0.719122463972 0.69090054845
3660 0.737068227734 0.708142031851
3663 0.688027938555 0.661026325712
3666 0.69622214277 0.668898948902
3669 0.640014012651 0.614896703287
3672 0.726173011984 0.697674398152
3675 0.706570475184 0.678841161666
3678 0.613716371516 0.589631111412
3681 0.63362405726 0.608757521291
3684 0.679580980571 0.652910868059
3687 0.589294678104 0.56616784581
3690 0.680841321953 0.654121747423
3693 0.711714593778 0.683783399653
3696 0.678573250354 0.651942686151
3699 0.745910825742 0.71663760266
3702 0.72403172753 0.695617148271
3705 0.555343285046 0.533548873021
3708 0.596943701763 0.57351668402
3711 0.632434734133 0.607614873074
3714 0.764512233391 0.734508999245
3717 0.788819461051 0.757862291296
3720 0.553058514793 0.531353768431
3723 0.556872564691 0.535018136183
3726 0.735339357499 0.706481011018
3729 0.711839343712 0.683903253783
3732 0.614610584461 0.590490231027
3735 0.422149722862 0.405582483743
3738 0.583296919063 0.560405468442
3741 0.737950010627 0.708989209229
3744 0.624404293103 0.599899586194
3747 0.541362070312 0.520116350173
3750 0.416769596469 0.40041350007
3753 0.683655531046 0.656825513059
3756 0.808932821626 0.77718630431
3759 0.578120860548 0.555432544016
3762 0.676686169896 0.650129664046
3765 0.711881801139 0.683944044971
3768 0.613958289925 0.589863535748
3771 0.528296828847 0.507563853281
3774 0.716158769378 0.688053163863
3777 0.74617333346 0.71688980828
3780 0.82024100276 0.788050696592
3783 0.840691313238 0.807698435931
3786 0.736315674943 0.707419012946
3789 0.678219122911 0.651602456416
3792 0.68750715976 0.660525984848
3795 0.598301012569 0.57482072725
3798 0.456881112459 0.438950842157
3801 0.670941812742 0.644610743824
3804 0.803307394529 0.771781646743
3807 0.729285155407 0.700664405704
3810 0.856604300474 0.822986918992
3813 0.734055265934 0.705247313545
3816 0.629153710209 0.604462612726
3819 0.710345148399 0.68246769807
3822 0.678309821931 0.651689595959
3825 0.564397109888 0.542247381081
3828 0.538379288221 0.517250627177
3831 0.542785746832 0.521484154599
3834 0.402356481446 0.386566026832
3837 0.450491449499 0.432811941115
3840 0.491028326491 0.471757950938
3843 0.687363794703 0.660388246144
3846 0.717188284712 0.689042275932
3849 0.763736530127 0.733763738407
3852 0.803410659515 0.771880859101
3855 0.737175836724 0.708245417733
3858 0.707576731749 0.679807927756
3861 0.683593162427 0.656765592093
3864 0.826635627652 0.794194364835
3867 0.793101801774 0.761976571829
3870 0.742829094456 0.713676813724
3873 0.638232379065 0.613184989798
3876 0.795141994951 0.763936697754
3879 0.672781012195 0.646377764011
3882 0.66980701117 0.643520477468
3885 0.637343483852 0.612330979222
3888 0.502958591197 0.483220013162
3891 0.599864106214 0.576322477384
3894 0.68652907924 0.659586289036
3897 0.759601853976 0.729791327358
3900 0.768478586441 0.738319693021
3903 0.750335627665 0.720888753512
3906 0.683871200745 0.657032718814
3909 0.821560564082 0.789318471813
3912 0.860719251548 0.826940379071
3915 0.814676984688 0.782705038056
3918 0.79085095337 0.759814057828
3921 0.712328073028 0.684372802948
3924 0.760783209618 0.730926320774
3927 0.595884426396 0.572498979848
3930 0.345664570147 0.332098985999
3933 0.161294742636 0.154964740684
3936 0.256485990983 0.246420214522
3939 0.518650634052 0.49829622279
3942 0.641826628143 0.616638182799
3945 0.694441407753 0.667188098718
3948 0.759388872733 0.729586704551
3951 0.837388801896 0.804525531437
3954 0.829320548181 0.796773915829
3957 0.775418006194 0.744986775685
3960 0.809970369544 0.778183133725
3963 0.570475495851 0.548087221172
3966 0.357073571907 0.343060242208
3969 0.179148927357 0.172118239057
3972 0.425570280206 0.408868801532
3975 0.644743210561 0.619440304126
3978 0.809303864135 0.777542785279
3981 0.909921922957 0.874212094759
3984 0.876171454814 0.8417861616
3987 0.902124477058 0.866720659131
3990 0.952781735693 0.915389876861
3993 1.01280040941 0.973053121528
3996 0.934266977268 0.897601728957
3999 0.982154350893 0.94360976564
4002 1.04156034256 1.00068437293
4005 0.901686069687 0.866299457029
4008 1.01910095235 0.979106400061
4011 1.04731949342 1.00621750628
4014 1.04623574712 1.00517629154
4017 1.0333078887 0.9927557861
4020 1.10246474544 1.05919858638
4023 1.06303039602 1.0213118355
4026 1.08153605632 1.03909124234
4029 1.08531315449 1.04272010853
4032 0.930786329459 0.89425767895
4035 1.02405207809 0.983863219188
4038 1.15759578354 1.11216601038
4041 1.07095518748 1.02892561902
4044 1.00911579994 0.969513114326
4047 1.00335589504 0.963979256526
4050 1.11878947693 1.07488265481
4053 1.02514263717 0.984910979349
4056 0.9956682945 0.956593355386
4059 1.00388364449 0.964486294488
4062 1.02896769584 0.988585923827
4065 0.995346046779 0.956283754257
4068 1.03946359696 0.998669913974
4071 1.00538334091 0.965927135417
4074 1.07670297675 1.03444783666
4077 0.870801880056 0.836627315463
4080 1.02157632454 0.98148462643
4083 1.03857608902 0.997817236231
4086 1.02251295796 0.982384501734
4089 1.11542544437 1.0716506435
4092 1.04225232388 1.00134919749
4095 1.0056205061 0.966154993077
4098 0.900274336196 0.86494312693
4101 0.641415795629 0.616243473382
4104 0.818727318249 0.786596416534
4107 0.987898422924 0.949128411928
4110 0.988646636558 0.949847261964
4113 1.06411015058 1.02234921516
4116 1.13554981115 1.09098523078
4119 1.02528889722 0.985051499425
4122 1.05789682703 1.01637973311
4125 1.08976339018 1.046995695
4128 1.02134568369 0.981263037065
4131 1.03906504746 0.998287005526
4134 1.00524705917 0.965796202042
4137 1.12994881502 1.08560404539
4140 1.17690324688 1.13071575354
4143 1.00505529749 0.965611966042
4146 1.11961434105 1.0756751472
4149 1.09832052658 1.05521700713
4152 1.09504366168 1.05206874258
4155 1.02756465621 0.987237946407
4158 1.06999679 1.02800483379
4161 1.10221703798 1.05896060018
4164 1.16822686308 1.12237987388
4167 1.08919293729 1.04644762949
4170 1.11609453772 1.07229347832
4173 0.914943981504 0.879037062937
4176 1.04157606521 1.00069947854
4179 1.0435857324 1.00263027648
4182 1.0336801288 0.993113417662
4185 1.08016013182 1.03776931591
4188 1.00820348162 0.968636599879
4191 1.09373852577 1.05081482665
4194 1.15753695343 1.11210948905
4197 1.02174669001 0.981648305918
4200 1.00673003518 0.967220978754
4203 1.01550902255 0.975655435317
4206 1.06890288428 1.02695385833
4209 1.1045679083 1.06121921075
4212 1.14850617178 1.10343311986
4215 1.05653949155 1.01507566617
4218 1.08444798173 1.04188888942
4221 1.13446064993 1.08993881362
4224 1.01019889127 0.970553699809
4227 0.802399408654 0.770909294716
4230 1.12311454555 1.07903798639
4233 1.04574296989 1.00470285331
4236 0.988509185311 0.949715204984
4239 1.00084942544 0.961571153174
4242 1.07566376164 1.03344940549
4245 1.09210271123 1.04924320955
4248 0.998270319639 0.959093264213
4251 1.02696986227 0.986666495117
4254 1.05771692636 1.01620689262
4257 1.09493579341 1.0519651076
4260 0.927075240942 0.890692231868
4263 1.10101663279 1.05780730482
4266 1.12283054389 1.07876513036
4269 1.03353988177 0.992978674618
4272 0.900296181549 0.864964114963
4275 0.982433801081 0.943878248822
4278 1.09972784285 1.05656909336
4281 1.02388244239 0.983700240829
4284 1.04510388824 1.00408885238
4287 0.972945364451 0.934762185287
4290 0.854135714023 0.82061521206
4293 1.02369203286 0.983517303908
4296 0.961128492253 0.923409065489
4299 0.773917809903 0.743545454503
4302 0.778578135157 0.748022885587
4305 0.835828428396 0.803026394697
4308 0.740356498281 0.711301254428
4311 0.847448603079 0.814190536361
4314 0.934969618843 0.898276795408
4317 1.1431028507 1.09824185178
4320 1.09796207355 1.05487262156
4323 0.998677555919 0.959484518532
4326 0.853424026963 0.819931455113
4329 1.09117990272 1.04835661659
4332 1.05165606108 1.01038388562
4335 1.04201806412 1.00112413124
4338 0.765274606744 0.735241453304
4341 0.612370383645 0.58833794675
4344 0.881021728614 0.846446086712
4347 1.02083580324 0.980773166837
4350 1.04582774941 1.00478430567
4353 0.968089515992 0.930096904292
4356 1.0877849496 1.04509489819
4359 1.05068504314 1.00945097521
4362 1.1491307498 1.10403318635
4365 1.18471027113 1.13821639163
4368 1.07112857313 1.02909220017
4371 1.09801011221 1.05491877495
4374 1.01228540161 0.972558325182
4377 1.10742548508 1.0639646421
4380 1.12815627095 1.0838818496
4383 0.905290654311 0.869762579958
4386 1.00615567838 0.966669162551
4389 1.05124570345 1.00998963244
4392 1.08549342491 1.04289330425
4395 1.03676686783 0.996079017814
4398 1.15111299446 1.10593763795
4401 1.02908364463 0.988697322222
4404 1.03899595347 0.998220623122
4407 1.09743403184 1.05436530282
4410 1.12891819366 1.0846138707
4413 1.19486486031 1.14797246459
4416 1.05185532255 1.01057532708
4419 1.17774072056 1.13152036062
4422 1.13260557702 1.08815654293
4425 1.15171911678 1.10651997304
4428 1.1758215861 1.12967654247
4431 1.12200815282 1.07797501397
4434 1.08023798279 1.03784411162
4437 1.15721363727 1.11179886141
4440 1.19932921798 1.15226161883
4443 1.05139024654 1.01012850295
4446 1.20051640685 1.15340221655
4449 1.19144919623 1.14469084803
4452 1.17369941717 1.12763765793
4455 1.0202354319 0.980196357033
4458 1.07046115912 1.02845097878
4461 1.06752671394 1.0256316957
4464 1.14684207364 1.10183432914
4467 1.1503979205 1.10525062702
4470 1.10639378928 1.06297343514
4473 1.22458164196 1.17652301303
4476 1.22625267266 1.17812846424
4479 1.19708358326 1.15010411391
4482 1.05370460747 1.01235203693
4485 1.24034717233 1.19166982616
4488 1.18235980144 1.13595816597
4491 1.15421400054 1.10891694524
4494 1.17703740461 1.13084464626
4497 1.20039458351 1.15328517416
4500 1.21711963587 1.1693538529
4503 1.2592451595 1.20982616303
4506 1.29264013806 1.24191055777
4509 1.24993179763 1.20087830345
4512 1.2638824686 1.21428148122
4515 1.20160269014 1.15444586872
4518 1.20531155844 1.15800918272
4521 1.23523829347 1.18676144493
4524 1.1876433834 1.14103439409
4527 1.10832870054 1.06483241093
4530 1.0990800129 1.05594668745
4533 1.12163699033 1.07761841774
4536 1.13770524845 1.09305607808
4539 1.24806415778 1.19908395901
4542 1.20665596553 1.15930082864
4545 1.17474370537 1.1286409631
4548 1.14215333839 1.09732960301
4551 1.1433274592 1.09845764552
4554 1.13532078654 1.09076519422
4557 1.18883313212 1.14217745119
4560 1.24506716924 1.1962045871
4563 1.21485001771 1.16717330576
4566 1.17059950338 1.12465940006
4569 1.24724365459 1.19829565641
4572 1.17075584264 1.1248096038
4575 1.24429155525 1.19545941203
4578 1.23041677234 1.18212914409
4581 1.1264972503 1.08228793711
4584 1.12112378827 1.07712535625
4587 1.17700396289 1.13081251697
4590 1.20145199654 1.15430108908
4593 1.15672746095 1.11133176505
4596 1.16515481743 1.11942839047
4599 1.17383865743 1.12777143372
4602 1.16988012308 1.12396825179
4605 1.1812683068 1.13490950697
4608 1.23121972097 1.18290058106
4611 1.21013453738 1.16264288416
4614 1.19629613027 1.14934756446
4617 1.18758280523 1.14097619331
4620 1.18261319674 1.13620161679
4623 1.22535038165 1.17726158359
4626 1.20107713956 1.15394094334
4629 1.19032511964 1.14361088576
4632 1.21392404987 1.16628367747
4635 1.18245002406 1.13604484781
4638 1.1552238912 1.1098872028
4641 1.19553700984 1.14861823566
4644 1.17685611716 1.13067047343
4647 1.09488034966 1.05191183973
4650 1.16697392542 1.12117610768
4653 1.18736426974 1.14076623423
4656 1.13388475715 1.08938552172
4659 1.227293936 1.17912886327
4662 1.18635440156 1.13979599826
4665 1.13859844533 1.09391422151
4668 1.01629900876 0.976414418571
4671 1.15424840468 1.10894999919
4674 1.16234895137 1.11673264044
4677 1.19631726929 1.14936787388
4680 1.12018386606 1.07622232124
4683 1.16420520849 1.11851604887
4686 1.18229464484 1.13589556643
4689 1.16659420447 1.12081128886
4692 1.1471027869 1.10208481073
4695 1.18756819316 1.14096215468
4698 1.1470891056 1.10207166635
4701 1.11602638629 1.07222800149
4704 1.09565756956 1.05265855769
4707 1.11610883596 1.07230721543
4710 1.11727763194 1.07343014209
4713 1.1601015468 1.11457343512
4716 1.16040678134 1.11486669076
4719 1.20359771541 1.15636259935
4722 1.19547329121 1.14855701766
4725 1.22034859454 1.17245609129
4728 1.1160043508 1.07220683078
4731 1.11193064676 1.068292999
4734 1.16317909202 1.11753020228
4737 1.13056602844 1.08619703631
4740 1.17210504811 1.12610585978
4743 1.19071119356 1.14398180824
4746 1.18578688705 1.13925075582
4749 1.18408781816 1.13761836679
4752 1.16530199183 1.11956978902
4755 1.12759970309 1.08334712421
4758 1.16550086808 1.11976086038
4761 1.15973736533 1.11422354593
4764 1.08931110217 1.04656115701
4767 1.10989205898 1.06633441547
4770 1.1767948602 1.1306116205
4773 1.15958618741 1.11407830098
4776 1.19753779204 1.15054049729
4779 1.19807923089 1.15106068741
4782 1.18841159021 1.14177245267
4785 1.17052992347 1.12459255081
4788 1.13685876501 1.09224281483
4791 1.15714612771 1.11173400127
4794 1.21088215175 1.16336115845
4797 1.20672272619 1.15936496928
4800 1.14320904543 1.09834387889
4803 1.18807660048 1.14145060959
4806 1.15380379258 1.10852283587
4809 1.15485035904 1.10952832989
4812 1.17347227703 1.12741943189
4815 1.20117836159 1.15403819292
4818 1.19969556859 1.15261359203
4821 1.19693301487 1.14995945456
4824 1.10558992414 1.06220111764
4827 1.18671777752 1.14014511355
4830 1.14968600523 1.10456665082
4833 1.15108546599 1.10591118983
4836 1.1544610987 1.10915434605
4839 1.11494493584 1.0711889925
4842 1.11978963912 1.0758435657
4845 1.14193953081 1.0971241863
4848 1.10128305777 1.05806327396
4851 1.11031832126 1.06674394911
4854 1.04281161298 1.00188653732
4857 0.953938991788 0.916501716514
4860 0.737431712393 0.708491251577
4863 0.743185819623 0.714019539234
4866 0.97187208034 0.933731022143
4869 1.04746572739 1.00635800131
4872 0.966878388774 0.928933307685
4875 1.0682651364 1.02634113882
4878 1.0759909274 1.03376373165
4881 1.13660884702 1.09200270485
4884 1.09270593322 1.04982275812
4887 1.05481897308 1.01342266933
4890 1.0463825758 1.00531735793
4893 1.10764102522 1.06417172338
4896 1.18569860039 1.13916593396
4899 1.15832343758 1.11286510769
4902 1.14647270791 1.10147945915
4905 1.13784307532 1.09318849594
4908 1.14324837922 1.09838166903
4911 1.04605194697 1.00499970461
4914 1.14668560764 1.10168400364
4917 1.12979480859 1.08545608293
4920 0.985907178343 0.947215313613
4923 1.06395371998 1.02219892367
4926 1.11505204899 1.071291902
4929 1.15900910208 1.11352386332
4932 1.13965223733 1.09492665751
4935 1.08385553258 1.0413196909
4938 1.04427245091 1.00329004476
4941 1.13338050581 1.08890105969
4944 1.17225142405 1.1262464912
4947 1.132569367 1.08812175397
4950 1.1530390796 1.107788134
4953 1.14492544608 1.09999291952
4956 1.11961337182 1.075674216
4959 1.09669292465 1.05365328033
4962 1.17056188697 1.1246232599
4965 1.14607757674 1.10109983488
4968 1.1079410313 1.06445995574
4971 1.1130863808 1.06940337633
4974 1.1591243607 1.11363459863
4977 1.14684014744 1.10183247854
4980 1.09268095945 1.04979876445
4983 0.974014004901 0.93578888701
4986 1.06277365068 1.02106516612
4989 1.13260904343 1.0881598733
4992 1.09057862506 1.04777893604
4995 1.11800818305 1.07413202276
4998 1.11799348018 1.07411789691
5001 1.0508184897 1.00957918467
5004 1.07508805776 1.03289629507
5007 1.01022020965 0.970574181546
5010 1.11520830103 1.07144202193
5013 1.00077767285 0.961502216503
5016 1.04270073372 1.00178000951
5019 0.997321315594 0.958181503772
5022 1.05764652746 1.01613925652
5025 1.09754992738 1.05447665004
5028 1.05009725527 1.00888625504
5031 1.1059400053 1.06253745988
5034 1.13944341034 1.09472602591
5037 1.05416687785 1.01279616554
5040 0.987510608018 0.948755816793
5043 1.05080592633 1.00956711435
5046 1.15022576595 1.10508522866
5049 1.04840554471 1.00726093556
5052 1.05747503773 1.01597449689
5055 1.13220701985 1.08777362711
5058 1.13399829832 1.08949460697
5061 1.15840894826 1.11294726251
5064 1.10180000346 1.05855993216
5067 1.07702687747 1.03475902593
5070 1.11141985175 1.06780225011
5073 1.07195707843 1.02988819083
5076 1.08968020438 1.04691577382
5079 1.01879386814 0.978811367351
5082 1.04436302886 1.00337706798
5085 1.09038297326 1.04759096258
5088 1.09748139202 1.05441080434
5091 1.10926160992 1.06572870834
5094 1.13911043941 1.09440612241
5097 1.0563341195 1.01487835393
5100 1.01292317015 0.973171064532
5103 1.1164224613 1.07260853256
5106 1.08575068984 1.04314047283
5109 1.05176543794 1.01048896999
5112 1.10766623073 1.0641959397
5115 1.11224342231 1.06859349969
5118 1.13502974801 1.09048557749
5121 1.09656400305 1.05352941825
5124 1.03572230439 0.995075448199
5127 1.05265846071 1.01134694614
5130 1.04674614211 1.00566665611
5133 1.0553763302 1.01395815301
5136 1.0838493282 1.04131373001
5139 1.0108926115 0.971220195034
5142 1.0156079058 0.975750437909
5145 1.06954306137 1.02756891172
5148 1.03351432416 0.992954120013
5151 1.05747577127 1.01597520165
5154 1.03445654063 0.993859359255
5157 1.08430026347 1.04174696835
5160 1.09796865842 1.05487894801
5163 1.05677607883 1.0153029686
5166 0.947788343086 0.910592449631
5169 0.886173979005 0.851396137363
5172 0.8675436569 0.833496961068
5175 1.05418388454 1.0128125048
5178 1.09961466422 1.05646035642
5181 1.07018381405 1.02818451809
5184 0.807755289848 0.776054984692
5187 1.04830712673 1.00716637998
5190 1.05002060105 1.00881260911
5193 0.99056565837 0.951690971887
5196 1.00049793557 0.961233457495
5199 1.05307742315 1.01174946642
5202 1.05680254141 1.01532839265
5205 1.00059356516 0.961325334106
5208 1.00250710207 0.963163774388
5211 1.0663199108 1.02447225348
5214 1.07245129618 1.03036301303
5217 1.0015856738 0.962278507513
5220 1.08937924378 1.0466266244
5223 1.08006554332 1.03767843953
5226 0.946683917199 0.909531366867
5229 1.01665938754 0.976760654309
5232 1.03970952382 0.998906189453
5235 1.00734805712 0.967814746465
5238 1.07488748026 1.03270358922
5241 1.07854365292 1.03621627561
5244 1.0426402555 1.00172190475
5247 1.04882500635 1.00766393545
5250 1.02915889733 0.988769621631
5253 1.05818737267 1.01665887629
5256 1.04724915644 1.00614992967
5259 1.09344512586 1.05053294119
5262 0.98475605772 0.946109368646
5265 0.906297312905 0.870729732299
5268 0.975044391007 0.936778835679
5271 0.949588227581 0.912321697773
5274 0.989274476165 0.950450462046
5277 1.02857756743 0.988211105986
5280 1.04857698333 1.00742564607
5283 0.999146373974 0.959934937851
5286 1.07474160526 1.03256343907
5289 1.09177570601 1.04892903762
5292 1.09201796955 1.04916179355
5295 1.0748091249 1.03262830891
5298 0.973623313042 0.935413527828
5301 1.04819781272 1.00706135599
5304 1.07428873606 1.0321283427
5307 1.06143617214 1.01978017683
5310 1.09041573148 1.04762243521
5313 1.07879827957 1.03646090946
5316 1.02536607919 0.985125652397
5319 1.06776233883 1.02585807352
5322 1.06035835784 1.01874466129
5325 1.00550021847 0.966039426121
5328 0.923942218251 0.887682164453
5331 1.04835212217 1.00720960958
5334 1.04544906856 1.00442048612
5337 1.04056670457 0.999729730199
5340 0.99669277331 0.957577628589
5343 1.04907112046 1.00790039082
5346 1.03327131886 0.992720651439
5349 1.0117233007 0.972018283883
5352 1.06784926144 1.02594158485
5355 1.0854143387 1.04281732177
5358 1.0925216517 1.04964570872
5361 1.07347961964 1.03135098
5364 1.022065761 0.981954854986
5367 1.02437891462 0.984177229038
5370 0.982479521266 0.943922174721
5373 1.03525195412 0.99462355679
5376 1.07874221495 1.03640704509
5379 1.05293976291 1.01161720865
5382 1.02632126892 0.986043355772
5385 1.05930382164 1.0177315103
5388 1.06017066588 1.01856433529
5391 1.02123968452 0.981161197828
5394 1.02390260736 0.983719614431
5397 0.991589754553 0.952674877481
5400 1.01882375898 0.978840085128
5403 1.01540475914 0.975555263725
5406 0.956135975835 0.918612480062
5409 1.00257795928 0.96323185081
5412 1.01714930134 0.977231341479
5415 1.00309812267 0.963731600423
5418 1.04881321768 1.00765260943
5421 1.02704709884 0.986740700541
5424 0.99148214233 0.952571488492
5427 1.06430696375 1.02253830441
5430 0.988381534659 0.949592563973
5433 1.02233953393 0.982217883714
5436 1.00849872455 0.968920256019
5439 1.07042040946 1.02841182833
5442 1.07000414841 1.02801190342
5445 1.01346821696 0.973694721016
5448 1.00458040265 0.96515570842
5451 1.07122243197 1.02918237552
5454 1.0320210842 0.991519482162
5457 1.02550458214 0.985258719806
5460 1.0493319224 1.00815095761
5463 0.967115353359 0.92916097261
5466 1.02908397382 0.988697638492
5469 1.05049608274 1.00926943055
5472 1.03798635439 0.9972506457
5475 0.996832758298 0.957712119876
5478 0.976686189421 0.938356201818
5481 0.997918158467 0.958754923584
5484 1.04189081739 1.0010018783
5487 1.01248796924 0.972752943053
5490 1.03167472133 0.991186712279
5493 1.02154495446 0.981454487465
5496 1.02743604492 0.987114382453
5499 1.0343875096 0.993793037341
5502 0.99027239949 0.951409221934
5505 1.02265084909 0.982516981334
5508 1.01224570058 0.972520182218
5511 1.0080661568 0.968504664361
5514 1.00667419871 0.96716733358
5517 1.03348091745 0.992922024345
5520 1.03873407775 0.997969024705
5523 1.03137504918 0.990898800742
5526 0.991366064116 0.95245996576
5529 0.963290872673 0.925486583426
5532 1.0243296672 0.984129914328
5535 0.985027114275 0.946369787604
5538 1.02584552978 0.985586286982
5541 1.03410076401 0.99351754507
5544 0.999222723519 0.960008291064
5547 1.01263655896 0.97289570138
5550 1.04084801436 1.0
5553 1.01507168251 0.97523525866
5556 1.01457620718 0.974759228233
5559 1.01550485371 0.975651430089
5562 1.00007950393 0.960831447184
5565 0.98994965274 0.951099141359
5568 0.994624800771 0.955590813502
5571 0.999679500373 0.960447141739
5574 0.987535885139 0.948780101914
5577 0.997799159133 0.958640594371
5580 1.01329011608 0.973523609695
5583 1.00472358251 0.96529326919
5586 0.962207309219 0.924445544352
5589 0.921615040926 0.885446317055
5592 0.979682795916 0.941235206681
5595 0.960529263653 0.922833353578
5598 0.965088748721 0.927213901943
5601 0.94386375175 0.906821878633
5604 0.977436213857 0.939076791592
5607 1.02492614758 0.984702985878
5610 1.02291072919 0.982766662449
5613 1.01842471317 0.978456699847
5616 0.925629568634 0.889303294877
5619 0.993528502276 0.954537539172
5622 1.00607774735 0.966594289915
5625 0.953469648822 0.916050792883
5628 1.00500836333 0.965566873803
5631 1.02017105407 0.980134505708
5634 0.995628980487 0.956555584249
5637 0.971842704947 0.933702799585
5640 0.981180272366 0.942673914762
5643 0.985298403708 0.946630430301
5646 0.999386669036 0.960165802549
5649 0.997871660636 0.958710250558
5652 0.998273777181 0.959096586064
5655 0.954465885832 0.917007932635
5658 0.913084594534 0.877250647491
5661 0.965653935624 0.927756908121
5664 0.96985192245 0.931790145221
5667 0.96827740028 0.930277415073
5670 0.984490473893 0.94585420764
5673 1.01202257925 0.972305817271
5676 0.986170025124 0.947467844989
5679 0.988458601948 0.949666606761
5682 0.956590469519 0.91904913717
5685 0.958056102792 0.920457251757
5688 0.945557048058 0.908448721635
5691 0.97955527117 0.941112686635
5694 0.9790982694 0.940673619871
5697 0.989792106348 0.950947777865
5700 0.974604391695 0.936356104111
5703 0.973450825503 0.935247809552
5706 0.941823885402 0.90486206671
5709 0.902785778903 0.867356008227
5712 0.927924145627 0.891507821342
5715 0.969027665015 0.930998235716
5718 0.972330070145 0.934171038167
5721 0.991680026798 0.952761606997
5724 0.996087182734 0.956995804377
5727 0.988515533902 0.949721304424
5730 0.988539469251 0.949744300432
5733 0.976539401486 0.938215174566
5736 0.989660085972 0.95082093862
5739 0.987090238623 0.948351944768
5742 0.976806558207 0.938471846738
5745 0.983643889998 0.945040847877
5748 0.957916482778 0.920323111123
5751 0.971455467704 0.933330759443
5754 0.920479913445 0.88435573758
5757 0.976270114928 0.937956456142
5760 0.967611989209 0.929638118018
5763 0.933412241183 0.896780536936
5766 0.98409277027 0.945472111871
5769 0.979937107651 0.941479537968
5772 0.961444050071 0.92371223926
5775 0.958739946815 0.921114258365
5778 0.979015204045 0.940593814411
5781 0.932835608699 0.896226534357
5784 0.938168903243 0.901350524094
5787 0.954753563324 0.917284320242
5790 0.956706162602 0.919160289885
5793 0.951282034235 0.913949031091
5796 0.97287021557 0.934689985619
5799 0.961321193393 0.923594204085
5802 0.978221450435 0.93983121161
5805 0.95024903585 0.912956572663
5808 0.962975535814 0.925183621942
5811 0.974500926898 0.936256699784
5814 0.969896093212 0.931832582504
5817 0.953119654052 0.915714533636
5820 0.980348480288 0.941874766312
5823 0.977950257706 0.939570661823
5826 0.977903177796 0.939525429561
5829 0.979858336614 0.941403858295
5832 0.978229463415 0.939838910121
5835 0.971434553118 0.933310665649
5838 0.970999124195 0.932892325106
5841 0.981171283567 0.942665278728
5844 0.977013720016 0.938670878495
5847 0.96563276417 0.92773656754
5850 0.972202032439 0.934048025292
5853 0.939417008547 0.902549647585
5856 0.936397862643 0.899648987871
5859 0.92534894072 0.889033680188
5862 0.942904676996 0.905900442707
5865 0.966142163297 0.92822597533
5868 0.960234217556 0.922549886546
5871 0.968335004778 0.930332758887
5874 0.964463199111 0.926612901987
5877 0.963600341805 0.925783907462
5880 0.955451749857 0.917955106488
5883 0.946517886797 0.909371852318
5886 0.948679515429 0.911448647972
5889 0.847112429285 0.813867555686
5892 0.89477415792 0.859658802802
5895 0.865556540161 0.831587828599
5898 0.909106987702 0.873429141588
5901 0.942314710914 0.905333629806
5904 0.948087867143 0.910880218885
5907 0.938450569598 0.901621136472
5910 0.946331568797 0.909192846356
5913 0.929732823552 0.893245517816
5916 0.923577441992 0.887331703816
5919 0.942210007401 0.905233035376
5922 0.942054043867 0.905083192621
5925 0.947553432181 0.910366757789
5928 0.929261057414 0.89279226611
5931 0.917125066963 0.881132551836
5934 0.927900715857 0.891485311071
5937 0.947609010366 0.910420154812
5940 0.926562063472 0.890199194015
5943 0.92713675998 0.890751336595
5946 0.931915794628 0.895342818331
5949 0.901575959288 0.866193667906
5952 0.922801497879 0.88658621158
5955 0.92837138727 0.891937511015
5958 0.91665840021 0.88068419939
5961 0.932794810744 0.896187337515
5964 0.932437096162 0.89584366142
5967 0.917341198212 0.881340201028
5970 0.928781359342 0.892331393759
5973 0.929948027218 0.893452275828
5976 0.895954462793 0.860792786684
5979 0.919750488233 0.883654938614
5982 0.921406791981 0.885246240826
5985 0.885065674173 0.850331327884
5988 0.908147078949 0.872506904392
5991 0.907698157118 0.87207560047
5994 0.921830375842 0.885653201166
5997 0.899777662096 0.864465944773
6000 0.918382780245 0.882340906239
6003 0.89786908189 0.862632266677
6006 0.907077999216 0.871479780626
6009 0.867446983483 0.833404081593
6012 0.896990830469 0.861788482176
6015 0.892715355835 0.857680798274
6018 0.895736560987 0.860583436421
6021 0.863685928935 0.829790629393
6024 0.875840463655 0.841468160168
6027 0.889430110128 0.854524481826
6030 0.899815284234 0.864502090432
6033 0.907812574119 0.872185527183
6036 0.911106274617 0.875349966614
6039 0.910619240848 0.874882046454
6042 0.893933697716 0.858851326405
6045 0.904401685485 0.868908498657
6048 0.905177748202 0.869654104843
6051 0.894983120194 0.859859564365
6054 0.890500527206 0.855552890454
6057 0.888391365307 0.85352650248
6060 0.907164321843 0.871562715527
6063 0.897500234797 0.862277894964
6066 0.873511724575 0.839230812306
6069 0.907163855748 0.871562267723
6072 0.907161935114 0.871560422464
6075 0.900844631172 0.865491040715
6078 0.869748411187 0.835615189913
6081 0.894049911417 0.858962979307
6084 0.882047143614 0.847431259366
6087 0.879215097873 0.84471035708
6090 0.880622311026 0.846062344242
6093 0.882790647346 0.84814558434
6096 0.890306404588 0.855366386166
6099 0.893584327478 0.858515667179
6102 0.824091465474 0.791750048141
6105 0.875264466078 0.840914767579
6108 0.880087927836 0.845548932886
6111 0.887006123373 0.852195624278
6114 0.886360173228 0.851575024406
6117 0.882189781023 0.847568298978
6120 0.884132822441 0.849435085859
6123 0.852867398833 0.819396671819
6126 0.884003955381 0.849311276179
6129 0.876824748861 0.842413817163
6132 0.878125684718 0.843663697875
6135 0.872313546581 0.838079656731
6138 0.818479200397 0.786358036051
6141 0.854897960664 0.821347544379
6144 0.880604924371 0.846045639925
6147 0.874176436253 0.839869437416
6150 0.872331080716 0.83809650274
6153 0.878542511471 0.844064166288
6156 0.855822347051 0.822235653281
6159 0.870860976638 0.836684092803
6162 0.796117016252 0.764873454405
6165 0.85560934015 0.822031005822
6168 0.854286115842 0.820759711369
6171 0.848558107729 0.815256498571
6174 0.866545892044 0.832538353431
6177 0.866298799711 0.832300958221
6180 0.87387906629 0.839583737718
6183 0.887956180294 0.853108396275
6186 0.874614907956 0.840290701325
6189 0.875335119139 0.840982647865
6192 0.838034670627 0.805146053092
6195 0.873128213159 0.83886235177
6198 0.882158573576 0.847538316266
6201 0.870054397649 0.835909167956
6204 0.8812861499 0.846700130801
6207 0.882488082626 0.847854893753
6210 0.881973018868 0.84736004364
6213 0.853786826152 0.820280016271
6216 0.852190987583 0.818746806285
6219 0.84608709797 0.812882463434
6222 0.868333950811 0.834256239944
6225 0.86911929672 0.835010765003
6228 0.866542978033 0.83253555378
6231 0.820199470602 0.788010794361
6234 0.863698359987 0.829802572589
6237 0.843074561725 0.809988153983
6240 0.842914318704 0.809834199689
6243 0.844947262805 0.811787361027
6246 0.807747717857 0.776047709863
6249 0.855088000442 0.821530126058
6252 0.830613011468 0.798015656476
6255 0.81120035386 0.779364847385
6258 0.830288623178 0.797703998783
6261 0.851584735291 0.818164346326
6264 0.850704822279 0.817318965445
6267 0.855537976783 0.821962443106
6270 0.843252332827 0.810158948469
6273 0.853721369317 0.820217128285
6276 0.781927941787 0.751241229269
6279 0.792771282922 0.761659024168
6282 0.826535173824 0.794097853312
6285 0.847239043023 0.813989200476
6288 0.832651941944 0.799974569254
6291 0.813387161766 0.781465834154
6294 0.82778002986 0.795293855051
6297 0.80828409168 0.776563033729
6300 0.801104119985 0.769664839569
6303 0.803792714622 0.772247920479
6306 0.837466611569 0.804600287475
6309 0.8273947845 0.794923728621
6312 0.828546285723 0.796030039252
6315 0.797340279191 0.766048710468
6318 0.78513543417 0.754322843817
6321 0.824474152331 0.792117716476
6324 0.834392745823 0.801647055395
6327 0.836482317888 0.803654622337
6330 0.828676431417 0.796155077386
6333 0.839208883624 0.806274184174
6336 0.795771092187 0.764541106108
6339 0.814749854832 0.782775048416
6342 0.826510005587 0.7940736728
6345 0.814890810472 0.782910472261
6348 0.821359033426 0.789124850216
6351 0.83800930244 0.805121680477
6354 0.825643377223 0.793241055212
6357 0.830323729576 0.797737727433
6360 0.815866375131 0.783847750947
6363 0.807554258669 0.775861842969
6366 0.830167835945 0.797587951838
6369 0.829596092396 0.797038646328
6372 0.828065556718 0.795568176426
6375 0.8421343314 0.809084822937
6378 0.834215709541 0.801476966891
6381 0.82893660647 0.796405041886
6384 0.833033372851 0.80034103093
6387 0.84278544499 0.809710383615
6390 0.841975824589 0.808932536716
6393 0.806208159856 0.774568571718
6396 0.835242079696 0.802463057214
6399 0.805275287006 0.773672309404
6402 0.830392945492 0.797804226975
6405 0.832178293051 0.799519508682
6408 0.793521818283 0.762380104816
6411 0.803378028969 0.771849509139
6414 0.815609569988 0.783601024106
6417 0.812984137554 0.781078626601
6420 0.793127770353 0.762001521273
6423 0.82818772752 0.795685552642
6426 0.835350676689 0.802567392326
6429 0.826412090311 0.793979600203
6432 0.800730280737 0.769305671618
6435 0.831420203107 0.79879116993
6438 0.796785656734 0.765515854134
6441 0.823105305092 0.790802589561
6444 0.834368498129 0.8016237593
6447 0.825484198147 0.793088123108
6450 0.785768457463 0.754931024151
6453 0.823346609923 0.791034424399
6456 0.776001980811 0.745547832256
6459 0.824460559426 0.792104657024
6462 0.774000106151 0.743624521039
6465 0.816908717762 0.784849186907
6468 0.812854723361 0.78095429126
6471 0.793152919082 0.762025683042
6474 0.806744204139 0.775083578978
6477 0.813542863752 0.781615425625
6480 0.813858426182 0.781918603827
6483 0.794059749248 0.762896924715
6486 0.815588689081 0.783580962668
6489 0.812807475946 0.780908898066
6492 0.784194563951 0.75341889799
6495 0.724367817024 0.695940047954
6498 0.774998466785 0.744583701074
6501 0.797972256629 0.766655885992
6504 0.812843404534 0.78094341664
6507 0.814220636887 0.782266599597
6510 0.811206481046 0.77937073411
6513 0.800906736077 0.769475201979
6516 0.774770594784 0.744364771895
6519 0.787552582655 0.756645131462
6522 0.798713490874 0.767368030545
6525 0.79931422398 0.767945187919
6528 0.788457898147 0.757514917905
6531 0.796369037158 0.765115584767
6534 0.787685713485 0.756773037582
6537 0.795425380922 0.76420896226
6540 0.791005668429 0.759962701103
6543 0.785878482787 0.755036731538
6546 0.756665290856 0.726970009472
6549 0.775600836399 0.74516243073
6552 0.762276450963 0.732360959957
6555 0.728681551885 0.700084490564
6558 0.697297945089 0.669932531428
6561 0.537931693217 0.51682059801
6564 0.497269662022 0.477754345652
6567 0.691830427338 0.664679586064
6570 0.72044357416 0.692169811752
6573 0.747840413052 0.718491463438
6576 0.763708591398 0.733736896131
6579 0.778327533977 0.747782119235
6582 0.775129292813 0.744709392843
6585 0.774464138338 0.744070342313
6588 0.777194085251 0.746693152632
6591 0.777658206262 0.747139059244
6594 0.752216010009 0.72269534037
6597 0.77824845932 0.747706147858
6600 0.788517162625 0.757571856552
6603 0.786781433563 0.755904246068
6606 0.779758309841 0.74915674439
6609 0.770426772058 0.740191422216
6612 0.786119231837 0.755268032406
6615 0.791429562515 0.760369959493
6618 0.78951506485 0.758530596168
6621 0.78961640999 0.758627964024
6624 0.788037396399 0.757110918721
6627 0.782923649585 0.752197860578
6630 0.784809781751 0.754009971606
6633 0.756866618049 0.727163435592
6636 0.777882259642 0.747354319663
6639 0.782512365665 0.751802717469
6642 0.777379373413 0.746871169173
6645 0.775707722832 0.745265122412
6648 0.783022126724 0.752292472987
6651 0.785135736714 0.754323134487
6654 0.784304768323 0.753524777398
6657 0.785210591903 0.754395051989
6660 0.782626442215 0.751912317091
6663 0.758401092024 0.728637689234
6666 0.778554486485 0.748000165006
6669 0.781141679725 0.750485824012
6672 0.779860311396 0.749254742901
6675 0.782518953979 0.751809047224
6678 0.74902409529 0.719628692142
6681 0.778774843023 0.748211873666
6684 0.78501992504 0.754211867835
6687 0.781895488371 0.751210049485
6690 0.782211038186 0.751513215567
6693 0.780974431411 0.750325139346
6696 0.762004418529 0.732099603418
6699 0.770258370627 0.740029629689
6702 0.774241134652 0.743856090392
6705 0.763952235409 0.733970978348
6708 0.773069233942 0.742730180852
6711 0.768336508963 0.738183191365
6714 0.760756836741 0.730900982898
6717 0.740362875723 0.711307381588
6720 0.759963634596 0.730138909921
6723 0.766618867265 0.736532958406
6726 0.761842303861 0.73194385093
6729 0.749144450625 0.719744324139
6732 0.764735013794 0.734723036645
6735 0.766276310618 0.736203845373
6738 0.760217864899 0.730383162972
6741 0.760714022376 0.73085984878
6744 0.757838950348 0.728097608772
6747 0.757561515354 0.727831061696
6750 0.74293034303 0.713774088803
6753 0.756329703397 0.726647592122
6756 0.756304164329 0.726623055333
6759 0.760582143442 0.730733145427
6762 0.764519099644 0.734515596032
6765 0.760496745041 0.730651098481
6768 0.743918860318 0.714723811793
6771 0.755453100245 0.725805391205
6774 0.760992096255 0.731127009668
6777 0.762777347035 0.732842198394
6780 0.760795177356 0.730937818839
6783 0.73046149399 0.701794578954
6786 0.746213531501 0.71692842875
6789 0.755930893654 0.726264433642
6792 0.755479970856 0.72583120728
6795 0.744520712536 0.715302044359
6798 0.724427092818 0.695996997473
6801 0.755346549664 0.725703022195
6804 0.749861324737 0.720433064573
6807 0.751660245896 0.722161387184
6810 0.746897828229 0.717585870297
6813 0.75293464907 0.723385776487
6816 0.754618562748 0.725003605079
6819 0.750954271062 0.721483118288
6822 0.754325199604 0.724721754953
6825 0.760027573264 0.73020033932
6828 0.74383883608 0.714646928101
6831 0.758905050376 0.729121869772
6834 0.756278843713 0.726598728423
6837 0.746631027515 0.717329540161
6840 0.730428914431 0.701763277977
6843 0.722649482468 0.694289149329
6846 0.748385326163 0.719014991469
6849 0.745569699772 0.716309864158
6852 0.74861710417 0.719237673363
6855 0.723199772581 0.694817843341
6858 0.730132010487 0.70147802601
6861 0.735375506376 0.706515741235
6864 0.742664101677 0.713518296075
6867 0.740667017517 0.711599587356
6870 0.743314886459 0.71414354085
6873 0.741968693935 0.712850179566
6876 0.734995572994 0.706150718314
6879 0.733199219986 0.704424863066
6882 0.721961534008 0.693628199363
6885 0.730613453733 0.701940575047
6888 0.736909515386 0.707989548158
6891 0.740388890904 0.711332375805
6894 0.731735398948 0.703018489593
6897 0.73340812103 0.704625565802
6900 0.738058811896 0.7090937406
6903 0.732780516267 0.704022591348
6906 0.729521266534 0.700891250664
6909 0.737190738267 0.708259734465
6912 0.732958818767 0.704193896378
6915 0.715882773348 0.687787999279
6918 0.723265519567 0.694881010091
6921 0.733213840925 0.704438910208
6924 0.722347309465 0.693998835086
6927 0.72914692165 0.700531596921
6930 0.732961931923 0.704196887359
6933 0.728517897797 0.69992725907
6936 0.732516760071 0.703769186247
6939 0.734122510578 0.705311919178
6942 0.733200519261 0.704426111351
6945 0.712941733415 0.684962380272
6948 0.731645033819 0.702931670837
6951 0.721284362773 0.692977603669
6954 0.72565583301 0.697177515834
6957 0.730599069211 0.701926755044
6960 0.730358717868 0.701695836274
6963 0.724145680471 0.695726629136
6966 0.726712221751 0.698192446666
6969 0.724745855777 0.6963032506
6972 0.729416118224 0.700790228894
6975 0.711532853697 0.683608791949
6978 0.685975390574 0.659054329847
6981 0.719265012006 0.691037502195
6984 0.728258907863 0.69967843318
6987 0.72522407132 0.696762698604
6990 0.72767177793 0.699114345123
6993 0.725930849676 0.697441739488
6996 0.731421721233 0.702717122139
6999 0.715511153908 0.68743096402
7002 0.72172152449 0.693397609002
7005 0.699079169274 0.671643851582
7008 0.717956410987 0.68978025714
7011 0.717282755822 0.689133039529
7014 0.718040975821 0.689861503233
7017 0.688949730881 0.661911942357
7020 0.72558333869 0.697107866549
7023 0.699070532503 0.67163555376
7026 0.711870402029 0.683933093218
7029 0.719979364199 0.691723819682
7032 0.719184563428 0.690960210817
7035 0.702595025024 0.675021727796
7038 0.708116362596 0.680326380825
7041 0.726544497234 0.698031304487
7044 0.723017106883 0.694642346347
7047 0.7244632627 0.696031747871
7050 0.725738069772 0.697256525219
7053 0.719932852246 0.691679133088
7056 0.712361070095 0.684404505047
7059 0.712975740566 0.684995052814
7062 0.713986746266 0.685966381659
7065 0.715028071054 0.686966839723
7068 0.70304572919 0.675454744105
7071 0.715872348401 0.687777983458
7074 0.717485414545 0.689327744924
7077 0.711520938209 0.683597344084
7080 0.720520009544 0.692243247434
7083 0.709577607166 0.681730278944
7086 0.701496942147 0.673966739112
7089 0.708446711111 0.680643764833
7092 0.706897302222 0.679155162398
7095 0.711764220583 0.683831078857
7098 0.710491900044 0.682608690456
7101 0.715561276451 0.687479119507
7104 0.714432313748 0.686394462874
7107 0.712454453747 0.684494223864
7110 0.707857923189 0.680078083856
7113 0.701166690419 0.673649448092
7116 0.702565000195 0.674992881289
7119 0.705660686191 0.677967077285
7122 0.691377891588 0.664244810051
7125 0.714731452808 0.68668186224
7128 0.70473862886 0.677081206035
7131 0.687086620862 0.660121949972
7134 0.705924683993 0.67822071451
7137 0.709726818781 0.681873634759
7140 0.708090473 0.680301507264
7143 0.705019906572 0.677351445021
7146 0.693059641504 0.665860559798
7149 0.67009828 0.643800315471
7152 0.703889370573 0.676265276836
7155 0.6956936727 0.668391218607
7158 0.697960445261 0.670569031822
7161 0.699689407909 0.672230141441
7164 0.671237894681 0.644895206046
7167 0.694224473252 0.666979677798
7170 0.708779565617 0.680963556486
7173 0.706282412131 0.67856440363
7176 0.698317812604 0.670912374307
7179 0.70002483092 0.672552400797
7182 0.675312023782 0.648809446209
7185 0.693474877805 0.666259500176
7188 0.667493542628 0.641297800852
7191 0.691064810051 0.663944015379
7194 0.675047004491 0.648554827583
7197 0.684641495843 0.657772783729
7200 0.695462151306 0.668168783255
7203 0.677076131814 0.650504321933
7206 0.680934744238 0.654211503357
7209 0.6780593545 0.651448958107
7212 0.692626230551 0.66544415803
7215 0.686520173489 0.65957773279
7218 0.686937593963 0.659978771625
7221 0.68213880355 0.655368309437
7224 0.670444903043 0.644133335314
7227 0.682440886579 0.655658537237
7230 0.68894072482 0.661903289739
7233 0.692463435075 0.665287751453
7236 0.678854302515 0.652212708437
7239 0.684014736014 0.657170621051
7242 0.689197149469 0.662149651018
7245 0.675205068893 0.648706688757
7248 0.694214927438 0.666970506609
7251 0.674180972057 0.647722782536
7254 0.687599030115 0.660614249757
7257 0.688872568155 0.661837807877
7260 0.684002183655 0.657158561308
7263 0.680100432596 0.653409934222
7266 0.684117572511 0.657269421736
7269 0.684995329162 0.658112730883
7272 0.685280383083 0.658386597881
7275 0.673932299839 0.647483869445
7278 0.682027255432 0.655261139019
7281 0.676647025284 0.650092055662
7284 0.66128181845 0.635329855395
7287 0.678684849914 0.652049905993
7290 0.64438410899 0.619095295472
7293 0.651142219309 0.62558818418
7296 0.679031304155 0.652382763659
7299 0.678663758016 0.652029641845
7302 0.674806578515 0.648323837109
7305 0.678114673071 0.651502105704
7308 0.658831715088 0.632975906185
7311 0.656122254113 0.630372777834
7314 0.679683556765 0.653009418657
7317 0.676488451165 0.649939704774
7320 0.664666578709 0.638581780953
7323 0.67294506681 0.646535380313
7326 0.647817953127 0.622394378614
7329 0.670897643317 0.644568307825
7332 0.666154499405 0.640011308296
7335 0.672751147816 0.646349071658
7338 0.676560826443 0.650009239688
7341 0.674159545902 0.64770219725
7344 0.670782560041 0.644457740986
7347 0.674775822755 0.648294288357
7350 0.666536331611 0.640378155521
7353 0.662241189643 0.636251576127
7356 0.650442487943 0.624915913728
7359 0.671425538326 0.645075485628
7362 0.655915961294 0.630174580964
7365 0.66405389141 0.637993138528
7368 0.666363955327 0.640212544133
7371 0.665812644862 0.639682869812
7374 0.656571330884 0.630804230616
7377 0.659593669741 0.633707957975
7380 0.665532234126 0.639413463778
7383 0.657200994896 0.631409183504
7386 0.633971143647 0.609090986294
7389 0.62567724765 0.601122583721
7392 0.660271321791 0.634359015614
7395 0.649019233752 0.623548515057
7398 0.662755516326 0.636745718092
