Wave Flux FluxNorm
3600 0.727764507439 0.705626265843
3603 0.60444084605 0.586054050125
3606 0.597198174083 0.579031696709
3609 0.532427790677 0.516231596796
3612 0.615349258989 0.59663063446
3615 0.625625909138 0.60659467392
3618 0.540808491392 0.52435736068
3621 0.574456163767 0.556981487262
3624 0.644378579978 0.624776897653
3627 0.763582016537 0.740354223773
3630 0.655086386211 0.63515897764
3633 0.552470620896 0.535664733889
3636 0.604811375584 0.586413308331
3639 0.709339983447 0.687762206891
3642 0.682463487443 0.661703280796
3645 0.59384762471 0.575783069415
3648 0.587330520974 0.569464212798
3651 0.642112720578 0.622579964592
3654 0.732301213699 0.71002496771
3657 0.74384276382 0.721215429502
3660 0.763468424758 0.740244087401
3663 0.724986866225 0.702933119121
3666 0.731318662365 0.70907230511
3669 0.676515054976 0.655935796745
3672 0.762824838323 0.739620078551
3675 0.746808722575 0.724091165238
3678 0.659016838381 0.638969867371
3681 0.663409442778 0.643228850883
3684 0.724441552901 0.702404393963
3687 0.624774347526 0.605769016397
3690 0.723717144447 0.701702021661
3693 0.765870263342 0.742572863226
3696 0.743173439858 0.720566466049
3699 0.801456116931 0.777076212493
3702 0.790321985374 0.766280775791
3705 0.602315735534 0.583993584435
3708 0.643184560315 0.623619199486
3711 0.698180957108 0.676942632694
3714 0.846301910706 0.820557819079
3717 0.852226925922 0.826302598221
3720 0.575184826471 0.557687984401
3723 0.598324788874 0.580124040427
3726 0.806377941059 0.78184831713
3729 0.773310979079 0.749787236016
3732 0.68370082025 0.662902974542
3735 0.448172474952 0.434539286708
3738 0.615404364733 0.596684063913
3741 0.826209341976 0.801076456497
3744 0.689907637002 0.668920982953
3747 0.599973264328 0.581722370061
3750 0.458152920575 0.444216132041
3753 0.766549981782 0.743231904961
3756 0.8736407641 0.847065037879
3759 0.631736898638 0.612519770097
3762 0.7718935552 0.748412929481
3765 0.810203942686 0.785557933653
3768 0.707013120847 0.685506126317
3771 0.623602780064 0.604633087446
3774 0.829911314633 0.804665816951
3777 0.857868238821 0.831772305132
3780 0.934586231661 0.906156574023
3783 0.955938467292 0.926859285053
3786 0.849152005524 0.823321215403
3789 0.779392170897 0.755683440943
3792 0.801715380012 0.777327588918
3795 0.691954359242 0.6709054449
3798 0.544678476635 0.528109622858
3801 0.781344962275 0.75757682936
3804 0.928364398433 0.900124005929
3807 0.833930636792 0.808562873289
3810 0.970021770381 0.940514180926
3813 0.838548869004 0.813040621128
3816 0.699297125516 0.678024847804
3819 0.806981706431 0.782433716254
3822 0.753233313066 0.730320322818
3825 0.625532702616 0.606504302694
3828 0.599900509745 0.581651828638
3831 0.624368688123 0.605375696955
3834 0.463225359602 0.449134269945
3837 0.525747926056 0.509754930401
3840 0.542419699689 0.525919556807
3843 0.785346958653 0.761457086958
3846 0.826488584053 0.801347204166
3849 0.864366505563 0.838072897766
3852 0.899814879087 0.872442949045
3855 0.836198547835 0.810761795583
3858 0.785236365216 0.761349857719
3861 0.734469975607 0.712127756938
3864 0.930852317715 0.902536243918
3867 0.898289165404 0.870963646829
3870 0.83213075595 0.806817743945
3873 0.693240804359 0.672152756984
3876 0.883346085898 0.856475128518
3879 0.722450818668 0.700474216895
3882 0.748655419413 0.725881686458
3885 0.727409080992 0.705281651296
3888 0.581734019804 0.564037954465
3891 0.689238373182 0.668272077813
3894 0.77844473377 0.754764824392
3897 0.852446408358 0.826515404109
3900 0.844798239958 0.819099889263
3903 0.820606891106 0.795644429452
3906 0.744936836732 0.722276221249
3909 0.909158161153 0.881502013025
3912 0.949234445678 0.920359196509
3915 0.898973129869 0.871626805428
3918 0.871630604064 0.845116025931
3921 0.770989834057 0.747536699095
3924 0.833347708751 0.807997677634
3927 0.659854073041 0.639781633759
3930 0.381108050711 0.369514929565
3933 0.176185076387 0.170825612238
3936 0.273666575835 0.265341771987
3939 0.562223589996 0.545121022423
3942 0.703324021469 0.681929247545
3945 0.743943850111 0.721313440798
3948 0.827265512353 0.802100498686
3951 0.917511464802 0.889601213249
3954 0.897787297755 0.87047704575
3957 0.843040780728 0.817395891086
3960 0.879252267467 0.852505842048
3963 0.616259302608 0.597512994995
3966 0.396906899498 0.384833185073
3969 0.190084297267 0.184302025593
3972 0.454521499101 0.440695176638
3975 0.698820676484 0.677562892119
3978 0.865489113123 0.839161356151
3981 0.98254147747 0.952653044627
3984 0.938906614329 0.910345532756
3987 0.963845860762 0.934526139468
3990 1.01014613585 0.979417982756
3993 1.07183460912 1.03922992274
3996 0.994063310033 0.96382438866
3999 1.02423374785 0.993077056469
4002 1.09184383478 1.0586304775
4005 0.941770967647 0.913122753841
4008 1.08638935357 1.05334191895
4011 1.09746307577 1.06407878392
4014 1.08588533245 1.05285322991
4017 1.0638016811 1.03144135248
4020 1.12672660291 1.09245212883
4023 1.10167865357 1.0681661259
4026 1.11275838584 1.07890881812
4029 1.12179243232 1.08766805331
4032 0.965848288664 0.936467654489
4035 1.03827102256 1.00668732412
4038 1.18399868558 1.14798202266
4041 1.09167907114 1.0584707259
4044 1.03388953867 1.00243912283
4047 0.995486621489 0.965204403675
4050 1.13654442888 1.10197130132
4053 1.05943052264 1.02720316252
4056 1.03085758908 0.999499403671
4059 1.02601393684 0.994803092975
4062 1.05202873159 1.02002653035
4065 1.00005322072 0.969632089186
4068 1.0547102165 1.02262644579
4071 1.02489164491 0.993714940612
4074 1.10077357148 1.06728857596
4077 0.916591268004 0.888709008389
4080 1.04404292288 1.01228364604
4083 1.06261844964 1.03029411434
4086 1.04693364843 1.01508643713
4089 1.15085417416 1.11584575112
4092 1.07961471207 1.04677335875
4095 1.0466467688 1.01480828424
4098 0.956457075567 0.927362117517
4101 0.692470167505 0.671405562528
4104 0.861818274326 0.835602182481
4107 1.02256485764 0.99145893308
4110 1.02791428495 0.996645633415
4113 1.09332946169 1.06007091237
4116 1.15693940675 1.12174587391
4119 1.04903162392 1.01712059323
4122 1.08221583699 1.04929535872
4125 1.1110070657 1.07721077228
4128 1.05033268582 1.01838207746
4131 1.06959579901 1.03705921614
4134 1.02055462157 0.989509847412
4137 1.14475818622 1.10993520016
4140 1.18962484319 1.1534370353
4143 1.01278479259 0.981976372845
4146 1.134131437 1.09963171148
4149 1.11765861668 1.08365998632
4152 1.11319541562 1.07933255366
4155 1.04326333816 1.01152777591
4158 1.08394268649 1.05096967829
4161 1.12828225593 1.09396045964
4164 1.1729924807 1.13731062117
4167 1.1060221394 1.072377485
4170 1.12604629186 1.09179251251
4173 0.94133244354 0.912697569424
4176 1.05555458424 1.02344512827
4179 1.06423868681 1.03186506468
4182 1.0496820428 1.01775122669
4185 1.0920247501 1.05880588947
4188 1.00873311389 0.978047944237
4191 1.10379283029 1.07021599039
4194 1.16658568334 1.13109871546
4197 1.04526891022 1.01347233945
4200 1.02068424725 0.98963552994
4203 1.0339130889 1.00246195667
4206 1.0928018643 1.05955936423
4209 1.12909783775 1.09475123186
4212 1.15900444731 1.12374809693
4215 1.07269832602 1.04006736579
4218 1.09486327976 1.06155807244
4221 1.15236904828 1.11731454351
4224 1.02679728447 0.995562611547
4227 0.802294669701 0.777889256896
4230 1.13384832357 1.09935721022
4233 1.07164079441 1.03904200377
4236 0.99848546809 0.968112026824
4239 1.02317110698 0.992046740613
4242 1.09145303539 1.05825156604
4245 1.11549627471 1.08156342174
4248 1.00929338165 0.978591168921
4251 1.03298444045 1.00156155726
4254 1.06342042753 1.03107169645
4257 1.12051414275 1.08642864868
4260 0.942194867515 0.913533758882
4263 1.11253716607 1.07869432774
4266 1.14060871727 1.10591195603
4269 1.05006491636 1.01812245342
4272 0.895990397059 0.868734805897
4275 0.978101436539 0.948348067577
4278 1.11842878304 1.08440672459
4281 1.02603129913 0.994819927108
4284 1.06563793899 1.03322175229
4287 0.979294927926 0.949505253539
4290 0.873896521416 0.847313015182
4293 1.03752873243 1.00596761409
4296 0.967612605548 0.938178301713
4299 0.770985412789 0.74753241232
4302 0.766540962811 0.743223160344
4305 0.817613479115 0.792742075595
4308 0.709269823293 0.687694180975
4311 0.796259700815 0.772037868823
4314 0.941756715351 0.913108935094
4317 1.18554023129 1.1494766753
4320 1.146791816 1.11190696792
4323 0.997951344856 0.967594151359
4326 0.865256147903 0.83893547762
4329 1.12810703316 1.09379056707
4332 1.10274840049 1.06920333164
4335 1.09436894994 1.06107877989
4338 0.831509569619 0.806215453799
4341 0.671333463723 0.650911826973
4344 0.942126444336 0.913467417103
4347 1.06337008654 1.0310228868
4350 1.09175364067 1.05854302706
4353 0.983981113556 0.954048887686
4356 1.09924316442 1.06580472314
4359 1.072420715 1.03979819956
4362 1.16471491047 1.12928485059
4365 1.19025959121 1.15405247459
4368 1.08880543026 1.05568449976
4371 1.10287483175 1.06932591693
4374 1.02410600605 0.992953200507
4377 1.09959281828 1.06614374071
4380 1.1294661432 1.09510833364
4383 0.893820164771 0.866630591018
4386 1.01183881602 0.981059172422
4389 1.05531017809 1.02320815685
4392 1.08900378093 1.0558768167
4395 1.04400450747 1.01224639922
4398 1.14946662995 1.11450041533
4401 1.03866631079 1.00707058788
4404 1.03398711501 1.00253373095
4407 1.09735560907 1.0639745863
4410 1.13290009266 1.09843782403
4413 1.19418770871 1.15786110067
4416 1.05310604976 1.02107107703
4419 1.18150096744 1.14556028389
4422 1.13999902774 1.10532081297
4425 1.15261819262 1.117556109
4428 1.17018662789 1.13459012103
4431 1.12830625692 1.09398373053
4434 1.08622169851 1.05317936388
4437 1.15315037973 1.11807210724
4440 1.19533249738 1.15897106543
4443 1.05882736286 1.02661835057
4446 1.18780642333 1.15167393088
4449 1.17432300454 1.13860067112
4452 1.16270057406 1.12733178931
4455 1.01617290243 0.985261418031
4458 1.06388308811 1.03152028312
4461 1.06171513434 1.02941827744
4464 1.13529778589 1.10076258061
4467 1.13193682234 1.09750385592
4470 1.09157772174 1.05837245949
4473 1.19265897492 1.15637887021
4476 1.19216478461 1.15589971294
4479 1.18215134658 1.14619087881
4482 1.04995798906 1.0180187788
4485 1.20567542035 1.16899936172
4488 1.15896019595 1.12370519168
4491 1.13414069847 1.09964069121
4494 1.15021135816 1.11522248927
4497 1.17040142523 1.13479838434
4500 1.18688008303 1.15077576941
4503 1.22498342107 1.18772002248
4506 1.25045477829 1.21241655342
4509 1.21544529174 1.17847203838
4512 1.21831686989 1.18125626453
4515 1.1732523416 1.13756257722
4518 1.16571155026 1.13025117309
4521 1.19601514441 1.15963294667
4524 1.15132008 1.11629748433
4527 1.07947953489 1.04664229359
4530 1.07020946086 1.03765421069
4533 1.09105435089 1.05786500932
4536 1.09468069407 1.06138104091
4539 1.20526498079 1.16860140754
4542 1.17153815497 1.13590053531
4545 1.139517129 1.10485357335
4548 1.10809846377 1.07439064861
4551 1.11222279917 1.07838952373
4554 1.10378001717 1.07020356705
4557 1.15545785371 1.12030938898
4560 1.19822774654 1.16177824253
4563 1.17103222555 1.13540999602
4566 1.14112856868 1.10641599382
4569 1.19955600656 1.16306609752
4572 1.12676366225 1.09248806084
4575 1.19391015042 1.15759198557
4578 1.18287978708 1.1468971605
4581 1.09938531882 1.06594255327
4584 1.09472328981 1.06142234092
4587 1.14364660268 1.10885743046
4590 1.15921652766 1.1239537259
4593 1.12050128771 1.08641618468
4596 1.13171836688 1.09729204577
4599 1.14189152384 1.10715574025
4602 1.13114476566 1.09673589322
4605 1.14821653601 1.11328834864
4608 1.18305323296 1.14706533025
4611 1.16631206879 1.13083342413
4614 1.16038334042 1.12508504478
4617 1.15377002625 1.11867290442
4620 1.15471567415 1.11958978616
4623 1.18018336272 1.14428276006
4626 1.15962706347 1.12435177342
4629 1.15661916214 1.12143537098
4632 1.17046974062 1.13486462161
4635 1.15198673868 1.11694386358
4638 1.12613495385 1.09187847744
4641 1.16609748331 1.13062536623
4644 1.15137676127 1.11635244139
4647 1.07761317103 1.04483270361
4650 1.1410800769 1.10636897714
4653 1.14742702409 1.11252285328
4656 1.10741505994 1.07372803358
4659 1.19461435697 1.1582747705
4662 1.16008108363 1.1247919825
4665 1.11875368334 1.08472174159
4668 1.01466220326 0.983796673599
4671 1.13300521812 1.09853975162
4674 1.13609409713 1.10153466844
4677 1.17287509819 1.13719680938
4680 1.10559602406 1.07196433189
4683 1.142724827 1.10796369474
4686 1.15617282273 1.121002609
4689 1.14754643316 1.11263862999
4692 1.12800942163 1.09369592483
4695 1.16782189024 1.13229731755
4698 1.12813002806 1.09381286247
4701 1.0992723667 1.0658330371
4704 1.06781739831 1.03533491352
4707 1.09308874141 1.05983751468
4710 1.09636656134 1.06301562492
4713 1.13463360024 1.10011859915
4716 1.13595965392 1.10140431493
4719 1.16863381545 1.13308454439
4722 1.16024979799 1.12495556465
4725 1.18121897715 1.1452868716
4728 1.09564278513 1.06231386563
4731 1.09638434441 1.06303286704
4734 1.13547021502 1.10092976452
4737 1.10335675476 1.06979318007
4740 1.14412139706 1.10931778182
4743 1.16108624869 1.12576657093
4746 1.1548712185 1.11974059893
4749 1.15531037456 1.12016639608
4752 1.13978738535 1.10511560863
4755 1.10544928278 1.0718220544
4758 1.13384106921 1.09935017653
4761 1.1284791545 1.09415136866
4764 1.07543041017 1.04271634127
4767 1.08898789743 1.05586141638
4770 1.14549472016 1.1106493291
4773 1.13011126025 1.09573382654
4776 1.16692396634 1.13142670805
4779 1.16175057101 1.12641068489
4782 1.16197365268 1.12662698053
4785 1.13299088296 1.09852585253
4788 1.11319256445 1.07932978923
4791 1.13289694074 1.09843476799
4794 1.17419601451 1.13847754406
4797 1.16978450336 1.13420022894
4800 1.12150412071 1.08738851199
4803 1.15599233237 1.12082760906
4806 1.12674972174 1.09247454439
4809 1.13207385639 1.09763672147
4812 1.14522449281 1.11038732194
4815 1.16587795566 1.13041251651
4818 1.16787647404 1.13235024094
4821 1.16583668347 1.1303724998
4824 1.09240229611 1.05917195071
4827 1.15245542584 1.1173982935
4830 1.12696514497 1.09268341456
4833 1.13079631263 1.09639803996
4836 1.13722961903 1.10263564832
4839 1.0976085594 1.06421984202
4842 1.10419163556 1.0706026642
4845 1.12615655764 1.09189942406
4848 1.09261158472 1.05937487287
4851 1.10606529323 1.07241932612
4854 1.05211716438 1.02011227306
4857 0.978250205863 0.948492311411
4860 0.754470000886 0.731519391197
4863 0.784281117466 0.760423668141
4866 0.992597915486 0.962403570701
4869 1.05259326783 1.02057389367
4872 0.970214104977 0.940700664797
4875 1.06804089927 1.03555161569
4878 1.06813838194 1.03564613299
4881 1.12305680091 1.08889396042
4884 1.09396308185 1.06068525811
4887 1.05884979221 1.02664009763
4890 1.02872409855 0.997430812882
4893 1.10125678733 1.06775709262
4896 1.16364172318 1.12824430913
4899 1.14577893231 1.11092489566
4902 1.12695663353 1.09267516203
4905 1.11926589806 1.08521837499
4908 1.1321516036 1.09771210365
4911 1.04949360687 1.01756852288
4914 1.12892402084 1.09458270238
4917 1.11072097494 1.07693338427
4920 0.976826141346 0.947111566243
4923 1.06067606581 1.02841081688
4926 1.10885218618 1.07512144314
4929 1.14021288773 1.10552816744
4932 1.12701128879 1.0927281547
4935 1.07411428836 1.04144025524
4938 1.03691938013 1.00537679799
4941 1.11275665211 1.07890713712
4944 1.15309282052 1.11801629895
4947 1.11677633053 1.08280453888
4950 1.13282822512 1.09836814266
4953 1.11961840902 1.08556016274
4956 1.07813818618 1.04534174805
4959 1.07020981846 1.03765455741
4962 1.14199874556 1.10725970034
4965 1.11553969171 1.08160551802
4968 1.09362138052 1.06035395117
4971 1.09610324606 1.06276031957
4974 1.13568114922 1.1011342822
4977 1.12001643748 1.08594608337
4980 1.08384694765 1.05087685178
4983 0.968043122248 0.938595722305
4986 1.04797745032 1.01609848708
4989 1.10629554302 1.07264257182
4992 1.07981985204 1.04697225846
4995 1.10101960346 1.06752712377
4998 1.09994978956 1.06648985309
5001 1.04479699563 1.01301478027
5004 1.06813884852 1.03564658537
5007 1.00442254835 0.973868503994
5010 1.09971555337 1.06626274225
5013 0.997920987868 0.967564717816
5016 1.03152875098 1.00015014916
5019 1.00625404265 0.975644285134
5022 1.05014699214 1.01820203249
5025 1.07886315578 1.04604466444
5028 1.03990735418 1.00827387933
5031 1.09100948683 1.05782151001
5034 1.11864989796 1.08462111331
5037 1.04549634463 1.01369285541
5040 0.983183755923 0.953275785283
5043 1.03495184049 1.00346910995
5046 1.12871793254 1.09438288319
5049 1.04069827612 1.00904074181
5052 1.05143972593 1.01945544195
5055 1.11824902002 1.08423242988
5058 1.11115846605 1.0773575671
5061 1.12080118611 1.08670696032
5064 1.07928408765 1.04645279176
5067 1.06900894784 1.03649021669
5070 1.09295248688 1.05970540495
5073 1.05739750848 1.02523199166
5076 1.07326527613 1.04061706955
5079 1.00509269242 0.974518262606
5082 1.03274774206 1.00133205912
5085 1.07440659245 1.04172366759
5088 1.09039324568 1.05722401462
5091 1.09304883063 1.05979881797
5094 1.11768357859 1.0836841889
5097 1.0483255819 1.01643602866
5100 1.01788578188 0.986922192529
5103 1.09403777628 1.06075768037
5106 1.06444142169 1.03206163246
5109 1.03527252374 1.00378003817
5112 1.0886097624 1.05549478403
5115 1.08439215152 1.05140547082
5118 1.12009638275 1.08602359674
5121 1.07796908452 1.04517779039
5124 1.02932278129 0.998011283989
5127 1.03784658707 1.00627579975
5130 1.0417929999 1.01010216462
5133 1.05125633672 1.01927763135
5136 1.07034826208 1.03778878965
5139 0.99283397108 0.962632445599
5142 1.00349642933 0.972970557068
5145 1.05598434751 1.02386181836
5148 1.0255439209 0.994347374686
5151 1.04170419371 1.01001605988
5154 1.03327901307 1.00184716912
5157 1.07280236951 1.04016824432
5160 1.0791289089 1.04630233347
5163 1.04227898288 1.01057336424
5166 0.929498544146 0.901223651482
5169 0.882148521471 0.855313993418
5172 0.838670235718 0.813158295925
5175 1.03448144753 1.00301302612
5178 1.08537249573 1.05235599343
5181 1.04752355109 1.01565839524
5184 0.780146218373 0.756414550663
5187 1.03480863541 1.0033302611
5190 1.03680140454 1.00526241117
5193 0.973864070612 0.944239600257
5196 0.98764018216 0.957596649206
5199 1.03055705925 0.999208015814
5202 1.0296900705 0.998367400436
5205 0.976755386423 0.94704296365
5208 0.96689954914 0.937486936133
5211 1.03182040588 1.00043293205
5214 1.04135434906 1.00967685733
5217 0.977087328056 0.94736480778
5220 1.064064483 1.03169616007
5223 1.0515639378 1.01957587536
5226 0.92695140877 0.898753998723
5229 0.992022602032 0.961845758002
5232 1.00959188956 0.978880596368
5235 0.991405464082 0.961247393088
5238 1.04535377943 1.01355462698
5241 1.03542176556 1.00392474013
5244 1.05405637207 1.02199249099
5247 1.04143501995 1.00975507425
5250 1.02203176459 0.990942056457
5253 1.04264761247 1.0109307803
5256 1.04531446269 1.01351650623
5259 1.07903702195 1.04621324168
5262 0.978945399694 0.949166357785
5265 0.908854530171 0.88120761835
5268 0.971029232748 0.941490996779
5271 0.93920985791 0.910639551815
5274 0.991653682893 0.961488061204
5277 1.02162081041 0.990543603307
5280 1.04517941395 1.01338556561
5283 0.989591755626 0.959488856759
5286 1.06411165743 1.03174189947
5289 1.07775894692 1.04497404507
5292 1.0770181437 1.04425577672
5295 1.06001748607 1.02777227081
5298 0.968149993619 0.938699342701
5301 1.03670683827 1.00517072155
5304 1.06680384149 1.0343521886
5307 1.04611125933 1.0142890647
5310 1.07660836486 1.04385846315
5313 1.06620670255 1.03377321434
5316 1.02385811641 0.992712851553
5319 1.05492504585 1.02283474013
5322 1.04116848243 1.00949664468
5325 0.992898240279 0.96269475976
5328 0.908843934708 0.881197345196
5331 1.03046842989 0.999122082511
5334 1.03873971608 1.00714176021
5337 1.03285133071 1.00143249666
5340 0.982695684773 0.952802561019
5343 1.0317265524 1.00034193356
5346 1.01486431133 0.983992633635
5349 0.998549910369 0.9681745088
5352 1.04945678593 1.01753282202
5355 1.06455228012 1.03216911863
5358 1.06989767111 1.03735190544
5361 1.05416545512 1.02209825579
5364 1.00775677667 0.977101306716
5367 1.01004103211 0.979316076221
5370 0.970006116544 0.940499003271
5373 1.01950243461 0.988489667467
5376 1.06219524016 1.02988377868
5379 1.04263378891 1.01091737724
5382 1.01634393339 0.985427246314
5385 1.04155003351 1.00986658916
5388 1.03272472344 1.00130974072
5391 0.942256982563 0.913593984421
5394 1.01351720851 0.982686509031
5397 0.980370258559 0.950547873138
5400 1.00812053638 0.977454001036
5403 1.00503503966 0.97446236362
5406 0.948036367694 0.919197563473
5409 0.99270921843 0.962511487864
5412 1.00765147106 0.976999204453
5415 0.994796385667 0.96453516449
5418 1.03214791385 1.00075047739
5421 1.0200763783 0.98904615207
5424 0.977860632017 0.948114588212
5427 1.04807818149 1.01619615405
5430 0.96329047391 0.933987647213
5433 1.00580041091 0.975204452647
5436 0.99297118582 0.962765486334
5439 1.05749614215 1.02532762494
5442 1.05019170196 1.01824538226
5445 1.00170606369 0.97123465348
5448 0.994629927139 0.96437376955
5451 1.0531443442 1.02110820656
5454 1.01838729813 0.9874084529
5457 1.00975354404 0.979037333398
5460 1.0459655644 1.01414780174
5463 0.97326191105 0.943655758095
5466 1.02055396925 0.989509214937
5469 1.04394867294 1.01219226314
5472 1.02926287139 0.997953196513
5475 0.994318000281 0.964071331355
5478 0.970254566989 0.940739895974
5481 0.994791003118 0.964529945676
5484 1.02466723004 0.993497352336
5487 1.01215088754 0.981361750873
5490 1.0199679613 0.988941033061
5493 1.01785131397 0.986888773111
5496 1.02781239017 0.996546838232
5499 1.02323562104 0.992109292186
5502 0.985830007929 0.955841539593
5505 1.01622649157 0.985313377021
5508 1.00753917424 0.976890323647
5511 1.00426340425 0.973714200986
5514 0.987693176503 0.957648031487
5517 1.0165217333 0.985599637641
5520 1.03392448726 1.0024730083
5523 1.02077288358 0.989721470001
5526 0.990186742956 0.960065744864
5529 0.951631326525 0.922683165409
5532 1.0200518701 0.989022389395
5535 0.980784002053 0.950949030756
5538 1.01460813416 0.983744249247
5541 1.03139749672 1.00002288758
5544 0.996678034682 0.96635957466
5547 1.01597495379 0.985069490897
5550 1.03137389106 1.0
5553 1.01803204973 0.987064010982
5556 1.01475502748 0.983886674151
5559 1.01952672942 0.988513223245
5562 0.999923396595 0.969506214245
5565 0.985575425509 0.955594701446
5568 0.992562563988 0.962369294578
5571 0.992353009552 0.962166114686
5574 0.984048990592 0.954114699935
5577 0.995229950419 0.964955540414
5580 1.00943940473 0.978732750049
5583 0.998787758096 0.968405121315
5586 0.957916516039 0.928777162521
5589 0.92305752609 0.894978566056
5592 0.983741335494 0.953816403556
5595 0.956764004852 0.927659710163
5598 0.96001935535 0.930816034485
5601 0.950629996248 0.92171229511
5604 0.969791305246 0.940290726428
5607 1.02021657542 0.989182084459
5610 1.01767832407 0.986721045477
5613 1.01298372721 0.982169255971
5616 0.923252903813 0.895168000483
5619 0.991930474428 0.961756432875
5622 1.00065036387 0.970211067526
5625 0.958088413068 0.928943830526
5628 1.00668448968 0.976061638172
5631 1.01633453548 0.985418134288
5634 0.98912062077 0.959032053595
5637 0.979543665364 0.949746424504
5640 0.984920430188 0.954959630764
5643 0.980569264065 0.950740824993
5646 0.991467695548 0.961307731502
5649 0.994109061209 0.963868748107
5652 0.990664921806 0.960529377746
5655 0.953622860338 0.924614117734
5658 0.912502750482 0.884744861577
5661 0.962474541898 0.933196535455
5664 0.970514315385 0.940991742951
5667 0.967547809716 0.938115476939
5670 0.977676159753 0.947935727505
5673 0.996718025516 0.966398348992
5676 0.981713544806 0.951850297271
5679 0.97987597581 0.950068626229
5682 0.94919186143 0.920317907653
5685 0.950196098909 0.921291596717
5688 0.935307955023 0.906856342911
5691 0.967898821809 0.938455811415
5694 0.967465763493 0.938035926521
5697 0.982888711305 0.952989715779
5700 0.962596103109 0.933314398833
5703 0.963221151151 0.933920433218
5706 0.94122272144 0.912591185017
5709 0.901217735047 0.873803130811
5712 0.916857555047 0.88896719511
5715 0.964623897666 0.935280508868
5718 0.964269150056 0.934936552508
5721 0.974724550649 0.945073904911
5724 0.983977999368 0.95404586823
5727 0.975622105456 0.945944156538
5730 0.97730197748 0.947572927673
5733 0.968518045714 0.93905619883
5736 0.979521867676 0.949725289891
5739 0.971047840169 0.941509038172
5742 0.97353117657 0.94391683269
5745 0.974375444402 0.944735418305
5748 0.953275531425 0.924277354397
5751 0.961909577143 0.932648756652
5754 0.918673864237 0.890728253059
5757 0.967935923089 0.938491784092
5760 0.960704450479 0.931480289354
5763 0.931222288161 0.902894960044
5766 0.971552296649 0.941998149331
5769 0.968355240983 0.938898346541
5772 0.957282970673 0.928162889296
5775 0.953618930561 0.924610307498
5778 0.972498935607 0.942915991993
5781 0.932069039006 0.903715953141
5784 0.93802114929 0.909487003131
5787 0.950770361895 0.921848390903
5790 0.949654122938 0.920766107391
5793 0.951322333969 0.922383572255
5796 0.965993877587 0.936608814668
5799 0.957665801674 0.928534074765
5802 0.972091234232 0.942520692696
5805 0.947930738173 0.91909514715
5808 0.959192127531 0.930013970533
5811 0.967258401293 0.937834872179
5814 0.964437102202 0.935099395631
5817 0.952114141571 0.923151293456
5820 0.971524407705 0.941971108755
5823 0.96985207621 0.940349648769
5826 0.973555284572 0.943940207338
5829 0.976907688275 0.947190632554
5832 0.972127369326 0.942555728577
5835 0.974722437837 0.945071856369
5838 0.96759162527 0.938157959645
5841 0.976864987017 0.947149230247
5844 0.978973838581 0.949193931574
5847 0.970302240471 0.940786119253
5850 0.97161462366 0.942058580385
5853 0.946437842453 0.91764766459
5856 0.940989840107 0.91236538782
5859 0.930509881933 0.902204224866
5862 0.953227159447 0.924230453871
5865 0.965130308371 0.935771514806
5868 0.960962994281 0.931730968379
5871 0.967049289127 0.937632121103
5874 0.964965620032 0.935611836206
5877 0.96608724073 0.93669933775
5880 0.96479164783 0.935443156154
5883 0.945194254262 0.916441905746
5886 0.948700006971 0.919841015167
5889 0.840768451655 0.815192685156
5892 0.883900081877 0.85701227221
5895 0.862495953335 0.836259246825
5898 0.907982752926 0.880362360143
5901 0.932595379066 0.904226282193
5904 0.949590596628 0.92070451352
5907 0.947112987112 0.918302271678
5910 0.9436843699 0.914977951331
5913 0.932921454568 0.904542438637
5916 0.931741829377 0.903398697069
5919 0.935690505059 0.907227255962
5922 0.938366661423 0.909822004954
5925 0.93990105194 0.911309720059
5928 0.937988261744 0.909455116008
5931 0.928880855699 0.900624752816
5934 0.932335944483 0.903974739483
5937 0.946574968278 0.917780619115
5940 0.942278277274 0.913614631356
5943 0.926080883345 0.897909954256
5946 0.927261985943 0.899055128289
5949 0.9063769849 0.878805438799
5952 0.923751712057 0.895651635224
5955 0.939031677237 0.91046679131
5958 0.933125129682 0.904739918053
5961 0.942350081422 0.913684251258
5964 0.944989461578 0.916243342756
5967 0.93176041702 0.903416719286
5970 0.934472608151 0.906046406884
5973 0.939724078584 0.911138130147
5976 0.90810779355 0.880483597093
5979 0.923191874905 0.895108828045
5982 0.925597334218 0.897441114458
5985 0.895716115351 0.868468867705
5988 0.911877840198 0.884138960759
5991 0.91545188952 0.887604289243
5994 0.925929663296 0.897763334247
5997 0.908677173111 0.881035656405
6000 0.915515302767 0.887665773489
6003 0.902364837881 0.874915339336
6006 0.912940558152 0.885169351351
6009 0.886990165422 0.86000835692
6012 0.904389943694 0.876878842417
6015 0.899542639869 0.872178991212
6018 0.905180800177 0.877645641431
6021 0.874319426073 0.847723055285
6024 0.882802353254 0.855947935956
6027 0.898542629714 0.871209400878
6030 0.915462098127 0.887614187309
6033 0.916267277102 0.888394873132
6036 0.914079713512 0.88627385416
6039 0.914196268566 0.886386863666
6042 0.900638397218 0.873241416156
6045 0.908783424507 0.881138675685
6048 0.911432270364 0.883706944943
6051 0.910594939611 0.882895085383
6054 0.900850554649 0.873447119862
6057 0.896288911395 0.869024239572
6060 0.912644953646 0.88488273899
6063 0.903026921803 0.875557282988
6066 0.883913014279 0.857024811214
6069 0.908691754372 0.881049794112
6072 0.913434046685 0.885647828203
6075 0.906939098737 0.879350453406
6078 0.878291426348 0.851574229248
6081 0.898190710189 0.870868186574
6084 0.895379470692 0.868142463613
6087 0.896130647523 0.86887079001
6090 0.892775944676 0.865618135589
6093 0.893037353807 0.865871592781
6096 0.902234367716 0.87478883801
6099 0.904236797609 0.876730354962
6102 0.843612967457 0.817950672174
6105 0.89426408657 0.867061008931
6108 0.892701326243 0.865545787012
6111 0.897344461588 0.870047680443
6114 0.896463154364 0.869193182155
6117 0.890668687849 0.863574980487
6120 0.88859605396 0.861565395111
6123 0.858176393072 0.83207108548
6126 0.890164325383 0.863085960481
6129 0.882517644157 0.855671887572
6132 0.883159663746 0.856294377237
6135 0.870670742383 0.844185362775
6138 0.827717644872 0.802538877554
6141 0.855115563798 0.82910336514
6144 0.87814586779 0.851433098511
6147 0.872906055287 0.84635267855
6150 0.872508747748 0.845967456913
6153 0.876056911613 0.849407687363
6156 0.858191159294 0.832085402521
6159 0.871169338386 0.844668791731
6162 0.799764308701 0.775435868245
6165 0.856868703921 0.830803175595
6168 0.851811793532 0.825900093956
6171 0.847863816945 0.822072212893
6174 0.863705326615 0.837431831559
6177 0.869218351723 0.842777153131
6180 0.870771446821 0.844283003833
6183 0.880735447892 0.853943904848
6186 0.871547419794 0.845035372086
6189 0.868706921599 0.842281280462
6192 0.834501761943 0.80911662509
6195 0.871990951712 0.845465411979
6198 0.875461357773 0.848830249979
6201 0.864964721833 0.838652916589
6204 0.879374873569 0.852624718533
6207 0.879060081297 0.852319502088
6210 0.878024808583 0.851315721865
6213 0.857114630666 0.831041621369
6216 0.853932115372 0.827955916639
6219 0.844239481934 0.818558128386
6222 0.867489561567 0.841100951928
6225 0.866294556105 0.83994229795
6228 0.860950557334 0.834760861018
6231 0.820300922973 0.79534776872
6234 0.86487296663 0.838563952535
6237 0.848576869273 0.822763574516
6240 0.84904990474 0.823222220475
6243 0.854847242764 0.828843206302
6246 0.817038225998 0.792184321397
6249 0.857456102809 0.831372706096
6252 0.834334783357 0.808954725912
6255 0.82186843817 0.796867600869
6258 0.83479374262 0.809399723858
6261 0.853658020789 0.82769015988
6264 0.853735796979 0.827765570156
6267 0.858389176789 0.83227739642
6270 0.850393211327 0.82452466433
6273 0.860879192083 0.834691666663
6276 0.848829743313 0.823008756251
6279 0.790502045329 0.766455358411
6282 0.825076834365 0.799978399216
6285 0.847408945226 0.821631178149
6288 0.855525109242 0.829500452412
6291 0.832575825343 0.807249274543
6294 0.84512166576 0.81941347661
6297 0.830576252421 0.805310527655
6300 0.818607376972 0.793705739563
6303 0.81321114557 0.788473658891
6306 0.84987477278 0.824021996432
6309 0.849919535878 0.824065397858
6312 0.84014024202 0.814583585352
6315 0.811730884175 0.787038426326
6318 0.804411403692 0.779941600872
6321 0.836958981317 0.811499097049
6324 0.842014619615 0.816400945294
6327 0.852141772745 0.826220035362
6330 0.846268885744 0.820525798721
6333 0.853318983116 0.827361435567
6336 0.816595023863 0.791754601255
6339 0.83557046659 0.810152820264
6342 0.841438932993 0.815842770779
6345 0.83342263779 0.808070327368
6348 0.842180039458 0.816561333146
6351 0.850645479768 0.824769258888
6354 0.842835791326 0.817197137362
6357 0.848446532427 0.822637202454
6360 0.834099007803 0.808726122535
6363 0.820895914156 0.795924660562
6366 0.846909976319 0.821147387634
6369 0.84665794269 0.820903020744
6372 0.846477547935 0.82072811351
6375 0.855801952641 0.82976887437
6378 0.850602956924 0.824728029568
6381 0.84236780076 0.816743382841
6384 0.842652759416 0.817019673193
6387 0.853395583262 0.827435705574
6390 0.852492973948 0.826560553196
6393 0.816493485006 0.791656151161
6396 0.845955993083 0.820222424103
6399 0.8206560673 0.79569210973
6402 0.84020267092 0.814644115195
6405 0.846713709585 0.820957091238
6408 0.812830855191 0.788104936759
6411 0.817941871635 0.793060478574
6414 0.83523503369 0.809827591069
6417 0.831949543676 0.80664204406
6420 0.813617085969 0.788867250781
6423 0.841654509002 0.816051789071
6426 0.846189561845 0.820448887816
6429 0.839422521845 0.813887697875
6432 0.814800543846 0.790014708445
6435 0.846567555481 0.82081538307
6438 0.816264095474 0.791433739547
6441 0.838350733227 0.812848512545
6444 0.845066971361 0.819360445988
6447 0.846056713858 0.820320081
6450 0.803297858262 0.77886192895
6453 0.841786604116 0.816179865916
6456 0.804776430895 0.780295524124
6459 0.83551945786 0.810103363194
6462 0.786139908103 0.762225915272
6465 0.829432881619 0.804201937635
6468 0.827903104189 0.802718695289
6471 0.809968420979 0.785329576401
6474 0.821233327273 0.796251809737
6477 0.816650637835 0.791808523478
6480 0.823800292503 0.798740689135
6483 0.810242228208 0.785595054548
6486 0.825518697146 0.800406820747
6489 0.829138503107 0.803916513975
6492 0.801459609051 0.777079598384
6495 0.744248772497 0.721609087593
6498 0.79150367522 0.767426519208
6501 0.816618392715 0.791777259238
6504 0.831597118316 0.806300339307
6507 0.8345973537 0.809209308993
6510 0.832111414436 0.80679899079
6513 0.826640929567 0.801494915404
6516 0.789818327255 0.765792438707
6519 0.799744797064 0.775416950142
6522 0.826245695553 0.801111704216
6525 0.818339642793 0.793446149728
6528 0.817688629329 0.792814939776
6531 0.824239451825 0.799166489445
6534 0.806730120433 0.782189783379
6537 0.821555817966 0.796564490419
6540 0.823018608568 0.797982783645
6543 0.810919364587 0.786251592768
6546 0.780951626649 0.757195458812
6549 0.795354232873 0.771159944774
6552 0.792842103949 0.768724233587
6555 0.761334062249 0.738174651158
6558 0.735602003895 0.713225349478
6561 0.588712083517 0.570803748882
6564 0.514355962841 0.498709505155
6567 0.72881921797 0.706648892595
6570 0.755453894926 0.73247335566
6573 0.77427698981 0.750723861172
6576 0.779626834063 0.75591096577
6579 0.804787239403 0.780306003843
6582 0.803461709532 0.779020795945
6585 0.80500543381 0.780517560883
6588 0.806576149663 0.782040496325
6591 0.805452450825 0.780950979858
6594 0.770930279523 0.74747895618
6597 0.803772067395 0.779321712873
6600 0.811697933794 0.787006478279
6603 0.810860625624 0.786194640616
6606 0.805452980848 0.780951493758
6609 0.795235448413 0.771044773679
6612 0.809976262289 0.785337179182
6615 0.809975905544 0.785336833289
6618 0.810189916413 0.785544334052
6621 0.811184914809 0.786509065082
6624 0.810531136224 0.785875174123
6627 0.808350987968 0.783761344913
6630 0.805750670461 0.781240127798
6633 0.786536474304 0.762610418123
6636 0.797858806318 0.773588330315
6639 0.805591173807 0.781085482954
6642 0.800742469981 0.776384274335
6645 0.796033070135 0.771818132137
6648 0.804392890952 0.779923651279
6651 0.804097934864 0.779637667613
6654 0.803326690576 0.778889884199
6657 0.807151459176 0.782598305203
6660 0.803642364376 0.779195955356
6663 0.776167473872 0.75255683763
6666 0.796867139104 0.772626829135
6669 0.7978914377 0.773619969067
6672 0.797699479637 0.773433850275
6675 0.803121296754 0.778690738357
6678 0.763403993016 0.74018161564
6681 0.796538570343 0.772308255276
6684 0.800433996442 0.776085184411
6687 0.799221604082 0.774909672436
6690 0.797946758577 0.773673607109
6693 0.793592761807 0.769452056799
6696 0.784070626129 0.760219579847
6699 0.789458281103 0.765443344983
6702 0.791461388692 0.767385519016
6705 0.776140116233 0.752530312198
6708 0.777262336077 0.75361839466
6711 0.78514360721 0.761259921367
6714 0.781140812576 0.757378889795
6717 0.760638116434 0.737499875676
6720 0.77965794627 0.755941131559
6723 0.78227101922 0.758474716103
6726 0.779689810109 0.755972026116
6729 0.786378652792 0.762457397464
6732 0.788178065375 0.764202072793
6735 0.780953191598 0.757196976155
6738 0.776634507111 0.753009663946
6741 0.774805848394 0.751236632135
6744 0.769374710267 0.745970706583
6747 0.771658830583 0.748185345072
6750 0.758675219183 0.735596688803
6753 0.768031290377 0.744668152871
6756 0.773004445224 0.749490026772
6759 0.774435520146 0.750877569093
6762 0.777409212854 0.753760803517
6765 0.7750718975 0.751494588157
6768 0.759702905643 0.736593113541
6771 0.770786291119 0.747339347834
6774 0.772454656149 0.748956962013
6777 0.776026983518 0.752420620924
6780 0.77814991377 0.754478972673
6783 0.768627428391 0.745246156657
6786 0.765991825455 0.742690727479
6789 0.774499002034 0.750939119892
6792 0.774362780151 0.750807041813
6795 0.76840660057 0.745032046311
6798 0.767299025311 0.743958162952
6801 0.768966816449 0.745575220696
6804 0.764120918824 0.740876732915
6807 0.763235083385 0.740017844158
6810 0.759038914051 0.73594932025
6813 0.762254853673 0.739067432557
6816 0.761330854515 0.738171541002
6819 0.760123045049 0.737000472511
6822 0.756958521201 0.733932211937
6825 0.761873854188 0.73869802289
6828 0.750000943045 0.727186279916
6831 0.754934676259 0.731969931371
6834 0.753973027388 0.73103753539
6837 0.749976417518 0.727162500444
6840 0.737966013255 0.715517446825
6843 0.729853383355 0.707651599172
6846 0.750942239322 0.72809894242
6849 0.750632835608 0.727798950617
6852 0.753237543385 0.730324424452
6855 0.734630956812 0.712283841173
6858 0.737174235838 0.714749754891
6861 0.743507943823 0.720890794566
6864 0.74455702653 0.721907964689
6867 0.745927159373 0.723236418758
6870 0.738878911813 0.716402575454
6873 0.740734832835 0.718202040263
6876 0.740226170347 0.71770885104
6879 0.739705423684 0.717203945237
6882 0.73594829443 0.713561106024
6885 0.735783078603 0.713400915981
6888 0.738529819297 0.716064102162
6891 0.739042402849 0.716561093173
6894 0.738452892022 0.715989514977
6897 0.737444183294 0.715011490678
6900 0.739056402162 0.716574666633
6903 0.73572483438 0.713344443519
6906 0.737287866926 0.714859929377
6909 0.736371853923 0.713971781043
6912 0.734740363536 0.712389919798
6915 0.721090439119 0.699155219429
6918 0.72403341066 0.70200866721
6921 0.735757986676 0.713376587339
6924 0.728619082887 0.706454845523
6927 0.7318290472 0.709567164286
6930 0.738409135214 0.71594708923
6933 0.733645057171 0.711327932119
6936 0.732176548491 0.709904094757
6939 0.73503905201 0.712679522315
6942 0.739222324242 0.716735541444
6945 0.724406289258 0.702370203023
6948 0.732540370079 0.71025684907
6951 0.729915830758 0.707712146956
6954 0.725578619497 0.703506871547
6957 0.732866474085 0.710573033152
6960 0.733136376188 0.710834724963
6963 0.733677501586 0.71135938959
6966 0.724645454475 0.702602092951
6969 0.734445872486 0.712104387023
6972 0.726428973449 0.704331358147
6975 0.723915045367 0.701893902531
6978 0.696874248091 0.675675673129
6981 0.714516834221 0.692781580388
6984 0.729218142134 0.707035681679
6987 0.728230944637 0.706078514249
6990 0.733630546942 0.711313863284
6993 0.731327497843 0.709080871817
6996 0.735308594934 0.712940865874
6999 0.72337307201 0.70136841574
7002 0.723815786446 0.701797663019
7005 0.712941034573 0.691253715797
7008 0.715966319952 0.694186973469
7011 0.725709216621 0.70363349597
7014 0.719321846416 0.697440426454
7017 0.69763766199 0.676415864349
7020 0.722889981108 0.700900020228
7023 0.711482316491 0.689839371208
7026 0.714873562061 0.693127456741
7029 0.726164287997 0.704074724298
7032 0.725889630591 0.703808421836
7035 0.713670791034 0.691961273423
7038 0.717517666275 0.695691128593
7041 0.725805746899 0.703727089844
7044 0.727699063236 0.705562812421
7047 0.727105772244 0.704987569052
7050 0.725439011853 0.7033715107
7053 0.722365129985 0.70039113482
7056 0.718533533844 0.696676093966
7059 0.718933321477 0.697063720254
7062 0.714818662404 0.693074227105
7065 0.716320152349 0.694530042457
7068 0.708127049828 0.686586170121
7071 0.716601666357 0.694802992947
7074 0.717038985421 0.695227008977
7077 0.72067330479 0.698750774123
7080 0.717369142227 0.695547122575
7083 0.716201400407 0.694414902892
7086 0.706138430091 0.684658043227
7089 0.710950995431 0.689324212676
7092 0.708714699132 0.68715594342
7095 0.715572915827 0.693805536506
7098 0.714574685637 0.692837671992
7101 0.714800594542 0.693056708858
7104 0.71699870356 0.695187952472
7107 0.712172398269 0.690508461035
7110 0.715675024327 0.693904538915
7113 0.703782723537 0.682373996119
7116 0.709353980388 0.687775778052
7119 0.709272938193 0.687697201121
7122 0.698986429428 0.677723602939
7125 0.710151059179 0.688548610095
7128 0.70916441861 0.687591982651
7131 0.691061766532 0.670040004426
7134 0.70702626518 0.685518870807
7137 0.709071325456 0.687501721346
7140 0.710375931799 0.688766642199
7143 0.704878253129 0.683436200235
7146 0.702347435023 0.680982368382
7149 0.677916242186 0.657294360523
7152 0.698548758569 0.677299245814
7155 0.703709215508 0.682302724169
7158 0.701485331249 0.680146489385
7161 0.701263735983 0.679931634939
7164 0.680684582213 0.659978488996
7167 0.688728700385 0.667777909014
7170 0.708115949929 0.686575407876
7173 0.70908896146 0.687518820871
7176 0.704265990246 0.68284256209
7179 0.707989418774 0.686452725737
7182 0.682589399217 0.661825362395
7185 0.698279077424 0.677037768238
7188 0.672414909324 0.651960375525
7191 0.692648727736 0.671578691044
7194 0.682952094601 0.662177024762
7197 0.692005714033 0.670955237504
7200 0.70227567085 0.68091278724
7203 0.682415723386 0.661656969698
7206 0.696885216806 0.675686308181
7209 0.671938038089 0.651498010481
7212 0.689361772686 0.668391723564
7215 0.687320291976 0.666412343702
7218 0.686191919956 0.665318296209
7221 0.677046803878 0.656451370105
7224 0.671861827288 0.651424117976
7227 0.681707672761 0.660970457628
7230 0.68488612833 0.664052226128
7233 0.691719521041 0.670677750364
7236 0.687983695028 0.667055566357
7239 0.68451819091 0.663695481185
7242 0.68640924055 0.665529006016
7245 0.678082238152 0.657455306973
7248 0.68585334161 0.664990017251
7251 0.673279619295 0.652798781441
7254 0.684287285809 0.663471600105
7257 0.680350186649 0.659654265582
7260 0.678620723179 0.657977411548
7263 0.664277603147 0.644070602236
7266 0.681974930367 0.661229585388
7269 0.67486530492 0.654336231282
7272 0.678811510293 0.658162395011
7275 0.675521191169 0.654972165791
7278 0.680506813259 0.659806127686
7281 0.684674454165 0.663846990987
7284 0.660353449365 0.640265819299
7287 0.667414999707 0.647112560722
7290 0.645187824033 0.625561524898
7293 0.654545124691 0.634634181031
7296 0.668074209895 0.647751718057
7299 0.672768698938 0.652303403032
7302 0.665846583715 0.64559185518
7305 0.675640232181 0.655087585633
7308 0.66457517395 0.64435912108
7311 0.665050978952 0.644820452326
7314 0.666183142538 0.645918176048
7317 0.668598157338 0.648259727275
7320 0.672297671439 0.65184670396
7323 0.66096886282 0.640862512177
7326 0.650050297859 0.63027608464
7329 0.659187068554 0.639134919224
7332 0.657649309124 0.637643937687
7335 0.663595087016 0.643408847913
7338 0.666546318681 0.646270304549
7341 0.664675853886 0.644456738381
7344 0.662227314404 0.642082682277
7347 0.664985985284 0.644757435733
7350 0.662386791407 0.642237308068
7353 0.651723079237 0.631897980825
7356 0.652575394806 0.632724369369
7359 0.661966279652 0.641829588075
7362 0.657083617322 0.637095453954
7365 0.653675274152 0.633790790921
7368 0.666557858358 0.646281493195
7371 0.664985390356 0.644756858903
7374 0.658368783081 0.638341525596
7377 0.651225166466 0.631415214317
7380 0.66293802587 0.642771774247
7383 0.655009812842 0.635084733595
7386 0.646484365228 0.626818625942
7389 0.628349107026 0.609235033455
7392 0.657637478169 0.637632466624
7395 0.639315274992 0.619867615936
7398 0.659978624223 0.639902396156
