Wave Flux FluxNorm
3600 0.789930421848 0.769822041172
3603 0.686994594957 0.669506537205
3606 0.691640374668 0.674034054466
3609 0.644088386438 0.627692544342
3612 0.706021406735 0.688049004585
3615 0.72349152998 0.705074410322
3618 0.637736662867 0.621502509537
3621 0.687707274119 0.670201074485
3624 0.726062483798 0.707579918227
3627 0.823778675461 0.802808657419
3630 0.719096518799 0.700791278056
3633 0.65585254689 0.639157237638
3636 0.700147709586 0.682324827616
3639 0.781230270292 0.761343359704
3642 0.745652089796 0.7266708534
3645 0.675672736035 0.65847288626
3648 0.691338182778 0.673739555139
3651 0.725282631678 0.706819917936
3654 0.791180245522 0.771040049474
3657 0.806167702347 0.785645987271
3660 0.815549852383 0.794789306342
3663 0.778953040202 0.759124098528
3666 0.794145232175 0.773929559758
3669 0.743507807755 0.724581155964
3672 0.816999788786 0.796202333325
3675 0.797640659139 0.777336007523
3678 0.719841214051 0.701517016428
3681 0.737456984878 0.718684362159
3684 0.77336119143 0.753674595235
3687 0.700596930941 0.682762613641
3690 0.785564271909 0.765567035459
3693 0.818062790775 0.797238275655
3696 0.795603957445 0.775351151881
3699 0.836937518648 0.815632530561
3702 0.816063221198 0.795289606898
3705 0.666002191811 0.64904851433
3708 0.723239129102 0.704828434533
3711 0.730855835832 0.712251251226
3714 0.853450915737 0.831725564456
3717 0.892606102882 0.869884021527
3720 0.669485482429 0.652443134691
3723 0.67299266543 0.655861039233
3726 0.858628649454 0.836771494362
3729 0.843817387973 0.822337266701
3732 0.740968087934 0.722106086967
3735 0.529047761816 0.515580381024
3738 0.721266999749 0.702906507485
3741 0.884594081134 0.86207595291
3744 0.775141636149 0.755409717152
3747 0.683401689028 0.666005091888
3750 0.518021444347 0.504834748262
3753 0.809608356902 0.788999056908
3756 0.943187908233 0.919178222085
3759 0.749910198264 0.730820567934
3762 0.856550094484 0.834745850855
3765 0.869849720826 0.847706923393
3768 0.757674845058 0.738387558746
3771 0.614418901074 0.598778322087
3774 0.843681791586 0.82220512204
3777 0.897794648404 0.874940488013
3780 0.988571234149 0.96340627512
3783 1.01582275384 0.989964083163
3786 0.929015604618 0.90536668705
3789 0.888286272456 0.865674156222
3792 0.883787660221 0.861290060158
3795 0.74709935777 0.728081279882
3798 0.554376240287 0.540264100573
3801 0.8227606189 0.801816516392
3804 0.974347099406 0.949544228364
3807 0.919542686539 0.896134910516
3810 1.04807030878 1.02139074795
3813 0.929563399188 0.905900537022
3816 0.848735264007 0.827129953831
3819 0.950458459267 0.926263694783
3822 0.904253415953 0.881234841896
3825 0.780970608075 0.761090307419
3828 0.748069394505 0.72902662347
3831 0.71977085378 0.70144844724
3834 0.532050787114 0.518506961645
3837 0.573298156155 0.558704342262
3840 0.674787958191 0.657610631222
3843 0.898890112781 0.876008066371
3846 0.949592734472 0.925420007782
3849 1.01195010499 0.986190016033
3852 1.04981221135 1.02308830884
3855 1.00618361405 0.980570316244
3858 0.963507314725 0.938980380033
3861 0.948805496125 0.924652809286
3864 1.07558650486 1.04820649481
3867 1.05944891199 1.03247969871
3870 1.04714382501 1.02048784864
3873 0.88340904288 0.860921080858
3876 1.02087803839 0.994890680961
3879 0.892609034428 0.869886878448
3882 0.941600382682 0.917631108407
3885 0.823546649776 0.802582538153
3888 0.599845017581 0.584575429746
3891 0.718545293541 0.700254084726
3894 0.842429506671 0.82098471515
3897 0.940102674049 0.916171525278
3900 0.95096404029 0.926756405791
3903 0.949696659457 0.925521287264
3906 0.88469557903 0.862174867088
3909 1.04149503394 1.01498285257
3912 1.07917641643 1.05170502199
3915 1.03334975578 1.0070449197
3918 0.992864961407 0.967590701736
3921 0.951387665286 0.927169247037
3924 1.00081016763 0.975333655675
3927 0.843107168455 0.821645126451
3930 0.531488288769 0.517958782195
3933 0.220982685323 0.215357374744
3936 0.377156871594 0.367556008355
3939 0.760875269522 0.741506513562
3942 0.903391857234 0.880395214919
3945 0.93569118307 0.911872332721
3948 0.976149719313 0.951300960979
3951 1.04264782027 1.0161062937
3954 1.03319568118 1.00689476721
3957 0.966543749629 0.941939519788
3960 1.00679698207 0.981168070436
3963 0.793566598374 0.773365655594
3966 0.518515956082 0.505316671762
3969 0.236254590656 0.230240520158
3972 0.58053035337 0.565752437472
3975 0.843339649695 0.821871689674
3978 0.988346786961 0.963187541434
3981 1.08701092121 1.05934009249
3984 1.06571040639 1.0385818012
3987 1.07823256163 1.05078519386
3990 1.12390145321 1.09529154323
3993 1.18855034761 1.15829474259
3996 1.11593795956 1.08753076739
3999 1.14700560359 1.11780755694
4002 1.20560551295 1.17491575354
4005 1.0840396658 1.05644447302
4008 1.18255518858 1.15245219565
4011 1.21431829906 1.18340674793
4014 1.19206360188 1.16171856384
4017 1.18673146409 1.15652216035
4020 1.24910731434 1.21731017793
4023 1.22407537285 1.19291544675
4026 1.23035435695 1.19903459373
4029 1.21867971304 1.18765713825
4032 1.10484887851 1.07672396875
4035 1.16950043883 1.13972976615
4038 1.28991059444 1.25707477428
4041 1.21002211016 1.17921992234
4044 1.16645777526 1.13676455629
4047 1.14709631974 1.11789596382
4050 1.26174547791 1.22962662582
4053 1.19727189071 1.16679427106
4056 1.16849360724 1.13874856436
4059 1.17259338607 1.14274397968
4062 1.18198244169 1.15189402854
4065 1.15768900243 1.12821900037
4068 1.18458522863 1.15443055923
4071 1.15183819919 1.12251713452
4074 1.20636845555 1.17565927476
4077 1.05814808244 1.03121198293
4080 1.15110808641 1.1218056074
4083 1.17102586439 1.14121636066
4086 1.15781405494 1.12834086955
4089 1.21974911393 1.18869931659
4092 1.15632590433 1.12689060114
4095 1.11194979572 1.08364412579
4098 0.995633293012 0.970288563001
4101 0.693500254363 0.675846589271
4104 0.878611996139 0.856246147203
4107 1.06459747386 1.03749719936
4110 1.10785587902 1.07965442338
4113 1.17371808548 1.14384004886
4116 1.23069759286 1.19936909227
4119 1.14261262917 1.11352640957
4122 1.17169120388 1.14186476333
4125 1.21819150396 1.18718135697
4128 1.16940068174 1.13963254847
4131 1.1856808254 1.15549826661
4134 1.14430940051 1.11517998809
4137 1.24508847925 1.21339364585
4140 1.28021051311 1.24762161714
4143 1.14999797364 1.12072375355
4146 1.25067632826 1.2188392512
4149 1.22215470404 1.19104367026
4152 1.22242693917 1.19130897541
4155 1.16072457096 1.1311772958
4158 1.1959254295 1.16548208522
4161 1.23962156192 1.20806589376
4164 1.26874627293 1.23644920937
4167 1.21337235654 1.18248488522
4170 1.23218259286 1.20081629027
4173 1.07732721705 1.04990289562
4176 1.17250720179 1.1426599893
4179 1.18013715046 1.15009571085
4182 1.17191184879 1.14207979154
4185 1.20081436865 1.17024657207
4188 1.13562511413 1.10671676794
4191 1.21530697452 1.18437025579
4194 1.26273041181 1.23058648734
4197 1.17149709179 1.14167559254
4200 1.15475709119 1.12536172352
4203 1.16643382115 1.13674121196
4206 1.20187483923 1.17128004743
4209 1.22610651346 1.19489488287
4212 1.25860075946 1.22656195896
4215 1.18326682513 1.15314571686
4218 1.20011237385 1.16956244718
4221 1.23838679816 1.20686256201
4224 1.15365969534 1.12429226286
4227 0.956712374109 0.932358410666
4230 1.24106187902 1.20946954631
4233 1.17629317844 1.14634959054
4236 1.13742977728 1.10847549179
4239 1.15013753608 1.1208597633
4242 1.20800745604 1.17725655304
4245 1.20923356196 1.17845144734
4248 1.14060379776 1.11156871476
4251 1.15196890526 1.12264451335
4254 1.18911559251 1.15884559867
4257 1.23562315319 1.20416926807
4260 1.0972852543 1.06935288331
4263 1.22357920921 1.19243191339
4266 1.23436346919 1.20294165045
4269 1.18224427218 1.15214919391
4272 1.06182916455 1.03479935982
4275 1.13690175188 1.10796090774
4278 1.23377842541 1.20237149948
4281 1.17343695569 1.14356607549
4284 1.17346580354 1.14359418898
4287 1.1230001512 1.09441318466
4290 1.01196702965 0.986206509866
4293 1.15457266685 1.12518199387
4296 1.1147007973 1.08632509819
4299 0.955643464381 0.931316710985
4302 0.951999303389 0.927765315349
4305 1.01838279917 0.992458960271
4308 0.91245199476 0.889224718596
4311 1.01981390543 0.993853636445
4314 1.06813119083 1.04094096242
4317 1.23154724896 1.20019711961
4320 1.19617330112 1.16572364704
4323 1.12589394849 1.09723331777
4326 1.00434920024 0.978782599065
4329 1.18170515694 1.15162380233
4332 1.15054316215 1.1212550638
4335 1.1066335891 1.07846324794
4338 0.854113620562 0.832371399541
4341 0.662204637048 0.645347629698
4344 0.971774380379 0.947037000186
4347 1.10914236741 1.08090816307
4350 1.1391771779 1.11017841077
4353 1.0785852765 1.05112893006
4356 1.18999328567 1.15970094937
4359 1.17473915477 1.14483512592
4362 1.24507323722 1.21337879182
4365 1.26068360486 1.22859178369
4368 1.17900437055 1.14899176685
4371 1.20554421277 1.17485601381
4374 1.1435618896 1.11445150574
4377 1.20514993605 1.17447177375
4380 1.23382360529 1.20241552927
4383 1.05052506207 1.02378301331
4386 1.14227442521 1.1131968149
4389 1.18491187589 1.1547488914
4392 1.21106876702 1.18023993562
4395 1.14825267472 1.11902288276
4398 1.24167484047 1.21006690428
4401 1.14769743504 1.1184817772
4404 1.15855560471 1.12906354252
4407 1.20279256301 1.17217440974
4410 1.22696580937 1.19573230463
4413 1.26781966469 1.23554618877
4416 1.14547233815 1.11631332213
4419 1.24686467323 1.21512462524
4422 1.23290710431 1.20152235863
4425 1.22782587135 1.19657047297
4428 1.23896418855 1.20742525442
4431 1.22738684276 1.19614262024
4434 1.18011622215 1.15007531528
4437 1.24275546019 1.21112001587
4440 1.27353474095 1.24111578269
4443 1.14620745768 1.11702972854
4446 1.25633528384 1.22435415304
4449 1.23998370951 1.20841882256
4452 1.23837373693 1.20684983326
4455 1.11982039938 1.09131437625
4458 1.17143217155 1.1416123249
4461 1.17294796099 1.14308952858
4464 1.2229906085 1.19185829604
4467 1.21468907495 1.1837680854
4470 1.18420347651 1.15405852495
4473 1.27189500009 1.23951778289
4476 1.25105109008 1.21920447313
4479 1.25636920935 1.22438721495
4482 1.14016178442 1.11113795325
4485 1.26447453355 1.23228621092
4488 1.23753431044 1.20603177513
4491 1.21497406896 1.18404582463
4494 1.23626954004 1.20479920057
4497 1.25121777965 1.21936691947
4500 1.26461477432 1.23242288173
4503 1.28601970091 1.2532829269
4506 1.30375642493 1.27056814685
4509 1.27372659845 1.24130275628
4512 1.29275678355 1.25984851112
4515 1.24769326362 1.21593212312
4518 1.25179239072 1.2199269033
4521 1.26287351862 1.23072595125
4524 1.23186218846 1.20050404204
4527 1.18621748938 1.15602126933
4530 1.17729652634 1.14732739733
4533 1.17760408241 1.14762712429
4536 1.18915975795 1.15888863984
4539 1.27798814881 1.24545582509
4542 1.25320629238 1.22130481284
4545 1.22968588601 1.19838313931
4548 1.19435982145 1.16395633111
4551 1.20159012992 1.17100258565
4554 1.18372560197 1.15359281513
4557 1.22952766535 1.1982289463
4560 1.2665390764 1.234298199
4563 1.23699436725 1.20550557667
4566 1.24567531832 1.21396554642
4569 1.27391306577 1.24148447691
4572 1.20844357793 1.17768157306
4575 1.26186539724 1.22974349249
4578 1.25143771485 1.21958125602
4581 1.19398738603 1.16359337636
4584 1.19044934549 1.16014539978
4587 1.22986337573 1.19855611087
4590 1.23010611881 1.19879267471
4593 1.21033411537 1.17952398518
4596 1.2302453458 1.19892835755
4599 1.23180343584 1.20044678503
4602 1.21379668665 1.18289841363
4605 1.22301737253 1.19188437877
4608 1.25462149921 1.22268399432
4611 1.23694348023 1.20545598502
4614 1.2396705786 1.20811366267
4617 1.22281362593 1.19168581871
4620 1.22191421237 1.19080930053
4623 1.25184750213 1.2199806118
4626 1.22991007144 1.1986016179
4629 1.2143880017 1.18347467623
4632 1.23869947843 1.20716728272
4635 1.23351174085 1.20211160361
4638 1.20189810699 1.17130272289
4641 1.23956222952 1.20800807172
4644 1.22714010722 1.19590216558
4647 1.17799329152 1.14800642573
4650 1.21705548221 1.18607425366
4653 1.21463205006 1.18371251213
4656 1.19331967787 1.16294266531
4659 1.24892039854 1.21712802024
4662 1.23185623613 1.20049824123
4665 1.20243639654 1.1718273098
4668 1.1195112367 1.09101308357
4671 1.1991109486 1.16858651409
4674 1.21104795147 1.18021964995
4677 1.2197585797 1.1887085414
4680 1.1900844772 1.15978981954
4683 1.21315039906 1.18226857787
4686 1.21345439993 1.18256484012
4689 1.20958839076 1.17879724366
4692 1.20077276485 1.17020602733
4695 1.23077776282 1.19944722143
4698 1.20238818401 1.17178032456
4701 1.17966452615 1.1496351176
4704 1.15209302086 1.12276546948
4707 1.16834469891 1.13860344662
4710 1.17385370237 1.1439722135
4713 1.20491642587 1.17424420779
4716 1.20170557977 1.17111509662
4719 1.2216523749 1.19055412836
4722 1.21237968217 1.18151748026
4725 1.23019923159 1.19888341722
4728 1.17810549948 1.14811577734
4731 1.17121451619 1.14140021015
4734 1.19595141849 1.16550741262
4737 1.1722873502 1.14244573422
4740 1.2045556131 1.17389257982
4743 1.20547581995 1.17478936198
4746 1.20116839029 1.17059158178
4749 1.20750637859 1.17676823095
4752 1.19850915809 1.1680000427
4755 1.17074775724 1.14094533297
4758 1.19199788199 1.16165451691
4761 1.18544877497 1.15527212323
4764 1.15261537842 1.12327452996
4767 1.1654517099 1.13578410122
4770 1.20010281116 1.16955312791
4773 1.18788811941 1.15764937199
4776 1.2073434601 1.1766094597
4779 1.20195594722 1.17135909075
4782 1.19422900606 1.16382884574
4785 1.18169822221 1.15161704412
4788 1.16284911508 1.13324775776
4791 1.18103180827 1.15096759434
4794 1.20787334853 1.17712585934
4797 1.20075475911 1.17018847994
4800 1.17657623102 1.14662543777
4803 1.19534036568 1.16491191471
4806 1.17273169192 1.14287876482
4809 1.18234473669 1.152247101
4812 1.18548808134 1.15531042902
4815 1.19694710773 1.16647775571
4818 1.19861263251 1.16810088308
4821 1.19223982724 1.16189030323
4824 1.13474399789 1.1058580813
4827 1.19132462509 1.16099839837
4830 1.16505966919 1.13540204025
4833 1.16659406736 1.13689737895
4836 1.16865476599 1.13890562067
4839 1.14420808022 1.11508124701
4842 1.14623332964 1.1170549419
4845 1.14687379388 1.11767910256
4848 1.11926805222 1.09077608958
4851 1.11702364542 1.08858881615
4854 1.06341410189 1.03634395117
4857 0.984092037471 0.959041100373
4860 0.737908296313 0.71912418506
4863 0.757220721789 0.737944995588
4866 0.987155215092 0.962026302086
4869 1.06442554803 1.03732965005
4872 1.01236688661 0.986596188111
4875 1.10030314243 1.07229394841
4878 1.08918898654 1.06146271323
4881 1.14385458863 1.11473675386
4884 1.12246651264 1.09389313034
4887 1.10392863183 1.07582714776
4890 1.08305283627 1.05548276412
4893 1.13077040143 1.10198563626
4896 1.18221832126 1.15212390359
4899 1.16368757394 1.13406487291
4902 1.15658292508 1.1271410792
4905 1.15129703881 1.12198974985
4908 1.16325985172 1.13364803873
4911 1.1073467206 1.07915822604
4914 1.16461033824 1.13496414742
4917 1.15318969417 1.123834226
4920 1.05241358426 1.02562346149
4923 1.1110937255 1.0828098476
4926 1.14499002583 1.1158432875
4929 1.17243737656 1.14259194152
4932 1.15274426646 1.12340013704
4935 1.10735749453 1.07916872571
4938 1.09543685963 1.06755154116
4941 1.14438227962 1.115251012
4944 1.17313899514 1.14327569978
4947 1.15334863169 1.12398911761
4950 1.16415992196 1.13452519689
4953 1.15634288074 1.12690714539
4956 1.12402573605 1.09541266233
4959 1.11016220534 1.08190204011
4962 1.17351165789 1.14363887607
4965 1.15361128787 1.12424508765
4968 1.13853319024 1.10955081639
4971 1.1377477322 1.10878535288
4974 1.16050062362 1.13095904924
4977 1.16251100482 1.13291825439
4980 1.12186004994 1.09330210569
4983 1.0374919859 1.01108170567
4986 1.09519961052 1.06732033144
4989 1.14124286711 1.11219151603
4992 1.11981237932 1.09130656035
4995 1.13803471964 1.1090650348
4998 1.13944540576 1.11043981065
5001 1.09650861964 1.06859601857
5004 1.11550990718 1.08711361146
5007 1.05720846066 1.03029628005
5010 1.1345918456 1.10570980218
5013 1.06154950446 1.03452681873
5016 1.08897136174 1.06125062826
5019 1.055832038 1.02895489546
5022 1.0988197896 1.07084835564
5025 1.12102388528 1.09248722635
5028 1.09652678754 1.06861372399
5031 1.12394182297 1.09533088534
5034 1.13677906193 1.10784134098
5037 1.09151431566 1.06372884904
5040 1.04969412066 1.02297322425
5043 1.08181136899 1.05427289949
5046 1.14590026263 1.11673035341
5049 1.0840302083 1.05643525628
5052 1.08520203703 1.05757725507
5055 1.13541926057 1.10651615457
5058 1.14293282714 1.11383845662
5061 1.14555971778 1.11639847743
5064 1.10619009663 1.07803104496
5067 1.10341978115 1.07533125032
5070 1.11583905975 1.08743438515
5073 1.09388525538 1.06603943438
5076 1.10047567675 1.07246209072
5079 1.04936762982 1.02265504453
5082 1.06733582822 1.04016584647
5085 1.10340061037 1.07531256756
5088 1.1158000274 1.08739634641
5091 1.11525728747 1.0868674224
5094 1.13449542361 1.1056158347
5097 1.08314826073 1.05557575947
5100 1.06248940917 1.03544279733
5103 1.12230743326 1.09373810047
5106 1.1007104189 1.0726908573
5109 1.07412576654 1.04678294088
5112 1.11414057017 1.08577913214
5115 1.11134834142 1.08305798205
5118 1.1304327931 1.10165662206
5121 1.10457321406 1.07645532158
5124 1.06445999264 1.03736321784
5127 1.07629325638 1.04889525534
5130 1.07629672387 1.04889863456
5133 1.07475231505 1.04739354004
5136 1.09481183393 1.06694242605
5139 1.03457573904 1.00823969447
5142 1.05931211715 1.0323463861
5145 1.08753126082 1.0598471864
5148 1.06611569999 1.03897677769
5151 1.07298285583 1.04566912398
5154 1.074589699 1.04723506352
5157 1.10198947442 1.07393735332
5160 1.10081597354 1.07279372495
5163 1.07595003807 1.04856077395
5166 0.99484637685 0.969521678488
5169 0.939025698122 0.915121964729
5172 0.91052513686 0.887346910575
5175 1.06060443193 1.03360580386
5178 1.10638020118 1.07821631024
5181 1.0815744037 1.05404196636
5184 0.856507967071 0.834704795833
5187 1.06653719028 1.03938753858
5190 1.05200837839 1.02522857049
5193 1.02182453842 0.995813086986
5196 1.02802422332 1.0018549534
5199 1.06235302776 1.03530988762
5202 1.06782954177 1.0406469921
5205 1.0217565031 0.995746783566
5208 1.01831491828 0.992392807345
5211 1.07212539417 1.04483348977
5214 1.08093592074 1.05341973655
5217 1.02954315204 1.00333521644
5220 1.09387127725 1.06602581207
5223 1.08951781248 1.06178316862
5226 0.99376488378 0.968467715786
5229 1.03739913287 1.0109912163
5232 1.05215452525 1.02537099705
5235 1.02926209374 1.00306131273
5238 1.07140385044 1.04413031357
5241 1.07892083774 1.05145594928
5244 1.0719577841 1.04467014636
5247 1.07116700239 1.0438994947
5250 1.05118527992 1.02442642473
5253 1.07092223085 1.04366095404
5256 1.06336713233 1.03629817726
5259 1.08862666659 1.06091470763
5262 1.01259131567 0.986814904129
5265 0.966028552316 0.94143743728
5268 1.00983673285 0.984130441659
5271 0.978362658818 0.953457568144
5274 1.01577102912 0.989913675148
5277 1.04534947417 1.0187391746
5280 1.06100863276 1.0339997154
5283 1.01631932493 0.990448013601
5286 1.07091834182 1.04365716401
5289 1.07881821036 1.05135593438
5292 1.08329654835 1.0557202723
5295 1.06857309388 1.04137161643
5298 1.01110296309 0.985364438884
5301 1.05327879958 1.02646665199
5304 1.06495556907 1.03784617894
5307 1.05356223431 1.02674287163
5310 1.07416133518 1.04681760409
5313 1.0674334192 1.04026095319
5316 1.02687491115 1.00073489799
5319 1.06174559809 1.03471792062
5322 1.0542393157 1.02740271731
5325 1.01571056568 0.989854750861
5328 0.955725681279 0.931396834979
5331 1.04733263285 1.02067185022
5334 1.04694674248 1.02029578302
5337 1.03750541941 1.01109479722
5340 1.00809648812 0.982434496404
5343 1.0475086137 1.02084335132
5346 1.03261143271 1.0063253913
5349 1.02223147102 0.996209660758
5352 1.05741844761 1.0305009216
5355 1.06127631883 1.03426058728
5358 1.06848952141 1.04129017137
5361 1.05662265637 1.02972538793
5364 1.02024788868 0.994276572269
5367 1.0248307969 0.998742818491
5370 0.9982535012 0.972842071462
5373 1.02973943534 1.00352650318
5376 1.06016952909 1.03318197186
5379 1.05079313318 1.02404426044
5382 1.02922669088 1.00302681108
5385 1.04853943171 1.02184792894
5388 1.04854550225 1.02185384494
5391 1.02908828406 1.00289192753
5394 1.02778531386 1.00162212559
5397 0.999224500592 0.973788353201
5400 1.0240472548 0.997979222151
5403 1.01574084679 0.98988426113
5406 0.980083152511 0.955134265141
5409 1.01505047084 0.989211459316
5412 1.02307349293 0.997030248256
5415 1.00691851097 0.981286505714
5418 1.03988545607 1.01341424793
5421 1.03320281407 1.00690171853
5424 0.998772335533 0.973347698406
5427 1.04358768617 1.01702223448
5430 0.989023435187 0.963846964979
5433 1.02146687804 0.995464531166
5436 1.02072405499 0.994740617339
5439 1.0547426218 1.02789321131
5442 1.05020106363 1.02346726254
5445 1.00980445494 0.984098985414
5448 1.01072227669 0.98499344319
5451 1.04977504899 1.02305209248
5454 1.02466993749 0.998586053898
5457 1.01306295118 0.987274533732
5460 1.0452348547 1.01862747287
5463 0.993113234236 0.96783265456
5466 1.02657457745 1.00044220956
5469 1.0388405079 1.01239589985
5472 1.03519218802 1.00884045119
5475 1.01109586783 0.985357524235
5478 0.969922388353 0.945232152262
5481 1.01392424808 0.988113905561
5484 1.03378974742 1.00747371097
5487 1.01945136163 0.993500321524
5490 1.02987057336 1.00365430296
5493 1.02725734953 1.00110760107
5496 1.02455632532 0.998475333824
5499 1.02575446839 0.9996429771
5502 1.00328826193 0.977748667888
5505 1.02301808163 0.996976247493
5508 1.01505716571 0.989217983765
5511 1.02265678001 0.996624143125
5514 1.01262802894 0.986850682825
5517 1.03130280981 1.00505008056
5520 1.03286409159 1.00657161853
5523 1.02472016151 0.998634999418
5526 0.999889410071 0.974436336819
5529 0.970424585452 0.945721565488
5532 1.02452002535 0.998439957901
5535 0.997376242303 0.971987143969
5538 1.02359883494 0.997542217211
5541 1.0252897049 0.999190044572
5544 1.00599397437 0.980385504006
5547 1.01438351195 0.988561478453
5550 1.02612081702 1.0
5553 1.01736622617 0.991468265034
5556 1.01173627922 0.98598163339
5559 1.01345299807 0.987654651639
5562 1.0055929473 0.979994685437
5565 0.995517641186 0.970175855195
5568 1.00153795314 0.976042914762
5571 0.993471256466 0.968181563016
5574 0.985184937232 0.9601061794
5577 0.996740033103 0.971367130039
5580 1.00880496022 0.983124933718
5583 0.999736836025 0.974287646681
5586 0.972242504322 0.947493207617
5589 0.942576424702 0.918582304411
5592 0.990617534614 0.965400485189
5595 0.966532329968 0.941928390825
5598 0.965109132666 0.940541422275
5601 0.964514450874 0.939961878636
5604 0.972399064154 0.94764578208
5607 1.00927099136 0.983579101621
5610 1.00895874642 0.983274805156
5613 1.00408476349 0.978524893785
5616 0.940339358165 0.91640218439
5619 0.992257603854 0.966998805009
5622 0.995226963076 0.969892576554
5625 0.963457766547 0.938932093147
5628 0.995450841732 0.97011075618
5631 1.00185974152 0.976356511728
5634 0.985530555314 0.960442999466
5637 0.977877861825 0.952985112089
5640 0.982325158843 0.95731919921
5643 0.984262864292 0.959207578646
5646 0.991176549654 0.965945270004
5649 0.98999506615 0.964793862212
5652 0.989873703706 0.964675589157
5655 0.9682981545 0.943649264724
5658 0.935342415916 0.911532443744
5661 0.97030648391 0.945606470325
5664 0.972687708681 0.947927078904
5667 0.974430514917 0.949625520459
5670 0.978450474057 0.953543147968
5673 0.991244334202 0.966011329037
5676 0.978088146146 0.953190043436
5679 0.977999479309 0.953103633692
5682 0.958971015058 0.934559555903
5685 0.96013828282 0.935697109828
5688 0.944528865531 0.920485044123
5691 0.969136964663 0.94446672223
5694 0.973178422771 0.948405301431
5697 0.976471034429 0.951614096734
5700 0.969576151816 0.944894729483
5703 0.971552795315 0.946821055766
5706 0.955048433731 0.930736827369
5709 0.925655535031 0.902092151018
5712 0.939154704241 0.915247686884
5715 0.966553329386 0.941948855684
5718 0.965860929854 0.941274081797
5721 0.976915168702 0.952046925175
5724 0.977464547437 0.952582318986
5727 0.972703912181 0.94794286993
5730 0.974307124961 0.949505271504
5733 0.965803165642 0.941217788024
5736 0.973499214373 0.948717926998
5739 0.972673531116 0.947913262242
5742 0.970192435103 0.945495324732
5745 0.975466354982 0.950634992295
5748 0.963840128148 0.939304721394
5751 0.964625845064 0.940070437188
5754 0.939007489252 0.915104219383
5757 0.968315496454 0.943666165224
5760 0.966875208236 0.942262540822
5763 0.941677160093 0.917705931381
5766 0.970090653705 0.94539613427
5769 0.973840329843 0.949050359071
5772 0.961424503822 0.936950588931
5775 0.962307314624 0.937810927
5778 0.968238311342 0.943590944928
5781 0.956087722216 0.931749659842
5784 0.953367200597 0.929098391518
5787 0.956705239671 0.932351457842
5790 0.95603186599 0.931695225486
5793 0.957646733573 0.93326898518
5796 0.967926207881 0.943286786337
5799 0.964295143674 0.939748154096
5802 0.973154981752 0.948382457124
5805 0.960204160112 0.935761310155
5808 0.963530608308 0.939003080656
5811 0.96558221564 0.941002462501
5814 0.967483608466 0.942855453684
5817 0.957224774964 0.932857767903
5820 0.970017582538 0.945324923194
5823 0.971329954813 0.946603887867
5826 0.97461388836 0.949804225968
5829 0.973027251379 0.948257978242
5832 0.969487617747 0.944808449128
5835 0.971159401891 0.946437676521
5838 0.967199158401 0.942578244548
5841 0.968809442071 0.944147537017
5844 0.966548545847 0.941944193914
5847 0.963472656949 0.938946604501
5850 0.966102054338 0.941509068243
5853 0.945512224617 0.92144337093
5856 0.943359940191 0.919345874816
5859 0.936741390242 0.912895805936
5862 0.946296130604 0.922207321894
5865 0.959112728995 0.934697662386
5868 0.958318238252 0.933923396111
5871 0.959516740154 0.935091389083
5874 0.958285293019 0.933891289528
5877 0.959273276115 0.934854122637
5880 0.953444563555 0.929173785133
5883 0.943880199121 0.919852890093
5886 0.941647978672 0.917677492799
5889 0.863538117585 0.84155598762
5892 0.905707535362 0.882651945403
5895 0.878035298216 0.855684129638
5898 0.912844816715 0.889607540919
5901 0.939566365268 0.915648868713
5904 0.948493267588 0.924348528804
5907 0.938174654025 0.914292584717
5910 0.940463120896 0.91652279663
5913 0.930463643267 0.906777864588
5916 0.931274380511 0.907567963795
5919 0.932369597561 0.908635301122
5922 0.933113644115 0.90936040731
5925 0.941483648941 0.917517346227
5928 0.934540759055 0.910751193771
5931 0.923419761489 0.899913291078
5934 0.932453566854 0.908717132903
5937 0.935441997472 0.911629490363
5940 0.924736828149 0.901196830637
5943 0.92574438762 0.902178741786
5946 0.922360338956 0.898880837087
5949 0.910107412657 0.886939819913
5952 0.925437814829 0.901879973078
5955 0.929345402003 0.905688089149
5958 0.922598733011 0.899113162609
5961 0.92851932105 0.90488303682
5964 0.930653387802 0.906962779007
5967 0.918575483553 0.895192328541
5970 0.925185152168 0.90163374217
5973 0.927119040552 0.903518401706
5976 0.908098190153 0.884981743952
5979 0.921493813315 0.898036369627
5982 0.919423701996 0.89601895483
5985 0.89769742554 0.874845740043
5988 0.91236750996 0.889142384431
5991 0.914908605897 0.891618794513
5994 0.920142439853 0.896719396576
5997 0.913116713815 0.889872516637
6000 0.917117723592 0.893771677155
6003 0.903458962668 0.880460612125
6006 0.90897042667 0.885831776914
6009 0.892027969735 0.869320605273
6012 0.909366409921 0.88621768006
6015 0.903431539155 0.880433886702
6018 0.902540533483 0.879565562371
6021 0.883197760681 0.860715177035
6024 0.883448212697 0.860959253572
6027 0.89786615604 0.875010175359
6030 0.903872399995 0.880863525037
6033 0.90664254465 0.883563153199
6036 0.904926204744 0.88189050425
6039 0.90451927683 0.881493935048
6042 0.896269614192 0.873454274901
6045 0.896121621534 0.873310049528
6048 0.900736004239 0.877806969022
6051 0.902945083261 0.879959813975
6054 0.895634315606 0.872835148405
6057 0.889882313712 0.86722956883
6060 0.897853224922 0.874997573414
6063 0.896603906354 0.87378005736
6066 0.874256785486 0.852001802306
6069 0.896921723835 0.874089784514
6072 0.89648451444 0.873663704673
6075 0.898869702741 0.875988175887
6078 0.877626306738 0.855285549402
6081 0.890627229868 0.867955522483
6084 0.887584230179 0.864989985054
6087 0.885016546347 0.862487663896
6090 0.888939713329 0.866310963177
6093 0.885751291205 0.863203705171
6096 0.889547728441 0.866903500724
6099 0.890097836586 0.867439605377
6102 0.849743265788 0.828112296031
6105 0.88183998608 0.859391965792
6108 0.886062386226 0.863506880991
6111 0.884317708934 0.86180661601
6114 0.882053330968 0.859599879797
6117 0.882304065436 0.859844231597
6120 0.883855468584 0.861356142399
6123 0.85403968209 0.832299343239
6126 0.880723830984 0.858304223416
6129 0.877179881712 0.854850488521
6132 0.877082588947 0.85475567243
6135 0.870377043689 0.848220822784
6138 0.831539197012 0.810371627999
6141 0.85638060557 0.834580676432
6144 0.873944065567 0.851697042951
6147 0.869468733375 0.847335634316
6150 0.870076486998 0.847927917031
6153 0.8728052408 0.85058720798
6156 0.857047819247 0.835230905592
6159 0.86863182665 0.846520031796
6162 0.815457052673 0.794698868931
6165 0.858367834138 0.836517318332
6168 0.855872932898 0.834085927019
6171 0.849594375868 0.827967196236
6174 0.86379631608 0.841807613443
6177 0.862463438622 0.840508665564
6180 0.867531848699 0.84544805476
6183 0.870893712427 0.84872433926
6186 0.864696012595 0.842684407383
6189 0.865487362159 0.843455612442
6192 0.833810556719 0.812585168226
6195 0.863706969717 0.841720541471
6198 0.864433969198 0.842429034534
6201 0.855078720601 0.833311932101
6204 0.866795611996 0.844730559617
6207 0.866751816979 0.84468787944
6210 0.861801455355 0.83986353367
6213 0.847462892299 0.825889971475
6216 0.853890850616 0.832154300402
6219 0.842674120719 0.82122310233
6222 0.853838964804 0.83210373539
6225 0.85578693411 0.834002117406
6228 0.85423776453 0.832492383315
6231 0.822869422378 0.80192255018
6234 0.848982994635 0.827371378256
6237 0.843803670674 0.822323898587
6240 0.841059827217 0.819649902104
6243 0.843373394498 0.821904575474
6246 0.815418941245 0.794661727664
6249 0.841727756158 0.820300828319
6252 0.824400793978 0.803414939355
6255 0.818942956193 0.79809603568
6258 0.827536279429 0.806470608239
6261 0.842441192356 0.820996103366
6264 0.839364415035 0.817997648145
6267 0.841773515582 0.820345422897
6270 0.840551895019 0.819154899771
6273 0.843631742011 0.822156346521
6276 0.804399336551 0.783922636797
6279 0.796985730006 0.776697750193
6282 0.821502983098 0.800590894826
6285 0.836166110588 0.814880759379
6288 0.831276650452 0.810115764794
6291 0.81272914061 0.792040398294
6294 0.825734014302 0.804714221372
6297 0.820241080085 0.799361114675
6300 0.81674635111 0.795955347131
6303 0.808099236932 0.787528352927
6306 0.827623342208 0.806555454758
6309 0.823814404486 0.802843476929
6312 0.830969860636 0.809816784586
6315 0.81120269976 0.790552814352
6318 0.798418001994 0.778093562425
6321 0.824046625008 0.803069786072
6324 0.825860113686 0.804837110784
6327 0.834556582443 0.813312203202
6330 0.829857693849 0.808732928992
6333 0.830717972794 0.809571308773
6336 0.803962430019 0.783496852109
6339 0.822736331606 0.801792847352
6342 0.827246273166 0.806187984342
6345 0.823790443995 0.802820126374
6348 0.8202391705 0.7993592537
6351 0.829405274747 0.808292026621
6354 0.827080666456 0.806026593299
6357 0.824870914518 0.80387309256
6360 0.815779560106 0.795013166651
6363 0.814720079736 0.793980656296
6366 0.823857452307 0.80288542893
6369 0.824213601026 0.803232511567
6372 0.820834736301 0.799939658845
6375 0.829177921105 0.808070460467
6378 0.829469069067 0.808354196999
6381 0.823819707602 0.802848645049
6384 0.827705722781 0.806635738259
6387 0.824851316785 0.803853993704
6390 0.828420049361 0.807331881022
6393 0.801095291759 0.7807026994
6396 0.824292710238 0.803309606983
6399 0.80930411544 0.788702560182
6402 0.819651802266 0.798786837447
6405 0.823168044846 0.802213570948
6408 0.805111596959 0.784616765984
6411 0.805447453921 0.784944073408
6414 0.818701527219 0.797860752495
6417 0.812448389029 0.791766793493
6420 0.79787537048 0.777564744078
6423 0.815813001542 0.795045756806
6426 0.825171008623 0.804165547502
6429 0.816571411848 0.795784861104
6432 0.800634802591 0.780253932394
6435 0.821727021026 0.80080922967
6438 0.799533824602 0.779180980777
6441 0.812889330371 0.792196510282
6444 0.818327856056 0.797496593464
6447 0.818212848439 0.797384513468
6450 0.792827920652 0.77264578157
6453 0.814228354702 0.793501448558
6456 0.788429649089 0.768359471917
6459 0.809310655506 0.788708933765
6462 0.781875326499 0.761971995431
6465 0.807524819247 0.786968557554
6468 0.803308007286 0.782859088288
6471 0.793390200469 0.773193748055
6474 0.795714558453 0.775458937441
6477 0.806162802262 0.785641211922
6480 0.802984453783 0.782543771126
6483 0.793290422392 0.773096509917
6486 0.804225812958 0.783753530401
6489 0.801010683899 0.780620245309
6492 0.786401034101 0.766382497126
6495 0.743181225654 0.7242628873
6498 0.776838238127 0.757063130619
6501 0.795679619087 0.775424887487
6504 0.80319908101 0.782752934827
6507 0.800303674266 0.779931233234
6510 0.802281571649 0.781858781482
6513 0.795934210842 0.775672998383
6516 0.772423688866 0.752760957632
6519 0.790903005356 0.770769866703
6522 0.794970204075 0.774733531266
6525 0.795834770825 0.7755760897
6528 0.788740889302 0.768662789234
6531 0.791139308787 0.77100015482
6534 0.792466316482 0.772293382355
6537 0.791414544387 0.771268384053
6540 0.784517223631 0.764546640725
6543 0.767819123999 0.748273606054
6546 0.753958135958 0.734765461778
6549 0.763911694272 0.744465643422
6552 0.745774838538 0.726790477464
6555 0.727203567137 0.708691954276
6558 0.690261847886 0.672690619308
6561 0.549572383761 0.535582530483
6564 0.477814305148 0.465651117512
6567 0.673836484039 0.65668337769
6570 0.714412053125 0.696226059616
6573 0.738945652086 0.72013513402
6576 0.752609247439 0.733450910414
6579 0.763643895009 0.744204661228
6582 0.767744890174 0.748201261917
6585 0.772009260272 0.752357078685
6588 0.775271393136 0.75553617106
6591 0.775451185501 0.75571138665
6594 0.758677514801 0.73936470464
6597 0.775154487368 0.755422241232
6600 0.784191793046 0.764229494264
6603 0.778268402319 0.758456888711
6606 0.77067259068 0.751054435206
6609 0.772784251296 0.753112341625
6612 0.776130946562 0.756373843789
6615 0.777107768656 0.757325800009
6618 0.77929656644 0.759458880001
6621 0.778540583741 0.758722141513
6624 0.779089380819 0.759256968474
6627 0.777117921918 0.757335694811
6630 0.775753637986 0.756006139938
6633 0.767100145379 0.747572929674
6636 0.77055044879 0.750935402546
6639 0.774871410343 0.755146370184
6642 0.770954234819 0.751328909843
6645 0.763408477959 0.743975236927
6648 0.772524127863 0.752858839865
6651 0.77645494084 0.756689590505
6654 0.772518418654 0.752853275988
6657 0.772362541507 0.752701366833
6660 0.772839555455 0.753166237967
6663 0.760304975958 0.740950737327
6666 0.773768312566 0.75407135274
6669 0.769459226291 0.749871958085
6672 0.763067929116 0.743643357058
6675 0.770296627857 0.750688042851
6678 0.74946311736 0.730384867872
6681 0.766910417035 0.747388031033
6684 0.769282999595 0.749700217396
6687 0.777522586398 0.757730058197
6690 0.771570012279 0.75192901214
6693 0.769224866065 0.749643563707
6696 0.764941105284 0.745468849862
6699 0.759058808591 0.739736292258
6702 0.766701498195 0.747184430408
6705 0.762132397881 0.742731640601
6708 0.753860487981 0.734670299517
6711 0.768003502745 0.748453291275
6714 0.761042494914 0.741669482082
6717 0.745520808127 0.726542913622
6720 0.750938422198 0.731822617514
6723 0.736170488389 0.717430614581
6726 0.759813074016 0.740471357186
6729 0.762039314595 0.742640926833
6732 0.757658145784 0.738371284567
6735 0.756157814978 0.736909146014
6738 0.751344581405 0.732218437578
6741 0.754810685654 0.735596309064
6744 0.748488958576 0.729435507165
6747 0.753169089117 0.733996500825
6750 0.74777782253 0.728742473719
6753 0.757008171484 0.73773785594
6756 0.751961607696 0.732819756917
6759 0.749091139824 0.730022359355
6762 0.749167324584 0.730096604764
6765 0.753836120964 0.734646552784
6768 0.734551072066 0.715852421939
6771 0.743606623297 0.724677456068
6774 0.747015732506 0.727999783373
6777 0.7452883636 0.726316386177
6780 0.750636679934 0.731528556368
6783 0.739965801379 0.721129314507
6786 0.734947247356 0.716238512235
6789 0.735435379219 0.716714218268
6792 0.743459939363 0.724534506104
6795 0.744263825118 0.725317928233
6798 0.739151814741 0.720336048621
6801 0.744475532342 0.725524246262
6804 0.74273075759 0.723823886301
6807 0.744016654301 0.725077049369
6810 0.742542611601 0.723640529735
6813 0.747708453071 0.728674870121
6816 0.743975984026 0.725037414392
6819 0.743914206506 0.724977209473
6822 0.745641432951 0.726660467835
6825 0.748312544202 0.729263583576
6828 0.737987971181 0.719201831734
6831 0.742490163929 0.723589417165
6834 0.743283392651 0.724362453546
6837 0.741049141909 0.722185077641
6840 0.736656816037 0.717904562326
6843 0.729902115459 0.711321808653
6846 0.73779103673 0.719009910424
6849 0.739542042352 0.720716342642
6852 0.737188527437 0.71842273854
6855 0.726767679048 0.708267162105
6858 0.733468443978 0.714797353111
6861 0.73746181579 0.718689070095
6864 0.73606243386 0.717325310676
6867 0.679935527594 0.662627164672
6870 0.681072416685 0.663735113242
6873 0.693138477235 0.675494021501
6876 0.700491271983 0.682659644326
6879 0.718067004955 0.699787971401
6882 0.719207930086 0.70089985327
6885 0.703572586636 0.685662521377
6888 0.702756025932 0.684866746952
6891 0.708891147148 0.690845693206
6894 0.712652673504 0.694511466567
6897 0.716204210033 0.697972595579
6900 0.708312746278 0.690282016045
6903 0.712287165655 0.694155263045
6906 0.717955330865 0.699679140074
6909 0.714488914962 0.696300964868
6912 0.714871400129 0.696673713535
6915 0.715874992865 0.697651758926
6918 0.707059591133 0.689060761076
6921 0.71799836 0.699721073864
6924 0.713784772219 0.695614746704
6927 0.719959251882 0.701632049501
6930 0.724271182116 0.705834215721
6933 0.714541767554 0.69635247205
6936 0.722633691094 0.704238408487
6939 0.716719245633 0.69847452049
6942 0.720282929937 0.701947488044
6945 0.709838219518 0.691768657008
6948 0.715615261999 0.69739863974
6951 0.710660012298 0.692569530323
6954 0.712507526158 0.694370014075
6957 0.716602673515 0.698360915818
6960 0.715769418535 0.697548872085
6963 0.715471433262 0.697258472291
6966 0.715223414288 0.69701676686
6969 0.712307733081 0.694175306909
6972 0.71639103115 0.698154660998
6975 0.712385325175 0.694250923827
6978 0.695471196913 0.677767359727
6981 0.707746255635 0.689729945924
6984 0.717417146821 0.699154655983
6987 0.712646258587 0.694505214948
6990 0.715321152586 0.697112017143
6993 0.707218754939 0.689215873227
6996 0.710395191954 0.692311451216
6999 0.710284356897 0.692203437564
7002 0.709089133073 0.691038639224
7005 0.698273433697 0.680498263084
7008 0.710868688264 0.692772894256
7011 0.705482452499 0.687523769908
7014 0.703851859534 0.685934685135
7017 0.693062024679 0.675419515113
7020 0.707544049075 0.689532886712
7023 0.700269061639 0.682443090544
7026 0.705356390788 0.687400917209
7029 0.70935671588 0.691299410473
7032 0.714367606715 0.696182744629
7035 0.704176579231 0.686251138804
7038 0.700662354615 0.682826371898
7041 0.711049422372 0.692949027617
7044 0.705710291418 0.687745808985
7047 0.706587978005 0.68860115328
7050 0.704886454313 0.686942943386
7053 0.697838329434 0.680074234786
7056 0.701959016956 0.684090026547
7059 0.701786252567 0.683921660029
7062 0.700713947171 0.682876651119
7065 0.699864224412 0.682048558808
7068 0.698772440862 0.680984567579
7071 0.70396784278 0.686047715925
7074 0.706624770233 0.688637008929
7077 0.697696196673 0.679935720141
7080 0.703163058763 0.6852634184
7083 0.697090404728 0.679345349168
7086 0.69618210814 0.678460174077
7089 0.699508806652 0.681702188523
7092 0.698886419577 0.681095644864
7095 0.700949435216 0.683106144607
7098 0.698212733251 0.680439107822
7101 0.701780728755 0.683916276831
7104 0.700565182097 0.682731672993
7107 0.697547872672 0.67979117186
7110 0.694904948703 0.677215525869
7113 0.693752160087 0.676092082511
7116 0.693485428108 0.675832140431
7119 0.694087494778 0.67641888096
7122 0.682523139726 0.665148906839
7125 0.696959060406 0.679217348333
7128 0.696618762637 0.678885713146
7131 0.677582192381 0.660333735698
7134 0.688669874047 0.671139170577
7137 0.691766719233 0.674157182817
7140 0.684539576296 0.667114013225
7143 0.685248371925 0.667804765831
7146 0.679469474016 0.662172974902
7149 0.660201770899 0.643395748286
7152 0.683365534367 0.665969857576
7155 0.68353205815 0.666132142348
7158 0.68137436946 0.664029379541
7161 0.683994350202 0.666582666345
7164 0.656740063513 0.640022161737
7167 0.669905091215 0.652852061963
7170 0.66868643479 0.65166442752
7173 0.669126562833 0.652093351712
7176 0.660128702609 0.643324540014
7179 0.670126829344 0.653068155551
7182 0.661426563204 0.644589362415
7185 0.648671767069 0.632159250947
7188 0.650123961144 0.633574478132
7191 0.652624972476 0.636011823998
7194 0.656593574869 0.639879402091
7197 0.660054790805 0.643252509701
7200 0.653528072934 0.636891935232
7203 0.648122546277 0.631624011058
7206 0.650233396994 0.633681128195
7209 0.653936549458 0.637290013623
7212 0.66812079416 0.651113185774
7215 0.663846323382 0.646947525448
7218 0.659115389166 0.642337021365
7221 0.656530137698 0.63981757977
7224 0.657296705533 0.64056463394
7227 0.657275788164 0.640544249041
7230 0.66542738795 0.648488342613
7233 0.65269025834 0.636075447953
7236 0.659829386148 0.64303284292
7239 0.649106743306 0.632583154478
7242 0.651392640095 0.634810861733
7245 0.655457678257 0.638772420738
7248 0.659575540241 0.642785458886
7251 0.641481980889 0.625152487162
7254 0.660345702924 0.643536016394
7257 0.659863154629 0.643065751795
7260 0.65975620353 0.64296152323
7263 0.639924920525 0.623635063153
7266 0.655377234025 0.638694024285
7269 0.654735041817 0.63806817965
7272 0.647159059808 0.630685050993
7275 0.635412752726 0.619237756594
7278 0.65946956391 0.642682180277
7281 0.666740171591 0.64976770818
7284 0.646689646107 0.630227586635
7287 0.641084772144 0.624765389718
7290 0.621142010037 0.605330288338
7293 0.636486279967 0.620283956245
7296 0.649844096865 0.633301738047
7299 0.648633325491 0.632121787934
7302 0.64046442201 0.624160831149
7305 0.653697406845 0.637056958598
7308 0.637915277186 0.62167657707
7311 0.641188401148 0.624866380755
7314 0.654844487755 0.638174839544
7317 0.646927092143 0.630458988272
7320 0.64815355639 0.631654231782
7323 0.650946020962 0.634375611687
7326 0.634389778898 0.618240823474
7329 0.648655120382 0.632143028017
7332 0.648198461766 0.631697994052
7335 0.652113891 0.635513752556
7338 0.650877922988 0.634309247208
7341 0.649106087445 0.632582515312
7344 0.648988269056 0.632467696095
7347 0.651343392148 0.634762867437
7350 0.647968276451 0.631473668308
7353 0.647700739649 0.631212941892
7356 0.635548227847 0.619369783075
7359 0.645717471412 0.629280159511
7362 0.640080652337 0.623786830673
7365 0.647243543435 0.630767384014
7368 0.644882932583 0.628466864609
7371 0.642616699973 0.626258320963
7374 0.640710169803 0.624400323212
7377 0.643877071761 0.627486608868
7380 0.647887270061 0.631394724007
7383 0.647595309301 0.631110195368
7386 0.636371899362 0.6201724873
7389 0.626660021283 0.610707833706
7392 0.645816629232 0.62937679318
7395 0.639226812624 0.622954726209
7398 0.64885119482 0.632334111205
