Wave Flux FluxNorm
3600 0.736398328219 0.711587923062
3603 0.588894706378 0.569053927685
3606 0.54690048404 0.52847455602
3609 0.434299950206 0.419667709323
3612 0.582322418817 0.562703070716
3615 0.614437463712 0.593736109792
3618 0.466685977356 0.450962600841
3621 0.515026003064 0.49767397589
3624 0.627650077649 0.606503570214
3627 0.762652108089 0.736957172251
3630 0.611599003988 0.590993282192
3633 0.499416477066 0.482590359103
3636 0.579327921649 0.559809462815
3639 0.695527595416 0.672094188823
3642 0.67191835555 0.649280380972
3645 0.557388822129 0.538609525684
3648 0.499134755931 0.482318129591
3651 0.621598148772 0.600655540235
3654 0.730453173973 0.705843070311
3657 0.748232485948 0.723023369609
3660 0.783710485186 0.757306059867
3663 0.736345022153 0.71153641296
3666 0.745959375531 0.720826843818
3669 0.687778496808 0.6646061694
3672 0.7803631467 0.75407149842
3675 0.762821669206 0.73712102059
3678 0.655904733249 0.633806282516
3681 0.632252021135 0.610950467065
3684 0.706318852252 0.682521871429
3687 0.58804982844 0.568237515
3690 0.731162712471 0.706528703353
3693 0.773403389832 0.747346226588
3696 0.763615897801 0.737888490388
3699 0.823968733142 0.796207944826
3702 0.799908864591 0.772958690673
3705 0.560766255465 0.541873168038
3708 0.572306724819 0.553024821028
3711 0.718613439536 0.694402234944
3714 0.904307552793 0.873840024675
3717 0.817791864756 0.790239184744
3720 0.451788614499 0.436567153312
3723 0.55673458989 0.537977335547
3726 0.77689715872 0.750722284967
3729 0.735234388813 0.710463198585
3732 0.634339222724 0.612967347586
3735 0.352808872258 0.340922192552
3738 0.498094878183 0.481313286943
3741 0.77546148893 0.749334985125
3744 0.57129929483 0.552051332922
3747 0.477184866046 0.46110776564
3750 0.422381966921 0.408151261433
3753 0.76730473128 0.741453041328
3756 0.865712277985 0.836545084711
3759 0.531385552012 0.513482346186
3762 0.704475015035 0.680740155957
3765 0.707549230828 0.683710796638
3768 0.671367316091 0.64874790689
3771 0.712303156953 0.688304555597
3774 0.860895886206 0.831890964662
3777 0.850915825799 0.822247148015
3780 0.93093644794 0.899571750922
3783 0.953506691113 0.921381567495
3786 0.817930252747 0.790372910229
3789 0.713779525184 0.689731182685
3792 0.785048704148 0.75859919215
3795 0.658166404924 0.635991754954
3798 0.566539073832 0.547451491175
3801 0.780944499712 0.754633264745
3804 0.918153852962 0.887219821454
3807 0.769767579691 0.743832912546
3810 0.919983927873 0.888988238294
3813 0.744829909853 0.719735431596
3816 0.573331530837 0.554015099737
3819 0.665738197694 0.643308442248
3822 0.602064292498 0.581779809963
3825 0.467639969541 0.451884451546
3828 0.431091998692 0.416567838686
3831 0.459508822844 0.444027255829
3834 0.385297941827 0.37231665483
3837 0.449478988799 0.434335342495
3840 0.391172778505 0.377993559122
3843 0.691305555893 0.668014396379
3846 0.752284738434 0.726939095406
3849 0.751559565445 0.726238354623
3852 0.772426432391 0.746402184363
3855 0.686746500687 0.663608942834
3858 0.58677327863 0.567003974138
3861 0.544264108848 0.525927004409
3864 0.817343629368 0.789806051104
3867 0.760388316568 0.734769651387
3870 0.656660437986 0.634536526385
3873 0.567660747877 0.548535374276
3876 0.789049011316 0.762464722747
3879 0.602330931244 0.582037465236
3882 0.609043375249 0.58852375656
3885 0.683886656196 0.660845450953
3888 0.56567697306 0.546618435918
3891 0.744316739698 0.719239550941
3894 0.783816951251 0.757408938924
3897 0.84325466867 0.814844107187
3900 0.775890987648 0.749750013364
3903 0.725443363432 0.70100204808
3906 0.642334396338 0.620693151364
3909 0.886297816688 0.856437064594
3912 0.931953890143 0.900554913915
3915 0.883712718805 0.85393906268
3918 0.84290025845 0.814501637599
3921 0.660157533291 0.637915799109
3924 0.745211701114 0.720104359715
3927 0.575603769414 0.556210783062
3930 0.344227851436 0.33263027967
3933 0.190355773594 0.18394239148
3936 0.268185663863 0.25915007168
3939 0.503399211948 0.486438909452
3942 0.611451409659 0.590850660545
3945 0.635987973297 0.614560549188
3948 0.771912762325 0.74590582064
3951 0.884967108559 0.855151190091
3954 0.871566874291 0.84220243056
3957 0.796166397214 0.769342312843
3960 0.768878247277 0.742973543124
3963 0.503426415735 0.486465196701
3966 0.367093929051 0.354725963561
3969 0.201243914923 0.194463694391
3972 0.432528323906 0.417955771869
3975 0.665132284019 0.642722942747
3978 0.84351020904 0.815091038004
3981 0.960875592314 0.928502198952
3984 0.921586864151 0.890537169155
3987 0.941981118239 0.9102443091
3990 0.99818237882 0.964552061789
3993 1.05087398886 1.01546840952
3996 0.979865885872 0.94685267998
3999 1.01405665936 0.979891513127
4002 1.07404368924 1.03785748666
4005 0.909273755562 0.878638908348
4008 1.03317145239 0.998362299049
4011 1.08437751269 1.04784314752
4014 1.07450200883 1.03830036475
4017 1.03200176828 0.997232023415
4020 1.0747539912 1.03854385744
4023 1.08729235223 1.05065978158
4026 1.07451237664 1.03831038325
4029 1.10975771367 1.07236825005
4032 0.930372430073 0.899026735695
4035 0.969004959129 0.936357674754
4038 1.15875083341 1.11971071538
4041 1.06859256893 1.03259002307
4044 0.960579376059 0.928215962684
4047 0.882870518385 0.853125237302
4050 1.10937745697 1.07200080479
4053 1.04234716395 1.00722886661
4056 0.992513338299 0.959074020062
4059 0.975818064626 0.942941236129
4062 1.00254079376 0.968763634949
4065 0.905623742534 0.875111869936
4068 1.02092581161 0.98652923295
4071 0.94840675753 0.916453458607
4074 1.05575835367 1.02018821249
4077 0.893318877003 0.863221574465
4080 1.03555280146 1.00066341676
4083 1.05952106742 1.02382415456
4086 1.05039938625 1.01500979701
4089 1.18532782859 1.14539229025
4092 1.09009327894 1.05336634072
4095 1.05272833292 1.01726027785
4098 0.983589662372 0.950450996658
4101 0.760358269142 0.734740616305
4104 0.90757703998 0.876999357753
4107 1.05631631358 1.02072737386
4110 1.03055769443 0.995836602655
4113 1.0919298951 1.05514107842
4116 1.1469218888 1.10828030631
4119 1.04129851951 1.00621555263
4122 1.07791389626 1.04159730038
4125 1.11417623376 1.07663790332
4128 1.03783574049 1.00286944003
4131 1.02649798666 0.991913672753
4134 0.953082935823 0.920972089179
4137 1.11343220166 1.07591893883
4140 1.15548543563 1.11655533393
4143 0.920732722124 0.889711804502
4146 1.07895218265 1.04260060529
4149 1.07434835873 1.03815189136
4152 1.0781053033 1.04178225862
4155 0.994984415906 0.96146184322
4158 1.05315742465 1.01767491281
4161 1.11713194429 1.07949403137
4164 1.14804265309 1.10936331031
4167 1.04950504316 1.01414558573
4170 1.09940541942 1.0623647407
4173 0.930267650212 0.898925486031
4176 1.02995378864 0.995253043395
4179 1.06033962495 1.02461513361
4182 1.00695904457 0.973033028023
4185 1.06427040743 1.02841348192
4188 0.939327050703 0.907679661227
4191 1.05570384811 1.0201355433
4194 1.13192044319 1.09378428274
4197 0.995063809761 0.961538562173
4200 0.960689724441 0.928322593256
4203 0.990133052005 0.956773929316
4206 1.08782594073 1.05117539266
4209 1.1169992962 1.0793658524
4212 1.13552622859 1.09726858362
4215 1.05985416708 1.02414603158
4218 1.06616569998 1.03024491911
4221 1.1581578783 1.11913773785
4224 0.966957797142 0.934379484838
4227 0.66074779195 0.638486171036
4230 1.09908450181 1.0620546353
4233 1.05487879837 1.01933829077
4236 0.953204890132 0.921089934659
4239 1.0032929117 0.969490412866
4242 1.06348069725 1.0276503783
4245 1.11714382021 1.07950550717
4248 0.960465623766 0.928106042882
4251 0.958238760324 0.925954205933
4254 0.972854668801 0.940077681718
4257 1.11730913016 1.07966524757
4260 0.868883281485 0.83960925217
4263 1.08251383883 1.04604226373
4266 1.11183976867 1.07438015738
4269 1.02278211629 0.988322995836
4272 0.775550891195 0.749421375289
4275 0.877455405925 0.847892568404
4278 1.09773435024 1.06074997243
4281 0.952692468007 0.920594776832
4284 1.03412771233 0.999286341096
4287 0.929739702149 0.898415325359
4290 0.824932097447 0.797138851889
4293 1.01111376315 0.977047767667
4296 0.919010108101 0.888047228025
4299 0.670245114835 0.647663514339
4302 0.680835989879 0.657897566329
4305 0.726607269219 0.70212674007
4308 0.595992227622 0.575912322399
4311 0.652850139957 0.630854603224
4314 0.911147558791 0.880449580231
4317 1.23904802601 1.19730257066
4320 1.19544919176 1.15517264895
4323 0.94237370123 0.910623665358
4326 0.784641563675 0.758205768872
4329 1.15138173157 1.11258989004
4332 1.1571844328 1.11819708924
4335 1.16156564813 1.12243069461
4338 0.900198501607 0.869869413815
4341 0.766846447988 0.741010198314
4344 1.02064633683 0.986259174106
4347 1.11679512291 1.07916855802
4350 1.14999662668 1.11125145149
4353 0.950260776272 0.918245012574
4356 1.07640599007 1.0401401979
4359 1.07171099185 1.03560338147
4362 1.1744892726 1.13491890207
4365 1.20737442036 1.16669609804
4368 1.09677876587 1.0598265832
4371 1.08226135131 1.04579828291
4374 1.00275433762 0.968969984189
4377 1.07396028082 1.0377768884
4380 1.10657155685 1.06928943981
4383 0.782762526909 0.756390039778
4386 0.976522322957 0.943621766901
4389 1.02898586802 0.994317733518
4392 1.06961278557 1.03357586702
4395 1.03409218911 0.999252014713
4398 1.15831285107 1.11928748934
4401 1.02552956754 0.990977881186
4404 0.956950468911 0.924709319062
4407 1.05185067717 1.01641219169
4410 1.14296514745 1.10445687373
4413 1.22173675653 1.18057454477
4416 1.03886950982 1.00386838005
4419 1.22649211366 1.18516968652
4422 1.14518735581 1.10660421243
4425 1.15726168803 1.11827174162
4428 1.19148508661 1.15134210067
4431 1.14950875405 1.11078001605
4434 1.08057615208 1.04416986066
4437 1.15423546428 1.11534747605
4440 1.2079915916 1.16729247583
4443 1.07511899201 1.0388965608
4446 1.22328080366 1.18206657055
4449 1.195768726 1.15548141758
4452 1.18484946062 1.14493003924
4455 0.996790441943 0.963207021431
4458 1.07464412784 1.03843769555
4461 1.06360457141 1.02777007895
4464 1.1621953376 1.12303916887
4467 1.15977762522 1.12070291297
4470 1.1096348626 1.07224953803
4473 1.23318170745 1.19163389749
4476 1.21769124504 1.17666533286
4479 1.21635855053 1.1753775389
4482 1.07028644983 1.03422683449
4485 1.24540279125 1.20344323397
4488 1.1810850244 1.14129243273
4491 1.16763457748 1.12829515229
4494 1.15694739493 1.11796803755
4497 1.18182866617 1.14201102005
4500 1.21761167123 1.17658844001
4503 1.24999190685 1.20787773512
4506 1.2752585014 1.2322930588
4509 1.24736977347 1.2053439455
4512 1.23515630789 1.19354197057
4515 1.19769114675 1.15733906899
4518 1.18450014553 1.14459249312
4521 1.23037435295 1.18892112713
4524 1.18784833352 1.14782787545
4527 1.09832691217 1.06132257004
4530 1.06531886922 1.0294266194
4533 1.09091850238 1.0541637611
4536 1.08304273972 1.04655334513
4539 1.22496194059 1.18369106736
4542 1.19787208141 1.15751390768
4545 1.14716485186 1.10851508356
4548 1.11935615037 1.08164330048
4551 1.1315194985 1.0933968465
4554 1.12842050766 1.09040226548
4557 1.17717453521 1.13751369401
4560 1.22265024063 1.18145725217
4563 1.19403949565 1.15381044769
4566 1.15210063935 1.1132845767
4569 1.21553930939 1.17458589927
4572 1.13995652576 1.10154961719
4575 1.21075792607 1.16996560819
4578 1.18993764503 1.1498467948
4581 1.09455417415 1.05767694142
4584 1.13084226127 1.09274242645
4587 1.14847174182 1.10977794238
4590 1.18585327662 1.14590003512
4593 1.13059685891 1.09250529207
4596 1.1375016068 1.09917740826
4599 1.15133626701 1.11254595725
4602 1.1385087398 1.10015060939
4605 1.15406372554 1.11518152346
4608 1.19969036128 1.15927092687
4611 1.18316303483 1.14330043176
4614 1.17981183016 1.14006213438
4617 1.16961636466 1.13021016998
4620 1.17673099549 1.13708509782
4623 1.18691678517 1.14692771241
4626 1.1757783881 1.13616458526
4629 1.1782882825 1.13858991742
4632 1.19112299928 1.15099221262
4635 1.17413619721 1.13457772234
4638 1.10613484581 1.06886744224
4641 1.169963516 1.13054562525
4644 1.16464798533 1.12540918308
4647 1.09022545801 1.05349406647
4650 1.15776998153 1.11876290992
4653 1.16112724919 1.12200706602
4656 1.1186649167 1.08097535556
4659 1.21607689501 1.17510537279
4662 1.17563120704 1.13602236296
4665 1.13800839461 1.0996671216
4668 1.00943255725 0.975423204206
4671 1.16231699933 1.12315673162
4674 1.15030944786 1.11155373324
4677 1.17148971756 1.1320204067
4680 1.09659171206 1.05964583152
4683 1.13842609836 1.10007075226
4686 1.15270797955 1.11387145467
4689 1.14536330224 1.10677423096
4692 1.13682052188 1.09851927016
4695 1.17439421102 1.13482704327
4698 1.1210075637 1.08323907513
4701 1.08931494447 1.05261422954
4704 1.06173570784 1.0259641803
4707 1.10090670741 1.06381544796
4710 1.11395080321 1.07642006788
4713 1.14668942838 1.10805567785
4716 1.14995095363 1.11120731724
4719 1.19970047898 1.15928070369
4722 1.18235093336 1.14251569125
4725 1.20968860672 1.16893231587
4728 1.1102133647 1.07280854949
4731 1.11851681113 1.08083223989
4734 1.15149792913 1.11270217273
4737 1.11539519568 1.07781579652
4740 1.16744200956 1.12810907229
4743 1.18403234485 1.14414045338
4746 1.1823504037 1.14251517943
4749 1.18641096331 1.14643893248
4752 1.16204085423 1.12288989028
4755 1.12662571494 1.08866794212
4758 1.14928117241 1.11056010199
4761 1.15419981005 1.11531302308
4764 1.10278838135 1.06563372538
4767 1.11007299922 1.07267291314
4770 1.17527334655 1.13567655935
4773 1.15107643074 1.11229487527
4776 1.18412662959 1.14423156151
4779 1.1788452299 1.13912810039
4782 1.16215490996 1.12300010329
4785 1.15297736375 1.11413176289
4788 1.1281260209 1.09011770044
4791 1.14836686772 1.10967660164
4794 1.19208193835 1.15191884354
4797 1.18922585938 1.14915899032
4800 1.1460901264 1.10747656728
4803 1.18666516683 1.14668457148
4806 1.14811419287 1.1094324398
4809 1.14516396087 1.10658160571
4812 1.1692793532 1.12988451296
4815 1.17922312122 1.13949325997
4818 1.19115933805 1.15102732709
4821 1.18276570709 1.14291649061
4824 1.11332475385 1.0758151111
4827 1.17911204312 1.13938592426
4830 1.1438811288 1.10534199425
4833 1.15081384546 1.1120411369
4836 1.16254187365 1.12337402958
4839 1.1207854023 1.08302439869
4842 1.11832448511 1.08064639364
4845 1.15508726199 1.11617057538
4848 1.13361742918 1.09542409464
4851 1.14186090968 1.10338983945
4854 1.1019940372 1.06486614392
4857 1.03679077607 1.00185968208
4860 0.817127466357 0.789597170961
4863 0.873595368594 0.844162581735
4866 1.04923462728 1.01388428058
4869 1.08644950545 1.04984533162
4872 0.965850726759 0.933309713379
4875 1.09461590577 1.05773659321
4878 1.09211703636 1.0553219146
4881 1.12402792024 1.08615767116
4884 1.1123490315 1.07487226235
4887 1.06627159757 1.03034724885
4890 1.00897158191 0.974977759845
4893 1.10551157632 1.06826517167
4896 1.18986249487 1.14977417657
4899 1.1667433794 1.12743398006
4902 1.14352006381 1.10499309409
4905 1.13722484436 1.09890997039
4908 1.13530938472 1.09705904556
4911 1.06343266334 1.02760396272
4914 1.14168726945 1.10322204943
4917 1.12249498206 1.08467638005
4920 0.926326232244 0.895116860565
4923 1.0780984548 1.04177564086
4926 1.12236901095 1.08455465311
4929 1.160762424 1.12165453236
4932 1.13938605595 1.10099836739
4935 1.08722596094 1.05059562712
4938 1.03420724063 0.999363189965
4941 1.12793276997 1.08993096043
4944 1.16865176103 1.12927806535
4947 1.13457345257 1.0963479081
4950 1.1574731791 1.11847610723
4953 1.14465585715 1.1060906208
4956 1.06841704906 1.03242041674
4959 1.07247179477 1.03633855176
4962 1.16439316973 1.12516295261
4965 1.12678924394 1.08882596158
4968 1.10616907499 1.06890051819
4971 1.11347441952 1.0759597343
4974 1.15491464681 1.11600377587
4977 1.13538764105 1.09713466531
4980 1.08517790181 1.04861657029
4983 0.964482432839 0.93198751941
4986 1.06182493688 1.02605040307
4989 1.12275698871 1.0849295593
4992 1.09893898319 1.06191401942
4995 1.12113120527 1.08335855103
4998 1.11126705053 1.073826735
5001 1.05112504331 1.01571100556
5004 1.07273855273 1.03659632222
5007 0.995853543539 0.962301688592
5010 1.1068858838 1.06959317659
5013 0.992201255674 0.958772451986
5016 1.04231451628 1.00719731889
5019 1.02691473167 0.992316376982
5022 1.04495331221 1.00974720968
5025 1.08041330581 1.04401250094
5028 1.05013055499 1.0147500231
5031 1.11128601883 1.07384506423
5034 1.12555573577 1.08763401221
5037 1.0437962225 1.00862910412
5040 0.971516449553 0.938784549159
5043 1.04490333551 1.00969891677
5046 1.14144267492 1.10298569567
5049 1.0327357818 0.997941306877
5052 1.05534456822 1.01978836812
5055 1.12660609088 1.08864897922
5058 1.13133807986 1.09322154013
5061 1.13827958802 1.09992917808
5064 1.07600660075 1.03975426463
5067 1.06741888836 1.03145588562
5070 1.09308961972 1.05626173012
5073 1.05528600765 1.01973178054
5076 1.07747339881 1.04117164398
5079 0.996277640486 0.962711497053
5082 1.02283548663 0.988374568051
5085 1.07487193025 1.03865782294
5088 1.0916956479 1.05491472337
5091 1.09366976102 1.05682232555
5094 1.12601866817 1.0880813477
5097 1.03956567301 1.00454108842
5100 1.01675574719 0.982499664485
5103 1.09442196505 1.05754918666
5106 1.05468605386 1.01915204012
5109 1.03423024939 0.999385423532
5112 1.09550129101 1.05859214844
5115 1.08657874549 1.04997021737
5118 1.1175332107 1.07988177849
5121 1.06822365114 1.03223353469
5124 1.01474606191 0.980557688635
5127 1.03076261747 0.996034621523
5130 1.03283988941 0.998041906934
5133 1.05129565431 1.01587586841
5136 1.05686335077 1.02125598051
5139 0.9683312518 0.935706665672
5142 0.995329722818 0.961795516205
5145 1.04293671117 1.00779855107
5148 1.01735052681 0.983074405055
5151 1.02430028385 0.989790013967
5154 1.02567472619 0.991118149214
5157 1.06546079922 1.02956376756
5160 1.07308665971 1.03693270094
5163 1.01126759037 0.977196412205
5166 0.836534054307 0.808349920776
5169 0.820910108219 0.793252369734
5172 0.68394439579 0.660901245209
5175 0.961072307961 0.928692286943
5178 1.06040317355 1.02467654116
5181 0.963686216584 0.931218128919
5184 0.622211638304 0.60124836035
5187 1.00423623732 0.970401956377
5190 1.04297623145 1.00783673984
5193 0.966476884062 0.933914774469
5196 1.0026219049 0.968842013327
5199 1.06889734927 1.03288453488
5202 1.05419451639 1.01867706331
5205 0.974132943506 0.941312889361
5208 0.956459144737 0.924234548364
5211 1.05303561287 1.01755720505
5214 1.07654169541 1.04027133111
5217 1.01079824469 0.976742879517
5220 1.09425772023 1.0573904755
5223 1.08116906196 1.04474279449
5226 0.931363289707 0.899984211727
5229 1.01677089085 0.982514297935
5232 1.02123373865 0.986826785446
5235 1.03112749228 0.996387203134
5238 1.09331847442 1.05648287434
5241 1.08781886791 1.05116855814
5244 1.08105857171 1.04463602683
5247 1.05618079466 1.02059642078
5250 1.04221970474 1.00710570169
5253 1.06525446132 1.0293643815
5256 1.0650469032 1.02916381633
5259 1.09846595235 1.06145692573
5262 0.986207678518 0.952980807767
5265 0.903735245722 0.87328699952
5268 0.95203738012 0.919961759875
5271 0.916440250917 0.885563953326
5274 1.00452005438 0.970676211206
5277 1.06197368578 1.02619414039
5280 1.07476213435 1.03855172624
5283 0.993179872041 0.959718097245
5286 1.09629937815 1.05936334679
5289 1.09639158921 1.05945245112
5292 1.10432245743 1.06711611605
5295 1.0811122811 1.04468792667
5298 0.97608544739 0.943199610351
5301 1.04683688611 1.01156732305
5304 1.08953406634 1.05282596886
5307 1.07424452112 1.0380515522
5310 1.10477366237 1.0675521192
5313 1.09736057559 1.06038879084
5316 1.05444625841 1.01892032375
5319 1.0855420109 1.04896841198
5322 1.06128187117 1.02552563409
5325 0.991314019057 0.957915107751
5328 0.87163815585 0.842271310533
5331 1.05239532942 1.01693849376
5334 1.05800341273 1.02235763201
5337 1.06566698715 1.02976300869
5340 0.988867300664 0.955550823107
5343 1.04770534925 1.01240652631
5346 1.0401072137 1.00506438377
5349 1.00971495975 0.97569609213
5352 1.06946367789 1.03343178302
5355 1.08750059246 1.05086100588
5358 1.09645254729 1.05951135543
5361 1.07605554621 1.03980156104
5364 1.02697985777 0.992379308879
5367 1.01703578176 0.982770264261
5370 0.957696890051 0.925430592113
5373 1.02267204144 0.988216629584
5376 1.07923206551 1.04287105846
5379 1.0604832672 1.02475393633
5382 1.03026758503 0.995556267492
5385 1.06003824296 1.02432390565
5388 1.05613063091 1.02054794713
5391 1.014057524 0.979892348634
5394 1.01411889841 0.979951655243
5397 0.968950384549 0.936304938876
5400 1.01946929115 0.985121784932
5403 1.01535433738 0.981145470352
5406 0.936786479676 0.90522468599
5409 1.00025091946 0.96655091008
5412 1.01965378538 0.985300063264
5415 1.0059338194 0.972042344279
5418 1.05011104666 1.01473117203
5421 1.02928706769 0.994608785303
5424 0.982381629488 0.94928366428
5427 1.06350223468 1.0276711901
5430 0.954534655792 0.922374898445
5433 1.00729347844 0.973356194295
5436 1.00053314414 0.96682362617
5439 1.06603460578 1.03011824168
5442 1.06861086273 1.03260770052
5445 1.00014178094 0.966445448603
5448 0.993872156672 0.96038705773
5451 1.06855042314 1.03254929724
5454 1.02229424859 0.987851565162
5457 1.01850382261 0.984188844523
5460 1.05812017018 1.02247045573
5463 0.979576921775 0.946573451533
5466 1.03373829541 0.998910044238
5469 1.0500948345 1.01471550608
5472 1.03822400151 1.00324461992
5475 1.00410867374 0.970278690619
5478 0.971282504723 0.938558486294
5481 0.996092982951 0.962533060918
5484 1.02770734606 0.993082286961
5487 1.02040640101 0.986027322103
5490 1.03239211606 0.997609219763
5493 1.02996112804 0.995260135516
5496 1.02844525271 0.993795332386
5499 1.03424677415 0.999401391546
5502 0.998426956262 0.964788399037
5505 1.02614098407 0.991568698138
5508 1.01539224178 0.981182097697
5511 1.0164223196 0.982177470597
5514 0.983839700807 0.950692610909
5517 1.03090510396 0.996172307417
5520 1.04183822875 1.00673707822
5523 1.03703328357 1.00209401912
5526 0.998721391486 0.965072914281
5529 0.928815652526 0.897522408405
5532 1.0260008964 0.991433330243
5535 1.0010878702 0.967359662646
5538 1.02711178031 0.992506786744
5541 1.03683297652 1.00190046073
5544 1.00288589639 0.969097110534
5547 1.02266937602 0.988214053964
5550 1.03486625384 1.0
5553 1.0235790008 0.989093032068
5556 1.02249820457 0.988048649548
5559 1.02135854444 0.986947386337
5562 1.00821752691 0.974249110129
5565 0.987714941623 0.954437288834
5568 0.994682238252 0.961169846402
5571 0.994791048008 0.961274990188
5574 0.982164348184 0.949073703522
5577 1.00226928679 0.968501275469
5580 1.01684947578 0.982590235217
5583 1.00168760113 0.967939187711
5586 0.947694107164 0.91576481854
5589 0.916726961251 0.885841003944
5592 0.986737316481 0.953492601403
5595 0.958302908795 0.926016193143
5598 0.967450360284 0.934855452762
5601 0.960516116499 0.928154834436
5604 0.972093874918 0.939342520165
5607 1.03214847658 0.997373788885
5610 1.03483622451 0.999970982405
5613 1.01825241788 0.983945910012
5616 0.900911145535 0.87055804766
5619 0.996501328877 0.962927649034
5622 1.01342599441 0.979282096256
5625 0.955525532024 0.923332390515
5628 1.00610646513 0.972209173304
5631 1.02249495741 0.988045511789
5634 0.993125039281 0.959665111887
5637 0.98090076807 0.947852695387
5640 0.994071745355 0.96057992196
5643 0.99039083916 0.957023031221
5646 1.00485940461 0.971004128197
5649 1.00237572381 0.968604126468
5652 1.00517436163 0.971308473818
5655 0.970802189421 0.938094353561
5658 0.923722287127 0.89260064641
5661 0.974325676798 0.941499129168
5664 0.979498314075 0.946497492249
5667 0.979996192804 0.946978596669
5670 0.992984489508 0.959529297453
5673 1.00955256824 0.975539171837
5676 0.987250194543 0.953988199806
5679 0.995259955638 0.96172809959
5682 0.962558294685 0.930128208463
5685 0.97108470649 0.938367352191
5688 0.952950269549 0.920843892639
5691 0.984401234587 0.951235225742
5694 0.985783160944 0.95257059285
5697 0.995479171612 0.961939929837
5700 0.978723974193 0.945749241082
5703 0.979568141298 0.946564966884
5706 0.953233276964 0.921117365094
5709 0.908083883427 0.877489124855
5712 0.919902872977 0.888909914263
5715 0.970155420569 0.937469375358
5718 0.980109701111 0.947088280705
5721 1.00151630333 0.9677736612
5724 1.0052017739 0.971334962532
5727 0.988209222255 0.954914916382
5730 0.992616632426 0.959173834049
5733 0.98936678694 0.956033480913
5736 0.999055983503 0.965396233372
5739 0.992850957044 0.959400263906
5742 0.987617592932 0.954343219972
5745 0.99776144909 0.964145313836
5748 0.969384809322 0.936724727202
5751 0.980202738405 0.947178183428
5754 0.932626878885 0.901205228619
5757 0.984813869591 0.951633958431
5760 0.979430966723 0.946432413934
5763 0.944155981522 0.912345897855
5766 0.996592985547 0.963016217648
5769 0.996206673023 0.962642920594
5772 0.972979934298 0.940198726826
5775 0.967482686627 0.93488668998
5778 0.988793327172 0.955479341897
5781 0.941952490938 0.910216646297
5784 0.945475017267 0.913620493234
5787 0.959547501873 0.927218853944
5790 0.97344156914 0.940644808473
5793 0.966234705923 0.933680755687
5796 0.986473028037 0.953237217248
5799 0.970593811365 0.937892996086
5802 0.98765013395 0.954374664632
5805 0.96354325241 0.931079981429
5808 0.976495436357 0.943595786152
5811 0.987278735694 0.954015779361
5814 0.980945476471 0.947895897493
5817 0.970023422126 0.937341824148
5820 0.994339478987 0.96083863523
5823 0.9927288099 0.959282232089
5826 0.992356000678 0.95892198339
5829 0.98979064739 0.956443060845
5832 0.987619471026 0.95434503479
5835 0.983593954639 0.950455144312
5838 0.987957926019 0.954672086707
5841 0.989126232442 0.95580103107
5844 0.988601007962 0.955293502219
5847 0.975176680885 0.942321461603
5850 0.985107562614 0.951917756479
5853 0.959380634902 0.92705760898
5856 0.947270403112 0.915355389738
5859 0.936978545361 0.905410280683
5862 0.958687894455 0.926388208037
5865 0.973974842803 0.941160115316
5868 0.968393566741 0.935766881126
5871 0.984175991148 0.951017571105
5874 0.975326658981 0.942466386704
5877 0.973153322477 0.940366273287
5880 0.971156262472 0.93843649734
5883 0.958777433817 0.926474730679
5886 0.960546046169 0.928183755729
5889 0.793236208037 0.766510846297
5892 0.877424578018 0.847862779137
5895 0.825498472583 0.797686144966
5898 0.909939372309 0.879282099431
5901 0.954164564499 0.922017276104
5904 0.96005000026 0.927704422378
5907 0.959543650639 0.927215132464
5910 0.960337905082 0.927982627239
5913 0.945966303885 0.914095227642
5916 0.937404947815 0.905822316975
5919 0.960221098395 0.927869755951
5922 0.953586430265 0.92145862011
5925 0.962226176805 0.929807280151
5928 0.94596727518 0.914096166212
5931 0.932993754936 0.901559744046
5934 0.936711135892 0.905151880655
5937 0.950258359821 0.918242677537
5940 0.937757349251 0.906162845459
5943 0.943514661362 0.911726184769
5946 0.946328648269 0.91444536408
5949 0.917458627544 0.886548019261
5952 0.926348531115 0.895138408153
5955 0.944454433347 0.912634294374
5958 0.938659204445 0.907034315748
5961 0.951562494435 0.919502873828
5964 0.950024623166 0.918016815834
5967 0.942376866466 0.910626723953
5970 0.948563878717 0.916605286137
5973 0.947755344718 0.915823992906
5976 0.917837000791 0.886913644524
5979 0.937355146068 0.905774193126
5982 0.934317213024 0.902838612772
5985 0.909274503 0.878639630603
5988 0.925131601362 0.893962478656
5991 0.936615399857 0.905059370116
5994 0.943028870866 0.91125676131
5997 0.923202921692 0.892098779204
6000 0.936243865236 0.904700353074
6003 0.917202826527 0.886300836578
6006 0.920463566575 0.889451717221
6009 0.906249213726 0.875716268031
6012 0.91560308244 0.884754990358
6015 0.913606027969 0.882825219758
6018 0.917819682815 0.886896910018
6021 0.886679733561 0.856806114093
6024 0.905444649112 0.87493881045
6027 0.921555342522 0.890506709539
6030 0.927919493666 0.896656442531
6033 0.931614856995 0.900227303321
6036 0.931241032104 0.899866073173
6039 0.93125539763 0.899879954701
6042 0.917869877816 0.886945413871
6045 0.934248261687 0.902771984513
6048 0.928023801342 0.89675723592
6051 0.931987788119 0.900587669816
6054 0.920802001808 0.889778750046
6057 0.913947321059 0.883155014154
6060 0.934695973911 0.903204612616
6063 0.921383961352 0.890341102467
6066 0.900656020921 0.870311518592
6069 0.937684102963 0.906092066952
6072 0.932918751131 0.901487267235
6075 0.932960851626 0.9015279493
6078 0.89740163837 0.867166781252
6081 0.917174773411 0.886273728615
6084 0.916141870159 0.88527562548
6087 0.912395363643 0.881655344597
6090 0.904824723486 0.874339771083
6093 0.912827007907 0.882072446094
6096 0.92000925143 0.88901270866
6099 0.927403008085 0.896157358153
6102 0.842572799149 0.81418521091
6105 0.9185573028 0.887609678438
6108 0.905631416852 0.875119285695
6111 0.91171824948 0.881001043463
6114 0.931192763829 0.899819431131
6117 0.911883281776 0.881160515565
6120 0.903477516565 0.873037953659
6123 0.868223969719 0.838972153643
6126 0.911711456702 0.880994479544
6129 0.907792243931 0.877207311148
6132 0.914260357591 0.883457503997
6135 0.8929983999 0.862911894735
6138 0.847557910028 0.81900236565
6141 0.881576747548 0.851875055616
6144 0.913187083172 0.882420389863
6147 0.903675660493 0.873229421809
6150 0.899510643168 0.869204730397
6153 0.90300454238 0.87258091471
6156 0.885958107441 0.85610880068
6159 0.896720831567 0.866508911888
6162 0.787257972269 0.760734026591
6165 0.873454699713 0.844026652207
6168 0.865662276117 0.836496767484
6171 0.877054979543 0.847505633009
6174 0.888433027582 0.858500336911
6177 0.88600395996 0.856153108356
6180 0.900841544647 0.870490791735
6183 0.910674526574 0.879992485205
6186 0.894732722938 0.864587785731
6189 0.894239568176 0.864111246121
6192 0.866902555143 0.83769525958
6195 0.905253512976 0.874754113988
6198 0.909432867323 0.878792659386
6201 0.895454436963 0.865285184089
6204 0.904541899336 0.874066475718
6207 0.909008137777 0.878382239639
6210 0.90595741065 0.875434296254
6213 0.872987087711 0.843574794781
6216 0.875275038514 0.845785660963
6219 0.869361950767 0.840071794339
6222 0.891976059555 0.861923998626
6225 0.893573918724 0.863468023434
6228 0.892197854087 0.862138320555
6231 0.832123120755 0.804087598436
6234 0.888709890301 0.858767871695
6237 0.870778899587 0.84144100395
6240 0.868896918161 0.839622429406
6243 0.86820484566 0.838953673904
6246 0.837339487287 0.809128217466
6249 0.887245751933 0.857353062425
6252 0.850676287884 0.822015680505
6255 0.844104360386 0.815665171467
6258 0.839609288694 0.811321545733
6261 0.874249377841 0.844794556393
6264 0.875015385977 0.845534756524
6267 0.881387254444 0.85169194683
6270 0.865746020596 0.836577690481
6273 0.885032598044 0.855214473134
6276 0.829116192378 0.801181978154
6279 0.813872040496 0.786451425462
6282 0.848612373315 0.820021302429
6285 0.877896829475 0.848319119708
6288 0.875391680194 0.845898372803
6291 0.848416284063 0.819831819728
6294 0.864668112307 0.835536098599
6297 0.850493865447 0.821839404163
6300 0.834948660976 0.806817941812
6303 0.83664885385 0.808460852543
6306 0.866030734399 0.836852811833
6309 0.867292447649 0.838072016001
6312 0.865841266532 0.836669727433
6315 0.831376456801 0.803366090752
6318 0.81037894489 0.78307601768
6321 0.860659980143 0.831663006642
6324 0.869119427153 0.839837441723
6327 0.867649719862 0.838417251157
6330 0.86767067744 0.838437502642
6333 0.870199699297 0.840881317818
6336 0.832263680077 0.804223422096
6339 0.854366512175 0.825581575399
6342 0.862423671427 0.833367276423
6345 0.852761202174 0.824030350789
6348 0.874323614496 0.844866291899
6351 0.872044550457 0.842664013073
6354 0.85975611001 0.8307895893
6357 0.857131623554 0.828253525875
6360 0.855414635161 0.826594385492
6363 0.845259060088 0.81678096754
6366 0.868188198153 0.838937587277
6369 0.87140096403 0.842042110074
6372 0.866088098091 0.836908242853
6375 0.878999306231 0.849384452307
6378 0.862221918889 0.833172321242
6381 0.863409283231 0.834319681433
6384 0.867568302757 0.838338577122
6387 0.872626216663 0.84322608204
6390 0.871031143945 0.841684749803
6393 0.822768279374 0.795047936213
6396 0.865355890589 0.836200704561
6399 0.816642731538 0.789128767612
6402 0.861559600531 0.83253231742
6405 0.85892304013 0.82998458684
6408 0.821091783083 0.79342792369
6411 0.822797608997 0.795076277675
6414 0.852833848898 0.824100549932
6417 0.851412706864 0.822727288384
6420 0.818947729259 0.791356106374
6423 0.856742336118 0.827877354139
6426 0.856958848657 0.828086572033
6429 0.848150343706 0.819574839316
6432 0.835271822024 0.807130215062
6435 0.86334641435 0.834258930702
6438 0.815008975371 0.787550055231
6441 0.853024146289 0.824284435909
6444 0.859573447021 0.830613080511
6447 0.845932089594 0.817431321635
6450 0.803882416881 0.776798367804
6453 0.844483054019 0.816031106323
6456 0.816126589712 0.788630015407
6459 0.848985871906 0.820382217271
6462 0.78359851365 0.757197860825
6465 0.834052513124 0.805951986575
6468 0.839212939242 0.81093854991
6471 0.816699322622 0.789183452054
6474 0.830229827282 0.802258092965
6477 0.836514040888 0.80833058164
6480 0.836065392 0.807897048431
6483 0.809217608328 0.781953808353
6486 0.840045919029 0.811743465312
6489 0.842414986103 0.814032714831
6492 0.806489379789 0.779317498078
6495 0.740004766232 0.715072854568
6498 0.792951412393 0.766235645862
6501 0.821265977324 0.793596249056
6504 0.828775573733 0.800852835481
6507 0.832503706159 0.804455361326
6510 0.838732453379 0.810474252363
6513 0.830442255878 0.802463364512
6516 0.806452264983 0.779281633727
6519 0.808263467684 0.781031814192
6522 0.827694698555 0.799808376668
6525 0.827493919564 0.799614362235
6528 0.825613560413 0.797797355308
6531 0.821419541934 0.793744639835
6534 0.817025052574 0.789498207658
6537 0.822896879056 0.795172203171
6540 0.830245505732 0.802273243184
6543 0.812060452355 0.784700872543
6546 0.789076206977 0.762491002143
6549 0.811870201347 0.784517031387
6552 0.801815321446 0.774800916031
6555 0.768276194884 0.742391774813
6558 0.751939881032 0.726605856786
6561 0.601944399697 0.581663956538
6564 0.577435531759 0.557980830484
6567 0.757429968545 0.731910974711
6570 0.771975425655 0.745966372745
6573 0.778660144003 0.752425872534
6576 0.803352436024 0.776286242827
6579 0.815362130624 0.787891312134
6582 0.810108304516 0.782814495601
6585 0.80252778265 0.775489373308
6588 0.810493249868 0.783186471545
6591 0.804455631318 0.777352269756
6594 0.777281876277 0.751094040792
6597 0.80287869392 0.775828461832
6600 0.810704162678 0.783390278374
6603 0.811439657269 0.784100993008
6606 0.813102207856 0.785707529681
6609 0.791126952554 0.764472654912
6612 0.807850455147 0.780632716689
6615 0.810797709497 0.783480673456
6618 0.810997064773 0.783673312142
6621 0.815096996526 0.787635110817
6624 0.809203790654 0.781940456218
6627 0.80859326688 0.781350501939
6630 0.809056775765 0.781798394489
6633 0.779152297786 0.75290144489
6636 0.797152833274 0.770295514338
6639 0.805504116105 0.778365429459
6642 0.796663992818 0.769823143677
6645 0.801788647015 0.774775140302
6648 0.813714129615 0.786298834843
6651 0.814724893465 0.787275544487
6654 0.811761693308 0.784412179153
6657 0.808762520333 0.781514052981
6660 0.809262913576 0.781997587197
6663 0.783749435052 0.75734369745
6666 0.803415801929 0.776347473836
6669 0.808401293418 0.781164996362
6672 0.810880245349 0.783560428547
6675 0.805820168848 0.778670833894
6678 0.772634005159 0.746602763681
6681 0.805535001858 0.778395274623
6684 0.808820104949 0.781569697481
6687 0.808987447053 0.781731401569
6690 0.804601154971 0.777492890491
6693 0.811894744245 0.784540747396
6696 0.781504430463 0.755174330558
6699 0.797558769946 0.770687774371
6702 0.80495321248 0.777833086634
6705 0.791778339968 0.76510209607
6708 0.802595686674 0.77555498954
6711 0.79051032777 0.763876805176
6714 0.793831984981 0.767086550589
6717 0.769168045053 0.743253577162
6720 0.79259536902 0.765891598144
6723 0.79758649269 0.770714563093
6726 0.79362360192 0.766885188278
6729 0.808411361625 0.781174725356
6732 0.795317745014 0.768522253056
6735 0.803050915111 0.775994880623
6738 0.794068995889 0.767315576231
6741 0.799152182434 0.772227502315
6744 0.793854473014 0.767108280966
6747 0.798864865443 0.77194986548
6750 0.778812584898 0.752573177458
6753 0.792624656789 0.765919899161
6756 0.791605725392 0.764935297148
6759 0.79425756812 0.76749779517
6762 0.801084672576 0.774094883858
6765 0.79425082632 0.767491280512
6768 0.778349298848 0.752125500235
6771 0.785267667655 0.758810778436
6774 0.793810672292 0.767065955958
6777 0.802176710097 0.775150128936
6780 0.801062894898 0.774073839903
6783 0.787535161298 0.761001876691
6786 0.792440064254 0.765741525836
6789 0.799108029164 0.772184836636
6792 0.795808300604 0.768996281065
6795 0.789927400109 0.763313517255
6798 0.784119536183 0.757701329298
6801 0.792589439426 0.765885868327
6804 0.790147640194 0.763526337109
6807 0.788087333045 0.761535444912
6810 0.783404420453 0.75701030693
6813 0.794696015381 0.767921470461
6816 0.790801926043 0.76415857905
6819 0.787563843407 0.761029592455
6822 0.791048828724 0.764397163196
6825 0.793929838035 0.767181106822
6828 0.779187586109 0.752935544294
6831 0.796323855848 0.76949446645
6834 0.79084380098 0.764199043155
6837 0.780296309718 0.754006913281
6840 0.760582473689 0.734957267052
6843 0.760257057888 0.734642815016
6846 0.785288211042 0.758830629684
6849 0.785257423357 0.758800879284
6852 0.784650121123 0.758214038007
6855 0.763560897577 0.737835343207
6858 0.772615995388 0.746585360687
6861 0.771196655106 0.745213840187
6864 0.785142129915 0.758689470257
6867 0.742629141412 0.717608810467
6870 0.741090703459 0.716122204881
6873 0.750875361936 0.725577202994
6876 0.757047460743 0.731541354191
6879 0.773220994226 0.747169976173
6882 0.763745737475 0.738013955562
6885 0.766526803043 0.740701322704
6888 0.779697811558 0.753428579455
6891 0.780196005955 0.753909988907
6894 0.766745120398 0.740912284608
6897 0.764346905741 0.738594869533
6900 0.766943121832 0.741103615066
6903 0.764075917631 0.738333011434
6906 0.761285327133 0.73563644027
6909 0.766338130605 0.740519006934
6912 0.770972134551 0.744996884079
6915 0.747637636543 0.722448561606
6918 0.762986318705 0.737280122791
6921 0.769931769037 0.743991570097
6924 0.75682253319 0.731324004797
6927 0.771915488258 0.745908454732
6930 0.777006098651 0.750827554543
6933 0.764725467865 0.73896067731
6936 0.773590119699 0.747526665235
6939 0.770614742017 0.744651532655
6942 0.775509888266 0.749381753813
6945 0.752255905403 0.726911233805
6948 0.769059052376 0.743148256618
6951 0.757852596924 0.732319364083
6954 0.761639656985 0.735978832199
6957 0.769094959595 0.743182954067
6960 0.764836315644 0.739067790455
6963 0.761339798734 0.735689076639
6966 0.761622107745 0.73596187422
6969 0.764251899814 0.738503064503
6972 0.763497322602 0.737773910171
6975 0.74955189035 0.724298321224
6978 0.720018171873 0.695759639663
6981 0.754302283676 0.72888866641
6984 0.761661753581 0.736000184326
6987 0.760676512307 0.735048137363
6990 0.764541202196 0.738782619839
6993 0.758856723277 0.733289659856
6996 0.763418523921 0.737697766341
6999 0.748604013335 0.723382379661
7002 0.752945688188 0.727577776734
7005 0.735742437782 0.710954130594
7008 0.754606926464 0.729183045309
7011 0.749792486032 0.724530810864
7014 0.749681967707 0.724424016073
7017 0.717374777377 0.693205305239
7020 0.754702994178 0.729275876352
7023 0.730118603384 0.705519771926
7026 0.745967073414 0.720834282347
7029 0.753875645993 0.728476402814
7032 0.749815871385 0.724553408328
7035 0.737599258992 0.712748392609
7038 0.731510011112 0.706864300962
7041 0.756006799946 0.730535754876
7044 0.756810908297 0.731312771565
7047 0.756809800762 0.731311701345
7050 0.752212730655 0.726869513681
7053 0.746770510964 0.721610650836
7056 0.743562520717 0.718510742771
7059 0.74193770372 0.716940668386
7062 0.742103522662 0.717100900629
7065 0.746505559121 0.721354625634
7068 0.734062766632 0.709331050179
7071 0.743129146052 0.718091969172
7074 0.745105259019 0.72000150382
7077 0.744156223238 0.719084442531
7080 0.746978352794 0.721811490152
7083 0.734052980727 0.709321593976
7086 0.728487289995 0.703943420022
7089 0.738668435915 0.713781547299
7092 0.73977481369 0.714850649486
7095 0.742078644407 0.717076860563
7098 0.73982843603 0.714902465206
7101 0.747034870771 0.72186610395
7104 0.743418059099 0.718371148289
7107 0.74040971944 0.715464164273
7110 0.740831169217 0.715871414752
7113 0.734590066618 0.709840584608
7116 0.737289517924 0.7124490872
7119 0.738326931704 0.713451548896
7122 0.717224040412 0.693059646837
7125 0.743783873288 0.718724637629
7128 0.73757019309 0.712720305983
7131 0.716830632002 0.692679492968
7134 0.73690039384 0.712073073311
7137 0.742749892296 0.717725493065
7140 0.740836063987 0.715876144609
7143 0.735969753056 0.711173787263
7146 0.725520275062 0.701076368437
7149 0.707049634812 0.683228032789
7152 0.735006478933 0.710242967344
7155 0.726601463561 0.702121130014
7158 0.733504473173 0.708791566494
7161 0.735396275191 0.71061963076
7164 0.705313967723 0.681550843023
7167 0.731407160749 0.706764915788
7170 0.74762832611 0.722439564855
7173 0.762971615179 0.737265914649
7176 0.745239692568 0.720131408094
7179 0.741994846274 0.716995885718
7182 0.712935190552 0.688915295001
7185 0.722817362081 0.698464520799
7188 0.699754251339 0.676178442133
7191 0.726384876543 0.701911840149
7194 0.713094270852 0.689069015638
7197 0.720268073659 0.696001121869
7200 0.729369920151 0.704796312995
7203 0.712621203296 0.688611886464
7206 0.70679629085 0.682983224379
7209 0.705200044943 0.681440758479
7212 0.725127280455 0.70069661443
7215 0.721038516812 0.696745607594
7218 0.720861336553 0.696574396814
7221 0.714810146046 0.690727080328
7224 0.715211991592 0.691115387072
7227 0.723614532772 0.69923483357
7230 0.727671384489 0.703155003641
7233 0.731296932144 0.706658400956
7236 0.722835687462 0.69848222877
7239 0.714120487774 0.690060657716
7242 0.722419274518 0.698079845425
7245 0.712541969951 0.688535322614
7248 0.726461568568 0.701985948301
7251 0.705461084646 0.681693003349
7254 0.717014771664 0.692857428679
7257 0.727395995652 0.702888893082
7260 0.708829763683 0.684948186349
7263 0.711383464723 0.687415849229
7266 0.729051672587 0.704488787687
7269 0.724762216008 0.700343849572
7272 0.726241413511 0.70177321061
7275 0.713316040759 0.689283313772
7278 0.734565896019 0.709817228353
7281 0.73407300995 0.709340948383
7284 0.699627080715 0.676055556085
7287 0.718458184323 0.694252210521
7290 0.690516886889 0.66725229886
7293 0.693337128655 0.669977522294
7296 0.725041484425 0.700613709002
7299 0.721233341862 0.696933868685
7302 0.726279965923 0.701810464131
7305 0.724875289012 0.70045311297
7308 0.708146150412 0.684287605072
7311 0.704591963899 0.680853164632
7314 0.728709833836 0.704158466015
7317 0.723861483282 0.699473463932
7320 0.716313772909 0.692180047663
7323 0.714892752576 0.690806903715
7326 0.695024703678 0.671608240289
7329 0.714853660031 0.690769128258
7332 0.71583530852 0.691717703483
7335 0.722094132356 0.697765657808
7338 0.730406837459 0.705798294945
7341 0.72408029458 0.699684903137
7344 0.714057170474 0.689999473674
7347 0.719770459905 0.695520273497
7350 0.715390254846 0.69128764436
7353 0.711016883563 0.687061618758
7356 0.696948340559 0.673467066852
7359 0.717250336677 0.69308505714
7362 0.702281705787 0.678620742709
7365 0.722620051283 0.698273857709
7368 0.713108831751 0.689083085957
7371 0.71525716598 0.691159039464
7374 0.709966137456 0.686046273922
7377 0.714767394479 0.690685769128
7380 0.71854085728 0.694332098097
7383 0.709878581663 0.685961668019
7386 0.684666232029 0.661598761663
7389 0.67109986867 0.648489470188
7392 0.7064362708 0.682635333964
7395 0.706082402545 0.682293388081
7398 0.715382321179 0.69127997799
