Wave Flux FluxNorm
3600 0.0636178717636 0.0571705775347
3603 0.0399611006086 0.0359112799185
3606 0.0299672673797 0.0269302624521
3609 0.0222708002698 0.0200137866655
3612 0.0386272151455 0.0347125758409
3615 0.0567518704403 0.0510004047495
3618 0.0354698394465 0.0318751814546
3621 0.0494506612503 0.0444391298354
3624 0.0622445704371 0.0559364521579
3627 0.0783360828545 0.0703971851691
3630 0.056192189752 0.0504974443817
3633 0.0442521795991 0.0397674834873
3636 0.0531853560831 0.0477953354831
3639 0.0742252118629 0.0667029265866
3642 0.0614786113662 0.0552481184988
3645 0.0509341573045 0.0457722823574
3648 0.0389473097903 0.0350002307906
3651 0.058909956928 0.0529397819631
3654 0.0623740190455 0.0560527819171
3657 0.0777316250389 0.0698539855703
3660 0.0867327864227 0.0779429325993
3663 0.0715363776121 0.0642865897499
3666 0.0826475489844 0.0742717097615
3669 0.0653847898099 0.0587584289099
3672 0.084410175552 0.0758557045739
3675 0.0792378631286 0.0712075753574
3678 0.0646651946559 0.0581117604596
3681 0.0587145863075 0.052764210997
3684 0.0651125465274 0.0585137758704
3687 0.0426249815236 0.038305192292
3690 0.0684940503113 0.0615525842886
3693 0.073934869681 0.0664420088639
3696 0.0761515760423 0.0684340651743
3699 0.0952961126482 0.0856384164683
3702 0.0797156143858 0.0716369093563
3705 0.0439605242138 0.0395053856466
3708 0.04230576946 0.038018330479
3711 0.0677039552063 0.0608425606395
3714 0.0880383243915 0.0791161620332
3717 0.061310941626 0.055097441093
3720 0.030125426091 0.0270723927154
3723 0.0398580836794 0.0358187031444
3726 0.0609886818094 0.0548078403988
3729 0.0537599789196 0.048311723701
3732 0.0406343313866 0.0365162827474
3735 0.020811151558 0.018702064699
3738 0.0395919759112 0.0355795638213
3741 0.0545739598836 0.0490432125189
3744 0.0354173587127 0.0318280193322
3747 0.0284166002515 0.0255367462462
3750 0.0349962265749 0.0314495664404
3753 0.0566655215306 0.05092280679
3756 0.0651800105633 0.0585744028262
3759 0.0370848912483 0.033326557329
3762 0.0626460206534 0.0562972177742
3765 0.0558659304037 0.0502042494846
3768 0.0530151954941 0.0476424196612
3771 0.080125347963 0.0720051188641
3774 0.0880533340658 0.0791296505659
3777 0.0776277361848 0.0697606252358
3780 0.0910917599696 0.0818601500137
3783 0.0889190408714 0.079907623118
3786 0.0700291313851 0.0629320939943
3789 0.0497162174894 0.0446777735236
3792 0.0644013471717 0.057874652354
3795 0.0572932296859 0.0514869004444
3798 0.047535682134 0.0427182225021
3801 0.0673128679991 0.0604911078027
3804 0.0807147476708 0.072534786405
3807 0.0616745925277 0.0554242381313
3810 0.079598559106 0.0715317169353
3813 0.0663073439009 0.0595874876119
3816 0.0447555833967 0.0402198702937
3819 0.0433526065912 0.0389590768718
3822 0.0384381571361 0.0345426777401
3825 0.0288752948891 0.0259489549011
3828 0.04361848129 0.0391980067457
3831 0.0537205609473 0.0482763005066
3834 0.0368580179762 0.0331226763183
3837 0.0572098981486 0.0514120140645
3840 0.0414154080157 0.0372182018898
3843 0.0643869566624 0.0578617202375
3846 0.0741621276752 0.0666462356074
3849 0.0607215356401 0.0545677679103
3852 0.0640370960928 0.057547315963
3855 0.06093707869 0.0547614669497
3858 0.0475485581108 0.042729793575
3861 0.0470450729059 0.0422773336114
3864 0.0615115740432 0.0552777406039
3867 0.0661839519998 0.0594766007486
3870 0.0723069936395 0.0649791084105
3873 0.0524401319214 0.0471256353731
3876 0.0588882737599 0.0529202962555
3879 0.0575968739483 0.0517597721605
3882 0.0627932297696 0.056429508119
3885 0.063869273038 0.0573965007801
3888 0.0549187582052 0.0493530675743
3891 0.0778293387176 0.0699417965469
3894 0.0795021023012 0.071445035456
3897 0.0750124659695 0.0674103971557
3900 0.0656669003999 0.0590119492637
3903 0.0782632575798 0.0703317403043
3906 0.06583382163 0.0591619540165
3909 0.0866157952243 0.0778377977655
3912 0.0865071234146 0.0777401391995
3915 0.0817791962783 0.0734913594553
3918 0.0775479208354 0.0696888986989
3921 0.0522774546095 0.0469794444425
3924 0.0549986860225 0.0494248951811
3927 0.0509576395896 0.0457933848522
3930 0.0261316656708 0.0234833762421
3933 0.0217525500805 0.0195480580611
3936 0.0243857833069 0.0219144287076
3939 0.0485318481739 0.0436134330184
3942 0.0475582758331 0.0427385264637
3945 0.0531961328241 0.0478050200652
3948 0.06717859389 0.0603704415787
3951 0.0899688805239 0.0808510677443
3954 0.0958382910086 0.0861256482654
3957 0.0776034970596 0.0697388426023
3960 0.0626579452712 0.0563079339027
3963 0.0385323935652 0.0346273638657
3966 0.0313709830001 0.0281917198144
3969 0.0239607116151 0.0215324355123
3972 0.0412387136347 0.037059414437
3975 0.0707376236979 0.0635687848106
3978 0.0936137999905 0.084126596227
3981 0.0993474579973 0.0892791819793
3984 0.114673149849 0.103051705799
3987 0.132064451118 0.118680501767
3990 0.110897929221 0.0996590814065
3993 0.138010025896 0.124023527782
3996 0.127378980814 0.114469876106
3999 0.131375070443 0.118060985737
4002 0.166021307213 0.149196031765
4005 0.123631656641 0.111102321027
4008 0.151326317727 0.135990292363
4011 0.155488648431 0.139730795521
4014 0.175848389698 0.158027197687
4017 0.182933216897 0.164394019642
4020 0.180049757319 0.161802781602
4023 0.159161607026 0.143031521533
4026 0.174738855305 0.157030108028
4029 0.195274920083 0.175484964362
4032 0.102864871793 0.0924401267353
4035 0.140635631903 0.126383044182
4038 0.209937886905 0.188661926406
4041 0.182280993856 0.163807895541
4044 0.13837817038 0.124354363004
4047 0.120605118988 0.108382505026
4050 0.200684488909 0.180346305451
4053 0.203368040808 0.18275789527
4056 0.172634530544 0.155139044109
4059 0.162780925114 0.146284043185
4062 0.16210509036 0.145676700277
4065 0.151393316461 0.136050501173
4068 0.184075916833 0.165420913712
4071 0.161861537745 0.145457830277
4074 0.197446461603 0.17743643302
4077 0.127666746982 0.114728478879
4080 0.19933660417 0.179135020841
4083 0.207427731476 0.186406160352
4086 0.216199647103 0.194289094322
4089 0.286810222229 0.257743706181
4092 0.229402936932 0.206154308986
4095 0.215544241834 0.193700110493
4098 0.180000306217 0.161758342076
4101 0.141026458161 0.126734262516
4104 0.186687880749 0.167768170567
4107 0.238765397664 0.214567939816
4110 0.193982276864 0.174323322871
4113 0.188791263573 0.169658388009
4116 0.203623878114 0.182987804982
4119 0.178855035212 0.160729137499
4122 0.188535103702 0.169428188422
4125 0.249222791433 0.223965538709
4128 0.209407513168 0.188185302903
4131 0.166606339685 0.149721774663
4134 0.170494162303 0.153215589503
4137 0.211578343014 0.190136132012
4140 0.208952473435 0.187776378751
4143 0.120790325913 0.108548942328
4146 0.198594271898 0.178467919545
4149 0.199616641616 0.179386678151
4152 0.186954740018 0.168007985231
4155 0.200509335116 0.180188902456
4158 0.244835856876 0.220023193967
4161 0.236828392916 0.212827239018
4164 0.234414503549 0.210657983031
4167 0.202498520659 0.181976495835
4170 0.215763208607 0.193896886281
4173 0.147199462 0.132281669004
4176 0.194052039207 0.174386015214
4179 0.229433907133 0.20618214054
4182 0.206825472765 0.185864936992
4185 0.255736302617 0.229818944142
4188 0.214686302167 0.192929117926
4191 0.202954455932 0.18238622477
4194 0.254988069435 0.229146539957
4197 0.200596141417 0.180266911454
4200 0.167797781725 0.150792471115
4203 0.185775403533 0.166948167508
4206 0.220998862181 0.198601937398
4209 0.269138576943 0.241862977402
4212 0.251203639881 0.225745639907
4215 0.190720017475 0.171391674135
4218 0.258769689335 0.232544915095
4221 0.244094138623 0.219356644463
4224 0.1226321617 0.110204118974
4227 0.0449711178661 0.0404135616221
4230 0.152765594882 0.137283707309
4233 0.190880021823 0.171535462991
4236 0.212149990127 0.190649846078
4239 0.24692827568 0.221903558527
4242 0.270807655733 0.24336290495
4245 0.345060750494 0.310090888668
4248 0.26817304218 0.240995293864
4251 0.196582392172 0.176659931904
4254 0.165012268525 0.148289253167
4257 0.261965309876 0.235416678435
4260 0.212310784981 0.190794345326
4263 0.295882006028 0.265896118462
4266 0.336371318382 0.302282078996
4269 0.261944911563 0.23539834737
4272 0.149540890668 0.134385807754
4275 0.167049698736 0.150120201903
4278 0.309702201826 0.27831571933
4281 0.262421104465 0.235826280944
4284 0.275064272002 0.24718813839
4287 0.249814213995 0.2244970241
4290 0.143555187591 0.129006720206
4293 0.263708794756 0.236983471456
4296 0.283705472886 0.254953604781
4299 0.199884695952 0.17962756677
4302 0.215544312727 0.193700174202
4305 0.225286514986 0.202455062005
4308 0.149421701158 0.134278697395
4311 0.283899611154 0.255128068287
4314 0.292957538886 0.263268028731
4317 0.440495362445 0.395853768355
4320 0.373437745025 0.335592042999
4323 0.339982031812 0.305526868021
4326 0.198765664709 0.17862194271
4329 0.409962721049 0.368415429192
4332 0.404347684585 0.363369443393
4335 0.465576811149 0.418393360895
4338 0.28991399396 0.260532929043
4341 0.287069620385 0.257976815872
4344 0.383638879129 0.344759352625
4347 0.393663394032 0.35376794236
4350 0.431733089952 0.387979500243
4353 0.324674273774 0.291770460529
4356 0.428663488623 0.385220984815
4359 0.382033415016 0.343316592784
4362 0.427322313944 0.384015730241
4365 0.482939676778 0.433996603005
4368 0.372708032616 0.334936282617
4371 0.419346699347 0.376848396911
4374 0.331782374338 0.298158197231
4377 0.407253103069 0.365980414934
4380 0.375845004483 0.337755340979
4383 0.197046677427 0.177077164601
4386 0.324258920478 0.291397200828
4389 0.347552956701 0.312330524547
4392 0.381023607747 0.342409123496
4395 0.359648938715 0.32320065048
4398 0.468890378831 0.421371118133
4401 0.380219742726 0.341686725431
4404 0.266059163056 0.23909564386
4407 0.272400705518 0.244794508581
4410 0.413483095856 0.371579034878
4413 0.443643647569 0.398682993443
4416 0.327426189289 0.294243485718
4419 0.47956456669 0.43096354032
4422 0.374278700691 0.336347772792
4425 0.422311121375 0.379512392336
4428 0.417176040229 0.374897721228
4431 0.414480746673 0.372475579699
4434 0.357427798282 0.321204609464
4437 0.419932942557 0.377375227845
4440 0.505680942162 0.454433175934
4443 0.371404753553 0.333765083162
4446 0.522764195804 0.469785143076
4449 0.498772280061 0.448224665788
4452 0.477635589785 0.429230053791
4455 0.365364444569 0.328336923692
4458 0.382492281698 0.343728956047
4461 0.327128266181 0.29397575535
4464 0.461008229315 0.414287777751
4467 0.430989396059 0.387311175319
4470 0.430065211115 0.386480651041
4473 0.510474185198 0.458740652199
4476 0.535028143587 0.480806212441
4479 0.543437417696 0.488363256462
4482 0.431040939516 0.387357495152
4485 0.602376901205 0.541329572663
4488 0.521818871792 0.468935622049
4491 0.494796562771 0.444651863881
4494 0.461782618614 0.414983687285
4497 0.447234891692 0.401910286259
4500 0.576822546922 0.518365000721
4503 0.62685306129 0.563325218997
4506 0.57645617136 0.518035755151
4509 0.590671373064 0.530810330418
4512 0.545674561047 0.490373678595
4515 0.542894309473 0.487875189039
4518 0.511136924521 0.45933622682
4521 0.632520210911 0.568418036595
4524 0.518811165589 0.466232729042
4527 0.403288473559 0.362417577126
4530 0.421182532637 0.378498179378
4533 0.458651120083 0.412169547569
4536 0.435231491424 0.391123359462
4539 0.560219194951 0.503444300061
4542 0.519339644975 0.466707650175
4545 0.506776423851 0.455417637048
4548 0.537004101506 0.482581918737
4551 0.568652195922 0.511022666368
4554 0.468530967135 0.421048130682
4557 0.616145232393 0.553702565092
4560 0.629268304593 0.565495691707
4563 0.56367745187 0.506552083139
4566 0.589652453108 0.52989467196
4569 0.667881955102 0.600196077607
4572 0.549820259621 0.49409923519
4575 0.635571139575 0.571159771721
4578 0.600885212601 0.539989057857
4581 0.545183388626 0.489932283587
4584 0.589652877304 0.529895053166
4587 0.574674811732 0.516434925762
4590 0.624767750909 0.561451242463
4593 0.544360531226 0.489192817907
4596 0.5493021848 0.493633664182
4599 0.567719002751 0.510184046794
4602 0.571150192732 0.513267506007
4605 0.553521950389 0.49742578154
4608 0.685477957718 0.616008829652
4611 0.673507230993 0.605251265129
4614 0.670281211311 0.60235218342
4617 0.729766112612 0.655808642551
4620 0.682181996555 0.613046894617
4623 0.696728544325 0.626119235991
4626 0.635539219954 0.571131086966
4629 0.606958219977 0.545446601931
4632 0.660342984587 0.593421137069
4635 0.579016452672 0.520336567127
4638 0.551703278342 0.495791421125
4641 0.540413925954 0.485646177687
4644 0.584853248029 0.52558183787
4647 0.469622367824 0.42202892438
4650 0.591684227015 0.531720537624
4653 0.619712374222 0.556908198239
4656 0.562974642915 0.505920499706
4659 0.741064971782 0.665962429316
4662 0.684023689853 0.614701943216
4665 0.630823188158 0.566892997039
4668 0.473364273391 0.425391609997
4671 0.605659403078 0.544279412426
4674 0.586248143819 0.526835369239
4677 0.659811915259 0.592943888469
4680 0.576314466513 0.51790841125
4683 0.604521862826 0.543257155137
4686 0.619784363165 0.55697289153
4689 0.622487276872 0.559401880953
4692 0.616901944033 0.554382588492
4695 0.705337380243 0.633855617415
4698 0.627503862624 0.563910065473
4701 0.637181952616 0.572607338408
4704 0.655312582708 0.588900536604
4707 0.609098337774 0.547369831475
4710 0.612918569345 0.550802905219
4713 0.654087888606 0.587799957991
4716 0.627302547263 0.563729152231
4719 0.714791692199 0.642351790891
4722 0.69305783349 0.622820529942
4725 0.748576115361 0.672712363012
4728 0.547696779087 0.492190956822
4731 0.590728753552 0.530861895733
4734 0.649828926548 0.583972616494
4737 0.668955426758 0.601160759273
4740 0.686104690378 0.616572046672
4743 0.658687561069 0.591933480913
4746 0.696165938653 0.625613647069
4749 0.719510598876 0.646592464347
4752 0.699980395923 0.629041531704
4755 0.700532591019 0.6295377651
4758 0.642815875621 0.57767029671
4761 0.620885378037 0.557962325071
4764 0.543848317368 0.488732513888
4767 0.52722036671 0.473789707473
4770 0.593321913251 0.533192254067
4773 0.576047031427 0.517668079124
4776 0.623802752748 0.560584041146
4779 0.595320864589 0.534988623535
4782 0.543601114731 0.488510363773
4785 0.557500967001 0.501001548402
4788 0.568668721371 0.51103751706
4791 0.577742987634 0.519192160223
4794 0.69369178113 0.623390230747
4797 0.654737209023 0.588383473632
4800 0.602401391738 0.541351581225
4803 0.710686469439 0.638662608126
4806 0.579024123789 0.520343460822
4809 0.578930379147 0.520259216643
4812 0.607349545671 0.545798269086
4815 0.609649042875 0.547864725877
4818 0.677358619948 0.608712338641
4821 0.672722327443 0.604545906901
4824 0.601593548013 0.540625607674
4827 0.6472571582 0.581661481625
4830 0.642611098121 0.577486272196
4833 0.587377707064 0.527850457945
4836 0.66017789779 0.59327278084
4839 0.631925032356 0.567883175858
4842 0.636795621005 0.572260159217
4845 0.663351176567 0.596124466622
4848 0.620711577456 0.557806138148
4851 0.645181727757 0.579796383755
4854 0.626518274516 0.563024360878
4857 0.646003388293 0.580534773866
4860 0.554830883866 0.498602062367
4863 0.575361807536 0.517052298613
4866 0.628529076195 0.564831379725
4869 0.647462551358 0.581846059403
4872 0.570913455729 0.513054760896
4875 0.622362219713 0.559289497596
4878 0.696682012468 0.626077419862
4881 0.608966968929 0.547251776083
4884 0.668046366138 0.600343826559
4887 0.60062273883 0.539753184247
4890 0.600833709823 0.53994277458
4893 0.68176803096 0.612674881982
4896 0.810813625515 0.728642470405
4899 0.750176600567 0.674150648529
4902 0.716438715238 0.643831897908
4905 0.750627993651 0.6745562956
4908 0.733785858303 0.659421010843
4911 0.704656063157 0.633243347777
4914 0.752190635215 0.675960572703
4917 0.782575216463 0.703265856737
4920 0.556187666669 0.499821343275
4923 0.734451165697 0.660018893276
4926 0.724991222118 0.651517658908
4929 0.851370338572 0.76508900098
4932 0.805203462229 0.723600863915
4935 0.761942382013 0.684724037763
4938 0.639449407943 0.574645000578
4941 0.739997938965 0.66500353395
4944 0.808293690319 0.726377915705
4947 0.822636073512 0.739266783371
4950 0.872913692657 0.78444906382
4953 0.806141332141 0.724443686271
4956 0.588802715141 0.5291310499
4959 0.557529329011 0.501027036091
4962 0.632517020555 0.568415169562
4965 0.568534724741 0.510917100194
4968 0.572993966062 0.514924423838
4971 0.66511458382 0.597709163002
4974 0.710330127722 0.63834237953
4977 0.691561534413 0.621475871908
4980 0.618977775845 0.556248047054
4983 0.530057870502 0.476339647074
4986 0.630274152038 0.566399602475
4989 0.66407165754 0.596771931119
4992 0.687633188504 0.617945640573
4995 0.665612964382 0.598157035648
4998 0.662514400462 0.595372492815
5001 0.584766352229 0.525503748444
5004 0.601932296647 0.540930026141
5007 0.557810598298 0.501279800402
5010 0.642487517792 0.577375216001
5013 0.516135689692 0.463828396769
5016 0.573730545924 0.515586355697
5019 0.628046530297 0.564397736994
5022 0.568735207469 0.511097265186
5025 0.650802262727 0.58484731082
5028 0.623487973115 0.560301162563
5031 0.712700027204 0.640472103747
5034 0.748610818912 0.672743549565
5037 0.627039595235 0.563492848833
5040 0.508581468558 0.457039751172
5043 0.650593739652 0.584659920322
5046 0.797700524926 0.716858304837
5049 0.644022919501 0.578755013848
5052 0.650550767804 0.584621303417
5055 0.736531930181 0.661888784612
5058 0.768857597286 0.690938436956
5061 0.812953972651 0.730565906045
5064 0.642824861114 0.577678371577
5067 0.679511335276 0.61064688903
5070 0.695826763595 0.625308845393
5073 0.697022995514 0.626383846298
5076 0.69135923955 0.621294078431
5079 0.625372548525 0.561994747426
5082 0.593125575562 0.53301581404
5085 0.660568176375 0.593623507004
5088 0.708551621956 0.636744114782
5091 0.726448443816 0.652827199824
5094 0.77296897014 0.69463314654
5097 0.701169895755 0.630110482778
5100 0.63857367333 0.573858016477
5103 0.686675403293 0.617084921216
5106 0.66497498818 0.597583714553
5109 0.649965416854 0.584095274316
5112 0.65335443341 0.587140834131
5115 0.756707947845 0.680020082473
5118 0.790009571268 0.709946783747
5121 0.697603707081 0.626905706189
5124 0.576082014372 0.517699516756
5127 0.620922210415 0.557995424705
5130 0.611659915778 0.54967180873
5133 0.730192020713 0.656191387391
5136 0.771691264954 0.693484929202
5139 0.675809127017 0.607319877634
5142 0.693924417801 0.62359929107
5145 0.667697326852 0.600030160336
5148 0.656899283482 0.59032643466
5151 0.616534442784 0.554052331316
5154 0.595987076276 0.535587318616
5157 0.799077806307 0.718096006913
5160 0.789283230017 0.709294052876
5163 0.762422209129 0.685155237246
5166 0.498395580997 0.447886142942
5169 0.404190430708 0.363228126264
5172 0.374508576746 0.336554352271
5175 0.503701838482 0.452654642682
5178 0.560217534948 0.503442808289
5181 0.497567490104 0.447141974153
5184 0.406345568772 0.36516485386
5187 0.680957441434 0.6119464409
5190 0.703969280306 0.632626166297
5193 0.522902305857 0.469909256493
5196 0.665975307193 0.598482657163
5199 0.73451651418 0.660077619077
5202 0.674848406039 0.606456520033
5205 0.480755487973 0.43203376879
5208 0.433275979621 0.38936602719
5211 0.58345570361 0.524325926294
5214 0.776217424348 0.697552389168
5217 0.759052461082 0.68212699319
5220 0.807391798959 0.725567425689
5223 0.760613918194 0.683530205878
5226 0.575851274842 0.517492161309
5229 0.820888109721 0.73769596535
5232 0.839870193274 0.754754327245
5235 0.798499256787 0.717576089958
5238 0.881422807692 0.792095830481
5241 0.812884235236 0.730503236104
5244 0.891030508844 0.800729848068
5247 0.634507168591 0.570203627891
5250 0.692599166405 0.622408346048
5253 0.777119718815 0.698363241439
5256 0.793267545573 0.712874581666
5259 0.925918162976 0.832081845239
5262 0.77522160831 0.696657493183
5265 0.619640912103 0.556843978383
5268 0.694740629006 0.624332784107
5271 0.632714138254 0.568592310551
5274 0.838894119294 0.753877172577
5277 0.90318158511 0.811649484776
5280 0.922116217556 0.828665204453
5283 0.809615587809 0.72756584672
5286 0.995604440118 0.894705831236
5289 0.944124894053 0.848443432036
5292 0.978804743036 0.879608683878
5295 0.93616196509 0.841287498726
5298 0.71205541616 0.639892820211
5301 0.844549547604 0.758959456749
5304 1.01457560933 0.911754384895
5307 0.976391501936 0.87744001046
5310 1.03068810252 0.9262339724
5313 0.960616840116 0.863264017117
5316 0.982456693709 0.882890530997
5319 0.939615793653 0.844391302235
5322 0.953624152693 0.856979997116
5325 0.909544171052 0.817367260345
5328 0.60900208236 0.547283330976
5331 0.865364104212 0.777664581417
5334 0.963525464591 0.865877869741
5337 0.96597531301 0.868079440544
5340 0.83407431567 0.749545827483
5343 0.930495050854 0.836194892658
5346 0.905941968679 0.814130119832
5349 0.859715734406 0.772588640411
5352 1.02985495031 0.925485255231
5355 1.09270901405 0.981969432153
5358 1.10007858371 0.98859213961
5361 1.02162145528 0.918086176116
5364 1.01381309266 0.911069144766
5367 0.995019352265 0.894180038569
5370 0.83919943888 0.754151549833
5373 0.957605922679 0.860558238315
5376 1.03854859601 0.93329785147
5379 1.10848298491 0.996144804561
5382 1.0223306058 0.918723458441
5385 1.01344304098 0.910736595632
5388 1.00187467337 0.90034061351
5391 0.799577839988 0.718545365144
5394 0.937836360585 0.842792204162
5397 0.781939378819 0.702694457469
5400 0.992759273576 0.892149005459
5403 0.976798994881 0.877806206411
5406 0.771735047732 0.693524274855
5409 0.838761842856 0.753758301573
5412 1.00833730701 0.906148297541
5415 1.07062227017 0.962121048852
5418 1.09935756776 0.987944194359
5421 1.03045531801 0.926024779218
5424 1.0284952516 0.92426335392
5427 1.1132532132 1.00043159849
5430 0.870216928799 0.782025600995
5433 0.917813225984 0.824798295572
5436 0.89844536578 0.807393253203
5439 1.06660437548 0.958510343976
5442 1.15673128458 1.03950342504
5445 1.04107503569 0.935568251454
5448 0.810372711297 0.728246240229
5451 0.876357987938 0.78754430019
5454 0.809523445254 0.727483042266
5457 0.812780524078 0.730410035457
5460 0.877043163959 0.788160037682
5463 0.877071640712 0.788185628485
5466 0.919291341582 0.826126612915
5469 0.932517413061 0.838012300443
5472 0.899796673627 0.808607614009
5475 0.859553192273 0.77244257096
5478 0.880791329105 0.791528348506
5481 0.863902285553 0.776350909414
5484 0.956928580897 0.859949541108
5487 0.945051083298 0.849275757491
5490 0.927004925101 0.833058470465
5493 0.982800663259 0.883199641271
5496 0.956332461452 0.859413834836
5499 0.970626198715 0.872258986548
5502 0.905536453567 0.813765701273
5505 0.915039678097 0.822305830324
5508 0.94521139171 0.849419819596
5511 0.915098142362 0.822358369582
5514 0.820920678211 0.737725233216
5517 0.923286492925 0.82971687935
5520 1.05179659809 0.945203247055
5523 1.04490926792 0.939013906983
5526 1.01128730322 0.908799329114
5529 0.952402528788 0.855882177554
5532 1.01917985251 0.915892015317
5535 0.987369428027 0.88730538881
5538 1.00660403388 0.904590681364
5541 1.10790635168 0.995626609697
5544 1.04782398514 0.941633234885
5547 1.03805143847 0.9328510779
5550 1.11277294208 1.0
5553 1.07123814169 0.962674505445
5556 1.04365837812 0.937889787445
5559 1.04436494363 0.938524746733
5562 1.02319299362 0.919498448363
5565 1.01495880701 0.912098747758
5568 1.00735166523 0.905262544709
5571 1.05918571928 0.951843524615
5574 1.04398469968 0.938183038251
5577 1.06846833679 0.960185403859
5580 1.07546856504 0.966476200464
5583 1.04391674975 0.938121974639
5586 0.9731357589 0.874514217683
5589 0.8988797947 0.807783655327
5592 0.957588692373 0.860542754198
5595 1.0334603284 0.928725249623
5598 0.909525147523 0.817350164738
5601 0.90920409238 0.817061646631
5604 0.939695622184 0.844463040618
5607 1.04041713587 0.934977025885
5610 1.02436011594 0.920547289753
5613 1.0678044441 0.959588792753
5616 0.904953353869 0.813241695273
5619 0.940810683744 0.845465097298
5622 1.00854045867 0.90633086098
5625 0.883330812013 0.793810469874
5628 0.967340029424 0.869305851038
5631 0.977140033104 0.878112682431
5634 1.02880649685 0.924543056311
5637 0.949837033828 0.853576680302
5640 0.942779802271 0.847234657333
5643 0.958131756249 0.861030781769
5646 0.977389066436 0.878336477711
5649 0.989400776806 0.88913087243
5652 1.07672995395 0.967609755085
5655 1.05426858842 0.947424715823
5658 0.90489545961 0.813189668254
5661 0.991098229169 0.890656298057
5664 0.984301940986 0.884548773399
5667 0.996623137692 0.895621289848
5670 0.957728660756 0.860668537616
5673 1.05008066831 0.943661216588
5676 1.08014759637 0.970681039702
5679 1.05893876051 0.951621593651
5682 1.03276604076 0.928101323916
5685 1.08819353676 0.977911571725
5688 0.996170217515 0.895214270447
5691 1.10525324976 0.993242383932
5694 1.11159207952 0.99893881086
5697 1.05839774466 0.95113540655
5700 1.00515038676 0.903284352764
5703 0.981999745854 0.882479892098
5706 1.01054297031 0.908130429932
5709 0.919917056829 0.826688915631
5712 0.969002445904 0.870799791461
5715 1.08377722318 0.973942825349
5718 1.06747578166 0.959293438309
5721 1.12784303321 1.01354282672
5724 1.12829546897 1.0139494108
5727 1.00112740581 0.899669077094
5730 1.09916444894 0.987770646985
5733 1.11166421907 0.999003639497
5736 1.11000050097 0.997508529363
5739 1.09019132584 0.979706896726
5742 1.11090112901 0.998317884096
5745 1.16972657693 1.05118172153
5748 1.09390385472 0.983043182808
5751 1.16921401337 1.05072110326
5754 1.06668339358 0.958581354061
5757 1.21066940022 1.08797523236
5760 1.08338265401 0.973588243427
5763 1.02343398111 0.919715013197
5766 1.15099409883 1.03434766906
5769 1.15321579302 1.03634420772
5772 1.11945384904 1.00600383664
5775 1.10570067004 0.993644460814
5778 1.13685233507 1.02163908924
5781 0.989248789616 0.888994288241
5784 0.985027357482 0.885200673233
5787 1.05660347515 0.949522975616
5790 1.08465337466 0.974730184068
5793 1.17931773972 1.05980087683
5796 1.20375340752 1.08176013453
5799 1.16949432305 1.05097300521
5802 1.28268838063 1.15269551598
5805 1.18183249651 1.06206077792
5808 1.21665654176 1.09335561259
5811 1.19951392019 1.07795029411
5814 1.13669650296 1.02149904979
5817 1.120869896 1.00727637564
5820 1.18721430604 1.06689717295
5823 1.1561948673 1.03902137047
5826 1.19375621861 1.07277610146
5829 1.21560109313 1.09240712742
5832 1.22114391274 1.09738821512
5835 1.16611524391 1.04793637571
5838 1.16799408447 1.04962480692
5841 1.23579415038 1.11055373801
5844 1.22927534101 1.10469557133
5847 1.14228265494 1.02651907837
5850 1.11112173768 0.998516135379
5853 1.03325587585 0.928541517124
5856 1.06732150812 0.959154799474
5859 1.06587509016 0.957854967401
5862 1.07270724564 0.96399472442
5865 1.05590557268 0.948895801431
5868 1.05715353059 0.950017286202
5871 1.11552536972 1.00247348541
5874 1.0655287198 0.957543699624
5877 1.04026269387 0.934838235671
5880 0.972393602705 0.87384727462
5883 1.04896992841 0.942663043592
5886 1.04891684513 0.942615339995
5889 0.680043096819 0.611124759692
5892 0.789334769454 0.709340369097
5895 0.749407517246 0.673459507244
5898 0.841621833433 0.756328449056
5901 0.953253030378 0.856646485849
5904 0.975876836301 0.876977503136
5907 0.974368953375 0.875622435208
5910 1.00250005902 0.900902620036
5913 0.957432682934 0.860402555392
5916 0.943838076007 0.848185681299
5919 0.99437452387 0.89360055971
5922 0.949477717225 0.853253778307
5925 0.981521399145 0.882050022992
5928 1.01639495941 0.913389354631
5931 1.02829116657 0.924079951702
5934 0.990328313205 0.889964408513
5937 1.03513000272 0.930225712342
5940 1.02759026086 0.92345007863
5943 1.03003472606 0.925646811771
5946 1.09982861884 0.988367507203
5949 0.989342679661 0.889078663087
5952 1.00894802026 0.906697118624
5955 1.00744799567 0.905349112628
5958 0.98803356784 0.887902221989
5961 1.07496398081 0.966022752861
5964 1.06028926995 0.952835236965
5967 1.08111240254 0.971548068483
5970 1.10677993021 0.994614344364
5973 1.10332055409 0.991505555507
5976 1.05804052889 0.950814392484
5979 1.02824446383 0.924037982004
5982 1.05663491447 0.949551228752
5985 1.03770220475 0.93253723694
5988 1.09901385814 0.987635317667
5991 1.0978597912 0.98659820857
5994 1.18263521303 1.06278214387
5997 1.1199445711 1.00644482692
6000 1.0859588114 0.975903322531
6003 1.07641127203 0.967323369693
6006 1.08105118629 0.971493056143
6009 1.08544118682 0.975438156135
6012 1.09254683216 0.981823686439
6015 1.11261356404 0.999856773978
6018 1.07613634193 0.96707630213
6021 1.12794873909 1.01363781994
6024 1.14982212825 1.03329447075
6027 1.17972559355 1.06016739709
6030 1.18887512095 1.06838967412
6033 1.2162577796 1.09299726262
6036 1.21330406754 1.09034289176
6039 1.19027832979 1.06965067605
6042 1.22389733659 1.09986259578
6045 1.27532905801 1.14608201708
6048 1.25611885028 1.12881865004
6051 1.2703206308 1.14158116429
6054 1.24214959599 1.11626509688
6057 1.17423467265 1.05523294847
6060 1.24225113123 1.11635634212
6063 1.17230813724 1.053501656
6066 1.1898138809 1.06923329631
6069 1.30957927983 1.17686118193
6072 1.32210951397 1.18812155111
6075 1.31096869773 1.17810979056
6078 1.24766680851 1.12122317261
6081 1.19095220271 1.07025625595
6084 1.2440980511 1.11801608761
6087 1.26245248363 1.1345104072
6090 1.16891371762 1.0504512407
6093 1.21346212272 1.09048492899
6096 1.29171972424 1.16081158644
6099 1.3147731328 1.18152866868
6102 1.14612315097 1.0299703629
6105 1.26600450793 1.13770245489
6108 1.25216669607 1.12526702323
6111 1.23854349937 1.11302445678
6114 1.35442130253 1.21715873141
6117 1.29960945627 1.16790174089
6120 1.16404378382 1.04607484583
6123 1.23227197509 1.10738851431
6126 1.23819392479 1.1127103095
6129 1.24170844093 1.11586865027
6132 1.36032972141 1.22246836706
6135 1.12172796656 1.00804748583
6138 1.13362074269 1.01873499959
6141 1.26619491326 1.13787356377
6144 1.35573112975 1.21833581541
6147 1.31759847552 1.18406767966
6150 1.15061236614 1.03400462272
6153 1.28854496616 1.15795857127
6156 1.22089534282 1.09716483629
6159 1.04350208147 0.937749330539
6162 0.842031925702 0.756696980905
6165 0.984981810524 0.885159742189
6168 1.007374492 0.905283058123
6171 1.01201051947 0.909449251687
6174 0.993323765393 0.892656289376
6177 1.02878374807 0.92452261299
6180 1.07462916646 0.965721869956
6183 1.07543071765 0.966442188683
6186 0.951048999978 0.854665820866
6189 0.883284665305 0.793768999861
6192 0.838742107172 0.753740565983
6195 0.977862097548 0.878761569924
6198 0.976744708469 0.877757421604
6201 0.975305903551 0.876464431037
6204 1.03016502053 0.925763901668
6207 1.05256306633 0.945892038283
6210 0.999951241884 0.898612110407
6213 0.884460635843 0.794825792755
6216 0.805732867706 0.724076617285
6219 0.878036317975 0.789052541425
6222 0.837596446487 0.752711011218
6225 0.829945444739 0.745835393148
6228 0.858516058828 0.771510544842
6231 0.771889303456 0.693662897675
6234 0.914415393076 0.82174481289
6237 0.924374810703 0.830694902571
6240 0.792475583775 0.712162880503
6243 0.799984899048 0.718911171181
6246 0.899157155386 0.808032907152
6249 0.959663724934 0.862407494508
6252 0.891417088785 0.801077250423
6255 0.920845862383 0.827523592247
6258 0.745331680718 0.66979673259
6261 0.932353632807 0.837865118347
6264 1.01435702004 0.911557948331
6267 0.974458175426 0.875702615133
6270 0.981794527877 0.882295471747
6273 1.0069812798 0.904929695652
6276 0.990947284461 0.890520650701
6279 0.959749477712 0.862484556751
6282 0.95469359518 0.857941057947
6285 1.01800512804 0.914836342212
6288 1.13899056662 1.02356062369
6291 1.08585871825 0.97581337323
6294 1.04440307364 0.938559012491
6297 0.953327594708 0.856713493526
6300 1.07786707037 0.968631631498
6303 1.06698733009 0.958854488405
6306 1.06978127587 0.961365284347
6309 1.18668867245 1.06642480921
6312 1.10191273736 0.990240412662
6315 1.12114688121 1.00752529003
6318 1.08962554255 0.979198452215
6321 1.16362214302 1.04569593582
6324 1.18686274849 1.06658124368
6327 1.18881221879 1.06833314671
6330 1.20801468083 1.08558955305
6333 1.28516594525 1.1549219941
6336 1.12603086673 1.01191431257
6339 1.25235179287 1.12543336158
6342 1.25996752159 1.13227728132
6345 1.15499090704 1.03793942445
6348 1.28176213629 1.15186314101
6351 1.28066901355 1.15088079978
6354 1.1935141384 1.07255855465
6357 1.17394747534 1.05497485691
6360 1.07803630211 0.968783712601
6363 1.09407717352 0.98319893677
6366 1.19547757514 1.0743230087
6369 1.31366425392 1.1805321681
6372 1.33459537872 1.19934204747
6375 1.33172317924 1.19676092839
6378 1.26583464874 1.13754980991
6381 1.27181736687 1.14292621502
6384 1.29987627791 1.16814152174
6387 1.31045604431 1.17764909152
6390 1.32451722543 1.19028525528
6393 1.17773116572 1.05837509269
6396 1.34046605539 1.20461776586
6399 1.262594688 1.13463819999
6402 1.34836671652 1.21171774181
6405 1.37981437937 1.23997837042
6408 1.31707290488 1.18359537249
6411 1.30829084447 1.17570332186
6414 1.27893069986 1.14931865388
6417 1.33329540726 1.19817382041
6420 1.21315769745 1.09021135541
6423 1.34502894506 1.2087182337
6426 1.36260348765 1.22451170057
6429 1.3061908646 1.1738161625
6432 1.2618841506 1.13399967134
6435 1.33923584991 1.20351223441
6438 1.30657598626 1.17416225436
6441 1.41598823373 1.27248621905
6444 1.43153890942 1.28646092594
6447 1.39583990226 1.25437980155
6450 1.11765684472 1.00438894806
6453 1.35617376466 1.2187335919
6456 1.34552613489 1.20916503629
6459 1.4545251083 1.3071176098
6462 1.28148320896 1.15161248131
6465 1.37386582148 1.23463266362
6468 1.41251880142 1.26936839314
6471 1.36213620332 1.22409177274
6474 1.33946946832 1.20372217698
6477 1.36303246231 1.22489720119
6480 1.35485654123 1.21754986125
6483 1.2278294961 1.10339625423
6486 1.30606942682 1.17370703172
6489 1.31833886092 1.1847330314
6492 1.26904137985 1.14043155783
6495 1.05008197629 0.943662392017
6498 1.11758813092 1.00432719799
6501 1.25334624676 1.12632703346
6504 1.30137181686 1.16948549668
6507 1.33408730328 1.19888546247
6510 1.35237937284 1.2153237392
6513 1.36624995846 1.22778862318
6516 1.33372518675 1.1985600443
6519 1.28956637218 1.15887646385
6522 1.39652077517 1.25499167203
6525 1.40359201446 1.26134628313
6528 1.39658582325 1.25505012787
6531 1.38482782942 1.24448373703
6534 1.39880200325 1.25704171117
6537 1.41246978713 1.26932434617
6540 1.48786274431 1.337076674
6543 1.37023959793 1.23137393633
6546 1.29194066325 1.16101013459
6549 1.37167912044 1.23266757177
6552 1.31912380645 1.18543842735
6555 1.2401460199 1.11446457135
6558 1.35093016676 1.21402140156
6561 1.23836095768 1.1128604146
6564 1.07641285632 0.967324793422
6567 1.38799202275 1.24732725812
6570 1.35790115601 1.22028592237
6573 1.23970845171 1.1140713481
6576 1.33852565023 1.20287400926
6579 1.35861205654 1.22092477735
6582 1.34500506284 1.20869677181
6585 1.3860516358 1.24558351789
6588 1.43685116884 1.29123481935
6591 1.37889987628 1.2391565468
6594 1.25018546933 1.12348658208
6597 1.36040766507 1.22253841159
6600 1.36506883303 1.22672719781
6603 1.40809424909 1.26539224296
6606 1.30433825541 1.17215130427
6609 1.2477762092 1.12132148618
6612 1.39841893536 1.25669746494
6615 1.39408693798 1.25280448982
6618 1.38615581563 1.24567713971
6621 1.40953983057 1.26669132333
6624 1.26514422551 1.13692935699
6627 1.34109771462 1.20518541017
6630 1.32210051159 1.18811346107
6633 1.28797056548 1.1574423827
6636 1.33872185598 1.20305033071
6639 1.34311614796 1.20699928725
6642 1.35452566979 1.21725252167
6645 1.33234564118 1.19732030749
6648 1.33147957056 1.196542008
6651 1.23790833631 1.11245366373
6654 1.26554557513 1.1372900322
6657 1.25290443652 1.12592999806
6660 1.26863886164 1.14006983246
6663 1.20789479051 1.08548181289
6666 1.23302994747 1.10806967068
6669 1.30405183859 1.1718939141
6672 1.34481099488 1.20852237148
6675 1.32845943178 1.19382794239
6678 1.16009824228 1.04252916153
6681 1.17872237262 1.05926584665
6684 1.23248446446 1.10757946914
6687 1.2179486231 1.09451674915
6690 1.23653598895 1.11122039564
6693 1.24259527805 1.1166656117
6696 1.19209453409 1.07128281881
6699 1.25405447682 1.1269634886
6702 1.2796314121 1.14994835308
6705 1.24921169214 1.12261149144
6708 1.2856583107 1.15536446123
6711 1.25063928069 1.12389440235
6714 1.16978004805 1.05122977367
6717 1.07057167167 0.962075578216
6720 1.14940744755 1.03292181548
6723 1.16114970336 1.04347406326
6726 1.14943598619 1.0329474619
6729 1.1976371316 1.07626370692
6732 1.20315948964 1.08122640671
6735 1.21365813364 1.09066107536
6738 1.1800742551 1.06048072385
6741 1.19976697302 1.07817770153
6744 1.18539022584 1.06525795246
6747 1.144038961 1.02809739322
6750 1.13839732229 1.02302750116
6753 1.09362030016 0.982788364821
6756 1.21290971472 1.08998850427
6759 1.25488367107 1.12770864892
6762 1.235870978 1.1106227796
6765 1.24085394812 1.11510075524
6768 1.21908657711 1.09553937826
6771 1.23334946548 1.10835680744
6774 1.3114689101 1.17855930937
6777 1.33457946592 1.19932774734
6780 1.3293371458 1.19461670529
6783 1.14539900999 1.02931960931
6786 1.1501089479 1.03355222293
6789 1.21078905158 1.08808275776
6792 1.21808692695 1.09464103672
6795 1.22474717563 1.10062630868
6798 1.25152425433 1.12468968916
6801 1.28373364815 1.15363485183
6804 1.27610631077 1.14678049989
6807 1.27310735367 1.14408546931
6810 1.29270921716 1.16170080011
6813 1.28166812676 1.15177865878
6816 1.23401908733 1.10895856708
6819 1.27845968748 1.14889537581
6822 1.29863618942 1.16702710887
6825 1.32505540016 1.19076888919
6828 1.27683111763 1.14743185186
6831 1.30372165463 1.17159719232
6834 1.3225777926 1.18854237247
6837 1.35050451813 1.2136388899
6840 1.28387815138 1.15376471051
6843 1.30341862172 1.17132487
6846 1.35612006755 1.21868533667
6849 1.32060495758 1.18676947259
6852 1.27851696301 1.1489468468
6855 1.25111913411 1.12432562547
6858 1.2931056618 1.16205706744
6861 1.22106250601 1.09731505848
6864 1.34772511416 1.21114116205
6867 1.35414649053 1.21691176998
6870 1.32465406962 1.19040823112
6873 1.28050772687 1.15073585855
6876 1.32355881547 1.18942397449
6879 1.36536617804 1.22699440867
6882 1.2810858103 1.15125535665
6885 1.35775459086 1.22015421073
6888 1.40497067334 1.26258522311
6891 1.40740191592 1.26477007366
6894 1.41297023728 1.26977407866
6897 1.43252021785 1.28734278457
6900 1.3902315203 1.24933979587
6903 1.42946351968 1.28459586465
6906 1.41232102389 1.26919065919
6909 1.47289229357 1.32362338971
6912 1.40060296264 1.25866015399
6915 1.382182382 1.24210639002
6918 1.43025292554 1.2853052689
6921 1.43143476198 1.28636733322
6924 1.36037001786 1.2225045797
6927 1.38647120794 1.24596056887
6930 1.43848935239 1.2927069827
6933 1.38299015371 1.24283229886
6936 1.43170340682 1.2866087525
6939 1.449860326 1.30292557554
6942 1.4659997094 1.3174293281
6945 1.36856515605 1.22986918922
6948 1.48429084669 1.33386676703
6951 1.43470404006 1.28930528935
6954 1.39585375711 1.2543922523
6957 1.48662427643 1.3359637175
6960 1.49829277788 1.34644968549
6963 1.5123638298 1.3590947197
6966 1.48315182943 1.33284318242
6969 1.53900107562 1.38303243854
6972 1.48719856505 1.33647980537
6975 1.48307978784 1.33277844182
6978 1.31967132944 1.18593046213
6981 1.45843136514 1.31062799066
6984 1.5280452196 1.37318689359
6987 1.53690038296 1.38114463862
6990 1.44463511731 1.29822991077
6993 1.53823420689 1.38234328741
6996 1.50161274743 1.34943319581
6999 1.47970150509 1.329742528
7002 1.51021095195 1.35716002326
7005 1.48124665295 1.33113108428
7008 1.49408334608 1.34266685465
7011 1.50463649512 1.35215050459
7014 1.51502967624 1.3614903984
7017 1.41135966694 1.26832673007
7020 1.5671843556 1.40835951014
7023 1.48075276661 1.3306872504
7026 1.50750448586 1.35472784146
7029 1.51351640111 1.36013048473
7032 1.54023445968 1.38414082643
7035 1.55641863854 1.39868483469
7038 1.44135468031 1.29528192663
7041 1.62021226124 1.45601335185
7044 1.60454254038 1.44193166432
7047 1.62879669025 1.46372779986
7050 1.61723403673 1.45333695274
7053 1.36020559941 1.22235682409
7056 1.25871274693 1.13114967064
7059 1.32234873577 1.18833652919
7062 1.25509209491 1.12789595025
7065 1.24548243036 1.11926016824
7068 1.21913822651 1.0955857933
7071 1.36400797242 1.22577384913
7074 1.3846532166 1.24432682018
7077 1.39063657877 1.24970380406
7080 1.41959971324 1.27573169653
7083 1.3477110394 1.21112851368
7086 1.26357194622 1.13551641888
7089 1.06435212456 0.956486345337
7092 1.18593157416 1.06574443834
7095 1.14472449512 1.02871345253
7098 1.17100156407 1.05232749628
7101 1.18097929087 1.06129403962
7104 1.17322212991 1.05432302094
7107 1.23658793654 1.11126707865
7110 1.20213634273 1.08030694967
7113 1.23031082796 1.10562611781
7116 1.27944229183 1.14977839903
7119 1.30145797341 1.16956292177
7122 1.28976895724 1.15905851811
7125 1.07932178062 0.969938915487
7128 1.03910055462 0.93379387234
7131 0.985293235285 0.885439605896
7134 1.05830279305 0.95105007772
7137 1.07171230131 0.963100611797
7140 1.0652967458 0.957335234813
7143 1.1254909628 1.01142912471
7146 1.14160278517 1.02590810938
7149 1.10975165469 0.997284902183
7152 1.16078119907 1.0431429047
7155 1.18265295263 1.06279808568
7158 1.18857235691 1.06811759342
7161 1.15285130028 1.03601665415
7164 1.15687421921 1.03963187409
7167 1.21068562394 1.0879898119
7170 1.19904977212 1.0775331847
7173 1.26563257795 1.13736821781
7176 1.2342758946 1.10918934845
7179 1.27305285005 1.14403648931
7182 1.27631230041 1.14696561369
7185 1.32764468287 1.19309576345
7188 1.14718025909 1.03092033937
7191 1.28313108576 1.15309335557
7194 1.30399755214 1.17184512926
7197 1.19301614691 1.07211103164
7200 1.25651962863 1.12917881188
7203 1.24772745761 1.12127767528
7206 1.22698583236 1.10263809081
7209 1.16715335503 1.04886928042
7212 1.29912604117 1.16746731705
7215 1.26817074701 1.13964915848
7218 1.34468905926 1.20841279332
7221 1.33792925033 1.20233805095
7224 1.34506968655 1.20875484629
7227 1.4094999351 1.26665547103
7230 1.37634645665 1.23686190112
7233 1.3966202643 1.25508107853
7236 1.34661158396 1.21014048153
7239 1.39449275707 1.25316918154
7242 1.40375953706 1.26149682831
7245 1.32683760824 1.19237048105
7248 1.47104450947 1.32196286758
7251 1.36760462175 1.22900599937
7254 1.37376229975 1.23453963321
7257 1.49035503288 1.3393163839
7260 1.39753640029 1.25590436957
7263 1.41615169322 1.2726331129
7266 1.42954669756 1.28467061294
7269 1.48183084157 1.33165606885
7272 1.41504988221 1.2716429639
7275 1.52148325698 1.36728994699
7278 1.48302407139 1.3327283719
7281 1.42680284232 1.28220483117
7284 1.44860620662 1.30179855372
7287 1.52229825425 1.36802234912
7290 1.41925871834 1.27542525944
7293 1.40768172611 1.26502152675
7296 1.55878684264 1.40081303534
7299 1.47504711563 1.32555983333
7302 1.53525997706 1.37967047814
7305 1.52739337019 1.37260110525
7308 1.43002820429 1.28510332182
7311 1.49851084401 1.34664565191
7314 1.56426749473 1.40573825583
7317 1.46755723119 1.31882900428
7320 1.5535384516 1.39609653763
7323 1.52198377904 1.3677397441
7326 1.45694545583 1.30929266946
7329 1.58817165192 1.42721986838
7332 1.53124670324 1.37606392584
7335 1.58722696798 1.42637092255
7338 1.60672885008 1.44389640449
7341 1.64950595706 1.48233830523
7344 1.48242829203 1.33219297124
7347 1.62207390217 1.4576863265
7350 1.60113161559 1.43886641654
7353 1.56794299975 1.4090412702
7356 1.40195664478 1.25987664847
7359 1.61625060014 1.45245318162
7362 1.48440420736 1.33396863927
7365 1.54355830826 1.38712782266
7368 1.64038755358 1.4741439979
7371 1.6707187686 1.50140132405
7374 1.674299226 1.50461892331
7377 1.68012410378 1.50985348426
7380 1.71064136615 1.53727800296
7383 1.61823710483 1.45423836584
7386 1.55936111 1.40132910411
7389 1.53377776566 1.37833848008
7392 1.61037315664 1.44717138218
7395 1.67358117687 1.50397364421
7398 1.65730548713 1.48934739915
