Wave Flux FluxNorm
3600 0.333956034609 0.314521409182
3603 0.246944651597 0.232573667673
3606 0.244379333834 0.230157638992
3609 0.181451205629 0.170891623381
3612 0.249594482915 0.235069291629
3615 0.284230900363 0.267690037164
3618 0.192217474497 0.181031347492
3621 0.237679453908 0.223847659661
3624 0.296717043591 0.279449547267
3627 0.365942156497 0.344646093536
3630 0.276648608735 0.260548998222
3633 0.22199450645 0.209075500256
3636 0.259554842279 0.244450006268
3639 0.326586548566 0.307580791571
3642 0.315508077837 0.297147034237
3645 0.257415314519 0.242434988673
3648 0.219199515121 0.206443163899
3651 0.287953760463 0.271196244818
3654 0.339868877043 0.320090152795
3657 0.366609885597 0.345274964033
3660 0.376435781088 0.354529039947
3663 0.338670255983 0.318961285681
3666 0.348521066349 0.328238826546
3669 0.305623871573 0.287838040955
3672 0.364644321272 0.343423786041
3675 0.368462736226 0.34701998772
3678 0.304727531413 0.286993863456
3681 0.303865557675 0.286182052419
3684 0.338403627265 0.318710173465
3687 0.254270259019 0.239472960186
3690 0.349076277276 0.328761726883
3693 0.351593741254 0.331132686637
3696 0.33594947431 0.316398840338
3699 0.407202121897 0.383504928578
3702 0.395166085147 0.372169330934
3705 0.248426436658 0.233969220012
3708 0.258811930427 0.243750328292
3711 0.335721488158 0.316184121876
3714 0.450223449328 0.424022622904
3717 0.399258546152 0.376023630509
3720 0.188256457811 0.177300842812
3723 0.248655835755 0.234185269191
3726 0.361443079098 0.340408840673
3729 0.321018240709 0.30233653229
3732 0.275625080134 0.259585034034
3735 0.133282259726 0.125525877073
3738 0.217622414191 0.204957842613
3741 0.345502729408 0.325396142211
3744 0.24756570833 0.233158581908
3747 0.201571943708 0.189841431855
3750 0.174396094987 0.164247086044
3753 0.339553794092 0.319793406147
3756 0.382280341583 0.360033475299
3759 0.202550545116 0.190763083395
3762 0.28610841489 0.269458289429
3765 0.298187430968 0.280834365213
3768 0.282639958341 0.266191680269
3771 0.328723527971 0.309593409115
3774 0.367306145821 0.345930705281
3777 0.33558034738 0.31605119481
3780 0.379823729577 0.357719826226
3783 0.388665217939 0.366046782744
3786 0.310836391566 0.292747217504
3789 0.244005343177 0.229805412781
3792 0.29273033473 0.275694845573
3795 0.240050648216 0.226080861933
3798 0.222594639444 0.209640708413
3801 0.292751578516 0.275714853073
3804 0.345154863216 0.325068520148
3807 0.270636096557 0.254886385163
3810 0.309946724174 0.29190932445
3813 0.27591239248 0.259855626192
3816 0.194599122051 0.183274394681
3819 0.19963025507 0.188012740101
3822 0.19342212389 0.182165892118
3825 0.141726394049 0.133478603634
3828 0.164383043965 0.154816746145
3831 0.18778051941 0.176852601724
3834 0.146871471254 0.138324262238
3837 0.194728613257 0.183396350125
3840 0.145450589117 0.136986068568
3843 0.243179403299 0.229027538608
3846 0.222064273465 0.209141207169
3849 0.197173954463 0.185699384305
3852 0.210453784658 0.198206392634
3855 0.188517796241 0.17754697261
3858 0.163093564833 0.153602308459
3861 0.148043201279 0.139427803246
3864 0.229043924312 0.215714676106
3867 0.192192504833 0.181007830942
3870 0.142160414442 0.13388736614
3873 0.169531590355 0.159665672045
3876 0.247939595894 0.233510711025
3879 0.182239588539 0.17163412622
3882 0.151535143654 0.142716531469
3885 0.283154802274 0.266676562776
3888 0.262935000323 0.247633455469
3891 0.335243523203 0.315733972169
3894 0.357863609948 0.337037679309
3897 0.365300401365 0.344041685448
3900 0.33818755696 0.318506677406
3903 0.336845889132 0.317243088154
3906 0.287396419537 0.270671338437
3909 0.36699428264 0.345636991028
3912 0.40228817759 0.378876952055
3915 0.370571310619 0.349005853285
3918 0.357037313045 0.336259468888
3921 0.260769416359 0.245593898014
3924 0.308710302457 0.290744856495
3927 0.226072222665 0.212915913117
3930 0.117512314841 0.11067366668
3933 0.0545559031125 0.0513810135106
3936 0.0890861595705 0.0839017761112
3939 0.197041680279 0.185574807838
3942 0.242904907312 0.228769016959
3945 0.278220465515 0.262029380543
3948 0.339222811517 0.319481685157
3951 0.402345505125 0.378930943405
3954 0.402899357206 0.379452563974
3957 0.373758214178 0.352007294477
3960 0.381312959724 0.359122390384
3963 0.218072420158 0.20538166041
3966 0.132234310582 0.124538913498
3969 0.0648024559997 0.0610312665959
3972 0.168114239101 0.158330803776
3975 0.294369344717 0.277238473109
3978 0.4054050532 0.381812440585
3981 0.465565631363 0.438471964175
3984 0.443604579928 0.417788939679
3987 0.487228839195 0.458874478125
3990 0.498222080965 0.469227966413
3993 0.528990201211 0.498205530926
3996 0.478679454932 0.450822626661
3999 0.519496918681 0.489264711508
4002 0.570489200979 0.537289489694
4005 0.468309779836 0.441056416484
4008 0.54162737171 0.510107279245
4011 0.569556222505 0.536410806053
4014 0.571740044793 0.53846754045
4017 0.562054577565 0.529345720553
4020 0.578562484593 0.544892947263
4023 0.567739283114 0.534699603744
4026 0.584082218708 0.550091459559
4029 0.626333982895 0.589884375497
4032 0.477157117285 0.4493888817
4035 0.51907918032 0.488871283499
4038 0.650901756649 0.613022423686
4041 0.579094148852 0.545393671234
4044 0.521088954638 0.490764098675
4047 0.487081859054 0.458736051517
4050 0.608349978143 0.572946952809
4053 0.567244422337 0.534233541469
4056 0.53427633517 0.503184037465
4059 0.524403763847 0.493886002027
4062 0.553168202948 0.520976489944
4065 0.492156073022 0.463514970783
4068 0.560431153011 0.527816771454
4071 0.549212388377 0.517250884642
4074 0.599538511807 0.564648271182
4077 0.439969425629 0.414365333772
4080 0.581088544871 0.547272003054
4083 0.587911836715 0.553698212326
4086 0.580072715045 0.546315289609
4089 0.691424670515 0.651187100028
4092 0.635166349708 0.598202741296
4095 0.620915588327 0.584781305278
4098 0.581674621328 0.547823972697
4101 0.475479356316 0.447808758302
4104 0.56089204845 0.528250845008
4107 0.632617697776 0.595802408575
4110 0.570984776281 0.537756224911
4113 0.611779471665 0.576176866402
4116 0.64247907906 0.605089905181
4119 0.559357667497 0.526805757602
4122 0.589787138617 0.555464380731
4125 0.612025684152 0.576408750513
4128 0.56469808894 0.531835392357
4131 0.546383241733 0.514586380644
4134 0.501573566537 0.47238441174
4137 0.615600235253 0.579775280035
4140 0.634595400718 0.597665018774
4143 0.455697448907 0.429178062193
4146 0.571378441044 0.538126980289
4149 0.555330741645 0.523013179352
4152 0.548549564233 0.516626633655
4155 0.533157141592 0.502129975539
4158 0.564521805023 0.53166936731
4161 0.5956913141 0.561024961767
4164 0.605635375331 0.570390326747
4167 0.560733931355 0.528101929563
4170 0.597949857845 0.563152069194
4173 0.459209977115 0.432486178254
4176 0.534338592898 0.503242672095
4179 0.525959943288 0.495351619354
4182 0.534141636182 0.503057177307
4185 0.610037961306 0.574536703519
4188 0.537406360724 0.506131910676
4191 0.563963189479 0.531143260489
4194 0.607108453032 0.571777678453
4197 0.492593454655 0.463926898921
4200 0.539338400091 0.5079515147
4203 0.529539282416 0.498722658262
4206 0.582520282117 0.54862042012
4209 0.628134237611 0.591579864099
4212 0.62277178424 0.58652947957
4215 0.507230159756 0.477711818602
4218 0.654117293702 0.61605083204
4221 0.723448795176 0.681347575576
4224 0.559472581755 0.526913984407
4227 0.387207654919 0.364674042839
4230 0.670474425854 0.631456058242
4233 0.62604631912 0.589613452362
4236 0.559129218775 0.526590603491
4239 0.592859811854 0.558358239252
4242 0.64751221858 0.609830140333
4245 0.696747635221 0.656200293942
4248 0.567433389701 0.534411511847
4251 0.583627858277 0.549663540707
4254 0.5962040458 0.561507854963
4257 0.665965454732 0.627209487423
4260 0.523707313975 0.493230082167
4263 0.669127849116 0.630187845755
4266 0.712106004406 0.670664880349
4269 0.609773995246 0.574288099007
4272 0.4686123198 0.441341350086
4275 0.525016376391 0.494462963485
4278 0.684643783171 0.644800827519
4281 0.558213696908 0.525728360567
4284 0.633213033892 0.596363099009
4287 0.554249532315 0.521994891174
4290 0.49167332206 0.463060313591
4293 0.62420266239 0.587877087534
4296 0.554809517922 0.522522288327
4299 0.394937238497 0.371953802051
4302 0.402372299698 0.378956178664
4305 0.406280145121 0.38263660639
4308 0.340426669144 0.320615484094
4311 0.371341598459 0.3497313141
4314 0.548271238916 0.516364505526
4317 0.839721665961 0.790853927848
4320 0.798797710162 0.752311548273
4323 0.602779201275 0.567700368203
4326 0.491562625491 0.462956059026
4329 0.767682547841 0.723007137854
4332 0.758005735455 0.713893469129
4335 0.810455126393 0.763290559282
4338 0.597935869527 0.563138894928
4341 0.549218196871 0.517256355109
4344 0.712367517393 0.670911174546
4347 0.747021786262 0.703548732635
4350 0.772567918209 0.727608203304
4353 0.622351807645 0.58613394358
4356 0.720446085076 0.678519608677
4359 0.678600508946 0.639109242615
4362 0.783924051369 0.738303464458
4365 0.822239430731 0.774389074124
4368 0.702705578688 0.661811513926
4371 0.718080420427 0.676291614264
4374 0.623252075549 0.586981820248
4377 0.714902086673 0.673298244157
4380 0.740738921032 0.697631499763
4383 0.50081035223 0.471665612813
4386 0.625857475765 0.589435598777
4389 0.664032327132 0.625388858496
4392 0.688956132927 0.648862219384
4395 0.682369959835 0.6426593297
4398 0.78561100503 0.739892245578
4401 0.681590650869 0.641925372745
4404 0.651344549514 0.613439448148
4407 0.699816172891 0.659090257566
4410 0.768644261694 0.723912884614
4413 0.85337239327 0.803710248874
4416 0.700974280922 0.660180969313
4419 0.844605942548 0.795453963169
4422 0.762730129544 0.718342926341
4425 0.802647714329 0.755937500825
4428 0.816630065831 0.769106147121
4431 0.772771517129 0.727799953752
4434 0.739042906585 0.696034185151
4437 0.80191398682 0.755246472707
4440 0.8550997264 0.805337059573
4443 0.725300483671 0.68309150476
4446 0.856866321435 0.807000847325
4449 0.86070277029 0.810614033418
4452 0.841350517368 0.792387987984
4455 0.722359070911 0.680321267992
4458 0.747580448377 0.704074883318
4461 0.701892039497 0.66104531878
4464 0.820439669557 0.772694050342
4467 0.82213676944 0.774292387224
4470 0.777787910967 0.732524417739
4473 0.889014586409 0.837278238821
4476 0.930203188696 0.876069863739
4479 0.892250621049 0.840325951902
4482 0.786352018314 0.740590135474
4485 0.936929570194 0.882404802378
4488 0.869130446586 0.81855125973
4491 0.850682165143 0.801176579008
4494 0.835337728268 0.786725114118
4497 0.85857341938 0.808608600429
4500 0.906946951379 0.854167026913
4503 0.957727185263 0.901992096875
4506 0.984444414371 0.927154512516
4509 0.962237021402 0.906239482371
4512 0.940485149556 0.885753464224
4515 0.886424470353 0.834838854988
4518 0.871509767389 0.820792115574
4521 0.948543907211 0.893343241175
4524 0.868299027953 0.817768225639
4527 0.783248049998 0.737666803097
4530 0.772989209422 0.728004977406
4533 0.827461580254 0.779307319811
4536 0.810035187369 0.762895058677
4539 0.921965513297 0.868311581192
4542 0.886618490402 0.835021584008
4545 0.849733851109 0.800283452263
4548 0.857846886133 0.807924347901
4551 0.854642749064 0.804906676107
4554 0.829008015795 0.780763760286
4557 0.917782660069 0.864372149783
4560 0.945320522195 0.890307441571
4563 0.898998846439 0.846681463224
4566 0.852351918757 0.802749161041
4569 0.94030666969 0.885585371023
4572 0.857909079981 0.807982922368
4575 0.933735998304 0.879397080921
4578 0.911060288897 0.858040988089
4581 0.811860329097 0.764613985988
4584 0.853466435886 0.803798818665
4587 0.883485931675 0.832071325043
4590 0.934487784592 0.880105116884
4593 0.859026638651 0.809035444531
4596 0.855267556048 0.805495122348
4599 0.883382898045 0.831974287472
4602 0.871055107401 0.820363914598
4605 0.87967862838 0.828485588379
4608 0.960150452623 0.9042743418
4611 0.942951553611 0.888076335497
4614 0.919122319795 0.865633847795
4617 0.936915764397 0.882391800012
4620 0.924687836252 0.870875478122
4623 0.948389170452 0.893197509346
4626 0.940007855217 0.885303946107
4629 0.923860965776 0.870096727507
4632 0.94721515665 0.892091817467
4635 0.913404179976 0.860248476047
4638 0.875914302782 0.824940328318
4641 0.924301057868 0.870511208369
4644 0.917022360659 0.86365609612
4647 0.819336169027 0.771654768204
4650 0.899421654595 0.847079665991
4653 0.9215530813 0.867923150741
4656 0.851941026194 0.802362180437
4659 0.988975432766 0.931421847563
4662 0.913601751958 0.860434550296
4665 0.881821837758 0.830504073341
4668 0.754353614697 0.71045388413
4671 0.907597479413 0.854779697362
4674 0.894959209539 0.842876913647
4677 0.943846170288 0.888918889812
4680 0.853744591515 0.804060786982
4683 0.891339974031 0.839468300134
4686 0.917777610075 0.864367393674
4689 0.901827787182 0.849345773304
4692 0.894658949156 0.842594126966
4695 0.952256462644 0.896839743844
4698 0.885413652197 0.833886861557
4701 0.87173091877 0.821000397014
4704 0.869732976478 0.819118725297
4707 0.865703181207 0.815323444614
4710 0.864921387793 0.814587147794
4713 0.910776532523 0.857773744963
4716 0.920787670993 0.867202283611
4719 0.973539076088 0.916883812157
4722 0.949480149629 0.894224998814
4725 0.987727712966 0.930246739018
4728 0.849403748738 0.799972560253
4731 0.876867997608 0.82583852272
4734 0.926401562816 0.872489474091
4737 0.89757121668 0.84533691461
4740 0.929494448616 0.875402368902
4743 0.961272363945 0.905330963311
4746 0.962139470252 0.906147608226
4749 0.973839504733 0.91716675731
4752 0.957634191689 0.901904515078
4755 0.915925874962 0.862623420586
4758 0.934099344772 0.879739282382
4761 0.938607408715 0.883984998815
4764 0.872142323167 0.821387859666
4767 0.888086050598 0.836403739302
4770 0.976940491065 0.920087281241
4773 0.943361222482 0.888462163621
4776 0.992344171794 0.934594542279
4779 0.997010840123 0.93898963309
4782 0.980101538979 0.923064371459
4785 0.964710670726 0.908569177273
4788 0.925868374874 0.871987315108
4791 0.937741479767 0.883169462742
4794 1.01096248642 0.952129361076
4797 0.993867960227 0.936029653598
4800 0.924870329007 0.871047350682
4803 1.0121091636 0.95320930719
4806 0.95917637783 0.903356953447
4809 0.943297230571 0.88840189573
4812 0.978259325547 0.921329365936
4815 0.997045374581 0.939022157809
4818 1.01608656183 0.956955240086
4821 1.01368874539 0.954696964962
4824 0.931583208863 0.877369573409
4827 0.999807772103 0.941623797161
4830 0.973264286812 0.916625014288
4833 0.957366018798 0.901651948551
4836 0.985888173584 0.928514251928
4839 0.939156690667 0.884502315215
4842 0.94768310871 0.892532536981
4845 0.990046025901 0.932430137358
4848 0.963282113332 0.907223755008
4851 0.995211702905 0.937295196953
4854 0.953448280439 0.89796220361
4857 0.925497347322 0.871637879564
4860 0.774446675184 0.729377625713
4863 0.81589634427 0.768415124605
4866 0.927043144695 0.87309371901
4869 0.940725561013 0.885979884897
4872 0.833393112436 0.784893665519
4875 0.916499718358 0.863163869072
4878 0.948875957916 0.893655968135
4881 0.964917578266 0.908764043795
4884 0.946894477481 0.891789800275
4887 0.893275116505 0.841290826679
4890 0.881718795696 0.830407027828
4893 0.98006806627 0.923032846701
4896 1.05379735971 0.992471451988
4899 1.01465526327 0.955607236181
4902 0.99581079128 0.937859421283
4905 0.994289969121 0.936427103616
4908 0.984397995282 0.927110794793
4911 0.893479322274 0.84148314866
4914 0.985532241014 0.928179032912
4917 0.982973393703 0.925769098134
4920 0.797682223323 0.751260977371
4923 0.917234557736 0.863855944354
4926 0.958938687905 0.903133095926
4929 1.01473891695 0.955686021615
4932 1.00206259232 0.943747397754
4935 0.935802375874 0.881343205314
4938 0.873538240844 0.822702541688
4941 0.988097563196 0.930595065755
4944 1.02712366732 0.967350039438
4947 0.990584881437 0.932937634109
4950 1.02302181083 0.963486891152
4953 1.00231347322 0.943983678599
4956 0.96871350113 0.912339062315
4959 0.948046927163 0.892875182961
4962 1.02263905963 0.963126414216
4965 0.973419278172 0.9167709859
4968 0.946911554964 0.891805883931
4971 0.96116846274 0.905233108653
4974 1.02092512863 0.961512225713
4977 0.975495629942 0.918726504044
4980 0.941710603132 0.886907602331
4983 0.835960817557 0.787311942625
4986 0.908816598427 0.855927869548
4989 0.973351966131 0.916707591095
4992 0.94744145846 0.892304949607
4995 0.959987425998 0.904120802536
4998 0.954679059941 0.8991213577
5001 0.907140843472 0.854349635424
5004 0.908892426157 0.855999284471
5007 0.871493869792 0.82077714314
5010 0.948057960565 0.892885574272
5013 0.828310414742 0.780106756238
5016 0.885661200723 0.834120003957
5019 0.876337650505 0.825339039252
5022 0.890678326324 0.838845157123
5025 0.930688174415 0.876526625636
5028 0.896706192976 0.8445222311
5031 0.957895067342 0.90215020903
5034 0.999123173331 0.940979038725
5037 0.891179151735 0.839316836918
5040 0.800320126071 0.753745366942
5043 0.889041721725 0.837303794993
5046 1.0138033613 0.954804910781
5049 0.894567500409 0.842508000094
5052 0.9034182066 0.850843638006
5055 0.997863202493 0.939792392094
5058 0.997430790649 0.939385144527
5061 1.01512628559 0.956050847276
5064 0.940697354507 0.885953319874
5067 0.925921437853 0.872037290078
5070 0.965281865663 0.909107131428
5073 0.922914130438 0.869204993405
5076 0.945281900944 0.89027106789
5079 0.849394002932 0.799963381605
5082 0.887257133741 0.835623061395
5085 0.94111876989 0.886350210921
5088 0.945917880834 0.890870036828
5091 0.977450487232 0.920567598098
5094 1.00372347503 0.945311625128
5097 0.912474828345 0.859373208184
5100 0.882208288125 0.830868034166
5103 0.957322970087 0.901611405067
5106 0.928510879 0.874476038279
5109 0.901218955806 0.848772372968
5112 0.958979275146 0.903171321185
5115 0.969779312747 0.913342848852
5118 1.01361967383 0.954631913033
5121 0.949625872306 0.894362241136
5124 0.860056595075 0.810005462475
5127 0.888103859851 0.836420512142
5130 0.891642299375 0.839753031606
5133 0.93466306217 0.880270194155
5136 0.962746432414 0.906719248127
5139 0.876833246243 0.825805793715
5142 0.873977932777 0.823116645679
5145 0.913989553165 0.860799783348
5148 0.884824284383 0.833331792099
5151 0.895641758755 0.843519741801
5154 0.89372702847 0.841716439555
5157 0.96729933506 0.911007193867
5160 0.979181700639 0.92219806326
5163 0.927869230916 0.873871731009
5166 0.76617430407 0.721586666573
5169 0.753821745399 0.709952967051
5172 0.688794791989 0.648710267708
5175 0.923522338266 0.869777806479
5178 0.978480048691 0.921537244061
5181 0.936510973933 0.882010566394
5184 0.647997537145 0.610287215705
5187 0.952868784426 0.897416431461
5190 0.963799271589 0.907710817156
5193 0.853690745323 0.804010074378
5196 0.890273982866 0.838464344498
5199 0.950329885255 0.895025283937
5202 0.962268737051 0.906269352323
5205 0.870117437149 0.819480812217
5208 0.858911791133 0.808927280583
5211 0.93201022007 0.87777173463
5214 0.973916501934 0.917239273646
5217 0.897250844425 0.845035186471
5220 0.972304021992 0.915720632235
5223 0.957667115567 0.901935522945
5226 0.800295115389 0.753721811761
5229 0.921301345294 0.867686064552
5232 0.94651908417 0.891436253038
5235 0.907286947177 0.8544872366
5238 0.991222780595 0.933538410622
5241 1.00658887488 0.948010272561
5244 1.00651574976 0.947941402975
5247 0.931294235323 0.877097416731
5250 0.913740869702 0.86056557206
5253 0.949866294022 0.894588671471
5256 0.943207511202 0.888317397594
5259 1.0304141485 0.970449030535
5262 0.896711719495 0.844527436003
5265 0.794152960268 0.74793710035
5268 0.871978478823 0.82123355027
5271 0.838985757939 0.790160846112
5274 0.919434725433 0.865928072937
5277 0.986878382188 0.929446835183
5280 0.988514527809 0.930987765045
5283 0.913292683147 0.860143467794
5286 1.02889090417 0.969014431651
5289 1.0353528168 0.975100292237
5292 1.04322775722 0.982516949229
5295 1.0090548003 0.950332693054
5298 0.871578846782 0.820857174881
5301 0.959993500851 0.904126523861
5304 1.03498421859 0.974753144662
5307 1.01417062957 0.955150805818
5310 1.06213113543 1.00032024228
5313 1.03816439292 0.977748248224
5316 0.9949175621 0.93701817372
5319 1.01178119381 0.952900423659
5322 0.998353985108 0.940254613535
5325 0.949300561238 0.894055861598
5328 0.796602722242 0.75024429803
5331 0.97887540899 0.921909596304
5334 0.993096762033 0.935303335407
5337 1.00931987341 0.95058234019
5340 0.934450622584 0.880070117525
5343 1.00299214952 0.944622859223
5346 0.980574427239 0.923509739911
5349 0.953650299487 0.898152466126
5352 1.02234794038 0.962852236699
5355 1.0556097587 0.994178378122
5358 1.06825692127 1.00608953703
5361 1.03536693111 0.975113585165
5364 0.99443636058 0.9365649758
5367 0.994474491278 0.936600887476
5370 0.924237826757 0.870451657002
5373 0.99313622577 0.935340502545
5376 1.05003032887 0.988923644115
5379 1.0318951164 0.971843813272
5382 1.00732176687 0.94870051379
5385 1.03948945429 0.978996197437
5388 0.988881903372 0.931333761127
5391 0.945903306707 0.890856310844
5394 0.96153409193 0.905577459993
5397 0.905873013468 0.853155586992
5400 0.983244246086 0.926024188219
5403 0.982440013261 0.925266757853
5406 0.877831603244 0.826746051169
5409 0.947743959787 0.89258984682
5412 1.00150530156 0.943222538621
5415 1.003642002 0.945234893432
5418 1.03164652738 0.971609690923
5421 0.985792356093 0.928424010552
5424 0.961503522799 0.905548669838
5427 1.0503152184 0.989191954453
5430 0.9186285575 0.865168820077
5433 0.959021614201 0.903211196312
5436 0.944401915607 0.889442293442
5439 1.05983642962 0.99815907725
5442 1.06264715482 1.00080623184
5445 0.991331195218 0.933640516038
5448 0.973444513916 0.916794753046
5451 1.06070320157 0.998975407265
5454 0.999973927352 0.941780282979
5457 1.00473359573 0.946262961688
5460 1.05291198663 0.991637603334
5463 0.959913856496 0.904051514423
5466 1.02124221111 0.961810855526
5469 1.03457768031 0.974370264939
5472 1.01276333258 0.953825406703
5475 0.98181576027 0.924678833366
5478 0.947897842889 0.892734774671
5481 0.958819255939 0.903020614322
5484 1.01008025271 0.951298469095
5487 1.0065763967 0.947998520554
5490 1.00638576103 0.947818978963
5493 1.01350445848 0.954523402662
5496 1.03043807605 0.970471565614
5499 1.04031753195 0.979776084989
5502 0.982574892535 0.925393787806
5505 1.01632120297 0.957176226246
5508 1.0109359786 0.952104395886
5511 0.99553629857 0.937600902721
5514 0.963817856214 0.907728320246
5517 1.01361114817 0.954623883526
5520 1.04749284623 0.986533830689
5523 1.03060835834 0.970631938298
5526 0.997749561398 0.939685364361
5529 0.955214757542 0.899625880292
5532 1.021793847 0.962330388872
5535 0.989868495511 0.932262938377
5538 1.01532036479 0.956233632012
5541 1.05983651997 0.998159162341
5544 1.00966171238 0.950904285787
5547 1.02882606519 0.968953365989
5550 1.06179110502 1.0
5553 1.02582956387 0.966131246546
5556 1.03493480264 0.974706604478
5559 1.03582882917 0.975548602986
5562 1.01478880247 0.955733004044
5565 0.992810048667 0.935033307371
5568 0.998743998903 0.940621930414
5571 1.02085943254 0.961450352819
5574 1.00331616023 0.944928014076
5577 1.01442443355 0.955389839634
5580 1.02338826717 0.963832021502
5583 1.01572484165 0.956614570272
5586 0.966950782412 0.910678925297
5589 0.915036790261 0.861786076312
5592 0.972672753865 0.916067905697
5595 0.974749341378 0.918023645863
5598 0.983898442253 0.926640313334
5601 0.959539322164 0.903698776177
5604 0.986633842045 0.929216526093
5607 1.0515698363 0.990373559667
5610 1.05014492213 0.989031568604
5613 1.05340681357 0.992103633742
5616 0.918738142717 0.865272027964
5619 1.00246264016 0.944124164747
5622 1.03083786714 0.970848090796
5625 0.944871356894 0.889884415517
5628 1.01208039496 0.953182212748
5631 1.05663620483 0.995145090057
5634 1.0232889161 0.963738452186
5637 0.982361491568 0.925192805742
5640 0.996411255189 0.938424941098
5643 0.995143050549 0.937230539832
5646 1.00938227066 0.95064110623
5649 1.00842822801 0.949742584238
5652 1.02275195911 0.963232743491
5655 0.976392483163 0.919571164747
5658 0.900646761546 0.848233477645
5661 0.97225554467 0.915674976058
5664 0.994959700225 0.937057859609
5667 0.982764850424 0.925572691064
5670 0.9945181654 0.936642019975
5673 1.04163885882 0.981020517019
5676 1.02821222751 0.968375250696
5679 1.01942874611 0.960102925415
5682 0.98152937281 0.92440911227
5685 0.979326872635 0.922334786949
5688 0.963271941145 0.907214174792
5691 1.0003035728 0.942090744656
5694 1.01556245844 0.956461636978
5697 1.01650556002 0.957349854611
5700 0.971041988139 0.914532042646
5703 0.975418257028 0.918653633859
5706 0.953862363469 0.898352189011
5709 0.901297968281 0.848846787299
5712 0.920098314244 0.866553044089
5715 0.999590976418 0.941419617936
5718 1.00950414939 0.950755892207
5721 1.03397434399 0.973802039872
5724 1.03911632425 0.978644781758
5727 1.00066175132 0.942428078916
5730 1.02345120977 0.963891301153
5733 1.01691877561 0.95773902305
5736 1.03205191508 0.971991487023
5739 1.02949666881 0.969584943721
5742 1.01345741728 0.954479099031
5745 1.03469798861 0.974483571874
5748 0.987422363957 0.929959159844
5751 1.02263596554 0.963123500186
5754 0.940271795981 0.885552526795
5757 1.0272115861 0.96743284177
5760 1.00667489657 0.948091288205
5763 0.971578610063 0.91503743577
5766 1.04734205969 0.986391819198
5769 1.03905961414 0.978591371901
5772 1.01616069042 0.957025054755
5775 1.0127337473 0.953797543146
5778 1.03340476843 0.973265610854
5781 0.945555199459 0.890528461754
5784 0.956054856303 0.90041708937
5787 0.997374417318 0.939332051852
5790 1.01085529265 0.952028405463
5793 1.01284340333 0.953900817724
5796 1.03275364118 0.97265237606
5799 1.02442033271 0.964804025823
5802 1.05783026386 0.99626966063
5805 1.0012081677 0.942942696509
5808 1.02787273205 0.968055512229
5811 1.04893983294 0.987896609777
5814 1.04835408742 0.987344951809
5817 1.02627119068 0.966547172817
5820 1.06633096755 1.00427566449
5823 1.06428352827 1.00234737627
5826 1.06495317699 1.00297805468
5829 1.0611427001 0.999389329109
5832 1.05861008653 0.997004101396
5835 1.04890990616 0.987868424592
5838 1.05366359519 0.992345471917
5841 1.0750444782 1.01248209098
5844 1.07313253407 1.01068141275
5847 1.03915628242 0.978682414563
5850 1.05474467897 0.993363641852
5853 1.01367420661 0.954683272273
5856 1.01959742892 0.9602617917
5859 0.995372158131 0.937446314462
5862 1.02701554524 0.967248209541
5865 1.04908742057 0.98803560852
5868 1.0416483272 0.981029434391
5871 1.0658841385 1.00385483873
5874 1.05593390449 0.994483660201
5877 1.05478853111 0.99340494201
5880 1.02938323515 0.96947811135
5883 1.02673024722 0.966979514489
5886 1.02704467462 0.967275643735
5889 0.882876391727 0.831497257371
5892 0.932186609987 0.877937859507
5895 0.918413972582 0.864966722963
5898 0.968309167397 0.911958258849
5901 1.01859336135 0.959316156009
5904 1.03717622741 0.976817589172
5907 1.02246507603 0.962962555624
5910 1.02743135956 0.967639825483
5913 1.01936556824 0.960043424192
5916 0.984977976283 0.927657023707
5919 1.01151817956 0.952652715562
5922 1.01500192749 0.955933726221
5925 1.04435835042 0.983581747371
5928 1.01950523266 0.960174960821
5931 1.00529876684 0.946795242572
5934 1.03934662706 0.978861682064
5937 1.05275803543 0.99149261135
5940 0.997892392808 0.939819883674
5943 1.00690521282 0.948308201164
5946 1.01240640101 0.953489246825
5949 0.977282221076 0.920409124218
5952 1.0242448223 0.964638729272
5955 1.02029861741 0.960922174413
5958 0.999256840648 0.941104927251
5961 1.05270656622 0.991444137406
5964 1.04170953485 0.981087080053
5967 1.00528838606 0.946785465904
5970 1.0420664883 0.981423260534
5973 1.04297850069 0.982282198219
5976 0.975970671149 0.919173900151
5979 1.01997803451 0.960620247885
5982 1.02910611066 0.969217114172
5985 0.977259208084 0.920387450471
5988 1.00990945016 0.951137606428
5991 1.00626999609 0.947709950977
5994 1.02987563721 0.969941858001
5997 1.00106133501 0.942804408776
6000 1.01651643941 0.957360100877
6003 0.998656740713 0.940539750229
6006 0.992468178094 0.934711332012
6009 0.97758455627 0.920693864966
6012 0.993004945255 0.935216861922
6015 0.988755113596 0.931214349903
6018 0.99860106491 0.940487314489
6021 0.959336183022 0.90350745875
6024 0.978798855962 0.921837498292
6027 0.989639597547 0.932047361167
6030 1.00742469124 0.948797448457
6033 1.01734295709 0.958138519227
6036 1.02171427344 0.962255446106
6039 1.01096493658 0.952131668647
6042 0.994175820492 0.936319597885
6045 1.01474031095 0.955687334498
6048 1.01840391375 0.959137733339
6051 1.01807179938 0.958824946415
6054 0.996899630704 0.938884895521
6057 0.999083420436 0.940941599257
6060 1.02012189331 0.960755734803
6063 0.988618187773 0.931085392501
6066 0.97317574684 0.916541626914
6069 1.02462983318 0.965001334385
6072 1.02690120056 0.967140519169
6075 1.01977243068 0.9604266092
6078 0.975164336826 0.918414490584
6081 0.99218257477 0.93444234942
6084 0.975671966597 0.918892578758
6087 0.990636648575 0.932986388649
6090 0.975170465643 0.918420262734
6093 0.98269547721 0.925507355036
6096 1.00327230592 0.944886711871
6099 1.00899264555 0.950274155416
6102 0.929657449353 0.875555883785
6105 1.00571984215 0.947191813335
6108 0.98348968425 0.926255343069
6111 1.00534577183 0.946839512096
6114 1.01893852192 0.959641229895
6117 0.996485036476 0.938494428671
6120 0.9841168239 0.926845986226
6123 0.964790223911 0.908644100848
6126 0.989974605475 0.932362873255
6129 0.979808185649 0.922788089874
6132 1.00309658468 0.944721216755
6135 0.966579363354 0.910329121031
6138 0.896050473806 0.843904671614
6141 0.965145717293 0.908978906235
6144 0.998133834975 0.940047275074
6147 0.988546510934 0.931017886907
6150 0.977082625197 0.920221143854
6153 0.997829972306 0.939761095743
6156 0.980657092451 0.923587594408
6159 0.990302638886 0.932671816709
6162 0.881500080454 0.830201040755
6165 0.958225142019 0.902461074958
6168 0.957493581069 0.901772087316
6171 0.959907641158 0.904045660787
6174 0.981258880158 0.924154360981
6177 0.973565150298 0.916908368974
6180 0.988920148705 0.931369780767
6183 1.01843505153 0.959167059049
6186 0.99890993805 0.940778212706
6189 0.98086974392 0.92378787059
6192 0.934904292385 0.880497385939
6195 1.00787921127 0.94922551762
6198 1.00764304345 0.949003093624
6201 0.983420267732 0.926189966257
6204 1.00900511287 0.950285897199
6207 1.01584422906 0.95672700991
6210 1.00632304333 0.947759911124
6213 0.953200748307 0.89772907665
6216 0.950868078463 0.895532156905
6219 0.950925796699 0.895586516219
6222 0.979380448827 0.922385245265
6225 0.987333420634 0.929875392593
6228 0.984733498169 0.927426773035
6231 0.904362689319 0.851733156401
6234 0.991814309787 0.934095515677
6237 0.990930600293 0.9332632338
6240 0.952564913561 0.89713024441
6243 0.935443784126 0.88100548187
6246 0.927201189514 0.873242566384
6249 0.988262659234 0.930750554002
6252 0.930200372228 0.876067211176
6255 0.926328932859 0.872421070847
6258 0.904131900915 0.851515798765
6261 0.959641471732 0.903794981134
6264 0.976327094005 0.919509580921
6267 0.9818291453 0.924691439451
6270 0.956956658568 0.901266411106
6273 0.981459917926 0.924343699324
6276 0.862496204018 0.812303097981
6279 0.873319490444 0.822496521503
6282 0.907829692545 0.854998396814
6285 0.962170655564 0.906176978704
6288 0.964255494506 0.908140490107
6291 0.926755642791 0.872822948325
6294 0.939146416038 0.88449263852
6297 0.914125078031 0.860927421323
6300 0.932852934217 0.87856540689
6303 0.923920536666 0.870152831659
6306 0.965758734015 0.90955624835
6309 0.965854679604 0.90964661037
6312 0.952784451076 0.897337005904
6315 0.897356478782 0.845134673419
6318 0.892032600211 0.840120618822
6321 0.95282367481 0.897373947006
6324 0.972518719543 0.915922835427
6327 0.970411699069 0.91393843335
6330 0.974220075752 0.917525180936
6333 0.989197845957 0.931631317383
6336 0.917630891703 0.864229213602
6339 0.957381162281 0.901666210757
6342 0.981978926329 0.92483250395
6345 0.957688576128 0.901955734605
6348 0.984431223921 0.927142089687
6351 0.997380029352 0.939337337292
6354 0.969296452648 0.912888088875
6357 0.974556757493 0.917842269429
6360 0.918934111897 0.865456592686
6363 0.948976809034 0.893750950206
6366 0.977486362838 0.920601385917
6369 0.985263146889 0.927925598763
6372 0.990593369955 0.932945628636
6375 1.00017968197 0.941974063675
6378 0.993037356406 0.9352473869
6381 0.971963240842 0.915399682898
6384 0.988776742575 0.93123472018
6387 1.00090568031 0.942657812422
6390 0.995249896961 0.9373311683
6393 0.932542325067 0.878272873691
6396 0.994688719559 0.936802648707
6399 0.94563253823 0.890601299782
6402 0.983009724513 0.925803314666
6405 1.00087795297 0.942631698682
6408 0.94279726606 0.887931026735
6411 0.958183303885 0.9024216716
6414 0.971691632026 0.915143880401
6417 0.977089665487 0.920227774432
6420 0.938086192779 0.883494115125
6423 0.980969971082 0.923882265016
6426 1.00046065097 0.942238681639
6429 0.980501999686 0.923441527292
6432 0.941828038893 0.887018203899
6435 0.997515017274 0.93946446957
6438 0.949576567454 0.894315805588
6441 0.985582158261 0.928226045217
6444 0.99414995886 0.936295241275
6447 0.994304117784 0.936440428895
6450 0.884831860428 0.833338927255
6453 0.982215038084 0.925054875143
6456 0.931603403026 0.87738859237
6459 0.975227507665 0.918473985186
6462 0.897120799484 0.844912709516
6465 0.950392713025 0.895084455435
6468 0.942806734815 0.887939944454
6471 0.917272568791 0.86389174335
6474 0.897157822206 0.844947577695
6477 0.948363934023 0.893173741555
6480 0.946817868066 0.891717649157
6483 0.867837575576 0.817333627557
6486 0.952667327322 0.897226698185
6489 0.943166815493 0.888279070178
6492 0.901731895866 0.849255462399
6495 0.802996691644 0.756266169349
6498 0.898038482835 0.845776988136
6501 0.942779991423 0.887914757398
6504 0.968515747114 0.912152816626
6507 0.970101324477 0.913646121057
6510 0.966790108822 0.910527602133
6513 0.932762988895 0.878480695951
6516 0.861838089795 0.811683282821
6519 0.92547544765 0.871617254347
6522 0.944166452135 0.889220532804
6525 0.974368615853 0.917665076722
6528 0.953487091838 0.897998756373
6531 0.938758874128 0.884127649674
6534 0.938934467249 0.884293024124
6537 0.972004568304 0.915438605302
6540 0.972999163527 0.916375319896
6543 0.923911519078 0.870144338851
6546 0.898602057101 0.846307765107
6549 0.95436489528 0.898825475902
6552 0.915311988849 0.862045259674
6555 0.909910826764 0.85695841909
6558 0.926573840421 0.872651725974
6561 0.794520219891 0.74828298724
6564 0.703708033045 0.66275563029
6567 0.942116447635 0.887289828648
6570 0.911443857538 0.85840223489
6573 0.896563589162 0.844387926138
6576 0.936518099316 0.882017277114
6579 0.958167604662 0.902406885996
6582 0.941744616026 0.886939635839
6585 0.9300517243 0.875927213838
6588 0.952960787507 0.897503080408
6591 0.949265037002 0.894022404701
6594 0.879748527902 0.828551420087
6597 0.931282077977 0.877085966884
6600 0.946800347589 0.891701148286
6603 0.949977069964 0.89469300079
6606 0.934273407616 0.879903215611
6609 0.90042282581 0.848022573886
6612 0.94712438994 0.892006332941
6615 0.952945839426 0.897489002232
6618 0.953587493679 0.898093315313
6621 0.960235044011 0.904354010378
6624 0.932282970709 0.878028612501
6627 0.940651369757 0.885910011214
6630 0.945563750541 0.890536515204
6633 0.900625736776 0.848213676416
6636 0.94071672269 0.885971560923
6639 0.945192230534 0.890186615864
6642 0.935810400913 0.881350763334
6645 0.926261537715 0.872357597774
6648 0.938060822836 0.88347022159
6651 0.95474712117 0.899185458094
6654 0.947409925671 0.892275251873
6657 0.947632164406 0.89248455739
6660 0.947518151176 0.892377179178
6663 0.897777853512 0.845531526178
6666 0.936715135429 0.882202846679
6669 0.939771940072 0.885081760081
6672 0.949241067705 0.893999830301
6675 0.948128517459 0.892952025097
6678 0.878182051759 0.827076105276
6681 0.946603747433 0.891515989309
6684 0.950344296748 0.895038856752
6687 0.952971329539 0.897513008944
6690 0.949454060187 0.894200427651
6693 0.94703639246 0.891923456488
6696 0.92221762852 0.868549024528
6699 0.931939578862 0.877705204398
6702 0.937669446862 0.883101621804
6705 0.919526182006 0.866014207179
6708 0.940519662799 0.885785968964
6711 0.92222178791 0.868552941862
6714 0.917842204577 0.864428229089
6717 0.889206868154 0.837459330698
6720 0.934344134443 0.879969826478
6723 0.933489191354 0.879164636941
6726 0.925455775371 0.8715987269
6729 0.941027198172 0.886263968233
6732 0.937056454808 0.882524302921
6735 0.941001054445 0.886239345944
6738 0.921945471348 0.868292705587
6741 0.924307458976 0.870517236963
6744 0.925579205925 0.871714974393
6747 0.930691999162 0.876530227801
6750 0.899609580394 0.847256655418
6753 0.923455829286 0.869715168
6756 0.931909099205 0.87767649851
6759 0.941842328622 0.887031662035
6762 0.938899157214 0.884259768963
6765 0.932003914205 0.877765795735
6768 0.896372586312 0.844208038731
6771 0.897712747426 0.845470208951
6774 0.927772795539 0.873780907705
6777 0.928522608456 0.874487085138
6780 0.934046617925 0.879689623983
6783 0.914333845596 0.861124039626
6786 0.911281380377 0.858249213114
6789 0.930883482232 0.876710567483
6792 0.921976207943 0.868321653461
6795 0.913734570253 0.860559639209
6798 0.920043828956 0.866501729581
6801 0.923898345995 0.870131932378
6804 0.916404565609 0.863074253754
6807 0.913995195429 0.860805097261
6810 0.910007389999 0.857049362812
6813 0.926251921278 0.872348540967
6816 0.924261614052 0.870474059992
6819 0.926495654743 0.872578090324
6822 0.929222168483 0.875145934156
6825 0.935312578759 0.880881912021
6828 0.907424154741 0.854616459348
6831 0.927695023966 0.873707662061
6834 0.93008857122 0.875961916446
6837 0.920257295146 0.866702773072
6840 0.885433840725 0.833905875211
6843 0.874831374092 0.823920420838
6846 0.921592230149 0.867960021316
6849 0.921492114731 0.867865732132
6852 0.921399333132 0.867778349973
6855 0.88675861379 0.835153552893
6858 0.896590363051 0.844413141917
6861 0.894809269369 0.842735699269
6864 0.92110307566 0.867499333252
6867 0.932435814328 0.878172561361
6870 0.93536741956 0.880933561352
6873 0.912066250898 0.858988407968
6876 0.917589797108 0.864190510514
6879 0.921706835632 0.868067957315
6882 0.891966880092 0.840058723296
6885 0.918667381746 0.865205384939
6888 0.928777253075 0.874726910672
6891 0.936398229385 0.881904383033
6894 0.926713038149 0.872782823067
6897 0.923125851107 0.869404392955
6900 0.922789920913 0.869088012273
6903 0.926246401039 0.872343341979
6906 0.913225020209 0.860079742512
6909 0.928794986297 0.874743611906
6912 0.911433075629 0.858392080437
6915 0.881455625517 0.83015917288
6918 0.90927728182 0.856361743397
6921 0.919671860124 0.866151407536
6924 0.893326248974 0.841338983486
6927 0.89764712923 0.845408409417
6930 0.897310731066 0.845091587999
6933 0.881788271325 0.830472460312
6936 0.904860423286 0.852201924659
6939 0.893704521891 0.84169524275
6942 0.903694969015 0.851104294188
6945 0.869522851861 0.818920828916
6948 0.898061176857 0.845798361476
6951 0.888958110409 0.837225049451
6954 0.892872383083 0.840911530394
6957 0.909778941383 0.856834208801
6960 0.90584125368 0.85312567547
6963 0.894167171117 0.842130968029
6966 0.896207191026 0.84405226865
6969 0.892514892545 0.840574844076
6972 0.88980977089 0.838027147412
6975 0.87964860699 0.828457314089
6978 0.817955413807 0.770354366257
6981 0.875864277187 0.82489321397
6984 0.906441527839 0.853691016577
6987 0.89899393199 0.846676834772
6990 0.89569945242 0.843574077974
6993 0.901675430643 0.849202283177
6996 0.908138034115 0.855288794396
6999 0.879306433998 0.828135053909
7002 0.896612589506 0.8444340749
7005 0.865898845462 0.815507722156
7008 0.887902158165 0.836230548518
7011 0.894293387343 0.842249839082
7014 0.880208949488 0.828985047364
7017 0.829620403819 0.78134051029
7020 0.901522747344 0.849058485308
7023 0.864589111765 0.814274208623
7026 0.867864037626 0.817358549644
7029 0.899713193723 0.847354238952
7032 0.902206777249 0.849702707982
7035 0.89147414343 0.839594661523
7038 0.86232894347 0.812145571187
7041 0.923331117631 0.86959771396
7044 0.913296848879 0.8601473911
7047 0.920907407282 0.867315051827
7050 0.906114534149 0.853383052337
7053 0.87104758529 0.820356830237
7056 0.906945490716 0.854165651253
7059 0.880107521971 0.828889522438
7062 0.880971692128 0.829703402073
7065 0.876052698336 0.82507066992
7068 0.857590923144 0.80768328072
7071 0.889735955389 0.837957627616
7074 0.896714463751 0.844530020557
7077 0.876119924888 0.825133984212
7080 0.904802399552 0.852147277626
7083 0.88298812287 0.831602486302
7086 0.858796847958 0.808819026545
7089 0.881312143459 0.830024040784
7092 0.879890018834 0.828684676931
7095 0.884195729285 0.832739815866
7098 0.889154951515 0.837410435357
7101 0.893303014481 0.841317101128
7104 0.894271758004 0.842229468465
7107 0.880472183859 0.829232962768
7110 0.876449394026 0.82544427984
7113 0.876843883633 0.825815812061
7116 0.889866434625 0.838080513592
7119 0.885435516149 0.833907453133
7122 0.856435780533 0.80659536182
7125 0.895090105195 0.843000191809
7128 0.873600606087 0.822761277576
7131 0.848643811601 0.79925684778
7134 0.889890728714 0.838103393883
7137 0.888566560717 0.836856286056
7140 0.879057272964 0.827900392842
7143 0.87891648369 0.827767796822
7146 0.8559241415 0.806113497704
7149 0.823387343049 0.775470183499
7152 0.876778448776 0.825754185196
7155 0.861663668275 0.81151901179
7158 0.865291930606 0.814936126808
7161 0.857813250937 0.807892670112
7164 0.818278041647 0.770658218718
7167 0.84746558063 0.798147184151
7170 0.850132468183 0.800658871751
7173 0.859380334121 0.809368556636
7176 0.839328926811 0.790484044216
7179 0.864511799424 0.814201395486
7182 0.830281341024 0.781962984147
7185 0.849460738064 0.800026233075
7188 0.807639791953 0.760639063685
7191 0.840761768627 0.791833501572
7194 0.826539730702 0.778439117442
7197 0.821839961279 0.774012851861
7200 0.851350924995 0.801806420272
7203 0.833197305396 0.784709253501
7206 0.845154535599 0.795970630759
7209 0.824597287844 0.77660971536
7212 0.877166777626 0.826119915186
7215 0.839849892111 0.790974691856
7218 0.860518280913 0.81044028043
7221 0.852019883494 0.802436448623
7224 0.84682350514 0.797542474348
7227 0.864638113571 0.814320358761
7230 0.865240640549 0.814887821584
7233 0.880560915741 0.829316530884
7236 0.869406797446 0.818811528307
7239 0.868825328589 0.818263898124
7242 0.895180849039 0.843085654801
7245 0.848551674623 0.799170072729
7248 0.868834157391 0.818272213132
7251 0.827957476711 0.779774357493
7254 0.862856605259 0.812642525614
7257 0.865169309611 0.814820641761
7260 0.839578796389 0.790719372594
7263 0.838136310805 0.789360832692
7266 0.871674648348 0.820947401259
7269 0.858033175834 0.808099796443
7272 0.865870329339 0.815480865533
7275 0.837870371311 0.789110369589
7278 0.853027442951 0.803385372994
7281 0.850705789106 0.801198828171
7284 0.828260843401 0.78006006971
7287 0.84151903251 0.79254669636
7290 0.798181959508 0.751731631328
7293 0.792340947109 0.74623053759
7296 0.855131223436 0.805366723634
7299 0.841404068813 0.792438422994
7302 0.842867381049 0.793816577538
7305 0.853078802804 0.803433743953
7308 0.822374951574 0.774516708309
7311 0.817047650516 0.769499430398
7314 0.852356889758 0.802753842753
7317 0.835500149767 0.786878083471
7320 0.838028982637 0.789259750504
7323 0.841438820247 0.792471152063
7326 0.809854363529 0.762724757909
7329 0.842947871303 0.793892383649
7332 0.844942511215 0.795770945168
7335 0.847899915154 0.798556242507
7338 0.857680616266 0.807767754136
7341 0.856931580287 0.807062308427
7344 0.82816749025 0.77997214926
7347 0.848114265729 0.798758118916
7350 0.833780378175 0.785258394266
7353 0.831068843652 0.782704657932
7356 0.802011878056 0.755338667147
7359 0.841027546028 0.792083812013
7362 0.82137964407 0.773579322886
7365 0.834944606901 0.786354870513
7368 0.843006346928 0.793947456275
7371 0.846367756541 0.797113248113
7374 0.845799187595 0.796577767128
7377 0.84175291805 0.792766970893
7380 0.850803327788 0.801290690573
7383 0.827912984486 0.7797324545
7386 0.798083474401 0.751638877578
7389 0.790964395255 0.744934094393
7392 0.836775252952 0.788078981821
7395 0.830895521344 0.782541422144
7398 0.840225102454 0.791328066773
