Wave Flux FluxNorm
3600 0.69503634325 0.676915692133
3603 0.600110911354 0.58446511015
3606 0.585342071449 0.57008131629
3609 0.511209887148 0.497881870416
3612 0.604388000909 0.588630689497
3615 0.626237343614 0.609910386715
3618 0.518021557702 0.504515950392
3621 0.58151014718 0.566349296096
3624 0.62502368616 0.60872837115
3627 0.727883222559 0.708906203504
3630 0.612470868458 0.596502824435
3633 0.555366814087 0.540887559329
3636 0.602615687154 0.586904582648
3639 0.680248593861 0.662513481789
3642 0.654294107401 0.637235668137
3645 0.584856651247 0.569608551729
3648 0.563201217121 0.548517707599
3651 0.632082622091 0.61560326992
3654 0.697917138439 0.679721380625
3657 0.71121711471 0.692674606352
3660 0.716640794366 0.697956882457
3663 0.693010921683 0.674943076377
3666 0.710703211152 0.692174101039
3669 0.65521119668 0.638128847508
3672 0.723291584826 0.704434276728
3675 0.707863330273 0.689408260159
3678 0.635639958057 0.619067860745
3681 0.631593706951 0.61512710154
3684 0.671753762524 0.654240123582
3687 0.596728920053 0.58117129249
3690 0.689109226974 0.671143104764
3693 0.709272062532 0.690780264633
3696 0.71082611645 0.692293802009
3699 0.743208911783 0.723832328777
3702 0.71772444714 0.69901228276
3705 0.556403409505 0.541897129133
3708 0.598206617205 0.582610463836
3711 0.657629587856 0.64048418756
3714 0.770137633244 0.750058977647
3717 0.76265646072 0.742772850631
3720 0.508891836434 0.495624254798
3723 0.571716639548 0.556811120055
3726 0.732249161844 0.713158316134
3729 0.715319428285 0.696669966393
3732 0.633894072747 0.617367493312
3735 0.409303689906 0.398632522222
3738 0.554893671585 0.540426752369
3741 0.733184121317 0.714068899796
3744 0.611502535646 0.595559737527
3747 0.538769025719 0.524722500466
3750 0.434463267145 0.423136151141
3753 0.693916313244 0.675824863008
3756 0.778121613382 0.757834803319
3759 0.55953543742 0.544947500333
3762 0.687152536516 0.669237428193
3765 0.679815475291 0.662091655277
3768 0.634108093992 0.617575934699
3771 0.576727383773 0.561691226582
3774 0.738125102214 0.71888106183
3777 0.759653454709 0.73984813754
3780 0.816275572358 0.794994030745
3783 0.828009073847 0.806421622062
3786 0.749179488043 0.729647243062
3789 0.710511462088 0.691987351164
3792 0.733764521873 0.714634168429
3795 0.634002719835 0.617473307806
3798 0.500988470142 0.487926941246
3801 0.708706362931 0.690229313678
3804 0.818720483445 0.797375199293
3807 0.743515123445 0.724130557037
3810 0.851358797955 0.829162583465
3813 0.730432944117 0.711389449956
3816 0.634120981701 0.617588486405
3819 0.7239465485 0.705072164506
3822 0.683711843104 0.665886438874
3825 0.568511181633 0.553689233286
3828 0.536543835813 0.522555324633
3831 0.522991981051 0.509356787269
3834 0.414136869826 0.403339693815
3837 0.448803795734 0.43710280041
3840 0.477172492326 0.464731882076
3843 0.718571381415 0.699837136175
3846 0.76124877194 0.741401862432
3849 0.797013134303 0.77623379365
3852 0.824502824408 0.803006785861
3855 0.780659857592 0.760306871655
3858 0.702377020818 0.684064987109
3861 0.686894528884 0.66898614721
3864 0.841147678747 0.819217683615
3867 0.831587562229 0.809906813828
3870 0.814504323035 0.793268960576
3873 0.643768858974 0.626984828892
3876 0.783595344107 0.763165825586
3879 0.685983468845 0.668098839888
3882 0.759931309022 0.74011874777
3885 0.670125412359 0.652654226975
3888 0.518408214674 0.504892526631
3891 0.642362657492 0.625615289215
3894 0.698299519126 0.680093792067
3897 0.765944637474 0.745975299633
3900 0.741408099608 0.722078466505
3903 0.716521188901 0.697840395288
3906 0.653032715941 0.636007163064
3909 0.815793923895 0.794524939587
3912 0.853236607682 0.830991435846
3915 0.801347856937 0.780455503494
3918 0.778393387816 0.758099492181
3921 0.688423838298 0.67047558521
3924 0.734002632376 0.71486607103
3927 0.589638648252 0.574265874822
3930 0.348012101339 0.338938898285
3933 0.1652421781 0.160934064016
3936 0.257725702188 0.25100640243
3939 0.519812062284 0.506259773805
3942 0.654038556665 0.636986779995
3945 0.688484041693 0.670534219011
3948 0.767667085297 0.74765284063
3951 0.831215353971 0.809544309603
3954 0.827569315721 0.805993329097
3957 0.775882154363 0.755653730392
3960 0.776773881098 0.756522208459
3963 0.570470413727 0.55559738523
3966 0.372032312235 0.362332865868
3969 0.187583042744 0.182692468451
3972 0.441099448059 0.429599316759
3975 0.681913932442 0.664135402468
3978 0.821406590865 0.799991275821
3981 0.903149772567 0.879603288856
3984 0.880870396499 0.857904769897
3987 0.891525116694 0.868281705385
3990 0.944231301526 0.919613760077
3993 0.992774463629 0.966891328355
3996 0.933002259201 0.908677475909
3999 0.945747420332 0.921090351367
4002 0.997098211162 0.971102349235
4005 0.891421613592 0.868180900765
4008 0.986042652141 0.960335025397
4011 1.01850884449 0.991954774891
4014 1.00811496723 0.981831881767
4017 0.985718555248 0.960019378202
4020 1.02633045208 0.999572461321
4023 1.02864916696 1.00183072379
4026 1.02984335189 1.0029937745
4029 1.02772077111 1.00092653262
4032 0.930661116519 0.906397370365
4035 0.971757495354 0.946422304303
4038 1.09273117469 1.06424201643
4041 1.03303445671 1.00610168238
4044 0.969241939434 0.94397233274
4047 0.932975115502 0.908651039886
4050 1.05961701393 1.03199119204
4053 1.02861913023 1.00180147015
4056 1.0027121164 0.976569891452
4059 1.00012629234 0.974051483742
4062 1.00654453328 0.980302391416
4065 0.955426922874 0.930517494605
4068 1.01615504094 0.989662338567
4071 0.967333597997 0.942113744656
4074 1.03635040523 1.0093311791
4077 0.928264965773 0.904063690901
4080 1.0208723925 0.994256701628
4083 1.03687931276 1.0098462972
4086 1.02304578388 0.9963734294
4089 1.09434363302 1.06581243552
4092 1.04790619316 1.02058569011
4095 1.02803495036 1.00123252075
4098 0.952852301597 0.928009997607
4101 0.694666072072 0.676555074486
4104 0.860470409745 0.838036641723
4107 0.998858124415 0.972816378882
4110 1.01165650333 0.985281084652
4113 1.05982734819 1.03219604256
4116 1.10076713449 1.07206846657
4119 1.02558996874 0.998851283505
4122 1.0412355527 1.01408896337
4125 1.08398449748 1.05572337835
4128 1.04517193187 1.01792271516
4131 1.04312054274 1.01592480886
4134 0.99474402469 0.968809539973
4137 1.08790946542 1.05954601643
4140 1.12019266505 1.0909875441
4143 0.988366273192 0.962598066125
4146 1.08739526205 1.05904521912
4149 1.06556815531 1.03778717814
4152 1.07644287409 1.04837837652
4155 1.01832400945 0.991774758782
4158 1.05438995531 1.02690041076
4161 1.10089319103 1.07219123663
4164 1.11510190831 1.08602951111
4167 1.05675884415 1.02920753908
4170 1.09162032843 1.06316013161
4173 0.958325309809 0.933340316198
4176 1.04291078056 1.0157205155
4179 1.06500332925 1.03723707796
4182 1.03532893707 1.00833634216
4185 1.06155341213 1.0338771054
4188 0.984356559335 0.958692891587
4191 1.06569565433 1.03791135307
4194 1.11092175268 1.08195833847
4197 1.0354018338 1.00840733836
4200 1.00959439699 0.983272740557
4203 1.02104334512 0.994423197248
4206 1.06061234331 1.03296057168
4209 1.08422033698 1.05595306916
4212 1.09160509306 1.06314529345
4215 1.03916206636 1.01206953596
4218 1.03810402691 1.01103908121
4221 1.09598211099 1.06740819589
4224 0.996321415832 0.970345806137
4227 0.758369535718 0.738597692263
4230 1.06954508936 1.04166042749
4233 1.03144917448 1.00455773087
4236 0.972146410829 0.946801080162
4239 1.0063425861 0.980105709307
4242 1.03921701386 1.0121230509
4245 1.06149469518 1.0338199193
4248 0.964161063072 0.939023922527
4251 0.981992330134 0.956390301425
4254 0.999804060934 0.973737653402
4257 1.07462770477 1.04661053141
4260 0.926615648309 0.902457373644
4263 1.05342445507 1.02596008258
4266 1.068755536 1.04089145898
4269 1.00311112539 0.976958497676
4272 0.862369675358 0.839886390603
4275 0.926564840252 0.90240789023
4278 1.05859508231 1.03099590372
4281 0.970957527243 0.945643192574
4284 1.00557053314 0.979353784936
4287 0.930777314482 0.906510538871
4290 0.853780889923 0.831521527824
4293 0.972929621177 0.947563871029
4296 0.920156744653 0.896166863397
4299 0.744736025594 0.725319628416
4302 0.740932624373 0.72161538763
4305 0.788316261919 0.767763661914
4308 0.679632239968 0.661913197176
4311 0.746102527859 0.726650503895
4314 0.906443835741 0.882811470809
4317 1.12498549436 1.09565541708
4320 1.0961671643 1.06758842458
4323 0.942899595435 0.918316773583
4326 0.854271398312 0.831999247916
4329 1.07672345326 1.04865164056
4332 1.07277158923 1.04480280762
4335 1.05603717852 1.02850468837
4338 0.846058245006 0.824000223967
4341 0.680301499606 0.6625650082
4344 0.949817117107 0.925053944978
4347 1.05316582754 1.02570819786
4350 1.06207808979 1.03438810392
4353 0.963421660016 0.938303796829
4356 1.05454345557 1.02704990904
4359 1.04479573451 1.01755632584
4362 1.11099883929 1.08203341532
4365 1.12529518607 1.09595703467
4368 1.05635214942 1.02881144749
4371 1.0579756293 1.03039260079
4374 1.01401743763 0.987580465823
4377 1.05918560276 1.03157102841
4380 1.08569374743 1.05738806557
4383 0.880845962149 0.857880972587
4386 1.01277584364 0.986371242072
4389 1.04629998313 1.01902135642
4392 1.07628492557 1.04822454596
4395 1.02805534487 1.00125238354
4398 1.11493495922 1.08586691464
4401 1.03781812802 1.01076063613
4404 1.01249816978 0.986100807584
4407 1.06991105397 1.04201685085
4410 1.12152201478 1.09228223567
4413 1.16543810832 1.13505337008
4416 1.04791087172 1.0205902467
4419 1.16049480563 1.13023894679
4422 1.13569080529 1.10608162433
4425 1.13540520662 1.10580347166
4428 1.14755649171 1.11763795432
4431 1.14201939687 1.11224521994
4434 1.08514150606 1.05685022196
4437 1.14115888874 1.11140714655
4440 1.18293834713 1.15209735113
4443 1.06815734169 1.0403088605
4446 1.17109308435 1.14056091231
4449 1.15028565179 1.12029596106
4452 1.15738367797 1.12720893093
4455 1.02737258788 1.00058742706
4458 1.10123259696 1.07252179373
4461 1.11065156986 1.08169519973
4464 1.1560257448 1.12588640114
4467 1.14693136972 1.11702913021
4470 1.11592531223 1.08683144764
4473 1.20376042742 1.17237656822
4476 1.1756714984 1.14501996016
4479 1.19521479826 1.16405373657
4482 1.09283712262 1.06434520214
4485 1.19632485558 1.16513485301
4488 1.17811066288 1.14739553193
4491 1.16921687624 1.13873361979
4494 1.17281760709 1.14224047413
4497 1.18376756225 1.15290494736
4500 1.20202053207 1.17068203458
4503 1.22086705136 1.18903719654
4506 1.23988955883 1.20756375841
4509 1.22201942851 1.19015952947
4512 1.21904177222 1.1872595052
4515 1.19662960575 1.16543165788
4518 1.18240722972 1.15158008075
4521 1.20390530751 1.17251767107
4524 1.17621051763 1.14554492634
4527 1.12279230427 1.09351940679
4530 1.11907804548 1.08990198435
4533 1.11942272578 1.09023767832
4536 1.11089910809 1.08193628427
4539 1.21310161256 1.18147421451
4542 1.20290484626 1.17154329336
4545 1.17056961526 1.14005109085
4548 1.13851226964 1.10882952883
4551 1.14342869973 1.11361778013
4554 1.13748142357 1.10782555848
4557 1.17398480763 1.14337724398
4560 1.20904700559 1.17752531729
4563 1.18506438404 1.15416795904
4566 1.18519261271 1.15429284459
4569 1.20801569797 1.17652089742
4572 1.14288028715 1.1130836655
4575 1.20320291876 1.17183359466
4578 1.19046941272 1.15943207042
4581 1.13692007354 1.1072788437
4584 1.14642987119 1.1165407065
4587 1.16519577297 1.13481735278
4590 1.17273289362 1.14215796927
4593 1.1559492643 1.12581191461
4596 1.17438194899 1.14376403126
4599 1.17244204234 1.14187470092
4602 1.15168235277 1.12165624793
4605 1.17047181017 1.13995583569
4608 1.18334967998 1.15249795992
4611 1.17834546457 1.14762421198
4614 1.17405478204 1.14344539405
4617 1.16487476668 1.13450471561
4620 1.16731795379 1.13688420513
4623 1.18266247033 1.15182866686
4626 1.16652718569 1.13611405355
4629 1.16549547159 1.1351092378
4632 1.17337173729 1.14278015731
4635 1.17261220884 1.14204043092
4638 1.14432988899 1.11449547402
4641 1.17788215289 1.14717297954
4644 1.16666651014 1.1362497456
4647 1.12005483521 1.0908533077
4650 1.15525479242 1.12513554866
4653 1.14856934121 1.11862439729
4656 1.13107936401 1.10159041032
4659 1.18189754733 1.15108368656
4662 1.17208892676 1.1415307916
4665 1.15675778701 1.1265993579
4668 1.06794959622 1.04010653128
4671 1.14771803278 1.11779528377
4674 1.15306182447 1.12299975471
4677 1.16271991653 1.13240604567
4680 1.11874845333 1.08958098518
4683 1.13595089791 1.10633493594
4686 1.14476175684 1.11491608242
4689 1.14425665256 1.11442414698
4692 1.13234667528 1.10282468086
4695 1.15878877438 1.12857739436
4698 1.13951644581 1.10980752461
4701 1.11582712354 1.08673581888
4704 1.08184440307 1.05363907944
4707 1.10823092669 1.07933766639
4710 1.12002389583 1.09082317496
4713 1.14345574214 1.11364411751
4716 1.13813812684 1.1084651405
4719 1.16720519008 1.13677438134
4722 1.15684298821 1.12668233777
4725 1.17401868634 1.14341023942
4728 1.12996899368 1.10050898903
4731 1.13406938669 1.10450247857
4734 1.14816539004 1.11823097775
4737 1.12974327097 1.10028915125
4740 1.16024185454 1.12999259051
4743 1.17304100242 1.1424580452
4746 1.16913898632 1.13865776057
4749 1.16894758005 1.13847134456
4752 1.1648152254 1.13444672666
4755 1.14248073747 1.11269453269
4758 1.16092513516 1.13065805696
4761 1.16331468014 1.13298530288
4764 1.12647383176 1.09710495128
4767 1.14781738229 1.11789204309
4770 1.17146520093 1.14092332725
4773 1.15764711741 1.12746550211
4776 1.18076820547 1.14998378836
4779 1.1708881961 1.1403613658
4782 1.1652711342 1.13489074923
4785 1.15474421433 1.12463828211
4788 1.14060910714 1.1108716986
4791 1.15588031294 1.12574476091
4794 1.1825210192 1.15169090357
4797 1.17415361526 1.14354165054
4800 1.15438215146 1.12428565878
4803 1.17090964603 1.14038225651
4806 1.14721942476 1.11730967522
4809 1.15838277227 1.12818197734
4812 1.16162041799 1.13133521272
4815 1.17559590967 1.14494634214
4818 1.17873237688 1.1480010369
4821 1.17163383591 1.14108756566
4824 1.12702862826 1.09764528339
4827 1.16983936049 1.13933987494
4830 1.14747108599 1.11755477525
4833 1.15344206697 1.12337008371
4836 1.15894743816 1.12873192153
4839 1.13260869942 1.10307987364
4842 1.12855054831 1.09912752467
4845 1.14754261086 1.11762443537
4848 1.1290959123 1.0996586702
4851 1.13073449308 1.1012545307
4854 1.09063449258 1.062199998
4857 1.03420976917 1.00724635267
4860 0.786096111634 0.765601394313
4863 0.851578904581 0.829376951578
4866 1.04168829254 1.01452989959
4869 1.09063615868 1.06220162066
4872 1.01922133062 0.992648685432
4875 1.11032692661 1.08137902042
4878 1.0856666631 1.05736168736
4881 1.12845106679 1.09903063679
4884 1.11871152208 1.08954501677
4887 1.09382787689 1.06531012594
4890 1.05547237346 1.02795460862
4893 1.11016692691 1.08122319216
4896 1.16004591972 1.12980176401
4899 1.14376908417 1.11394929024
4902 1.13282639958 1.10329189802
4905 1.1266682953 1.09729434486
4908 1.13904951477 1.10935276716
4911 1.08922964799 1.06083177983
4914 1.1334284216 1.10387822441
4917 1.11961690732 1.09042679725
4920 1.00661869961 0.980374624118
4923 1.09104241428 1.06259728456
4926 1.1210855612 1.09185716109
4929 1.13995515182 1.11023479288
4932 1.12606125185 1.09670312795
4935 1.08938705254 1.06098508061
4938 1.06544845312 1.03767059677
4941 1.118381092 1.0892232015
4944 1.13976123411 1.11004593091
4947 1.12400955226 1.09470491928
4950 1.13813917187 1.10846615829
4953 1.13092670795 1.10144173423
4956 1.07802445615 1.04991872434
4959 1.07583571543 1.0477870474
4962 1.13487026809 1.10528247978
4965 1.11493423067 1.08586620508
4968 1.10308675443 1.0743276105
4971 1.10832662501 1.07943086972
4974 1.12598173655 1.09662568573
4977 1.12133133411 1.09209652634
4980 1.08790765368 1.05954425193
4983 1.00993264726 0.983602172124
4986 1.06928929584 1.0414113029
4989 1.10204264502 1.07331072261
4992 1.08394829098 1.05568811581
4995 1.10346947822 1.0747003561
4998 1.10189048109 1.07316252583
5001 1.06061414046 1.03296232196
5004 1.08114194217 1.05295493277
5007 1.02246080136 0.995803698261
5010 1.09934186187 1.07068035297
5013 1.02533586175 0.998603801463
5016 1.04997138107 1.02259703544
5019 1.03925011335 1.01215528743
5022 1.06198534573 1.03429777783
5025 1.07887747923 1.05074950781
5028 1.06394843729 1.03620968862
5031 1.09071102593 1.06227453601
5034 1.09611315951 1.06753582778
5037 1.05313645169 1.02567958788
5040 1.00584407795 0.97962019802
5043 1.046359108 1.01907893981
5046 1.10689464146 1.07803622015
5049 1.05004049886 1.02266435123
5052 1.05667123556 1.02912221457
5055 1.1017609632 1.07303638466
5058 1.10093544425 1.07223238824
5061 1.10397695475 1.07519460195
5064 1.06409215703 1.03634966137
5067 1.06681046213 1.03899709613
5070 1.07753281695 1.04943990292
5073 1.06367287004 1.03594130583
5076 1.07082304241 1.04290506237
5079 1.01302018571 0.986609213771
5082 1.03799268971 1.01093064674
5085 1.06942253212 1.04154106551
5088 1.08555327291 1.05725125342
5091 1.07966635773 1.05151781905
5094 1.09862651813 1.06998365932
5097 1.05364865747 1.02617843967
5100 1.03831909226 1.01124853947
5103 1.0874000389 1.05904987143
5106 1.06015730478 1.03251739668
5109 1.04250665017 1.0153269214
5112 1.07830668581 1.05019359584
5115 1.07697053772 1.04889228316
5118 1.09462626477 1.06608769864
5121 1.07483169419 1.04680920252
5124 1.03377465945 1.00682258691
5127 1.0464595176 1.01917673158
5130 1.04691876867 1.01962400929
5133 1.04950898269 1.0221466925
5136 1.05816158638 1.03057370969
5139 0.99222130836 0.966352594682
5142 1.01078429281 0.984431613985
5145 1.05559649493 1.02807549406
5148 1.03955475248 1.01245198416
5151 1.03853115477 1.01145507319
5154 1.04349526609 1.0162897626
5157 1.07305682407 1.04508060596
5160 1.07465567722 1.04663777458
5163 1.04927670219 1.0219204679
5166 0.92089953659 0.896890289623
5169 0.898146765061 0.87473071734
5172 0.784844911657 0.764382815015
5175 1.00707892634 0.980822852035
5178 1.06558935044 1.03780782068
5181 1.01236227307 0.98596845391
5184 0.733778052621 0.71464734641
5187 1.02651993406 0.999757003214
5190 1.02798043532 1.00117942699
5193 0.991519158422 0.965668750857
5196 1.01534652216 0.988874899098
5199 1.05101806659 1.02361643229
5202 1.0394098476 1.01231085717
5205 0.988177545061 0.962414258423
5208 0.98721745229 0.961479196725
5211 1.04412445778 1.01690255031
5214 1.05943317076 1.03181214194
5217 1.01672230915 0.99021481724
5220 1.07489183908 1.04686777934
5223 1.06912659757 1.04125284641
5226 0.968316119409 0.943070650246
5229 1.02773878639 1.00094407822
5232 1.02684249777 1.0000711572
5235 1.03095767401 1.00407904456
5238 1.07215187061 1.044199246
5241 1.070374704 1.04246841282
5244 1.05124611515 1.02383853528
5247 1.05133258986 1.02392275546
5250 1.03976971096 1.01266133834
5253 1.05337535402 1.02591226167
5256 1.06013415189 1.03249484742
5259 1.07750711592 1.04941487195
5262 0.994175236271 0.96825558073
5265 0.953511773244 0.928652275828
5268 0.989375433399 0.963580915995
5271 0.958247441472 0.933264478007
5274 1.01649304774 0.989991533024
5277 1.04957335678 1.02220938826
5280 1.05749467468 1.02992418539
5283 1.00722128432 0.980961498532
5286 1.0675647311 1.03973170017
5289 1.07204687414 1.04409698695
5292 1.07427013077 1.04626227991
5295 1.06254615511 1.03484396606
5298 1.006316834 0.980080628598
5301 1.04351754859 1.01631146417
5304 1.06366050084 1.03592925911
5307 1.03304227302 1.00610929491
5310 1.07256773082 1.0446042641
5313 1.06834821967 1.04049476201
5316 1.03719851789 1.01015718017
5319 1.06334244868 1.03561949905
5322 1.05180625697 1.02438407336
5325 1.01442779634 0.987980125853
5328 0.93198904088 0.907690673725
5331 1.04639332375 1.01911226351
5334 1.0500569008 1.02268032555
5337 1.04363764635 1.0164284308
5340 1.00378879879 0.9776185031
5343 1.04835392824 1.02102175207
5346 1.03382068503 1.00686741254
5349 1.02034574138 0.993743781096
5352 1.05575181943 1.02822676901
5355 1.06138185295 1.03371001903
5358 1.06883034688 1.04096431944
5361 1.06090971161 1.03325018713
5364 1.02829074739 1.00148164875
5367 1.02358909303 0.996902573654
5370 0.993395843112 0.967496507533
5373 1.03217746513 1.00526703387
5376 1.06335009473 1.03562694576
5379 1.05195772624 1.02453159359
5382 1.03249078184 1.00557218194
5385 1.0503057179 1.02292265561
5388 1.05377219395 1.02629875537
5391 1.0337537566 1.00680222903
5394 1.02761614193 1.00082463128
5397 0.993421677433 0.967521668313
5400 1.02940583067 1.00256766012
5403 1.0166915324 0.990184842889
5406 0.979387074267 0.953852968528
5409 1.01224978606 0.98585889961
5412 1.02426987116 0.997565602866
5415 1.01382675442 0.987394754012
5418 1.04008697459 1.01297033043
5421 1.03888011534 1.01179493583
5424 0.993948342137 0.968034602071
5427 1.04341770194 1.01621422067
5430 0.983562213106 0.957919255168
5433 1.01570144491 0.989220568473
5436 1.01374254629 0.987312741313
5439 1.05020082028 1.02282049283
5442 1.04843179401 1.02109758776
5445 1.00643781733 0.980198457715
5448 1.00711120125 0.980854285491
5451 1.0495270318 1.02216427104
5454 1.0207966776 0.994182960731
5457 1.0171556966 0.990636905624
5460 1.04275481519 1.01556861638
5463 0.993320514941 0.967423143281
5466 1.0211975148 0.994573347497
5469 1.03435465406 1.00738746019
5472 1.02893302174 1.00210717804
5475 1.00092424945 0.974828636908
5478 0.988146648963 0.962384167833
5481 1.01049268239 0.984147606293
5484 1.02492196898 0.998200699505
5487 1.01684999845 0.99033917748
5490 1.02273436451 0.9960701292
5493 1.0268063143 1.00003591709
5496 1.02076844066 0.994155459962
5499 1.02290907772 0.996240287378
5502 1.00256185089 0.976423543597
5505 1.01982791231 0.993239452612
5508 1.01288599249 0.986478519168
5511 1.01781017821 0.991274323904
5514 1.00226439599 0.976133843796
5517 1.0278109191 1.00101433032
5520 1.03117917432 1.00429477002
5523 1.02664984232 0.999883524572
5526 1.00198166616 0.975858485158
5529 0.956697599176 0.931755042449
5532 1.02072738607 0.994115475728
5535 1.00511069642 0.978905936858
5538 1.02111145615 0.994489532524
5541 1.02487170989 0.99815175075
5544 1.00898124554 0.982675574895
5547 1.01736833228 0.990843997567
5550 1.02676943573 1.0
5553 1.01307474294 0.986662348607
5556 1.00908044973 0.98277219268
5559 1.01742658751 0.990900733993
5562 1.00945834077 0.983140231529
5565 0.994784939892 0.968849388453
5568 1.00032186895 0.974241961373
5571 0.992918575982 0.96703168348
5574 0.987049945838 0.96131605742
5577 0.994531376429 0.968602435775
5580 1.00564654833 0.979427818295
5583 0.995760978352 0.969799980112
5586 0.96505619463 0.939895716649
5589 0.938714298107 0.914240593301
5592 0.989782255431 0.963977131561
5595 0.96773160528 0.942501375287
5598 0.968594567832 0.943341839097
5601 0.965859656091 0.940678230651
5604 0.978936000642 0.953413655076
5607 1.01179103878 0.985412112565
5610 1.01192174304 0.985539409168
5613 1.00528153627 0.979072322649
5616 0.938929713956 0.914450392932
5619 0.994021505327 0.968105857785
5622 1.00146168165 0.975352057435
5625 0.967331533726 0.942111734205
5628 1.00186203182 0.975741969866
5631 1.0063200832 0.980083793092
5634 0.994535272984 0.96860623074
5637 0.987314802011 0.961574008391
5640 0.992949641089 0.967061938672
5643 0.993629747095 0.967724313284
5646 0.995986403674 0.970019528254
5649 0.994939399661 0.968999821222
5652 0.996519671958 0.970538893424
5655 0.978954464452 0.953431637507
5658 0.943218720308 0.918627578387
5661 0.978634966777 0.953120469621
5664 0.984772186737 0.959097682952
5667 0.985988212813 0.960282005385
5670 0.98867011718 0.96289398844
5673 0.997462531449 0.971457171139
5676 0.988075057179 0.962314442555
5679 0.990098425927 0.964285059012
5682 0.972856452962 0.94749261042
5685 0.974641572678 0.949231189359
5688 0.959392406439 0.934379592001
5691 0.98079280745 0.955222052115
5694 0.984555102413 0.958886258346
5697 0.988653994023 0.962878285638
5700 0.977574048964 0.952087211543
5703 0.981055717756 0.955478107952
5706 0.969103527918 0.943837529822
5709 0.934230481665 0.909873676751
5712 0.945585417712 0.920932572401
5715 0.977934614523 0.952438376612
5718 0.978924297298 0.953402256856
5721 0.985395379675 0.959704628305
5724 0.988436407625 0.962666372046
5727 0.985031565229 0.959350299053
5730 0.982480453655 0.956865698826
5733 0.980860028609 0.955287520717
5736 0.983119761558 0.957488339003
5739 0.981383395422 0.955797242565
5742 0.982296327305 0.956686372929
5745 0.982278992407 0.956669489978
5748 0.97462584337 0.949215870139
5751 0.979017137501 0.953492676574
5754 0.951340859207 0.926537960811
5757 0.978031462982 0.952532700084
5760 0.974968171809 0.949549273556
5763 0.955730892411 0.930813539195
5766 0.980957695936 0.955382641709
5769 0.981681238919 0.956087320829
5772 0.971689352572 0.946355938107
5775 0.973114195011 0.947743632743
5778 0.978852708689 0.953332534671
5781 0.966813780619 0.941607479706
5784 0.966809919515 0.941603719267
5787 0.974424511868 0.949019787654
5790 0.970812499332 0.94550194576
5793 0.971818070475 0.946481300139
5796 0.980623379521 0.955057041429
5799 0.977401758607 0.951919413057
5802 0.982663189884 0.957043670844
5805 0.977352649452 0.951871584252
5808 0.979606876372 0.954067040059
5811 0.985829817606 0.960127739781
5814 0.982549732347 0.956933171318
5817 0.977215914483 0.951738414171
5820 0.984236267399 0.958575735844
5823 0.983790956066 0.958142034452
5826 0.98772698473 0.961975444882
5829 0.983648794583 0.958003579334
5832 0.98802438986 0.96226509621
5835 0.980048068559 0.954496729697
5838 0.981856479048 0.956257992183
5841 0.982040966015 0.956437669295
5844 0.984275971818 0.958614405108
5847 0.978543012239 0.953030912477
5850 0.980085714579 0.954533394228
5853 0.968269587657 0.943025331648
5856 0.959953693684 0.934926245637
5859 0.953506256032 0.928646902459
5862 0.964623253826 0.939474063267
5865 0.972261696967 0.946913360616
5868 0.969028977525 0.94376492307
5871 0.97724848743 0.951770137892
5874 0.970759537294 0.945450364523
5877 0.971962028124 0.946621504594
5880 0.966152396866 0.94096333923
5883 0.9568732798 0.931926142813
5886 0.953944171849 0.929073401146
5889 0.850911683868 0.828727126321
5892 0.910792343656 0.887046606531
5895 0.873498385802 0.850724958694
5898 0.922599569991 0.898546000576
5901 0.94652539118 0.921848039336
5904 0.960307489185 0.935270817153
5907 0.958133903184 0.933153899834
5910 0.954190021214 0.929312840846
5913 0.944019637963 0.919407614905
5916 0.941473548767 0.916927906113
5919 0.939411105629 0.914919233995
5922 0.947546705105 0.922842726058
5925 0.954255917642 0.929377019254
5928 0.950328575907 0.925552069272
5931 0.941168105264 0.916630425985
5934 0.947757162975 0.923047696974
5937 0.95298183704 0.928136155864
5940 0.936224655075 0.911815859037
5943 0.938370450695 0.913905710512
5946 0.933548120683 0.909209105954
5949 0.91901093509 0.895050926827
5952 0.939372960676 0.914882083538
5955 0.943461762731 0.918864284325
5958 0.932341421474 0.908033867223
5961 0.946688238512 0.922006640992
5964 0.942498585242 0.917926218333
5967 0.929781319677 0.905540511161
5970 0.938362479451 0.913897947091
5973 0.942682696014 0.918105529058
5976 0.92394611296 0.899857437129
5979 0.937847231553 0.913396132486
5982 0.93517224463 0.910790886528
5985 0.918967936435 0.895009049212
5988 0.930692502419 0.906427937987
5991 0.931601564917 0.907313299848
5994 0.937003250574 0.912574155371
5997 0.929625144421 0.90538840763
6000 0.934281646654 0.909923507791
6003 0.918026984255 0.894092629082
6006 0.930415015568 0.906157685639
6009 0.917742316691 0.893815383233
6012 0.927985362064 0.903791376885
6015 0.923038043466 0.898973042383
6018 0.923388552884 0.899314413489
6021 0.906920803651 0.883276003443
6024 0.908807132591 0.885113152928
6027 0.918454519893 0.894509018218
6030 0.92683433984 0.902670363556
6033 0.928879101029 0.90466181472
6036 0.928770560262 0.904556103776
6039 0.929926808478 0.905682206848
6042 0.921962303309 0.897925348402
6045 0.926538318092 0.902382059543
6048 0.928256378424 0.904055327438
6051 0.928153269641 0.903954906857
6054 0.923693341454 0.899611255759
6057 0.921174239095 0.897157830218
6060 0.930062908097 0.905814758143
6063 0.925503351055 0.901374075666
6066 0.911156806815 0.887401567583
6069 0.932303156876 0.907996600241
6072 0.923252004745 0.899181425367
6075 0.92004637897 0.896059375115
6078 0.910390451952 0.886655192753
6081 0.915495930861 0.891627564087
6084 0.917160339924 0.893248579483
6087 0.915348355257 0.891483836003
6090 0.910504645706 0.886766409303
6093 0.913069185118 0.889264087285
6096 0.916533334843 0.892637921374
6099 0.91562469887 0.891752974919
6102 0.875643035683 0.852813694301
6105 0.911253610434 0.887495847385
6108 0.911347107493 0.887586906834
6111 0.915512817611 0.891644010574
6114 0.91283097529 0.889032087947
6117 0.911492955625 0.887728952484
6120 0.906742384886 0.883102236326
6123 0.878669263746 0.855761024011
6126 0.911322642839 0.88756308001
6129 0.909176211191 0.885472609089
6132 0.90862736405 0.884938071226
6135 0.89914882568 0.87570665272
6138 0.855403737508 0.833102065312
6141 0.877761843097 0.854877261195
6144 0.896202841731 0.872837475038
6147 0.89377772742 0.870475587134
6150 0.898531962641 0.875105872235
6153 0.894460504934 0.871140563603
6156 0.883626035112 0.860588564834
6159 0.888102487536 0.864948309357
6162 0.823685103323 0.802210384005
6165 0.880622286212 0.857663128221
6168 0.868834037046 0.846182216581
6171 0.869543363887 0.846873050196
6174 0.886462011946 0.863350603453
6177 0.888221308691 0.865064032665
6180 0.891628612303 0.868382502706
6183 0.90149625227 0.87799287834
6186 0.891897401141 0.868644283811
6189 0.891857999828 0.86860590975
6192 0.866256342306 0.843671726251
6195 0.892993294776 0.869711605838
6198 0.903810375444 0.880246668815
6201 0.889965079951 0.866762341164
6204 0.894967160904 0.871634010283
6207 0.893380176093 0.870088400573
6210 0.895431723146 0.872086460684
6213 0.879937183918 0.856995887582
6216 0.884422020093 0.86136379728
6219 0.876306513902 0.853459874638
6222 0.888100661489 0.864946530918
6225 0.889097149778 0.865917039247
6228 0.882817459736 0.859801070243
6231 0.851530729028 0.829330032034
6234 0.882237303499 0.859236039559
6237 0.881340710088 0.858362821698
6240 0.879456092046 0.856527338505
6243 0.876590051432 0.853736019915
6246 0.854098705297 0.831831057269
6249 0.88375321578 0.860712429709
6252 0.853009100006 0.83076985964
6255 0.85282260688 0.830588228673
6258 0.856139781321 0.833818919347
6261 0.875395665792 0.852572773719
6264 0.86751612954 0.844898668922
6267 0.878210824842 0.855314537305
6270 0.876691245568 0.853834575766
6273 0.877971721348 0.855081667601
6276 0.840135397927 0.81823179449
6279 0.826355834788 0.804811485452
6282 0.850597231795 0.828420872489
6285 0.871193077152 0.848479752936
6288 0.869268619066 0.846605468389
6291 0.852766948722 0.830534021607
6294 0.860183674616 0.837757382214
6297 0.850229821753 0.828063041384
6300 0.849684806839 0.827532235836
6303 0.845459159271 0.823416757306
6306 0.86243089555 0.839946014692
6309 0.865945933006 0.843369409792
6312 0.863407815031 0.8408974644
6315 0.846062985833 0.824004841193
6318 0.837061916785 0.815238443661
6321 0.861818765471 0.839349843771
6324 0.859465458993 0.837057891561
6327 0.86754802256 0.844929730442
6330 0.86606443784 0.843484825025
6333 0.862421067333 0.839936442711
6336 0.838302625869 0.816446805578
6339 0.852263806376 0.830043996945
6342 0.859158123742 0.836758569006
6345 0.855635252121 0.833327543988
6348 0.857698521489 0.835337020796
6351 0.867478610825 0.844862128377
6354 0.8616302597 0.839166252631
6357 0.857359014288 0.835006365063
6360 0.853904543636 0.831641957698
6363 0.850455389333 0.828282728076
6366 0.861001344095 0.838553733809
6369 0.862268833973 0.839788178306
6372 0.860027810567 0.837605581777
6375 0.864113541056 0.841584791078
6378 0.863396420154 0.840886366605
6381 0.858011577086 0.835641914559
6384 0.85771841331 0.835356394007
6387 0.862408362319 0.839924068935
6390 0.86582535016 0.843251970723
6393 0.833196778432 0.811474075324
6396 0.853639825129 0.831384140803
6399 0.827844720243 0.806261553406
6402 0.852553910843 0.830326537948
6405 0.860367945665 0.837936849037
6408 0.834556006506 0.812797866261
6411 0.836439511513 0.814632265438
6414 0.844240212309 0.822229590138
6417 0.846947102769 0.824865907861
6420 0.831954464563 0.810264150461
6423 0.845296357734 0.823258200252
6426 0.851729963708 0.829524072364
6429 0.843355879615 0.821368313339
6432 0.832815883465 0.811103110866
6435 0.848241470114 0.826126529087
6438 0.824484229086 0.802988675347
6441 0.843373626455 0.821385597492
6444 0.850107292515 0.827943706669
6447 0.844226978421 0.822216701279
6450 0.820110445878 0.798728923298
6453 0.844616625551 0.822596189717
6456 0.825775138024 0.804245928333
6459 0.841687469295 0.819743401005
6462 0.802136146585 0.781223241236
6465 0.83731749332 0.815487356928
6468 0.831834414973 0.810147230746
6471 0.816942613132 0.795643680754
6474 0.820380846963 0.798992274617
6477 0.828632487459 0.807028782336
6480 0.832119798059 0.810425173462
6483 0.819733968985 0.798362261729
6486 0.830694417542 0.809036954776
6489 0.831455560978 0.809778254048
6492 0.809689772496 0.788579932669
6495 0.767950831407 0.747929189048
6498 0.812156618485 0.790982464244
6501 0.824151870808 0.802664982153
6504 0.835328816411 0.813550527841
6507 0.835108534304 0.813335988822
6510 0.832285054439 0.810586121358
6513 0.819351554609 0.797989817475
6516 0.800827859689 0.779949063363
6519 0.816630696438 0.795339896201
6522 0.823376037121 0.801909375627
6525 0.826002675836 0.804467533889
6528 0.824348165083 0.802856158739
6531 0.819844885633 0.798470286611
6534 0.815497333828 0.794236082072
6537 0.821963815211 0.800533972483
6540 0.821383048368 0.799968347112
6543 0.806315190208 0.785293330857
6546 0.787212182471 0.766688367491
6549 0.799501359725 0.778657147263
6552 0.791262188893 0.770632784105
6555 0.776202889692 0.755966103664
6558 0.745169475365 0.725741777494
6561 0.593149642423 0.577685332053
6564 0.534258676961 0.520329743337
6567 0.735414440009 0.716241070698
6570 0.769339297226 0.749281455459
6573 0.785047213308 0.764579842356
6576 0.797192244654 0.776408234323
6579 0.804981437142 0.783994350755
6582 0.804023414683 0.783061305394
6585 0.806433057632 0.785408125298
6588 0.811442539916 0.790287002785
6591 0.806814397477 0.785779523036
6594 0.787448038846 0.766918074732
6597 0.811764038497 0.790600119411
6600 0.807283367255 0.78623626606
6603 0.813416566396 0.792209563402
6606 0.811125922234 0.789978639806
6609 0.806565234341 0.78553685596
6612 0.8137615075 0.792545511369
6615 0.811420263856 0.790265307495
6618 0.811761810456 0.790597949458
6621 0.810747292294 0.789609881322
6624 0.81536612411 0.794108293191
6627 0.809698204242 0.788588144587
6630 0.809343303247 0.788242496398
6633 0.797979302884 0.777174772752
6636 0.807831982738 0.786770578306
6639 0.808497386869 0.787418634342
6642 0.805038776072 0.784050194772
6645 0.801488078234 0.780592069009
6648 0.809524557012 0.788419024603
6651 0.810701972785 0.789565743362
6654 0.805523972648 0.784522741538
6657 0.811477563798 0.790321113541
6660 0.805799379216 0.784790967839
6663 0.791853492444 0.771208671477
6666 0.805013385614 0.784025466282
6669 0.804612587783 0.783635117858
6672 0.807814839687 0.7867538822
6675 0.804714163243 0.783734045092
6678 0.780786063238 0.760429786928
6681 0.80323328652 0.78229177707
6684 0.803460649283 0.782513212141
6687 0.802365822086 0.781446928749
6690 0.801855094169 0.780949516283
6693 0.803380019624 0.782434684619
6696 0.79825805345 0.777446255868
6699 0.801673126233 0.780772292527
6702 0.800251077041 0.779387318313
6705 0.796348429124 0.775586418343
6708 0.799675797226 0.778827036915
6711 0.797917555427 0.777114635145
6714 0.793657904005 0.772966039293
6717 0.777921372166 0.757639782695
6720 0.792679232388 0.772012883129
6723 0.797237455762 0.776452266709
6726 0.794579876898 0.773863974954
6729 0.797285307423 0.776498870805
6732 0.794214376486 0.773508003693
6735 0.795223063923 0.774490393119
6738 0.797912363144 0.777109578232
6741 0.792425085108 0.771765361854
6744 0.788820901541 0.768255144816
6747 0.791471399241 0.770836540023
6750 0.782258880846 0.761864205948
6753 0.793386937779 0.772702137567
6756 0.793851291269 0.773154384658
6759 0.793254240211 0.772572899626
6762 0.793360916002 0.772676794217
6765 0.786489576686 0.765984601134
6768 0.779797337497 0.759466838766
6771 0.790320464108 0.769715611513
6774 0.794660410215 0.773942408646
6777 0.795181082778 0.774449506486
6780 0.794083202521 0.773380249632
6783 0.791398749232 0.770765784109
6786 0.790986173444 0.770363964798
6789 0.79437293756 0.773662430839
6792 0.792599695776 0.771935420157
6795 0.788522477876 0.767964501508
6798 0.793059008696 0.772382758092
6801 0.792181553259 0.771528179249
6804 0.786283413638 0.765783813069
6807 0.783013280099 0.762598936869
6810 0.786677837664 0.766167953863
6813 0.787702247722 0.767165655997
6816 0.786412425471 0.765909461368
6819 0.784901965493 0.764438381372
6822 0.78937104692 0.768790947071
6825 0.787219382229 0.76669537954
6828 0.780432160365 0.760085110839
6831 0.785966021239 0.765474695571
6834 0.785035350423 0.764568288754
6837 0.779072562561 0.758760959811
6840 0.775157603993 0.754948070148
6843 0.776543897961 0.756298221331
6846 0.811783244207 0.790618824398
6849 0.783619460425 0.763189313155
6852 0.78105339573 0.760690149656
6855 0.771579817353 0.751463561829
6858 0.774992355033 0.754787129479
6861 0.77483707601 0.754635898815
6864 0.777896179997 0.757615247324
6867 0.764629686785 0.744694631701
6870 0.761351704397 0.741502111283
6873 0.760893133924 0.741055496439
6876 0.765413210063 0.74545772734
6879 0.764857722635 0.744916722311
6882 0.769537984033 0.7494749622
6885 0.767038847484 0.747040981929
6888 0.769511428682 0.749449099187
6891 0.7665233 0.746538875549
6894 0.762906724215 0.743016589377
6897 0.762729858191 0.742844334519
6900 0.768470479343 0.748435288975
6903 0.766534655985 0.746549935466
6906 0.771632672796 0.751515039251
6909 0.767213258077 0.747210845373
6912 0.767637711414 0.747624232568
6915 0.754803840221 0.735124959853
6918 0.761717764455 0.741858627601
6921 0.773162538867 0.753005019394
6924 0.766051806611 0.746079674708
6927 0.766624954824 0.746637880078
6930 0.771477066574 0.751363489919
6933 0.767691176822 0.747676304052
6936 0.769604947011 0.749540179351
6939 0.761378576577 0.741528282865
6942 0.768055044274 0.748030684928
6945 0.750395278403 0.730831335925
6948 0.764569492546 0.744636006818
6951 0.759016441362 0.739227732096
6954 0.761698458333 0.741839824819
6957 0.765618165603 0.745657339378
6960 0.764411899814 0.744482522767
6963 0.756961829763 0.737226687336
6966 0.75470217956 0.735025949639
6969 0.758142380797 0.738376459616
6972 0.758643950701 0.738864952832
6975 0.754131948924 0.73447058578
6978 0.735375712891 0.716203353255
6981 0.75069390511 0.731122176981
6984 0.759538560197 0.739736238501
6987 0.756833045899 0.737101261063
6990 0.75648853711 0.73676573414
6993 0.755319231798 0.73562691439
6996 0.759885878283 0.740074501479
6999 0.753691280388 0.734041406142
7002 0.759595579105 0.73979177084
7005 0.751579818474 0.73198499324
7008 0.74852600347 0.729010795823
7011 0.751614483565 0.73201875456
7014 0.74891616916 0.729390789302
7017 0.738888659258 0.719624711784
7020 0.753943564059 0.734287112395
7023 0.743345153277 0.723965018249
7026 0.748600285548 0.729083141255
7029 0.750840451031 0.731264902227
7032 0.751538032018 0.731944296221
7035 0.742176258571 0.7228265984
7038 0.745788182359 0.726344353859
7041 0.752144714705 0.732535161771
7044 0.749051726493 0.72952281245
7047 0.750862123793 0.731286009948
7050 0.748885114973 0.729360544745
7053 0.747819628913 0.728322837522
7056 0.748059395161 0.7285563527
7059 0.743035216239 0.723663161739
7062 0.74210402566 0.72275624871
7065 0.743112953538 0.723738872309
7068 0.739502648885 0.720222693771
7071 0.742363112116 0.723008580389
7074 0.743687745269 0.724298678348
7077 0.740102210413 0.720806623821
7080 0.740224745165 0.720925963906
7083 0.737023818203 0.717808489963
7086 0.733216107345 0.714100051899
7089 0.734837604095 0.715679273771
7092 0.736564877901 0.71736151493
7095 0.741253230462 0.721927635033
7098 0.741415701151 0.722085869865
7101 0.740087621295 0.720792415063
7104 0.741239058832 0.721913832879
7107 0.739403963251 0.720126581021
7110 0.73379977855 0.714668505911
7113 0.735373932021 0.716201618815
7116 0.732325594674 0.713232756244
7119 0.733081480758 0.713968935232
7122 0.721534259116 0.702722767163
7125 0.737771419542 0.718536600202
7128 0.733942891233 0.714807887429
7131 0.727126013836 0.70816873636
7134 0.738463583876 0.719210718762
7137 0.738924807571 0.719659917656
7140 0.735756425318 0.716574139932
7143 0.733605815616 0.714479599885
7146 0.725792118523 0.70686961772
7149 0.710730304735 0.692200488251
7152 0.730453402888 0.711409375336
7155 0.729532273633 0.710512261316
7158 0.726901180056 0.707949764338
7161 0.728093634595 0.70911112978
7164 0.706767089262 0.688340599814
7167 0.726072295692 0.707142490246
7170 0.732338419365 0.713245246576
7173 0.733411501774 0.7142903521
7176 0.721684584974 0.702869173798
7179 0.725996622181 0.707068789658
7182 0.717923735858 0.69920637572
7185 0.720347707063 0.70156715032
7188 0.709897735937 0.691389625784
7191 0.719106323686 0.70035813169
7194 0.717667248438 0.698956575316
7197 0.721124722822 0.702323908101
7200 0.716498554267 0.697818350773
7203 0.712818873667 0.694234605024
7206 0.709433011602 0.690937017516
7209 0.711512779004 0.692962562229
7212 0.719177424236 0.700427378541
7215 0.719841861199 0.701074492625
7218 0.721992683305 0.703169239538
7221 0.718956571612 0.700212283879
7224 0.713985771979 0.695371080529
7227 0.715662057133 0.697003662388
7230 0.718295001654 0.699567962054
7233 0.722952728708 0.704104255102
7236 0.718922370152 0.700178974104
7239 0.718622383108 0.699886808177
7242 0.721377379092 0.702569977239
7245 0.71405059191 0.695434210506
7248 0.72033929539 0.701558957952
7251 0.707179977447 0.688742723378
7254 0.724457109361 0.705569414271
7257 0.720157585425 0.701381985442
7260 0.717775313785 0.699061823235
7263 0.71673535113 0.698048973983
7266 0.715977156979 0.697310547103
7269 0.716065160418 0.697396256159
7272 0.717432228412 0.698727682618
7275 0.71482665097 0.696190036529
7278 0.712327364692 0.693755910433
7281 0.712131908759 0.693565550333
7284 0.710035727687 0.69152401988
7287 0.709256621226 0.690765225905
7290 0.697013948521 0.678841738237
7293 0.70197923332 0.683677570534
7296 0.717339158798 0.69863703947
7299 0.719832684972 0.701065555636
7302 0.719290529259 0.700537534744
7305 0.720217859716 0.701440688291
7308 0.721738143343 0.702921335819
7311 0.715347108961 0.696696925392
7314 0.713113825972 0.694521867476
7317 0.710422985364 0.691901181162
7320 0.711477316051 0.692928023849
7323 0.716962375564 0.698270079546
7326 0.695279576781 0.677152584197
7329 0.719521983133 0.700762954265
7332 0.715495591929 0.696841537183
7335 0.717385460601 0.698682134115
7338 0.714064981828 0.695448225257
7341 0.715879205205 0.69721514908
7344 0.713470239193 0.694868988464
7347 0.716267697286 0.697593512583
7350 0.714994477253 0.696353487328
7353 0.719330085801 0.700576059988
7356 0.709878882819 0.691371264195
7359 0.720280289296 0.701501490237
7362 0.713856962033 0.695245628853
7365 0.718872062003 0.700129977564
7368 0.718686426954 0.699949182303
7371 0.719304557317 0.700551197069
7374 0.71388227055 0.695270277539
7377 0.715283300108 0.696634780133
7380 0.717930540191 0.699213002653
7383 0.714412935616 0.695787107363
7386 0.704135987179 0.68577809455
7389 0.695403765406 0.677273535037
7392 0.715805262606 0.697143134276
7395 0.709773774877 0.691268896577
7398 0.71393049258 0.695317242348
