Wave Flux FluxNorm
3600 0.703025055262 0.683246262056
3603 0.632995068227 0.61518648735
3606 0.645785431859 0.627617008961
3609 0.62856786905 0.610883842278
3612 0.631578661739 0.613809929813
3615 0.656304480477 0.637840116366
3618 0.621655730027 0.604166168258
3621 0.644162176704 0.626039422204
3624 0.662681235167 0.644037468471
3627 0.749083523972 0.728008929256
3630 0.661637891309 0.64302347788
3633 0.630343165665 0.612609192986
3636 0.676339678115 0.657311646994
3639 0.725576780637 0.705163520836
3642 0.678847950608 0.659749352154
3645 0.653746266234 0.635353874509
3648 0.682124738324 0.662933951254
3651 0.68199989791 0.66281262308
3654 0.746223519667 0.725229387849
3657 0.757562228825 0.736249095598
3660 0.745910979079 0.724925640228
3663 0.730145759873 0.709603957149
3666 0.752217415403 0.731054652292
3669 0.717547758655 0.697360386061
3672 0.776388341337 0.754545557305
3675 0.751978332677 0.730822295881
3678 0.693189984993 0.673687890063
3681 0.719134727503 0.698902707383
3684 0.717924000466 0.697726042745
3687 0.684998998109 0.665727347079
3690 0.756706112639 0.735417065246
3693 0.782845330947 0.760820887014
3696 0.753236055985 0.732044634605
3699 0.816855819696 0.793874530173
3702 0.795404889026 0.773027096517
3705 0.658464654862 0.639939516754
3708 0.771898135939 0.75018167862
3711 0.690632536046 0.671202391971
3714 0.818992151505 0.795950758768
3717 0.938699055451 0.912289848039
3720 0.748539542015 0.727480251599
3723 0.684372396523 0.665118374201
3726 0.922321303432 0.896372865046
3729 0.944610614103 0.918035091856
3732 0.780425385221 0.75846902365
3735 0.581666647174 0.565302131794
3738 0.839317603367 0.815704377655
3741 0.998884371413 0.970781920055
3744 0.923761263174 0.897772313193
3747 0.779595093168 0.757662090899
3750 0.563692502316 0.547833668621
3753 0.887212434305 0.862251743165
3756 1.07936169714 1.04899510971
3759 0.921179266678 0.895262958169
3762 1.01719441643 0.988576833231
3765 1.02991093054 1.00093558299
3768 0.826770044501 0.803509829781
3771 0.642373050732 0.624300631212
3774 0.923490373792 0.897509044969
3777 1.08371202244 1.05322304367
3780 1.23072427938 1.19609928154
3783 1.27268848463 1.23688287263
3786 1.17024714612 1.13732360217
3789 1.1053864741 1.07428770981
3792 1.08273540767 1.05227390482
3795 0.856995160532 0.832884597285
3798 0.602798492079 0.585839456792
3801 0.942116811134 0.915611449135
3804 1.17325101678 1.14024296242
3807 1.17598628856 1.1429012805
3810 1.37452882172 1.33585805015
3813 1.2352548793 1.2005024183
3816 1.22926003382 1.19467623083
3819 1.32849113408 1.29111557937
3822 1.26959542535 1.23387683298
3825 1.11179427207 1.08051523183
3828 1.05462611351 1.024955433
3831 0.954769340486 0.927908014273
3834 0.649455793876 0.631184109606
3837 0.699392450135 0.679715856054
3840 0.930570552633 0.904390031204
3843 1.18185475489 1.14860464435
3846 1.26337031043 1.22782685444
3849 1.37678353309 1.33804932783
3852 1.45849960085 1.41746640896
3855 1.41182398128 1.37210395372
3858 1.39128791415 1.35214564498
3861 1.44439018137 1.40375394161
3864 1.51040936154 1.46791574883
3867 1.49572143247 1.45364104759
3870 1.50594734782 1.46357926869
3873 1.30589542354 1.26915557289
3876 1.42381583812 1.3837584336
3879 1.25410712556 1.21882427851
3882 1.25284335728 1.21759606489
3885 1.01424357594 0.985709011202
3888 0.683484027061 0.664254997982
3891 0.845038563759 0.821264385472
3894 1.08320068911 1.05272609611
3897 1.22500666851 1.19054252902
3900 1.25911191807 1.223688267
3903 1.33899491726 1.30132385081
3906 1.31532090131 1.27831587579
3909 1.48975370044 1.44784121077
3912 1.53219577134 1.48908922331
3915 1.46766050681 1.42636958347
3918 1.42141873529 1.38142877048
3921 1.46262309439 1.4214738928
3924 1.51220739796 1.46966319959
3927 1.33189621421 1.29442486152
3930 0.928316407656 0.902199303977
3933 0.410888062022 0.399328203737
3936 0.718444647137 0.698232041627
3939 1.24877771651 1.2136448062
3942 1.38271348426 1.34381244672
3945 1.40628662773 1.36672238718
3948 1.39947610692 1.36010347246
3951 1.42315473699 1.38311593178
3954 1.44412383506 1.40349508864
3957 1.30347350708 1.26680179424
3960 1.34774278169 1.30982560424
3963 1.11714704055 1.08571740639
3966 0.767831990696 0.746229929649
3969 0.399753303032 0.388506708255
3972 0.778317989897 0.756420917445
3975 1.0843158567 1.05380988975
3978 1.27014537272 1.23441130822
3981 1.38262350951 1.3437250033
3984 1.3923178938 1.35314664736
3987 1.43810473898 1.39764533284
3990 1.5066164986 1.46422959369
3993 1.59608234948 1.55117842679
3996 1.50684152403 1.46444828829
3999 1.5457382291 1.50225067975
4002 1.62628342446 1.58052982961
4005 1.47464405404 1.43315665671
4008 1.61554170506 1.570090316
4011 1.63774750382 1.59167138042
4014 1.61383821714 1.56843475375
4017 1.59002946353 1.54529583175
4020 1.7404799345 1.6915135535
4023 1.65906310563 1.61238729253
4026 1.6897085311 1.64217054456
4029 1.63540940762 1.58939906384
4032 1.49839725307 1.45624158709
4035 1.61515598829 1.56971545093
4038 1.74785299789 1.69867918432
4041 1.66420639833 1.61738588466
4044 1.59792888256 1.55297300981
4047 1.6172908756 1.57179027566
4050 1.70796244454 1.65991090535
4053 1.60457881624 1.55943585533
4056 1.57335311632 1.5290886542
4059 1.59532088118 1.55043838152
4062 1.59033128328 1.54558916016
4065 1.578823794 1.53440542072
4068 1.58310627317 1.53856741731
4071 1.5454338493 1.50195486332
4074 1.5782617419 1.5338591813
4077 1.35754322029 1.31935031889
4080 1.50425632326 1.46193581914
4083 1.49986129788 1.4576644427
4086 1.44900459383 1.40823853293
4089 1.48804789292 1.44618339416
4092 1.39687681365 1.35757730729
4095 1.28274594704 1.24665738002
4098 1.08038758003 1.04999213058
4101 0.711548565061 0.691529972808
4104 0.933728189732 0.907458831852
4107 1.1987129073 1.16498851223
4110 1.29492906221 1.2584977374
4113 1.41260288817 1.37286094697
4116 1.50707829523 1.46467839821
4119 1.44109212097 1.4005486683
4122 1.46578557915 1.42454740473
4125 1.5271830453 1.4842175245
4128 1.47384870807 1.43238368688
4131 1.49523755321 1.45317078171
4134 1.50416016472 1.46184236591
4137 1.61110100821 1.56577455301
4140 1.68600761097 1.63857374551
4143 1.52502574648 1.48212091876
4146 1.62758530676 1.58179508496
4149 1.59378917253 1.54894976571
4152 1.59949141898 1.55449158608
4155 1.50843558189 1.46599749918
4158 1.54994646602 1.50634052281
4161 1.59214903913 1.54735577556
4164 1.6415110202 1.59532901464
4167 1.43733953365 1.39690165567
4170 1.59395246853 1.54910846756
4173 1.39689046907 1.35759057853
4176 1.51984072326 1.47708177015
4179 1.49628241046 1.45418624311
4182 1.53583912719 1.49263007758
4185 1.56222965467 1.51827813822
4188 1.50749235472 1.46508080861
4191 1.59844967091 1.55347914638
4194 1.66003327609 1.61333016837
4197 1.52000879762 1.47724511593
4200 1.5174100039 1.47471943626
4203 1.53429770008 1.49113201672
4206 1.5788191391 1.53440089678
4209 1.5873285285 1.54267088439
4212 1.6455706533 1.59927443467
4215 1.51647449271 1.47381024458
4218 1.58604165054 1.54142021125
4221 1.60867531099 1.56341709996
4224 1.51110963411 1.46859632005
4227 1.34406809156 1.30625429725
4230 1.64019041612 1.59404556421
4233 1.50264188315 1.46036679943
4236 1.50933228401 1.46686897363
4239 1.50434430838 1.4620213289
4242 1.57796783326 1.53357354144
4245 1.54486330064 1.50140036639
4248 1.48668049543 1.44485446681
4251 1.51025516857 1.4677658939
4254 1.55976730308 1.51588506203
4257 1.59272732383 1.54791779089
4260 1.46066476521 1.41957065893
4263 1.59463996712 1.54977662418
4266 1.61746212306 1.57195670528
4269 1.54706059693 1.50353584429
4272 1.42092679508 1.38095067043
4275 1.50109867244 1.45886700516
4278 1.58390379361 1.53934250044
4281 1.54979184382 1.50619025073
4284 1.50359165934 1.46128985477
4287 1.48729656288 1.44545320192
4290 1.32226374555 1.28506339117
4293 1.50079724382 1.45857405688
4296 1.47081392309 1.42943428205
4299 1.31139043155 1.27449598524
4302 1.29977264259 1.26320504927
4305 1.41185548313 1.3721345693
4308 1.33041818513 1.29298841507
4311 1.46884874877 1.42752439562
4314 1.32227302863 1.28507241309
4317 1.44490412831 1.40425342924
4320 1.39078299625 1.35165493236
4323 1.41615473515 1.37631286686
4326 1.23948455356 1.20461309559
4329 1.34728456672 1.30938028061
4332 1.26957836307 1.23386025073
4335 1.16397874912 1.13123155924
4338 0.847867215228 0.824013456119
4341 0.650106935385 0.631816932005
4344 0.999035965984 0.970929249689
4347 1.20501932385 1.17111750508
4350 1.25343512718 1.21817118603
4353 1.24984044027 1.21467763146
4356 1.4016885047 1.362253627
4359 1.39541652002 1.35615809732
4362 1.48201693983 1.44032211493
4365 1.51265639529 1.47009956491
4368 1.42330339356 1.38326040608
4371 1.47871836595 1.43711634259
4374 1.38990969125 1.35080619679
4377 1.49224405258 1.45026149974
4380 1.52963593798 1.48660140789
4383 1.37070820023 1.3321449174
4386 1.40371114265 1.36421936038
4389 1.48052901411 1.43887605027
4392 1.49901054126 1.45683762112
4395 1.39490496847 1.35566093768
4398 1.50382055195 1.46151230775
4401 1.40532996057 1.36579263474
4404 1.45975139752 1.41868298779
4407 1.49876869621 1.45660258011
4410 1.50046687553 1.45825298312
4413 1.52579484098 1.48286837569
4416 1.37454048389 1.33586938422
4419 1.49586854495 1.45378402123
4422 1.49528373686 1.45321566604
4425 1.49915804768 1.45698097762
4428 1.50999892585 1.46751686028
4431 1.48146602528 1.43978669972
4434 1.42547454325 1.38537047299
4437 1.50110094907 1.45886921774
4440 1.53377506025 1.49062408076
4443 1.35776264772 1.31956357298
4446 1.50223206271 1.45996850881
4449 1.4906412068 1.44870374816
4452 1.47950369664 1.43787957891
4455 1.3600456687 1.32178236381
4458 1.41433798795 1.37454723173
4461 1.41700012068 1.37713446846
4464 1.4555346856 1.41458490816
4467 1.43086077586 1.3906051702
4470 1.40408696321 1.36458460766
4473 1.51499237813 1.47236982758
4476 1.50041112373 1.45819879983
4479 1.47542832112 1.43391885936
4482 1.32011796513 1.28297797979
4485 1.50678710948 1.46439540463
4488 1.45626879894 1.41529836807
4491 1.43918145776 1.39869175939
4494 1.46703341179 1.42576013104
4497 1.49879554248 1.45662867108
4500 1.47842075583 1.43682710539
4503 1.51728757143 1.47460044828
4506 1.54169723246 1.49832337186
4509 1.49670604194 1.45459795622
4512 1.53220381533 1.48909704099
4515 1.47087952618 1.42949803947
4518 1.48307401224 1.44134944783
4521 1.46324928465 1.42208246593
4524 1.44852365693 1.40777112663
4527 1.40507387707 1.36554375585
4530 1.39788929041 1.35856129919
4533 1.36721243811 1.32874750449
4536 1.42855358897 1.38836289333
4539 1.50459867974 1.46226854382
4542 1.46725725381 1.42597767553
4545 1.46066607193 1.41957192889
4548 1.38571935951 1.34673375516
4551 1.38612259229 1.34712564345
4554 1.36694387499 1.32848649708
4557 1.4110217723 1.37132431396
4560 1.47781602658 1.43623938949
4563 1.43448218723 1.39412469737
4566 1.44817020429 1.40742761797
4569 1.49282635887 1.45082742352
4572 1.41083064619 1.37113856496
4575 1.47628102069 1.43474756921
4578 1.45519471383 1.4142545011
4581 1.39445520773 1.35522383044
4584 1.35222315445 1.31417992692
4587 1.41942006959 1.37948633491
4590 1.4150376268 1.37522718706
4593 1.41772265487 1.37783667498
4596 1.44273445125 1.40214479353
4599 1.43659861026 1.3961815773
4602 1.43273344897 1.39242515783
4605 1.44144207538 1.40088877715
4608 1.46659878445 1.42533773144
4611 1.45221644764 1.41136002496
4614 1.44875479526 1.40799576216
4617 1.41728409694 1.37741045537
4620 1.41025605379 1.37058013805
4623 1.46387509228 1.42269066718
4626 1.44271567072 1.40212654137
4629 1.40778421185 1.36817783851
4632 1.44323375137 1.40263004642
4635 1.41346630932 1.37370007677
4638 1.42229552348 1.38228089125
4641 1.44490932225 1.40425847706
4644 1.43056160177 1.39031441302
4647 1.36915651801 1.33063688996
4650 1.4232935109 1.38325080145
4653 1.42351283772 1.38346395776
4656 1.39206721177 1.35290301797
4659 1.44882832863 1.40806722675
4662 1.43420191831 1.39385231349
4665 1.39847851485 1.35913394649
4668 1.31250294514 1.27557719955
4671 1.3855975656 1.34661538778
4674 1.42280581516 1.38277682646
4677 1.43613396596 1.39573000523
4680 1.39732208841 1.35801005476
4683 1.42091252813 1.38093680486
4686 1.42702969146 1.38688186891
4689 1.42129266346 1.38130624553
4692 1.40310310585 1.36362842999
4695 1.42339373064 1.38334820163
4698 1.39742329145 1.35810841057
4701 1.37017035003 1.331622199
4704 1.34557778955 1.30772152164
4707 1.36124227689 1.32294530683
4710 1.36506783343 1.32666323577
4713 1.38313448072 1.34422159893
4716 1.38787619023 1.34882990596
4719 1.41192567012 1.37220278166
4722 1.40639617487 1.36682885234
4725 1.42212260146 1.38211283419
4728 1.36328091426 1.3249265895
4731 1.34092408786 1.30319874644
4734 1.36995975544 1.33141752924
4737 1.35228178073 1.31423690382
4740 1.38480510524 1.34584522237
4743 1.38385155995 1.34491850397
4746 1.37604603138 1.33733257488
4749 1.37065616221 1.33209434341
4752 1.36376264645 1.32539476871
4755 1.3334104957 1.29589654046
4758 1.35304230598 1.31497603257
4761 1.34014714026 1.30244365735
4764 1.28938255001 1.25310726988
4767 1.31461404261 1.27762890374
4770 1.33927678752 1.30159779098
4773 1.33356546091 1.2960471459
4776 1.35328166183 1.31520865442
4779 1.34335531488 1.30556157371
4782 1.3401256244 1.30242274682
4785 1.33032486982 1.29289772508
4788 1.31536229 1.27835610007
4791 1.32930636509 1.2919078748
4794 1.3607662579 1.32248268007
4797 1.34248909521 1.30471972412
4800 1.31658437553 1.27954380364
4803 1.33029306757 1.29286681755
4806 1.29191440026 1.25556788946
4809 1.32077175243 1.28361337355
4812 1.30319320492 1.26652937806
4815 1.32761010652 1.2902593385
4818 1.3233083562 1.28607861292
4821 1.3179839381 1.28090399114
4824 1.23456699624 1.19983388803
4827 1.29078213991 1.25446748394
4830 1.27586970799 1.23997459597
4833 1.26262932245 1.2271067133
4836 1.25700794825 1.22164348992
4839 1.231140294 1.19650359208
4842 1.21838432659 1.18410649899
4845 1.20420734828 1.1703283735
4848 1.14750664265 1.11522287634
4851 1.13042610665 1.09862288139
4854 1.04846282872 1.01896554506
4857 0.929912281148 0.903750279423
4860 0.670957121979 0.652080522822
4863 0.680004808007 0.660873662714
4866 0.941377865417 0.914893292798
4869 1.05957030713 1.02976052747
4872 1.04093717173 1.01165161369
4875 1.12993779216 1.09814830505
4878 1.14284754135 1.11069485345
4881 1.21006842672 1.17602455731
4884 1.18436194616 1.15104129871
4887 1.1871862089 1.1537861041
4890 1.17753672262 1.1444080949
4893 1.22373769278 1.18930925445
4896 1.27887908328 1.24289930599
4899 1.25903666254 1.2236151287
4902 1.2463302569 1.21126620302
4905 1.25021205616 1.21503879236
4908 1.27366312043 1.23783008819
4911 1.20627922643 1.17234196176
4914 1.27753066574 1.2415888246
4917 1.25833094715 1.22292926779
4920 1.16179220451 1.12910653052
4923 1.18999278275 1.15651371826
4926 1.23871676626 1.20386690909
4929 1.28824569536 1.25200239931
4932 1.25457753319 1.21928145177
4935 1.21169485419 1.17760522713
4938 1.21199982036 1.17790161343
4941 1.25350013395 1.2182343639
4944 1.27992420558 1.24391502498
4947 1.26512338112 1.22953060452
4950 1.27614869603 1.240245735
4953 1.26663070891 1.23099552539
4956 1.22793471609 1.19338819938
4959 1.22250358365 1.18810986554
4962 1.28310905585 1.24701027319
4965 1.2684846918 1.23279734863
4968 1.24029668679 1.20540238039
4971 1.24858696617 1.2134594224
4974 1.26460100731 1.22902292709
4977 1.26526617591 1.22966938195
4980 1.21845070304 1.18417100802
4983 1.11764006554 1.08619656069
4986 1.19208036449 1.1585425683
4989 1.24108005725 1.20616371164
4992 1.21454552626 1.18037569885
4995 1.23576088474 1.20099418787
4998 1.24484887058 1.20982649378
5001 1.18631764589 1.1529419771
5004 1.19996898903 1.16620925556
5007 1.15078612377 1.11841009308
5010 1.23511792421 1.20036931628
5013 1.16315410003 1.13043011069
5016 1.17597084145 1.14288626799
5019 1.10363512935 1.0725856371
5022 1.19261256564 1.1590597966
5025 1.22205795321 1.18767677239
5028 1.18913969435 1.15568463051
5031 1.21200618003 1.17790779417
5034 1.22929091035 1.19470623869
5037 1.18743508699 1.15402798029
5040 1.140031818 1.10795834721
5043 1.16508766683 1.13230927883
5046 1.23953127852 1.20465850599
5049 1.1825080364 1.14923954655
5052 1.17037731408 1.13745010801
5055 1.22146563372 1.18710111712
5058 1.22825694239 1.19370136021
5061 1.24239134614 1.20743810894
5064 1.20736619876 1.17339835339
5067 1.1888743764 1.15542677697
5070 1.19907439811 1.16533983292
5073 1.17658319462 1.14348139331
5076 1.18471807706 1.15138741029
5079 1.14473572003 1.11252991041
5082 1.15321398169 1.12076964604
5085 1.18754872785 1.154138424
5088 1.19498258164 1.16136313495
5091 1.20328216792 1.16942922201
5094 1.21582171707 1.18161598551
5097 1.16266518485 1.12995495057
5100 1.14943134746 1.11709343183
5103 1.21135397184 1.17727393511
5106 1.19207792811 1.15854020047
5109 1.16127711323 1.12860593074
5112 1.19033793695 1.15684916194
5115 1.19693065353 1.1632564001
5118 1.21627552086 1.18205702207
5121 1.18475981783 1.15142797672
5124 1.1491171551 1.1167880789
5127 1.15133000331 1.1189386712
5130 1.14700190626 1.11473234014
5133 1.15079668477 1.11842035696
5136 1.16573210377 1.1329355853
5139 1.10762607301 1.0764643002
5142 1.12831730542 1.09657340883
5145 1.16260823587 1.12989960378
5148 1.13900947719 1.10696476877
5151 1.15116904715 1.11878224336
5154 1.13218135023 1.10032874323
5157 1.17378541801 1.14076232889
5160 1.16622736311 1.13341691109
5163 1.1444754694 1.11227698164
5166 1.07857489545 1.04823044378
5169 0.987658635744 0.959872007418
5172 1.02617875245 0.997308405386
5175 1.14384411884 1.11166339339
5178 1.17002172387 1.13710452192
5181 1.15258268528 1.12015611041
5184 1.00717140757 0.978835810074
5187 1.11724317605 1.08581083722
5190 1.09744612983 1.0665707579
5193 1.07957726559 1.0492046134
5196 1.07794898544 1.04762214301
5199 1.09651486283 1.06566569102
5202 1.11050002926 1.07925740104
5205 1.06005523034 1.03023180793
5208 1.06195659747 1.03207968231
5211 1.11734690853 1.08591165131
5214 1.1225879156 1.09100520874
5217 1.07669125855 1.04639980082
5220 1.13595746026 1.10399861679
5223 1.13257704473 1.10071330532
5226 1.02451208127 0.995688624064
5229 1.05825813208 1.02848526894
5232 1.07748838431 1.04717450036
5235 1.05601020968 1.02630058923
5238 1.10480317562 1.07372082175
5241 1.12170538415 1.09014750628
5244 1.12290701654 1.09131533214
5247 1.12387560501 1.0922566705
5250 1.10361730479 1.07256831402
5253 1.11386494586 1.08252764961
5256 1.11103813082 1.07978036373
5259 1.13428983788 1.10237791103
5262 1.05671447915 1.0269850449
5265 1.00703958616 0.978707697307
5268 1.04200188564 1.01268637311
5271 1.02116532722 0.992436027056
5274 1.05725222476 1.02750766166
5277 1.07069235791 1.04056967228
5280 1.0983665853 1.06746531743
5283 1.05589949841 1.02619299269
5286 1.10679239639 1.07565407811
5289 1.12706211951 1.09535353612
5292 1.13432286524 1.1024100092
5295 1.11688464906 1.08546239698
5298 1.07056447157 1.04044538387
5301 1.10328612422 1.07224645084
5304 1.10897210377 1.07777246195
5307 1.09430372617 1.06351676211
5310 1.11340808146 1.08208363857
5313 1.10377059139 1.07271728808
5316 1.04749707478 1.01802696148
5319 1.09073004571 1.060043623
5322 1.09999077119 1.06904380873
5325 1.05072957442 1.02116851851
5328 0.99548632021 0.967479469075
5331 1.07185804106 1.04170256028
5334 1.08277748162 1.05231479507
5337 1.05883399682 1.0290449324
5340 1.03743319341 1.00824621573
5343 1.08335957525 1.05288051217
5346 1.06392245379 1.03399023154
5349 1.05766839714 1.02791212551
5352 1.07990634583 1.04952443535
5355 1.09268392919 1.06194253624
5358 1.10150573214 1.07051614802
5361 1.08250606193 1.05205101146
5364 1.03710025465 1.00792264381
5367 1.04566167593 1.01624319946
5370 1.01498557416 0.986430134166
5373 1.05277348858 1.02315492951
5376 1.08818827354 1.05757336064
5379 1.07152047715 1.04137449334
5382 1.0383069121 1.00909535336
5385 1.06901189995 1.03893649205
5388 1.01469650716 0.986149199735
5391 1.03253978454 1.00349047723
5394 1.05531548243 1.02562540732
5397 1.03027217322 1.00128666253
5400 1.04892801921 1.01941764796
5403 1.0297291969 1.00075896221
5406 0.999016188223 0.970910028352
5409 1.02668473082 0.997800148643
5412 1.03371874191 1.00463626601
5415 1.02649157079 0.997612422954
5418 1.05260785761 1.02299395838
5421 1.05398751911 1.02433480471
5424 1.00906751615 0.980678573843
5427 1.05696073632 1.0272243739
5430 1.01818098581 0.989535646621
5433 1.02935701948 1.00039725557
5436 1.03143927492 1.00242092917
5439 1.06791554973 1.03787098637
5442 1.06599058258 1.03600017593
5445 1.02237827051 0.993614845595
5448 1.01763591469 0.989005910448
5451 1.06302190987 1.03311502337
5454 1.03244359549 1.00339699435
5457 1.02316953572 0.994383849481
5460 1.05514039334 1.02545524416
5463 1.00996164511 0.981547547524
5466 1.03538445008 1.00625511141
5469 1.05098076491 1.02141264204
5472 1.04548829269 1.01607469414
5475 1.00933981686 0.980943213688
5478 0.987651273765 0.95986485256
5481 1.02806601734 0.999142574273
5484 1.04832497573 1.0188315704
5487 1.02728223853 0.99838084617
5490 1.03348490276 1.00440900565
5493 1.0356179722 1.00648206366
5496 1.02734275602 0.998439661071
5499 1.02695125552 0.998059174981
5502 1.00846066573 0.98008879646
5505 1.01976510634 0.991075199758
5508 1.01083817837 0.982399420537
5511 1.01477071977 0.98622132446
5514 1.01631288578 0.987720103413
5517 1.0326533913 1.0036008878
5520 1.03175254221 1.00272538305
5523 1.02824784014 0.999319281701
5526 0.994038091947 0.966071985031
5529 0.972283218865 0.944929160031
5532 1.02429218375 0.995474913108
5535 0.993465058886 0.96551507359
5538 1.02435584723 0.995536785486
5541 1.02482256852 0.995990376119
5544 1.00536660269 0.977081781282
5547 1.01718259162 0.988565341095
5550 1.02894826405 1.0
5553 1.01625884189 0.987667579992
5556 1.01373639751 0.985216101647
5559 1.01574736411 0.987170492038
5562 1.00412920762 0.975879198886
5565 0.994407338169 0.96643084294
5568 0.996752887416 0.968710402884
5571 0.988264604344 0.960460927795
5574 0.985428726844 0.957704834414
5577 0.999467183903 0.971348335793
5580 1.00496939957 0.97669575301
5583 0.995361785247 0.967358437758
5586 0.970855769476 0.943541870271
5589 0.939702920535 0.913265470544
5592 0.982546908945 0.954904093114
5595 0.964836107255 0.937691564254
5598 0.964866176463 0.937720787499
5601 0.955976014655 0.929080740066
5604 0.97075675614 0.943445642561
5607 1.00497844404 0.97670454303
5610 1.00334627726 0.975118295363
5613 0.995710753907 0.967697588591
5616 0.951420337778 0.924653231866
5619 0.986248335358 0.958501384195
5622 0.98605702562 0.958315456734
5625 0.960646851755 0.933620168591
5628 0.987108675951 0.959337520104
5631 0.992721992886 0.964792912889
5634 0.980288223705 0.952708953359
5637 0.970161698352 0.942867326032
5640 0.967603847371 0.940381437217
5643 0.974468393288 0.94705285711
5646 0.979770377164 0.952205675829
5649 0.978892537189 0.951352532861
5652 0.975134696029 0.947700414197
5655 0.953352020189 0.926530568637
5658 0.922079453247 0.896137819035
5661 0.950882017067 0.924130056182
5664 0.954309467566 0.927461079344
5667 0.957662868757 0.930720136488
5670 0.961824688477 0.934764868245
5673 0.971822755971 0.944481651725
5676 0.960515012373 0.933492038356
5679 0.961266495864 0.934222379733
5682 0.937593364627 0.911215264542
5685 0.932985135101 0.9067366822
5688 0.924736903311 0.898720504829
5691 0.946073424911 0.91945674818
5694 0.951054091133 0.924297289144
5697 0.95200591738 0.925222336866
5700 0.946355483775 0.919730871646
5703 0.946271576884 0.919649325378
5706 0.933385528446 0.907125810942
5709 0.912751054873 0.887071864312
5712 0.925385064015 0.899350430284
5715 0.941811100358 0.915314339178
5718 0.94064940309 0.914185324913
5721 0.94821332296 0.921536442684
5724 0.951252398981 0.924490017832
5727 0.948879292301 0.922183675751
5730 0.943320466864 0.916781241411
5733 0.942301797137 0.915791230773
5736 0.947132921094 0.92048643667
5739 0.946621183128 0.919989095856
5742 0.943284942026 0.916746716022
5745 0.941221398594 0.914741227987
5748 0.93554603666 0.909225535768
5751 0.932644494754 0.906405625373
5754 0.915248412351 0.889498961539
5757 0.934393725897 0.90810564393
5760 0.932881610154 0.906636069807
5763 0.914663028734 0.88893004701
5766 0.935387004378 0.909070977674
5769 0.935358858879 0.909043624017
5772 0.92558910786 0.899548733593
5775 0.92598900847 0.899937383464
5778 0.933542157319 0.907278033245
5781 0.920582846576 0.894683317654
5784 0.91872505402 0.892877791933
5787 0.923098877769 0.897128563232
5790 0.920384544303 0.894490594385
5793 0.919847180631 0.893968348815
5796 0.925783835426 0.899737982725
5799 0.923533239682 0.897550704878
5802 0.929722649424 0.903565982767
5805 0.921343794931 0.895422857611
5808 0.923256190104 0.897281449767
5811 0.926911918267 0.900834328266
5814 0.922583509624 0.896627694372
5817 0.918122617967 0.892292304719
5820 0.92553419034 0.899495361113
5823 0.92450396192 0.898494116973
5826 0.926771900302 0.900698249544
5829 0.925435563321 0.899399508851
5832 0.925808606397 0.899762056794
5835 0.920513947895 0.894616357357
5838 0.92136978145 0.895448113029
5841 0.92211693856 0.896174249742
5844 0.920809804936 0.894903890804
5847 0.919061074255 0.89320435863
5850 0.91442281786 0.88869659419
5853 0.898572762772 0.873292461988
5856 0.889479491 0.864455018853
5859 0.885028008478 0.860128773621
5862 0.898037262918 0.872772027801
5865 0.908964127791 0.883391478024
5868 0.909943710003 0.884343500829
5871 0.907446328946 0.881916380686
5874 0.905059319597 0.879596527072
5877 0.901810470052 0.876439080135
5880 0.901639362943 0.876272786926
5883 0.89432123906 0.869160549957
5886 0.88509945515 0.860198210224
5889 0.816785484946 0.793806174209
5892 0.84977982558 0.8258722574
5895 0.829737391895 0.806393694303
5898 0.851866627467 0.82790034954
5901 0.880130174019 0.855368734045
5904 0.888832713255 0.863826437449
5907 0.882829884069 0.857992490888
5910 0.88454165223 0.859656100441
5913 0.874152987477 0.849559708702
5916 0.872714315162 0.848161511761
5919 0.871732148635 0.847206977348
5922 0.875538696423 0.850906432336
5925 0.880959045369 0.856174286062
5928 0.875270090669 0.850645383493
5931 0.865382716188 0.841036178807
5934 0.874268773254 0.849672236981
5937 0.878795826477 0.854071926821
5940 0.867912431296 0.843494723319
5943 0.866523027335 0.842144408625
5946 0.861774302415 0.837529283563
5949 0.852126770855 0.828153174096
5952 0.869135500859 0.844683383241
5955 0.872250189983 0.847710444205
5958 0.859475752832 0.835295401002
5961 0.869479646146 0.8450178464
5964 0.872197972035 0.847659695349
5967 0.859839819248 0.835649224833
5970 0.866745872134 0.842360983944
5973 0.869386669281 0.844927485331
5976 0.851354487963 0.827402618487
5979 0.85965367458 0.835468317129
5982 0.859459556442 0.835279660279
5985 0.841221262545 0.817554479593
5988 0.852041006562 0.828069822681
5991 0.847878773873 0.824024689574
5994 0.860295290425 0.836091881857
5997 0.853693215804 0.829675548936
6000 0.853724117038 0.8297055808
6003 0.844763904358 0.820997453295
6006 0.846271532968 0.822462666525
6009 0.835995351143 0.812475593138
6012 0.844837325378 0.821068808699
6015 0.839068720273 0.815462496598
6018 0.839541933144 0.815922396174
6021 0.826291134217 0.803044393081
6024 0.82693687132 0.803671963121
6027 0.839343688646 0.815729729055
6030 0.844836278548 0.821067791321
6033 0.84554431843 0.821755911323
6036 0.845464775071 0.821678605824
6039 0.845251419965 0.821471253216
6042 0.835585117113 0.812076900566
6045 0.833953282283 0.810490975512
6048 0.838354518769 0.814768388323
6051 0.837924762851 0.814350723089
6054 0.828066961591 0.804770259614
6057 0.831847511369 0.808444448016
6060 0.838172960657 0.814591938138
6063 0.834012570173 0.810548595407
6066 0.821510272433 0.79839803529
6069 0.83591036493 0.812392997913
6072 0.837125502023 0.813573948535
6075 0.833593945965 0.810141748705
6078 0.819825386832 0.796760551987
6081 0.828403988633 0.805097804792
6084 0.823594785584 0.800423903085
6087 0.827306527584 0.804031219535
6090 0.826022446396 0.80278326448
6093 0.825440388716 0.802217582316
6096 0.829445485545 0.806110000399
6099 0.827289692261 0.804014857855
6102 0.792461543622 0.770166558717
6105 0.815726223425 0.792776713781
6108 0.824558772381 0.801360769233
6111 0.826010314402 0.802771473805
6114 0.821977040175 0.798851671063
6117 0.821952993047 0.798828300473
6120 0.819311740026 0.796261356037
6123 0.794796934592 0.772436246175
6126 0.819037778198 0.795995101807
6129 0.816447020298 0.793477231871
6132 0.818177233744 0.795158767772
6135 0.808972729369 0.786213221434
6138 0.783458881189 0.761417175733
6141 0.789931810105 0.767707996314
6144 0.805763118129 0.783093908877
6147 0.80132571852 0.778781350352
6150 0.80100087085 0.778465641893
6153 0.809794869634 0.787012231738
6156 0.791619359192 0.769348068167
6159 0.798108990302 0.775655121046
6162 0.764202587528 0.742702635523
6165 0.794649114119 0.772292584459
6168 0.788422069507 0.766240730513
6171 0.78218764941 0.760181708583
6174 0.800815795044 0.77828577298
6177 0.800145799417 0.777634626902
6180 0.80582191073 0.783151047418
6183 0.807659949651 0.784937375249
6186 0.804595627267 0.781959264014
6189 0.802732727656 0.78014877492
6192 0.785390660944 0.763294607108
6195 0.802641982299 0.780060582579
6198 0.804103476061 0.781480958911
6201 0.797914320757 0.775465928302
6204 0.802396134855 0.779821651766
6207 0.802858692937 0.780271196314
6210 0.798445064949 0.775981740622
6213 0.790221801205 0.76798982885
6216 0.789324522031 0.767117793583
6219 0.787288173638 0.765138735487
6222 0.793715633224 0.771385365964
6225 0.795186992307 0.772815330069
6228 0.788715471148 0.766525877639
6231 0.766816169707 0.745242687604
6234 0.784160741599 0.762099290116
6237 0.772181783281 0.750457345873
6240 0.773541234841 0.751778550843
6243 0.777657797448 0.755779298743
6246 0.75039979719 0.729288170656
6249 0.770395479906 0.748721298069
6252 0.766554078684 0.744987970208
6255 0.761191911624 0.739776661488
6258 0.773225394011 0.751471595828
6261 0.780104431233 0.758157099329
6264 0.776702045302 0.754850435573
6267 0.778122119782 0.756230557908
6270 0.774910873102 0.753109655923
6273 0.776968589115 0.755109480486
6276 0.736628885574 0.71590468764
6279 0.732227237892 0.711626875202
6282 0.755716816089 0.734455601406
6285 0.769830793375 0.748172498337
6288 0.761856740042 0.740422785731
6291 0.751422404525 0.730282008122
6294 0.75741674774 0.736107707454
6297 0.755341299835 0.734090649865
6300 0.745422758778 0.724451155438
6303 0.744877442958 0.723921181445
6306 0.757921887255 0.736598635456
6309 0.755503666053 0.734248448098
6312 0.759798368272 0.738422323859
6315 0.747304463319 0.726279920407
6318 0.73708427799 0.71634726812
6321 0.754933924883 0.733694735934
6324 0.758015220496 0.736689342874
6327 0.763467578006 0.74198830464
6330 0.75998278566 0.738601552878
6333 0.75692364956 0.735628482018
6336 0.739926596152 0.719109620962
6339 0.751667203049 0.730519919523
6342 0.75215149522 0.730990586697
6345 0.744901155127 0.7239442265
6348 0.73465287545 0.713984270266
6351 0.758910196725 0.737559139987
6354 0.755303178043 0.734053600585
6357 0.75222966642 0.731066558641
6360 0.74444655461 0.72350241564
6363 0.743046479746 0.722141730256
6366 0.752387091632 0.731219554877
6369 0.745871786764 0.724887550543
6372 0.734670478842 0.714001378407
6375 0.753925179151 0.732714370091
6378 0.754075444979 0.732860408365
6381 0.749534763318 0.728447473507
6384 0.745391773133 0.724421041538
6387 0.749047086528 0.727973516938
6390 0.751376109622 0.730237015672
6393 0.733509797561 0.712873351545
6396 0.744258263967 0.723319422336
6399 0.732909129092 0.712289582186
6402 0.739584099462 0.718776760019
6405 0.744955966399 0.72399749572
6408 0.729160671312 0.708646582911
6411 0.731613006288 0.711029924291
6414 0.73687190614 0.716140871105
6417 0.727643896831 0.707172481117
6420 0.722046519006 0.701732579016
6423 0.736641502242 0.715916949353
6426 0.741561254701 0.720698290292
6429 0.735750651471 0.715051161633
6432 0.720152299649 0.69989165132
6435 0.734708611488 0.714038438235
6438 0.717616758727 0.697427444896
6441 0.727057129051 0.706602221368
6444 0.734023779392 0.713372873094
6447 0.730104752972 0.70956410393
6450 0.715180934597 0.695060149847
6453 0.7242751333 0.703898493835
6456 0.689992574185 0.670580434694
6459 0.71687250162 0.696704126598
6462 0.698538520536 0.678885950772
6465 0.719699714297 0.699451798931
6468 0.720153064414 0.699892394569
6471 0.709525204807 0.689563537445
6474 0.70970291111 0.689736244188
6477 0.718498201987 0.698284089773
6480 0.717333874217 0.697152519013
6483 0.704536629849 0.684715310248
6486 0.716722954363 0.696558786679
6489 0.714459406108 0.694358920724
6492 0.69173389892 0.67227276928
6495 0.656556083629 0.638084640955
6498 0.682617819154 0.663413159828
6501 0.706734437954 0.686851285575
6504 0.712245391 0.692207194359
6507 0.710153826985 0.690174474068
6510 0.711220703942 0.691211335681
6513 0.702848980598 0.683075141048
6516 0.678455618643 0.659368057993
6519 0.696344702522 0.676753853279
6522 0.700454875011 0.68074839084
6525 0.699527169869 0.679846785604
6528 0.691528068853 0.672072730003
6531 0.690059569957 0.670645545618
6534 0.686883419682 0.667558752641
6537 0.684811593518 0.665545214898
6540 0.679609749473 0.660489718693
6543 0.66403302233 0.645351224672
6546 0.649833737958 0.63155142067
6549 0.646189237724 0.628009454216
6552 0.625004001891 0.607420240382
6555 0.597725971362 0.580909645552
6558 0.5538127045 0.538231827438
6561 0.423438217278 0.411525274955
6564 0.380109231732 0.369415300081
6567 0.540136010456 0.524939911292
6570 0.589295282697 0.572716144519
6573 0.619315862547 0.601892130231
6576 0.637366262085 0.619434702748
6579 0.652722366108 0.634358780623
6582 0.65997808264 0.641410365999
6585 0.663227637056 0.644568497978
6588 0.6683251271 0.649522576061
6591 0.670743947734 0.651873345986
6594 0.664833087727 0.646128781159
6597 0.676199622599 0.657175531777
6600 0.683484641513 0.664255595147
6603 0.681070250386 0.66190913011
6606 0.675752019163 0.656740521144
6609 0.678821874372 0.659724009543
6612 0.680321929609 0.661181862468
6615 0.683617066266 0.664384294283
6618 0.683096223302 0.663878104631
6621 0.685072922228 0.665799191429
6624 0.684077234329 0.664831516052
6627 0.683524426273 0.664294260609
6630 0.683946556759 0.664704514944
6633 0.67748418869 0.658423958093
6636 0.679474756145 0.660358523246
6639 0.684046934627 0.664802068797
6642 0.678252549272 0.659170701743
6645 0.676432853528 0.657402201025
6648 0.681411714231 0.662240987265
6651 0.683826910022 0.664588234329
6654 0.680874931658 0.661719306447
6657 0.677948173342 0.658874889076
6660 0.679390133932 0.66027628178
6663 0.673072074032 0.654135973155
6666 0.678585347295 0.65949413688
6669 0.676305607729 0.657278535138
6672 0.673393120668 0.654447987518
6675 0.675922207509 0.656905921438
6678 0.661243389518 0.642640074939
6681 0.67129638261 0.652410238749
6684 0.674356185476 0.655383957616
6687 0.675125027942 0.656131169592
6690 0.671207500033 0.65232385678
6693 0.677428757854 0.65837008674
6696 0.670344513811 0.651485149672
6699 0.665475490418 0.646753110596
6702 0.672815749239 0.653886859763
6705 0.670037747129 0.651187013515
6708 0.670629311856 0.651761935256
6711 0.671623932659 0.652728573557
6714 0.668498627292 0.649691195026
6717 0.65465990774 0.636241811772
6720 0.657613272646 0.639112087188
6723 0.655567400299 0.637123773082
6726 0.657453615778 0.63895692208
6729 0.667736815595 0.648950816017
6732 0.665454562292 0.646732771259
6735 0.662265592109 0.643633519048
6738 0.658268917683 0.639749286413
6741 0.65874251073 0.64020955547
6744 0.652636441095 0.634275273011
6747 0.653500698217 0.635115215263
6750 0.651360197286 0.633034934839
6753 0.659389054877 0.640837909848
6756 0.651481287798 0.633152618609
6759 0.649290599149 0.63102356244
6762 0.651990494943 0.633647499803
6765 0.654013247067 0.635613344146
6768 0.647918913089 0.629690467174
6771 0.653214456552 0.634837026674
6774 0.651174422925 0.632854387023
6777 0.65095086808 0.632637121634
6780 0.652460897055 0.634104667698
6783 0.644900981993 0.626757442064
6786 0.642232254968 0.624163796574
6789 0.640214640466 0.622202945311
6792 0.640458695516 0.622440134156
6795 0.642069929393 0.62400603784
6798 0.639588699513 0.62159461448
6801 0.642638505417 0.624558617638
6804 0.643630189886 0.625522402217
6807 0.644881198774 0.626738215422
6810 0.639890935645 0.621888347549
6813 0.644229135021 0.626104496726
6816 0.6411247592 0.623087458913
6819 0.641380370224 0.623335878617
6822 0.64473346448 0.626594637462
6825 0.647057973115 0.628853748746
6828 0.637522034194 0.619586092389
6831 0.642351787486 0.624279966183
6834 0.63812240281 0.620169570332
6837 0.640623058143 0.622599872632
6840 0.636835892945 0.618919254927
6843 0.632790961968 0.614988123383
6846 0.638117598585 0.620164901268
6849 0.641391853563 0.623347038886
6852 0.639701845445 0.621704577182
6855 0.629308948643 0.611604072458
6858 0.633431455572 0.615610597444
6861 0.637335993624 0.619405285854
6864 0.633079228006 0.615268279392
6867 0.584539527305 0.56809418678
6870 0.585667818663 0.569190734972
6873 0.597210606333 0.580408779719
6876 0.604519357635 0.587511907794
6879 0.615545764068 0.598228099092
6882 0.615072737003 0.597768380094
6885 0.60457132619 0.587562414275
6888 0.600534150129 0.583638819472
6891 0.60577207032 0.588729376864
6894 0.60857445076 0.591452915586
6897 0.611554505704 0.594349130146
6900 0.603780668633 0.58679400095
6903 0.608064332729 0.590957149133
6906 0.613842741604 0.596572989187
6909 0.613336914116 0.596081392568
6912 0.610517352942 0.593341156472
6915 0.612508803865 0.595276580237
6918 0.608561645438 0.591440470527
6921 0.61534201576 0.598030083007
6924 0.610220174128 0.593052338439
6927 0.609820578105 0.592663984585
6930 0.610671664294 0.593491126453
6933 0.609210390995 0.592070964381
6936 0.613494782277 0.596234819291
6939 0.609314550357 0.592172193341
6942 0.614772921346 0.597476999402
6945 0.607042321162 0.589963890674
6948 0.610262913055 0.593093874955
6951 0.602104284831 0.585164780258
6954 0.599275546909 0.582415625592
6957 0.608972734638 0.591839994209
6960 0.606752730027 0.589682446849
6963 0.607339580196 0.59025278667
6966 0.603713436146 0.58672865997
6969 0.603261009439 0.586288961763
6972 0.607075443267 0.589996080927
6975 0.602882557461 0.585921157092
6978 0.588651125438 0.572090109876
6981 0.596445835018 0.579665524357
6984 0.605983227978 0.588934593846
6987 0.604863669421 0.587846532769
6990 0.602920641528 0.585958169708
6993 0.596731659342 0.579943307346
6996 0.59976184032 0.582888237702
6999 0.59550714961 0.578753247773
7002 0.597446528876 0.580638064856
7005 0.584622308061 0.568174638595
7008 0.597763146619 0.580945774927
7011 0.594853306703 0.578117799977
7014 0.592184955251 0.575524519492
7017 0.587921677616 0.571381184221
7020 0.596360853309 0.57958293351
7023 0.590024014168 0.573424373976
7026 0.59393078206 0.577221229492
7029 0.595701030046 0.578941673608
7032 0.597550995314 0.580739592252
7035 0.591948705359 0.575294916217
7038 0.594044356605 0.57733160875
7041 0.597732457427 0.58091594914
7044 0.595713751246 0.578954036912
7047 0.595598328538 0.578841861487
7050 0.59165014241 0.57500475299
7053 0.581620277284 0.565257066467
7056 0.59604156265 0.579272625723
7059 0.58775784346 0.571221959349
7062 0.588246820957 0.571697180032
7065 0.589688454132 0.573098254532
7068 0.586982493156 0.570468422625
7071 0.588538896048 0.571981037929
7074 0.592933919763 0.576252412759
7077 0.590347126505 0.573738395924
7080 0.595933290456 0.579167399642
7083 0.585302649142 0.56883583907
7086 0.584687137059 0.568237643705
7089 0.588164883745 0.571617548029
7092 0.587597335249 0.57106596685
7095 0.59010464226 0.57350273369
7098 0.58852850717 0.571970941331
7101 0.592008926235 0.575353442849
7104 0.59323325987 0.576543331279
7107 0.590084757179 0.573483408053
7110 0.585909858994 0.569425965779
7113 0.578445915879 0.562172012032
7116 0.576556793006 0.560336037437
7119 0.581241017606 0.564888476819
7122 0.579608186983 0.563301583989
7125 0.589574068221 0.572987086736
7128 0.590385442271 0.573775633719
7131 0.573996385786 0.5578476643
7134 0.580743865728 0.564405311732
7137 0.588143822644 0.571597079457
7140 0.579376143977 0.563076069243
7143 0.583982179685 0.567552519488
7146 0.572880053195 0.556762738429
7149 0.561799689519 0.545994107912
7152 0.580599157084 0.564264674297
7155 0.578756556598 0.562473913236
7158 0.581899163762 0.565528106798
7161 0.577439158238 0.561193578348
7164 0.552841799285 0.537288237513
7167 0.55965631178 0.543911031616
7170 0.559832325641 0.544082093532
7173 0.553865188587 0.538282834947
7176 0.548736772265 0.53329870066
7179 0.555045394116 0.539429836764
7182 0.554385527256 0.538788534492
7185 0.54316211491 0.527880879813
7188 0.547062018982 0.531671064615
7191 0.550274098581 0.534792776086
7194 0.550705967581 0.535212494953
7197 0.554261360411 0.538667860936
7200 0.548368322131 0.532940616442
7203 0.543611146135 0.528317278067
7206 0.543585317178 0.528292175777
7209 0.547120576984 0.531727975155
7212 0.553718903847 0.538140665758
7215 0.556608207043 0.540948681765
7218 0.552871143008 0.537316755685
7221 0.544408720356 0.529092413463
7224 0.546893255611 0.531507049205
7227 0.546094280967 0.530730552785
7230 0.552897149684 0.537342030694
7233 0.542789892177 0.527519129134
7236 0.542694050892 0.527425984233
7239 0.537824541875 0.522693473195
7242 0.539852533801 0.524664409924
7245 0.542267193442 0.527011135922
7248 0.548508482173 0.533076833245
7251 0.538939129888 0.523776703569
7254 0.552419054484 0.536877386146
7257 0.548290877645 0.532865350767
7260 0.54556416027 0.530215346417
7263 0.532205186988 0.51723221233
7266 0.537385833632 0.522267107499
7269 0.540398902884 0.525195407548
7272 0.534678818984 0.519636251563
7275 0.532230279432 0.517256598827
7278 0.54257213296 0.52730749632
7281 0.539838125127 0.524650406622
7284 0.534229302005 0.519199381222
7287 0.526485538552 0.511673479557
7290 0.515335292251 0.500836932483
7293 0.531992765221 0.517025766802
7296 0.537648708123 0.522522586322
7299 0.535540016958 0.520473220732
7302 0.528998164691 0.514115415879
7305 0.535349080023 0.520287655587
7308 0.529638616638 0.514737849455
7311 0.532413939532 0.517435091864
7314 0.539382574375 0.52420767226
7317 0.534879533099 0.519831318819
7320 0.532510179564 0.517528624294
7323 0.538968066117 0.523804825711
7326 0.526057669236 0.511257647847
7329 0.534438632027 0.519402821987
7332 0.535452129619 0.520387806002
7335 0.535189527166 0.520132591564
7338 0.535484795119 0.520419552496
7341 0.534208413019 0.519179079923
7344 0.538944745188 0.523782160889
7347 0.536936536507 0.521830450826
7350 0.535361756526 0.520299975451
7353 0.533618305583 0.518605574475
7356 0.526103833111 0.511302512956
7359 0.534831920394 0.519785045643
7362 0.528907505004 0.514027306797
7365 0.530831991953 0.515897650541
7368 0.53571982637 0.520647971416
7371 0.529484232695 0.514587808925
7374 0.527568865034 0.512726327908
7377 0.529235736229 0.514346303618
7380 0.537961225761 0.522826311638
7383 0.537040049842 0.521931051934
7386 0.526815357621 0.51199401955
7389 0.520147301974 0.505513561902
7392 0.536194102559 0.521108904395
7395 0.532390094696 0.517411917874
7398 0.53992536051 0.524735187739
