Wave Flux FluxNorm
3600 0.310356616361 0.288795979322
3603 0.21578279536 0.200792251306
3606 0.195969875706 0.18235574558
3609 0.131309279895 0.122187155299
3612 0.216184872285 0.201166395736
3615 0.260329719202 0.242244476967
3618 0.145576655516 0.135463368847
3621 0.201520138584 0.187520428782
3624 0.264092657335 0.245746001812
3627 0.348251327893 0.324058125354
3630 0.236298532577 0.21988274949
3633 0.183655777677 0.170897114405
3636 0.246959883689 0.229803450944
3639 0.313297648135 0.291532696075
3642 0.2980513739 0.277345588513
3645 0.229399996919 0.213463458726
3648 0.163123962073 0.151791654807
3651 0.255333127427 0.237595001045
3654 0.321957798013 0.299591220796
3657 0.362188699431 0.337027260375
3660 0.37006947094 0.344360550551
3663 0.317136181768 0.295104564762
3666 0.332743382388 0.309627524963
3669 0.280977921343 0.261458237667
3672 0.343474442563 0.319613092755
3675 0.354431552115 0.329809006155
3678 0.262245766397 0.244027415358
3681 0.2576772515 0.239776277588
3684 0.301065069929 0.280149921497
3687 0.196847910162 0.183172782521
3690 0.313954926558 0.292144313021
3693 0.320518781246 0.298252173278
3696 0.293963893417 0.273542067445
3699 0.375811217315 0.349703414792
3702 0.348575171548 0.32435947142
3705 0.193187809358 0.179766950842
3708 0.19037748889 0.177151864811
3711 0.300700474386 0.279810654599
3714 0.396428260979 0.368888181611
3717 0.301707353505 0.280747585296
3720 0.115110458397 0.107113674433
3723 0.186629456027 0.173664209759
3726 0.279606878772 0.260182442144
3729 0.253092826028 0.23551033456
3732 0.186707061802 0.173736424219
3735 0.0786811618333 0.0732151402225
3738 0.150604855976 0.140142257581
3741 0.261981397722 0.243781412513
3744 0.155923555273 0.145091464047
3747 0.118962818066 0.110698408654
3750 0.124397638806 0.115755669544
3753 0.27312125864 0.254147381446
3756 0.298412179788 0.277681329027
3759 0.147806254126 0.137538076071
3762 0.216717816175 0.201662315734
3765 0.207556996865 0.19313790335
3768 0.215047338698 0.200107887204
3771 0.297264042947 0.276612953855
3774 0.307901235625 0.286511175175
3777 0.298395770285 0.277666059501
3780 0.314799028182 0.292929774462
3783 0.329270660702 0.306396055075
3786 0.246811174486 0.229665072648
3789 0.173451584659 0.161401812031
3792 0.241071417085 0.224324059206
3795 0.182090674338 0.169440739615
3798 0.16703972112 0.155435384017
3801 0.230293389359 0.214294786724
3804 0.291995560601 0.271710475743
3807 0.212842115928 0.198055862418
3810 0.259025774089 0.241031117605
3813 0.212693822015 0.197917870561
3816 0.139013793313 0.129356432126
3819 0.133973005231 0.124665830237
3822 0.132523031458 0.123316586904
3825 0.0942490176097 0.0877014888868
3828 0.114789555486 0.106815064815
3831 0.140613329279 0.130844847488
3834 0.109370657874 0.101772620865
3837 0.152820645425 0.142204114974
3840 0.102002456397 0.0949162922116
3843 0.188718233444 0.175607878712
3846 0.175135423257 0.162968673478
3849 0.148529378531 0.138210964644
3852 0.171103542231 0.159216889344
3855 0.145969998637 0.135829386215
3858 0.120803555266 0.112411268875
3861 0.117755999473 0.109575428382
3864 0.177822936328 0.165469483605
3867 0.157376454427 0.146443429534
3870 0.123237549656 0.114676172397
3873 0.148468310331 0.138154138884
3876 0.21525216819 0.200298487084
3879 0.147943401417 0.137665695668
3882 0.142948154947 0.133017471592
3885 0.225366350276 0.209710031632
3888 0.202292624559 0.188239249752
3891 0.313706128862 0.291912799432
3894 0.324422225945 0.301884443625
3897 0.311660944829 0.290009695407
3900 0.277466084217 0.25819036971
3903 0.284452029395 0.26469099761
3906 0.236732487467 0.220286557306
3909 0.337461427978 0.314017805449
3912 0.36092459637 0.335850975217
3915 0.343324156633 0.319473247267
3918 0.305826490821 0.284580563981
3921 0.208428925071 0.193949258246
3924 0.253133370893 0.235548062752
3927 0.189400616393 0.17624285616
3930 0.10089359445 0.0938844634861
3933 0.051767837266 0.0481714984392
3936 0.0873916531713 0.0813205091552
3939 0.184172921322 0.171378331809
3942 0.208313887993 0.193842212854
3945 0.241947527644 0.225139305905
3948 0.29388337242 0.273467140284
3951 0.365377924263 0.339994928084
3954 0.371328583069 0.3455321915
3957 0.330399937732 0.307446880637
3960 0.322036238232 0.299664211731
3963 0.184372659789 0.17156419434
3966 0.116751385676 0.108640605632
3969 0.062759920741 0.0583999561056
3972 0.15567819137 0.144863145703
3975 0.27181346982 0.252930445402
3978 0.37255175646 0.346670390393
3981 0.425074137234 0.395544013807
3984 0.414171337662 0.385398637444
3987 0.471443832991 0.438692382461
3990 0.455544023199 0.423897140801
3993 0.49615368636 0.461685629347
3996 0.459670876984 0.427737299888
3999 0.511020277537 0.475519430632
4002 0.56393352392 0.524756766015
4005 0.429428415173 0.399595797772
4008 0.524048679654 0.487642742815
4011 0.548338958037 0.510245562809
4014 0.565286336598 0.526015598086
4017 0.554182580751 0.515683225986
4020 0.592813827746 0.551630739976
4023 0.570958810865 0.531294002588
4026 0.574057906146 0.534177802094
4029 0.61896517408 0.575965338553
4032 0.426818725791 0.397167404881
4035 0.476986977378 0.443850441698
4038 0.637217208155 0.592949394241
4041 0.580265113006 0.539953791036
4044 0.45502209899 0.423411474941
4047 0.427534673821 0.397833615626
4050 0.608975864718 0.566669991756
4053 0.564814958544 0.525576966913
4056 0.50308980997 0.468139896809
4059 0.496111914226 0.461646759145
4062 0.489268803561 0.455279042969
4065 0.459009818831 0.427122165792
4068 0.546680620748 0.508702431082
4071 0.480557963639 0.44717334967
4074 0.587671442562 0.54684559899
4077 0.405628100099 0.377448903078
4080 0.601790526463 0.559983822721
4083 0.603481268743 0.561557108247
4086 0.595402717856 0.554039778531
4089 0.702707453012 0.653889997414
4092 0.636887808464 0.592642878119
4095 0.590139477212 0.549142177977
4098 0.553924755455 0.515443311949
4101 0.466780280683 0.43435280958
4104 0.5556907204 0.517086594383
4107 0.638398252171 0.59404839051
4110 0.557953378836 0.519192064749
4113 0.59365426285 0.552412789612
4116 0.627208995178 0.583636457073
4119 0.535381690568 0.498188443512
4122 0.576330704443 0.5362927079
4125 0.602157242062 0.560325062395
4128 0.55021520237 0.511991463464
4131 0.506076302288 0.470918915938
4134 0.471402536047 0.438653954437
4137 0.592513492488 0.551351269166
4140 0.609183602761 0.566863298128
4143 0.383678985445 0.35702460494
4146 0.530255078099 0.493417979502
4149 0.514727429743 0.478969045028
4152 0.49077136807 0.456677223534
4155 0.496586152611 0.46208805194
4158 0.542989405884 0.505267646852
4161 0.578450131061 0.538264896839
4164 0.581687621599 0.54127747721
4167 0.476136854264 0.443059377083
4170 0.580222371957 0.53991401923
4173 0.439515952245 0.408982548349
4176 0.503647336338 0.468658691528
4179 0.501060725546 0.466251773945
4182 0.502689956455 0.467767821327
4185 0.618007961766 0.575074624282
4188 0.517816446579 0.481843466243
4191 0.55878098963 0.519962180987
4194 0.581085950458 0.540717604479
4197 0.445594657728 0.414638962971
4200 0.512823969211 0.477197818898
4203 0.507209877796 0.47197374136
4206 0.612363827926 0.569822591382
4209 0.631263287076 0.587409095184
4212 0.606114630991 0.564007529438
4215 0.453143329699 0.421663224738
4218 0.711195131279 0.661788032216
4221 0.745942271926 0.694121270764
4224 0.535694341486 0.498479374407
4227 0.305381554218 0.284166537357
4230 0.68339521004 0.635919386097
4233 0.62066359607 0.577545770276
4236 0.556666604662 0.517994683453
4239 0.602315352639 0.560472188948
4242 0.684047559396 0.636526416401
4245 0.76618630782 0.712958942859
4248 0.606651548339 0.564507146856
4251 0.547172172017 0.509159834027
4254 0.553401530655 0.514956435851
4257 0.69227541001 0.644182673914
4260 0.501457604752 0.466621081745
4263 0.713064182378 0.663527239354
4266 0.766153246729 0.712928178539
4269 0.612758461969 0.570189809991
4272 0.410567399228 0.382045066504
4275 0.510726531912 0.475246091669
4278 0.722039618539 0.671879147254
4281 0.598540616692 0.556959685888
4284 0.646674615664 0.601749790687
4287 0.612856840381 0.570281354002
4290 0.480324254667 0.446955876582
4293 0.627479139392 0.583887834226
4296 0.58007795301 0.539779633142
4299 0.401467504744 0.373577346466
4302 0.427776001968 0.39805817858
4305 0.423178194173 0.393779782906
4308 0.316827878912 0.294817679867
4311 0.423836114572 0.394391997229
4314 0.603023361847 0.561131012383
4317 0.883837727386 0.822437056555
4320 0.812180066234 0.755757490734
4323 0.626352569612 0.58283952784
4326 0.44940773597 0.418187144666
4329 0.819588435651 0.76265119684
4332 0.801677451169 0.74598449785
4335 0.871024196113 0.810513688025
4338 0.615198115728 0.572459979722
4341 0.600198228791 0.558502142805
4344 0.75490040888 0.702457081242
4347 0.791867018444 0.736855601037
4350 0.815355354799 0.758712190337
4353 0.654408700927 0.608946584987
4356 0.776572356967 0.722623467721
4359 0.710448708422 0.661093463747
4362 0.840310023543 0.781933245145
4365 0.893835679063 0.831740445281
4368 0.732746701115 0.681842403183
4371 0.772119169459 0.718479645486
4374 0.641179358879 0.596636292275
4377 0.758065034928 0.705401859057
4380 0.758487435502 0.705794915242
4383 0.417802865334 0.388777880982
4386 0.636924810601 0.592677309699
4389 0.671902654915 0.625225224809
4392 0.70381003489 0.654915982349
4395 0.706229337284 0.657167214537
4398 0.832074705723 0.774270039176
4401 0.714489655025 0.664853683668
4404 0.570371687033 0.530747666558
4407 0.662405229602 0.616387590617
4410 0.799554414936 0.744008950059
4413 0.854995034476 0.79559808066
4416 0.68054688184 0.633268932753
4419 0.870034099741 0.809592374168
4422 0.753139271104 0.700818290632
4425 0.800977160054 0.745332856328
4428 0.821741004578 0.764654225673
4431 0.763892255765 0.710824259804
4434 0.717914672412 0.668040763299
4437 0.807671390431 0.751562035006
4440 0.862810158219 0.802870283655
4443 0.727569985104 0.677025316351
4446 0.905404615968 0.842505682067
4449 0.893175730702 0.831126343879
4452 0.861385788294 0.801544865456
4455 0.706545183553 0.6574611188
4458 0.730949611486 0.680170158314
4461 0.667744406997 0.621355852556
4464 0.829882509573 0.772230136043
4467 0.827552513831 0.770062006328
4470 0.796921747173 0.741559175108
4473 0.910281392175 0.847043666071
4476 0.948816833539 0.882902030097
4479 0.901793949995 0.839145850954
4482 0.791527667792 0.736539825252
4485 0.975751312084 0.90796535628
4488 0.873923859054 0.81321190986
4491 0.862557954983 0.80263560111
4494 0.807302077077 0.751218378045
4497 0.864276943006 0.804235170133
4500 0.932723162878 0.867926395184
4503 1.00029639762 0.930805281838
4506 1.01370454162 0.943281955038
4509 0.982036054677 0.913813494506
4512 0.957361378558 0.890852981089
4515 0.897908121915 0.835529973391
4518 0.888000701607 0.826310826772
4521 0.98624441991 0.917729502398
4524 0.897281903209 0.834947258426
4527 0.761458008876 0.708559121324
4530 0.759241537738 0.7064966296
4533 0.844024678924 0.785389841466
4536 0.823980671641 0.76673830189
4539 0.922749529211 0.858645635083
4542 0.891247914668 0.829332454237
4545 0.855799671399 0.796346819034
4548 0.87825101206 0.817238453275
4551 0.880578639136 0.819404378876
4554 0.823061784173 0.765883250017
4557 0.941142048999 0.875760416867
4560 0.96497651577 0.897939090721
4563 0.914316161643 0.850798137986
4566 0.861223487512 0.801393839795
4569 0.966234236711 0.899109437128
4572 0.889305785332 0.827525245645
4575 0.960794724147 0.894047810358
4578 0.92740447896 0.862977203029
4581 0.817278691994 0.760501912287
4584 0.868328585015 0.808005342445
4587 0.902138418331 0.839466388894
4590 0.973646220728 0.906006506725
4593 0.876068381505 0.81520745121
4596 0.842568968107 0.784035259644
4599 0.893712440593 0.831625768252
4602 0.888445451854 0.826724679985
4605 0.871470207545 0.810928714808
4608 1.01357892208 0.943165062353
4611 0.96754422515 0.900328419983
4614 0.947372083113 0.881557647241
4617 0.991325536394 0.922457631052
4620 0.963309234697 0.89638763654
4623 0.97067080462 0.903237794336
4626 0.964857814714 0.89782863589
4629 0.960330231223 0.893615586001
4632 0.980942589046 0.912795992507
4635 0.931001648703 0.866324475502
4638 0.877160969007 0.816224136085
4641 0.915110538044 0.851537328642
4644 0.892507572979 0.830504603424
4647 0.772794695502 0.71910824238
4650 0.894262748862 0.832137846317
4653 0.950840541216 0.884785149739
4656 0.864100248518 0.804070750704
4659 1.02822515039 0.956793809497
4662 0.928690825461 0.864174186364
4665 0.867491252434 0.807226179798
4668 0.738229642587 0.686944441834
4671 0.935251888 0.870279448444
4674 0.903999522463 0.841198201145
4677 0.977223194036 0.90933498582
4680 0.871836210768 0.811269291595
4683 0.911319087222 0.848009271899
4686 0.927084935588 0.862679858503
4689 0.901345313679 0.838728381638
4692 0.892953365904 0.83091942688
4695 0.95529879909 0.888933690099
4698 0.884480272296 0.823034963533
4701 0.862717178245 0.802783763048
4704 0.873300507807 0.81263186315
4707 0.873934832701 0.813222121161
4710 0.873427311539 0.812749857761
4713 0.909228218442 0.84606365687
4716 0.93216745077 0.867409288688
4719 1.02089421541 0.949972158415
4722 0.989396659606 0.920662754347
4725 1.0161813434 0.945586692102
4728 0.83882549902 0.780551851319
4731 0.851947771164 0.79276251233
4734 0.940912931526 0.875547216305
4737 0.914566413831 0.851031005023
4740 0.954854118761 0.888519901946
4743 0.98531515674 0.916864795628
4746 0.99116894785 0.922311920797
4749 1.00245379532 0.932812803988
4752 0.973347524775 0.905728561337
4755 0.928696428544 0.864179400198
4758 0.961354855229 0.894569028839
4761 0.978656006902 0.910668260424
4764 0.898476213712 0.836058599552
4767 0.883666150519 0.822277399223
4770 1.00898341215 0.938888804907
4773 0.979126524381 0.911106090807
4776 1.03252150474 0.960791693853
4779 1.04538323395 0.972759911983
4782 0.996584721284 0.927351457608
4785 0.972096746379 0.904564675173
4788 0.961189461283 0.894415124897
4791 0.960008407936 0.893316119946
4794 1.06412790528 0.990202381155
4797 1.034771688 0.962885555706
4800 0.947285902681 0.881477453809
4803 1.05899822776 0.985429065033
4806 0.985252389316 0.91680638869
4809 0.967838040875 0.900601824175
4812 1.00999341957 0.939828646589
4815 1.02072841622 0.949817877384
4818 1.0642207452 0.990288771438
4821 1.05763665 0.984162076787
4824 0.93957294958 0.874300323608
4827 1.02608066028 0.954798298244
4830 1.00127678088 0.931717557364
4833 0.963487391119 0.896553416342
4836 1.01642934567 0.945817465526
4839 0.968365905747 0.901093017998
4842 0.973226109938 0.905615581253
4845 1.0181821817 0.947448531112
4848 0.975411536608 0.907649185185
4851 1.01530528038 0.944771489636
4854 0.967148101498 0.899959815249
4857 0.941060965871 0.875684966626
4860 0.798584324736 0.743106252535
4863 0.829668987411 0.772031447378
4866 0.951001716393 0.884935127992
4869 0.944115205578 0.878527026699
4872 0.793028714253 0.737936593228
4875 0.923643844001 0.859477821355
4878 0.974534429862 0.906833011505
4881 0.979269788786 0.911239402559
4884 0.966072663513 0.898959088505
4887 0.88728152014 0.825641607218
4890 0.866866485469 0.806644815722
4893 0.976418077909 0.908585801533
4896 1.09707610812 1.02086165506
4899 1.02997177007 0.958419090586
4902 1.01082556674 0.940602984051
4905 1.02819609688 0.956766774347
4908 0.999417877857 0.929987793306
4911 0.90953856503 0.846352443517
4914 1.00779570724 0.937783610488
4917 0.998130849714 0.928790175685
4920 0.741780427677 0.69024855202
4923 0.919096362822 0.85524625608
4926 0.96009439565 0.893396134049
4929 1.05486880956 0.981586519677
4932 1.03855354561 0.966404685677
4935 0.96090697549 0.89415226354
4938 0.858157629798 0.798540968825
4941 0.994507789922 0.925418811758
4944 1.0547373432 0.981464186355
4947 1.01869232148 0.947923231213
4950 1.06408129287 0.990159006934
4953 1.03643308019 0.964431530107
4956 0.974094764735 0.906423890145
4959 0.937185442572 0.872078677966
4962 1.05245490338 0.979340308825
4965 0.985754002437 0.917273154484
4968 0.964941597998 0.897906598705
4971 0.995043183329 0.925917011104
4974 1.05965757526 0.986042607311
4977 1.00023813416 0.930751065972
4980 0.946881388493 0.881101041434
4983 0.830932768086 0.773207432546
4986 0.916287433248 0.852632464318
4989 0.994709625641 0.925606625844
4992 0.976914972806 0.909048176881
4995 0.985951114187 0.917456572777
4998 0.980673805207 0.912545881222
5001 0.901418375839 0.838796368132
5004 0.897069654453 0.834749754703
5007 0.851362575167 0.792217970205
5010 0.964090021016 0.897114181224
5013 0.825184393456 0.767858400519
5016 0.892808420371 0.83078455079
5019 0.880810976439 0.819620575584
5022 0.883074440353 0.821726795472
5025 0.951996615727 0.885860911148
5028 0.887194718615 0.825560835841
5031 0.987471225772 0.918871081413
5034 1.04263578095 0.970203325986
5037 0.916054773055 0.852415967151
5040 0.808216422288 0.752069203214
5043 0.901415847322 0.838794015273
5046 1.06504907563 0.991059557326
5049 0.899106172164 0.83664479446
5052 0.914019377117 0.850521971237
5055 1.01676397297 0.946128846084
5058 1.02233723742 0.951314932928
5061 1.05515892583 0.981856481419
5064 0.969121099608 0.901795748144
5067 0.942953595214 0.877446114016
5070 0.977216191212 0.909328469486
5073 0.935638180053 0.870638904586
5076 0.962717903502 0.895837385433
5079 0.871163221812 0.810643055535
5082 0.887893291505 0.826210878506
5085 0.955144419325 0.888790035177
5088 0.97417032281 0.90649419916
5091 0.999879890725 0.930417709898
5094 1.04337946522 0.970895346117
5097 0.943433397521 0.877892584205
5100 0.893337670916 0.831277034021
5103 0.98645982973 0.917929947584
5106 0.949405026725 0.883449361194
5109 0.904864978271 0.842003533284
5112 0.965318522891 0.898257338429
5115 0.996333649827 0.927117828217
5118 1.04712941067 0.974384780889
5121 0.969652899231 0.902290603369
5124 0.848980810061 0.790001667572
5127 0.902815096848 0.840096058199
5130 0.895986933048 0.833742250523
5133 0.956936805937 0.89045790375
5136 0.98024064925 0.912142816836
5139 0.865793082645 0.805645982755
5142 0.890150432376 0.828311214616
5145 0.92207335187 0.858016432137
5148 0.884029046441 0.822615084574
5151 0.886017139623 0.82446506388
5154 0.890782857524 0.828899704856
5157 0.985595471623 0.917125636889
5160 0.998193843202 0.928848792981
5163 0.925395067549 0.861107386483
5166 0.726760231422 0.676271816683
5169 0.704671064011 0.655717195326
5172 0.613754349905 0.571116513069
5175 0.883652969749 0.822265134127
5178 0.967975205571 0.900729459968
5181 0.899826495588 0.837315076638
5184 0.567997399959 0.528538322452
5187 0.965028102177 0.897987093394
5190 0.995349989321 0.926202503122
5193 0.831808848053 0.774022650778
5196 0.885821929643 0.824283415239
5199 0.980868245774 0.912726813901
5202 0.965501294207 0.898427412525
5205 0.837962756869 0.779749044319
5208 0.799340796639 0.743810171937
5211 0.914362023375 0.85084081368
5214 0.97819031219 0.910234917769
5217 0.905400178712 0.842501553069
5220 1.00500691932 0.935188561125
5223 0.957035503993 0.890549745201
5226 0.768392730345 0.715012084053
5229 0.923277943517 0.85913734017
5232 0.958058127434 0.891501326455
5235 0.915376053811 0.851784398889
5238 1.02272535947 0.951676091938
5241 1.02573262424 0.95447444045
5244 1.036697849 0.964677905288
5247 0.934946341151 0.869995128096
5250 0.915747251228 0.852129809026
5253 0.968849798027 0.901543294027
5256 0.948253278578 0.882377625594
5259 1.06240298159 0.988597288822
5262 0.90567181517 0.8427543188
5265 0.762930910346 0.709929699556
5268 0.836500553717 0.778388421187
5271 0.777676562478 0.723650963495
5274 0.916605618299 0.852928544887
5277 0.989308113435 0.920580359525
5280 1.00915198575 0.939045667617
5283 0.907244203082 0.844217472098
5286 1.05647948414 0.983085299853
5289 1.05851418516 0.984978649126
5292 1.07276563316 0.998240041546
5295 1.0226986546 0.951651242266
5298 0.854421804402 0.79506467318
5301 0.971585355315 0.904088810714
5304 1.05011442722 0.977162426771
5307 1.05860122237 0.985059639813
5310 1.0913354851 1.01551983613
5313 1.0573832286 0.983926260708
5316 1.02402270497 0.952883310162
5319 1.02691726541 0.955576783976
5322 1.0185964107 0.947833983405
5325 0.935617521097 0.870619680818
5328 0.740478345061 0.689036925766
5331 0.986393696591 0.91786840875
5334 1.01979922828 0.948953240614
5337 1.03778004024 0.96568491613
5340 0.923891723616 0.859708480643
5343 1.01684139381 0.946200888463
5346 0.987068121584 0.918495981084
5349 0.951655389823 0.885543390386
5352 1.04227142649 0.969864283419
5355 1.08684011976 1.01133676617
5358 1.10643495089 1.02957033411
5361 1.06248854802 0.988676910906
5364 1.01767266215 0.946974408151
5367 1.00121820246 0.931663048416
5370 0.887919150607 0.826234941162
5373 0.987579346966 0.91897169137
5376 1.06816699797 0.993960875959
5379 1.05058898277 0.977604014704
5382 1.0217727372 0.950789648839
5385 1.04928113903 0.976387027556
5388 0.988284408916 0.919627772296
5391 0.954169814368 0.887883136538
5394 0.959484806614 0.892828893483
5397 0.871878064589 0.811308237809
5400 0.972493424748 0.904933796087
5403 0.986481984912 0.917950563634
5406 0.812171432145 0.75574945646
5409 0.926721716256 0.862341872209
5412 0.992934176492 0.923954518078
5415 1.00273895978 0.933078157922
5418 1.04835156889 0.975522035135
5421 0.976033439922 0.908227884549
5424 0.952461412209 0.886293417974
5427 1.06505363745 0.991063802232
5430 0.885377914503 0.823870246064
5433 0.946050517007 0.880327891026
5436 0.917829954743 0.854067826035
5439 1.06734378558 0.993194852568
5442 1.06805899287 0.993860374034
5445 0.990712268558 0.921886967255
5448 0.94951722237 0.883553762548
5451 1.06534351551 0.991333542311
5454 0.986019795533 0.917520482794
5457 0.983669267869 0.915333247521
5460 1.05639197661 0.983003871511
5463 0.951236004064 0.885153139576
5466 1.02675889396 0.955429414671
5469 1.0242361399 0.953081917662
5472 0.997782250596 0.92846579393
5475 0.966877892232 0.899708377563
5478 0.921831905726 0.857791759383
5481 0.930032293274 0.865422461704
5484 1.01086894714 0.9406433508
5487 0.984910230221 0.916487999567
5490 1.00083378017 0.931305332142
5493 1.0002974346 0.930806246785
5496 1.0176795699 0.946980836016
5499 1.04941470586 0.976511315431
5502 0.978094225813 0.910145506562
5505 0.990094160171 0.921311799182
5508 1.00141119545 0.931842634078
5511 0.981954867666 0.913737947599
5514 0.944229879814 0.878633734455
5517 0.992469855853 0.923522454038
5520 1.04838670768 0.975554732822
5523 1.03533873127 0.963413206176
5526 1.00038275368 0.930885638698
5529 0.936441177653 0.871386117521
5532 1.01844453897 0.94769266229
5535 0.982372836076 0.914126879525
5538 0.992103136291 0.923181210676
5541 1.05703265379 0.983600040511
5544 1.01037202361 0.9401809488
5547 1.02398229071 0.952845703508
5550 1.0746569848 1.0
5553 1.02951584719 0.957994840914
5556 1.03434944978 0.962492650597
5559 1.03009526303 0.958534004434
5562 1.00826242234 0.938217902645
5565 0.990722705946 0.921896679552
5568 0.993042701839 0.924055504112
5571 1.01711062251 0.9464514137
5574 1.00387541053 0.934135658841
5577 1.02259995964 0.951559403704
5580 1.03473570599 0.962852073386
5583 1.02434746058 0.953185504831
5586 0.941399652792 0.876000124789
5589 0.900336801255 0.837789931102
5592 0.966981790544 0.899805058004
5595 0.981279959925 0.913109926053
5598 0.984341683902 0.915958950459
5601 0.929766691882 0.86517531178
5604 0.991414212124 0.922540146433
5607 1.07774480015 1.0028733032
5610 1.06596370056 0.991910642779
5613 1.06931272382 0.99502700763
5616 0.895491052958 0.833280819483
5619 1.0017415948 0.932150080413
5622 1.03983261997 0.967594902072
5625 0.931702667709 0.86697679435
5628 1.01753209462 0.946843605922
5631 1.0798158718 1.00480049641
5634 1.03352537993 0.961725829311
5637 0.982076493503 0.913851124026
5640 1.00161691704 0.932034064083
5643 0.988361832799 0.919699817502
5646 1.01380104847 0.94337175751
5649 1.0043807939 0.934605932967
5652 1.03277527425 0.961027833867
5655 0.976788530469 0.90893051856
5658 0.90715158087 0.8441312844
5661 0.973208797854 0.905599471848
5664 0.996733734782 0.92749011906
5667 0.992415307256 0.923471694961
5670 1.00609050351 0.936196868155
5673 1.0611412458 0.987423206482
5676 1.05167652491 0.97861600472
5679 1.03041765949 0.95883400384
5682 0.984792824108 0.916378749718
5685 0.996726980295 0.927483833811
5688 0.963386967216 0.89645996894
5691 1.02296114652 0.951895498742
5694 1.03067579972 0.959074210932
5697 1.01757746057 0.946885820273
5700 0.966295076626 0.899166050463
5703 0.967982511041 0.900736257923
5706 0.945117844524 0.879460011791
5709 0.893029087225 0.830989887801
5712 0.917815444969 0.854054324263
5715 1.00992716793 0.939766997481
5718 1.02094980967 0.950023890517
5721 1.04898612505 0.976112508353
5724 1.05977617649 0.98615296925
5727 1.00240900214 0.93277112262
5730 1.03890204721 0.966728976688
5733 1.03060181153 0.959005362744
5736 1.04679198909 0.97407080017
5739 1.03032490655 0.958747694492
5742 1.02075011936 0.949838072798
5745 1.05446432996 0.981210139486
5748 0.99071373759 0.921888334233
5751 1.03467998169 0.962800220279
5754 0.939105121622 0.873864995904
5757 1.03959504187 0.967373828645
5760 1.00119227714 0.931638924136
5763 0.962384048989 0.895526723969
5766 1.05904173138 0.985469546432
5769 1.05724387728 0.983796590197
5772 1.02784907737 0.956443862471
5775 1.01933087479 0.948517423894
5778 1.04051334911 0.968228340599
5781 0.907683748558 0.84462648212
5784 0.927184117916 0.862772150583
5787 0.982989583702 0.91470078137
5790 1.00838213798 0.938329301578
5793 1.01424310731 0.943783106292
5796 1.0389241445 0.966749538867
5799 1.02600963131 0.95473220369
5802 1.0681556637 0.993950329086
5805 0.994922192594 0.925804425658
5808 1.01893321718 0.948147391762
5811 1.05374497048 0.980540754293
5814 1.04155746026 0.969199916802
5817 1.01509096211 0.944572060173
5820 1.081605517 1.00646581402
5823 1.06125797749 0.987531828757
5826 1.07231714592 0.997822710956
5829 1.06918746931 0.994910454623
5832 1.06104030533 0.987329278398
5835 1.03238918361 0.960668565147
5838 1.03487876318 0.962985192314
5841 1.07284732581 0.998316058972
5844 1.06780375737 0.993622869877
5847 1.02486524127 0.953667315023
5850 1.04617368183 0.973495447033
5853 0.996989227873 0.927727862912
5856 1.00659045378 0.936662086614
5859 0.979956594575 0.911878495589
5862 1.02432348024 0.953163190421
5865 1.03933104332 0.967128170218
5868 1.02982534096 0.958282833991
5871 1.05923434139 0.985648775718
5874 1.05123982329 0.978209640992
5877 1.04535127209 0.972730170535
5880 0.99908796533 0.929680799976
5883 1.01524884451 0.944718974396
5886 1.01565939995 0.945101008339
5889 0.777373030609 0.723368518144
5892 0.858559080271 0.798914530323
5895 0.835728511431 0.777670013083
5898 0.927903898722 0.863441927839
5901 1.00547755393 0.935626500503
5904 1.02756689664 0.956181284982
5907 1.01620237791 0.945606265335
5910 1.02609979062 0.954816099586
5913 1.01312199628 0.942739879427
5916 0.980181883236 0.912088133328
5919 1.01145447634 0.941188202976
5922 1.01726761866 0.946597503251
5925 1.04666254424 0.973950347914
5928 1.02000972096 0.949149110258
5931 1.01454191667 0.944061157207
5934 1.01579213718 0.945224524236
5937 1.03998743528 0.967738962278
5940 1.01434129032 0.943874468468
5943 0.994771690268 0.925664378808
5946 1.02681690547 0.955483396094
5949 0.979228039408 0.911200553532
5952 1.00636807049 0.936455152407
5955 1.03257342647 0.960840008556
5958 0.997018452608 0.927755057389
5961 1.05211412092 0.979023200703
5964 1.04255859366 0.970131500943
5967 1.02050979893 0.949614447553
5970 1.04973471617 0.976809094454
5973 1.05682756799 0.983409202129
5976 0.991098868452 0.922246709852
5979 1.01829835559 0.947556634344
5982 1.02985153991 0.958307212884
5985 0.976354348656 0.908526499585
5988 1.01709794835 0.94643962002
5991 1.0118543638 0.941560310046
5994 1.04801476382 0.975208628093
5997 0.995527118251 0.926367326812
6000 1.01756690364 0.946875996743
6003 0.994695631935 0.925593604288
6006 0.990547683061 0.921733815599
6009 0.972820241561 0.905237908764
6012 1.00094928915 0.931412816657
6015 0.991439114784 0.922563319092
6018 0.995828440407 0.926647715961
6021 0.959250873342 0.892611211678
6024 0.993822624235 0.92478124489
6027 1.00842498152 0.938369168754
6030 1.03375722962 0.961941572275
6033 1.04229329013 0.969884628181
6036 1.03141542991 0.959762458621
6039 1.03459720502 0.962723194146
6042 1.01622209206 0.945624609931
6045 1.04754183013 0.974768549358
6048 1.04594482278 0.973282486947
6051 1.05034136632 0.977373600295
6054 1.01313138803 0.942748618733
6057 1.00836428777 0.93831269143
6060 1.03760725451 0.965524133916
6063 1.00670040287 0.936764397487
6066 0.984377226369 0.915992023772
6069 1.05765905797 0.984182928072
6072 1.05964997547 0.986035535486
6075 1.0549966126 0.981705444174
6078 0.995839710552 0.926658203163
6081 1.00829549413 0.938248676915
6084 1.00455852885 0.934771320574
6087 1.01121450028 0.940964898177
6090 0.981590159398 0.913398575806
6093 0.989961422441 0.921188282812
6096 1.02462080045 0.953439855641
6099 1.03112723291 0.959494282823
6102 0.939333043705 0.874077084121
6105 1.017405659 0.946725953853
6108 1.00803682274 0.938007975563
6111 1.01501240304 0.944498958637
6114 1.04315340826 0.970684993456
6117 1.01053171328 0.940329544748
6120 0.985602795236 0.917132451726
6123 0.963377199214 0.896450879526
6126 1.00426877733 0.934501698246
6129 0.984617642094 0.916215737691
6132 1.0313845524 0.959733726193
6135 0.977028006481 0.909153358047
6138 0.893519830801 0.831446539164
6141 0.992745842111 0.923779267386
6144 1.0258611937 0.954594078114
6147 1.02215229242 0.951142836156
6150 0.994907199726 0.925790474353
6153 1.02102451592 0.950093406881
6156 0.993164804312 0.924169124062
6159 1.01048606461 0.940287067318
6162 0.856114043801 0.79663935182
6165 0.966825251088 0.899659393427
6168 0.99140071435 0.922527586356
6171 0.963330904181 0.896407800633
6174 1.00511917239 0.935293015914
6177 0.992453340845 0.923507086336
6180 1.01216481418 0.941849193268
6183 1.03968749546 0.967459859437
6186 1.00653838772 0.936613637615
6189 0.995893614904 0.926708362751
6192 0.933536930787 0.868683630209
6195 1.03858133333 0.966430542972
6198 1.03543202145 0.963500015439
6201 1.0029155029 0.9332424365
6204 1.04356236874 0.971065543237
6207 1.05227393826 0.979171915455
6210 1.03421347655 0.962366123495
6213 0.967490165163 0.900278115571
6216 0.94821507295 0.882342074132
6219 0.967740636034 0.9005111861
6222 0.996968003895 0.927708113375
6225 1.0066115539 0.936681720899
6228 1.00491813985 0.935105949215
6231 0.898073751291 0.835684096406
6234 1.00513578977 0.935308478875
6237 1.01584212758 0.945271041777
6240 0.962451095652 0.895589112865
6243 0.93069585295 0.866039923541
6246 0.944057347118 0.878473187695
6249 1.01186804632 0.941573042034
6252 0.934245339867 0.869342825739
6255 0.927485751203 0.863052829247
6258 0.892267763324 0.830281453471
6261 0.969074147375 0.901752057708
6264 1.00112092659 0.931572530355
6267 0.999559423626 0.930119505816
6270 0.974716025208 0.907001991327
6273 1.00550993262 0.935656629826
6276 0.954519879398 0.888208882367
6279 0.930302350906 0.865673758291
6282 0.943905885191 0.878332247909
6285 1.00027886858 0.930788970555
6288 1.01338996725 0.942989234315
6291 0.962417032115 0.895557415739
6294 0.979671874686 0.911613555341
6297 0.941215175905 0.875828463608
6300 0.963124946516 0.896216150955
6303 0.942740831779 0.877248131369
6306 0.988368076693 0.919705627629
6309 1.0044222517 0.934644510676
6312 0.973190881519 0.905582800171
6315 0.919225790055 0.855366691935
6318 0.909015255687 0.84586548875
6321 0.982445113285 0.914194135598
6324 1.0017358727 0.93214475583
6327 0.995745395992 0.926570440684
6330 0.987603152177 0.918993842821
6333 1.01572234301 0.945159578711
6336 0.922102890531 0.858043918731
6339 0.968744807307 0.901445597067
6342 0.99124370551 0.922381485003
6345 0.967627397757 0.900405814545
6348 1.0109468473 0.94071583919
6351 1.02377267311 0.952650648147
6354 0.983534447354 0.915207793057
6357 0.98744934296 0.918850718811
6360 0.93673655717 0.871660976868
6363 0.922497142637 0.858410781937
6366 0.974847510112 0.907124341905
6369 1.01098703062 0.940753230958
6372 1.01764256257 0.946946399608
6375 1.01966060993 0.94882425216
6378 1.00408879921 0.934334223299
6381 0.997724971456 0.928412494002
6384 1.00819367327 0.938153929607
6387 1.02580049092 0.954537592389
6390 1.02879723442 0.957326150547
6393 0.938466403224 0.873270649609
6396 1.01634123061 0.945735471864
6399 0.954665501565 0.888344388086
6402 1.00081809458 0.931290736236
6405 1.01727789752 0.946607068032
6408 0.957395807716 0.890885018435
6411 0.967557409879 0.900340688762
6414 0.994547997027 0.925456225654
6417 1.00843185442 0.938375564183
6420 0.945994990877 0.880276222325
6423 1.01500693857 0.944493873791
6426 1.0260104643 0.954732978812
6429 1.00645417728 0.936535277316
6432 0.960322105252 0.893608024545
6435 1.02000217668 0.949142090084
6438 0.97264411069 0.905074013798
6441 1.01579991002 0.945231757099
6444 1.02452014175 0.953346189751
6447 1.02897715658 0.957493573423
6450 0.870419135971 0.809950661728
6453 1.00861912894 0.93854982865
6456 0.957272690589 0.890770454319
6459 1.0255863363 0.954338315205
6462 0.937330901504 0.872214031789
6465 0.992785110782 0.923815808042
6468 1.00426618972 0.934499290395
6471 0.970243498426 0.902840173328
6474 0.996424142003 0.927202033854
6477 1.00937022312 0.939248743925
6480 1.00525960899 0.935423696307
6483 0.943883437186 0.878311359378
6486 1.00808251975 0.938050497984
6489 1.00450483536 0.934721357201
6492 0.961161074811 0.894388710449
6495 0.821520657271 0.76444918601
6498 0.911075189169 0.847782317571
6501 0.961347250441 0.89456195236
6504 0.994199754581 0.925132175794
6507 1.0041624175 0.934402727286
6510 0.995728412628 0.926554637163
6513 1.00268859413 0.933031291206
6516 0.966172542773 0.8990520291
6519 0.963559127109 0.896620168794
6522 0.996183276649 0.926977901542
6525 1.00490653272 0.935095148435
6528 0.972534415863 0.904971939528
6531 0.980951751886 0.9128045188
6534 0.96954263485 0.902187999112
6537 0.992855177538 0.923881007223
6540 1.00688649574 0.936937562382
6543 0.977880161631 0.909946313532
6546 0.938712598439 0.873499741513
6549 0.992836158334 0.923863309293
6552 0.968819729168 0.901515314068
6555 0.928241832382 0.863756385069
6558 0.954256473969 0.887963775851
6561 0.825374917252 0.768035688527
6564 0.757196358366 0.704593529913
6567 0.982186998165 0.913953951871
6570 0.944507582264 0.87889214477
6573 0.923834721577 0.859655438565
6576 0.954711244128 0.888386952888
6579 0.988108193754 0.919463798895
6582 0.958651772031 0.892053730249
6585 0.96940588614 0.902060750407
6588 0.988283670242 0.919627084939
6591 0.968992501558 0.901676083869
6594 0.903951819647 0.841153812269
6597 0.960837059839 0.894087204967
6600 0.979932662645 0.911856226223
6603 0.984656072506 0.916251498322
6606 0.95482981602 0.888497287529
6609 0.910429588292 0.847181566926
6612 0.979170390503 0.911146909526
6615 0.983695373223 0.915357539322
6618 0.983385429762 0.915069127796
6621 0.996504428237 0.927276742561
6624 0.954336654366 0.888038386074
6627 0.973625245451 0.905986988612
6630 0.969182809728 0.901853171231
6633 0.91063978328 0.847377159558
6636 0.967933191695 0.900690364818
6639 0.965975184183 0.898868381115
6642 0.967021485049 0.899841994911
6645 0.957319678639 0.890814178085
6648 0.966910880669 0.899739074276
6651 0.989621822147 0.920872274729
6654 0.983216666267 0.914912088389
6657 0.98420871622 0.915835220112
6660 0.977073701119 0.909195878255
6663 0.921704036338 0.857672773148
6666 0.956055059478 0.889637412681
6669 0.967730946916 0.90050217009
6672 0.982833885416 0.914555899525
6675 0.982193933847 0.913960405728
6678 0.903513427706 0.840745875646
6681 0.978424096088 0.910452460576
6684 0.99592704267 0.926739468273
6687 0.997020114631 0.927756603951
6690 0.99420730344 0.925139200229
6693 0.989672206759 0.920919159095
6696 0.945778373656 0.880074653617
6699 0.967613801418 0.900393162752
6702 0.978416793933 0.910445665706
6705 0.953732085577 0.887475816996
6708 0.979027243818 0.911013707317
6711 0.963117730446 0.896209436189
6714 0.948359939698 0.882476876911
6717 0.912407295029 0.849021881338
6720 0.975502627624 0.90773394806
6723 0.965932177746 0.898828362359
6726 0.967852707499 0.900615471902
6729 0.98491705495 0.916494350178
6732 0.982224405845 0.91398876082
6735 0.97951883406 0.911471146527
6738 0.950783749175 0.884732303071
6741 0.96269057477 0.895811955242
6744 0.959139721308 0.892507781434
6747 0.967982039726 0.90073581935
6750 0.949248382465 0.883303599093
6753 0.957145950221 0.890652518671
6756 0.97707709626 0.909199037534
6759 0.994593740264 0.925498791085
6762 0.987425604051 0.918828629057
6765 0.982346989797 0.914102828801
6768 0.941379778784 0.875981631439
6771 0.934521051371 0.86959938342
6774 0.9754303117 0.907666655962
6777 0.974612401974 0.906905566853
6780 0.989213892132 0.920492683826
6783 0.938767336411 0.873550676809
6786 0.934876268016 0.869929922978
6789 0.955825777851 0.889424059369
6792 0.950394537569 0.884370130199
6795 0.941918905533 0.87648330477
6798 0.953653167955 0.887402381823
6801 0.968462403161 0.901182811686
6804 0.95802152714 0.891467268802
6807 0.961829701083 0.895010886902
6810 0.958233796915 0.891664792085
6813 0.971849889502 0.904334967573
6816 0.972078244469 0.9045474586
6819 0.973186201054 0.90557844486
6822 0.985853542537 0.917365779481
6825 0.99632090023 0.927105964341
6828 0.958412977785 0.891831525165
6831 0.984138942154 0.915770293286
6834 0.975110890923 0.907369425513
6837 0.968407627883 0.901131841675
6840 0.92348177356 0.859327010032
6843 0.920195411258 0.856268953045
6846 0.977893658957 0.909958873191
6849 0.981533404872 0.913345764047
6852 0.981875204845 0.913663818997
6855 0.925861184859 0.861541122379
6858 0.94604098936 0.88031902527
6861 0.928939956743 0.864406010365
6864 0.96567310591 0.898587288379
6867 0.858051086437 0.798441827087
6870 0.868971543337 0.808603634114
6873 0.86189079879 0.802014792607
6876 0.890762931222 0.828881162845
6879 0.93288314897 0.868075266958
6882 0.894591192674 0.832443472965
6885 0.922984993395 0.858864741446
6888 0.918436263536 0.854632014238
6891 0.931638793432 0.866917357453
6894 0.923161070978 0.859028586827
6897 0.936564021879 0.871500427694
6900 0.924346466866 0.860131632641
6903 0.92823087892 0.863746192551
6906 0.931374367579 0.866671301402
6909 0.954714984329 0.888390433256
6912 0.923166867316 0.859033980491
6915 0.914738728558 0.851191348956
6918 0.929220574811 0.864667133749
6921 0.96116864043 0.89439575048
6924 0.915135522253 0.851560577185
6927 0.924454103871 0.860231792047
6930 0.943814133781 0.878246870517
6933 0.907100856105 0.844084083511
6936 0.940548746678 0.87520833157
6939 0.944674308766 0.879047288694
6942 0.946903815335 0.881121910272
6945 0.894962730274 0.832789199652
6948 0.937521485417 0.872391375737
6951 0.910757364175 0.847486572047
6954 0.914266258377 0.850751701526
6957 0.940133288679 0.874821735656
6960 0.931348182257 0.866646935189
6963 0.941096088767 0.875717649517
6966 0.92394132366 0.859754634946
6969 0.943611065078 0.878057909103
6972 0.92982215099 0.865226918114
6975 0.909463326025 0.846282431406
6978 0.835225328385 0.777201786428
6981 0.910294306329 0.847055683072
6984 0.946900405137 0.881118736982
6987 0.936332374815 0.871284873273
6990 0.934895512488 0.869947830527
6993 0.942629230438 0.877144283031
6996 0.943935327309 0.878359644667
6999 0.900904779909 0.838318451981
7002 0.924942155287 0.860685938275
7005 0.897349121793 0.8350098073
7008 0.919277433309 0.855414747505
7011 0.913167929798 0.84972967441
7014 0.910589803669 0.847330652057
7017 0.849418955957 0.790409375242
7020 0.936811521556 0.871730733438
7023 0.879452736671 0.818356693446
7026 0.903903289952 0.841108653957
7029 0.918395103823 0.854593713912
7032 0.921180646032 0.857185743042
7035 0.923584823861 0.859422901375
7038 0.888605587905 0.826873691301
7041 0.963233487363 0.896317151413
7044 0.93490993396 0.869961250131
7047 0.947262018209 0.881455228604
7050 0.950473204275 0.884443331888
7053 0.88808141957 0.826385937215
7056 0.950726542929 0.884679070973
7059 0.920285186771 0.856352491806
7062 0.925162811804 0.860891265667
7065 0.928781636954 0.864258689135
7068 0.876616213438 0.815717224971
7071 0.939353870253 0.874096463837
7074 0.947860882968 0.882012489914
7077 0.940082916633 0.874774862983
7080 0.957382232788 0.890872386564
7083 0.902280554333 0.839598650634
7086 0.896290467678 0.834024698442
7089 0.925248698625 0.860971185886
7092 0.910493686933 0.847241212601
7095 0.920922704516 0.856945720859
7098 0.933351252597 0.86851085118
7101 0.930570483195 0.865923263288
7104 0.935828312132 0.870815828089
7107 0.912721678671 0.849314424584
7110 0.905438064594 0.842536807
7113 0.905872049509 0.842940642755
7116 0.920116015497 0.856195072949
7119 0.911106852516 0.847811781249
7122 0.891393483976 0.829467910769
7125 0.931230253381 0.866537198893
7128 0.913959041576 0.850465827238
7131 0.869734146571 0.809313258901
7134 0.921138122524 0.857146173664
7137 0.937600079919 0.872464510238
7140 0.910751799982 0.847481394401
7143 0.919428605764 0.855555417931
7146 0.914782877384 0.85123243074
7149 0.872623662985 0.812002039093
7152 0.919888045732 0.855982940363
7155 0.896648459034 0.834357819951
7158 0.924663359785 0.860426510842
7161 0.906561841707 0.843582514727
7164 0.845146342313 0.786433582311
7167 0.882584668863 0.821271048665
7170 0.888833587821 0.827085851943
7173 0.900220701541 0.837681896896
7176 0.846467126928 0.787662611326
7179 0.885137668231 0.823646689827
7182 0.83410046706 0.77615506981
7185 0.845875180379 0.787111787614
7188 0.808681689703 0.752502148258
7191 0.836713032363 0.77858613883
7194 0.834442874001 0.776473689561
7197 0.850669460027 0.791573006139
7200 0.856710218668 0.797194110106
7203 0.862842839136 0.802900694211
7206 0.847325247689 0.788461117987
7209 0.842969861639 0.784408302892
7212 0.892649358489 0.830636539019
7215 0.859138441164 0.799453642711
7218 0.886632561967 0.82503773251
7221 0.855949542733 0.796486278727
7224 0.862253185114 0.802352003764
7227 0.882491320454 0.821184185219
7230 0.88446529067 0.823021022688
7233 0.873845327451 0.813138833888
7236 0.865238634101 0.805130052042
7239 0.860763637094 0.800965935427
7242 0.87953456698 0.818432838961
7245 0.846484740355 0.787679001139
7248 0.897517083905 0.835166100996
7251 0.833157407608 0.775277525192
7254 0.863927298623 0.803909815729
7257 0.890510464722 0.828646235326
7260 0.854644573652 0.795271966533
7263 0.839436110801 0.781120043579
7266 0.870213780848 0.809759572734
7269 0.873213603331 0.812550995975
7272 0.856224466154 0.796742103074
7275 0.847759671434 0.788865362086
7278 0.857698910881 0.798114117352
7281 0.862391788375 0.802480978183
7284 0.82846806578 0.770913954403
7287 0.854016932348 0.7946879278
7290 0.790157662086 0.735264994562
7293 0.798871765998 0.743373725101
7296 0.878496436134 0.817466827609
7299 0.856951150213 0.79741830401
7302 0.845348524051 0.786621718377
7305 0.875896915035 0.815047896605
7308 0.826662937105 0.769234228964
7311 0.831743731991 0.773962058363
7314 0.874799228259 0.814026466706
7317 0.84210059597 0.783599425565
7320 0.859820154865 0.800087997403
7323 0.868713377945 0.808363403608
7326 0.825820635789 0.768450442763
7329 0.868794541141 0.808438928354
7332 0.870163595677 0.809712873953
7335 0.874172921555 0.813443669857
7338 0.89207143078 0.830098760252
7341 0.890103218416 0.828267280634
7344 0.848936195987 0.789960152861
7347 0.882263584723 0.820972270408
7350 0.871578955279 0.81102990778
7353 0.872823218053 0.812187730967
7356 0.82665798295 0.769229618977
7359 0.889132442597 0.827363945121
7362 0.843747419674 0.785131843562
7365 0.863115820207 0.803154711144
7368 0.880845299701 0.819652514392
7371 0.888382400818 0.826666009138
7374 0.883917403294 0.822511197336
7377 0.880404961239 0.819242766474
7380 0.907727864704 0.844667533494
7383 0.876002573491 0.815146214913
7386 0.833028919893 0.775157963587
7389 0.822473648383 0.765335972329
7392 0.898061277881 0.835672489531
7395 0.90164991022 0.839011817698
7398 0.892189464828 0.830208594413
