Wave Flux FluxNorm
3600 0.298295702156 0.277466523074
3603 0.237035548732 0.220483999858
3606 0.252649675505 0.235007834547
3609 0.216803561132 0.201664757026
3612 0.232125088305 0.215916423551
3615 0.260682976305 0.24248019176
3618 0.227662723237 0.211765653322
3621 0.243451559914 0.226451998396
3624 0.277689447301 0.258299147054
3627 0.357138734389 0.332200706111
3630 0.272980578019 0.253919085331
3633 0.227472968638 0.211589148771
3636 0.265168743228 0.246652729756
3639 0.331349710512 0.30821245976
3642 0.297952314067 0.277147112843
3645 0.257091748155 0.239139729322
3648 0.260314149324 0.242137118965
3651 0.270963528087 0.25204288052
3654 0.322708573791 0.300174710157
3657 0.348463589127 0.324131322691
3660 0.341431923003 0.317590658723
3663 0.310906980134 0.289197189747
3666 0.334451163137 0.311097346367
3669 0.284265812056 0.264416302111
3672 0.343029183949 0.319076387274
3675 0.345373446617 0.321256956444
3678 0.300044054091 0.27909279234
3681 0.312905162207 0.291055844191
3684 0.335832573483 0.312382296579
3687 0.258511849099 0.240460668472
3690 0.347266864714 0.323018162295
3693 0.363745149401 0.338345813097
3696 0.336423076312 0.312931566199
3699 0.403768074318 0.375574045819
3702 0.393334179887 0.365868721911
3705 0.282307186909 0.262594442441
3708 0.296459292914 0.275758345304
3711 0.331142838262 0.308020032838
3714 0.426252004049 0.396487983775
3717 0.434683015573 0.404330280652
3720 0.314897368155 0.292908939806
3723 0.297924286048 0.277121041945
3726 0.4116790539 0.382932623173
3729 0.367318982941 0.341670095543
3732 0.319024073421 0.296747488446
3735 0.222829876671 0.207270271311
3738 0.313943159067 0.292021360548
3741 0.401807892921 0.373750738567
3744 0.356093776599 0.331228714886
3747 0.290121405662 0.269863015513
3750 0.214169893603 0.199214991351
3753 0.35709095784 0.332156265668
3756 0.434800301438 0.404439376764
3759 0.262519442912 0.244188422889
3762 0.324066853847 0.301438145204
3765 0.382919451002 0.35618122527
3768 0.31056013953 0.288874568081
3771 0.30494992395 0.283656098624
3774 0.362878882738 0.337540035483
3777 0.370642705535 0.344761731611
3780 0.443282112033 0.412328925551
3783 0.430445609445 0.400388761091
3786 0.385584638708 0.358660310154
3789 0.312394742378 0.290581065592
3792 0.343039892218 0.319086347813
3795 0.284946059195 0.265049049439
3798 0.239528342624 0.222802728719
3801 0.332849090914 0.309607142498
3804 0.423227542212 0.393674711898
3807 0.352352641235 0.327748812848
3810 0.425622469111 0.395902407553
3813 0.389112347474 0.361941688594
3816 0.327574989071 0.30470131687
3819 0.335095476972 0.311696669517
3822 0.341087021321 0.317269840589
3825 0.270363641968 0.25148488282
3828 0.285928761664 0.265963132463
3831 0.288211887296 0.26808683363
3834 0.205595192298 0.19123903816
3837 0.222031077795 0.206527250393
3840 0.226176512403 0.210383220555
3843 0.326099029631 0.303328419671
3846 0.318164345922 0.295947793384
3849 0.302876277277 0.281727249069
3852 0.325858059428 0.303104275763
3855 0.31987048039 0.297534793114
3858 0.307225096866 0.285772402392
3861 0.299750942652 0.278820148077
3864 0.351483164905 0.32694004969
3867 0.322750803233 0.300213990832
3870 0.28620877437 0.266223592642
3873 0.290103228396 0.269846107516
3876 0.361883570541 0.336614223235
3879 0.297578018781 0.27679895358
3882 0.265476206964 0.246938724134
3885 0.335479659375 0.312054025506
3888 0.301404356153 0.280358108201
3891 0.315067586942 0.293067272677
3894 0.384710409966 0.357847126432
3897 0.39769854042 0.369928330996
3900 0.395945037874 0.368297270772
3903 0.425335488039 0.39563546559
3906 0.350989138023 0.326480519364
3909 0.422575596283 0.393068289583
3912 0.446814118077 0.415614301202
3915 0.407255423569 0.378817882939
3918 0.379653970569 0.353143764471
3921 0.338409758832 0.314779524072
3924 0.357507357217 0.332543589007
3927 0.283379508445 0.263591886675
3930 0.216217174241 0.20111931594
3933 0.179220419431 0.166705944081
3936 0.192642975319 0.17919123933
3939 0.262097071344 0.243795544381
3942 0.294084996778 0.273549839821
3945 0.350562915853 0.326084059131
3948 0.362298750549 0.33700041235
3951 0.39737547712 0.369627826329
3954 0.42205726976 0.392586156395
3957 0.374810251734 0.348638269373
3960 0.396084497425 0.368426992242
3963 0.261460677543 0.243203588232
3966 0.177098885141 0.164732550772
3969 0.129284041954 0.120256488279
3972 0.176494819691 0.164170665572
3975 0.286484831787 0.266480373719
3978 0.394636335682 0.367079951702
3981 0.455057146043 0.423281740903
3984 0.446193524666 0.415037042144
3987 0.519780891231 0.483486002674
3990 0.513797656481 0.477920560962
3993 0.545274036308 0.507199030637
3996 0.48524401474 0.451360742509
3999 0.533758867142 0.496487934473
4002 0.586614046293 0.545652379953
4005 0.506260409577 0.470909619549
4008 0.57064854791 0.53080170898
4011 0.593535622924 0.552090641678
4014 0.607561872075 0.565137475928
4017 0.623851322737 0.580289478473
4020 0.636011080215 0.591600153097
4023 0.572417290268 0.53244694486
4026 0.635590009398 0.591208484512
4029 0.656775915747 0.610915036535
4032 0.501054362887 0.466067096966
4035 0.598333517725 0.55655351251
4038 0.680843879405 0.633302399629
4041 0.60828276665 0.565808032393
4044 0.578655484645 0.538249543059
4047 0.609027476057 0.566500740763
4050 0.635272285537 0.590912946446
4053 0.577395841913 0.53707785776
4056 0.566026838744 0.526502721218
4059 0.597594383042 0.555865989596
4062 0.589182691478 0.548041663618
4065 0.57883038239 0.53841222817
4068 0.586679022634 0.545712819172
4071 0.606681408208 0.564318492463
4074 0.629736721966 0.585763916251
4077 0.420812347312 0.391428163501
4080 0.585055382134 0.544202553081
4083 0.622692368778 0.579211451123
4086 0.566749953252 0.527175342603
4089 0.693226609745 0.644820477526
4092 0.671761229422 0.624853966438
4095 0.653075476727 0.607472989126
4098 0.588762147087 0.5476504847
4101 0.414623696293 0.385671649182
4104 0.547944028436 0.509682584463
4107 0.633831352424 0.58957262978
4110 0.558564173163 0.519561153315
4113 0.634404787625 0.590106023558
4116 0.701721321704 0.652722026809
4119 0.571646207942 0.53172970512
4122 0.601298964046 0.559311889765
4125 0.634777532094 0.590452740292
4128 0.561275462793 0.52208312095
4131 0.583290358356 0.542560776121
4134 0.571099333643 0.531221017568
4137 0.665210768746 0.618760906648
4140 0.729081941119 0.678172128448
4143 0.527515166504 0.4906802145
4146 0.657849866249 0.611913995989
4149 0.629952650695 0.585964767263
4152 0.631067746107 0.58700199859
4155 0.594361861162 0.552859185943
4158 0.646248205092 0.601122447335
4161 0.651099442887 0.605634936365
4164 0.691140874002 0.642880383047
4167 0.663917074979 0.617557548004
4170 0.686715875384 0.63876437007
4173 0.503749618393 0.468574150097
4176 0.587615086045 0.546583519817
4179 0.544682311838 0.50664862468
4182 0.605506238193 0.56322538138
4185 0.684656534893 0.636848827735
4188 0.629657965996 0.585690659596
4191 0.648773139516 0.603471072442
4194 0.714588897704 0.66469109491
4197 0.564604358177 0.525179568607
4200 0.629783069458 0.585807027424
4203 0.594098793852 0.552614487909
4206 0.633414403072 0.589184794869
4209 0.692233524591 0.643896736812
4212 0.730962534923 0.679921405492
4215 0.585624771986 0.544732183985
4218 0.757339748298 0.704456769665
4221 0.781103441055 0.72656110827
4224 0.622932043328 0.579434389849
4227 0.503816366111 0.468636237002
4230 0.788015989506 0.732990972228
4233 0.631274015774 0.587193865006
4236 0.636175671933 0.591753251822
4239 0.638393187277 0.593815924089
4242 0.73436743918 0.683088554528
4245 0.744697833239 0.692697605215
4248 0.638955941828 0.594339383018
4251 0.679061455056 0.631644437133
4254 0.686347203112 0.638421441182
4257 0.713829821228 0.663985022683
4260 0.615498282861 0.572519708695
4263 0.750414699233 0.698015277976
4266 0.810487331743 0.75389320164
4269 0.696494858158 0.647860513025
4272 0.579137728025 0.538698112693
4275 0.652653164981 0.607080166262
4278 0.767782653252 0.714170474916
4281 0.667278271939 0.620684041706
4284 0.696797453831 0.648141979264
4287 0.639066504446 0.594442225349
4290 0.504128767216 0.468926823987
4293 0.693733596412 0.64529206269
4296 0.613546648443 0.57070435161
4299 0.476222942872 0.442969587599
4302 0.471707547024 0.438769489585
4305 0.528698626571 0.491781036764
4308 0.497077601879 0.462368022382
4311 0.581152944806 0.540572612357
4314 0.593704746246 0.552247955578
4317 0.838117305912 0.779593849722
4320 0.791756392068 0.736470192634
4323 0.718045295127 0.667906141485
4326 0.581689830918 0.541072009169
4329 0.833397589659 0.775203698442
4332 0.763954944685 0.710610044847
4335 0.825681002687 0.76802593979
4338 0.506779058749 0.471392052857
4341 0.429492158634 0.399501887161
4344 0.657713261864 0.611786930317
4347 0.751121766223 0.698672972398
4350 0.756252795635 0.703445715955
4353 0.686989877142 0.639019239029
4356 0.833812206577 0.775589363787
4359 0.714271173139 0.664395556189
4362 0.860785022052 0.800678740782
4365 0.903683307263 0.840581555195
4368 0.734385809261 0.683105641877
4371 0.793044325883 0.737668193527
4374 0.641476712656 0.596684135262
4377 0.820000104426 0.762741723232
4380 0.831568408964 0.773502244469
4383 0.615258292877 0.57229647656
4386 0.656829048359 0.610964459041
4389 0.715744877937 0.665766356181
4392 0.756642228146 0.703807955452
4395 0.683610679355 0.63587600145
4398 0.794484702943 0.739007992966
4401 0.677809186406 0.630479611004
4404 0.750283260894 0.69789301762
4407 0.756965686048 0.704108827166
4410 0.763799539887 0.710465491545
4413 0.871359371526 0.810514712138
4416 0.684872594224 0.63704980023
4419 0.804665145689 0.748477563033
4422 0.762300725646 0.709071335432
4425 0.83574012728 0.777382663021
4428 0.8149622861 0.758055682083
4431 0.756636254957 0.703802399354
4434 0.720515920211 0.670204249526
4437 0.842175835401 0.783368983115
4440 0.875527699784 0.81439197735
4443 0.642201980849 0.597358759946
4446 0.846116342374 0.787034335183
4449 0.853377274769 0.793788256381
4452 0.823927609177 0.766394980988
4455 0.685046810455 0.637211851414
4458 0.733861362302 0.682617815625
4461 0.699332144853 0.650499679693
4464 0.79868131098 0.742911563257
4467 0.778779163132 0.724399128364
4470 0.725914350576 0.675225722153
4473 0.916067170224 0.852100686624
4476 0.974862239759 0.906790256068
4479 0.889780332991 0.827649387872
4482 0.769521834234 0.715788213612
4485 0.952586164584 0.886069658748
4488 0.852813350381 0.793263709302
4491 0.830762959765 0.772753037601
4494 0.834133974242 0.775888663288
4497 0.855159967786 0.795446468784
4500 0.905927124467 0.842668692734
4503 1.00947433027 0.938985478259
4506 1.02865047823 0.956822607872
4509 0.954723613384 0.888057855301
4512 0.989549906811 0.920452323203
4515 0.883785131267 0.822072814809
4518 0.878507070653 0.817163306839
4521 0.947345948528 0.881195352753
4524 0.843733063579 0.784817474277
4527 0.794072623009 0.738624687456
4530 0.800860187468 0.744938294715
4533 0.814156154217 0.757305840201
4536 0.83585243646 0.777487129955
4539 0.928801520083 0.863945831402
4542 0.880157130018 0.818698147038
4545 0.846214531045 0.787125667606
4548 0.854737308962 0.795053323079
4551 0.842295064694 0.78347988695
4554 0.778303763251 0.723956924366
4557 0.893301186696 0.830924389922
4560 0.931314767877 0.866283585926
4563 0.877039275811 0.815798004127
4566 0.846225807732 0.787136156872
4569 0.984629332906 0.915875339615
4572 0.851428313296 0.791975385597
4575 0.966730762718 0.899226577993
4578 0.946648563977 0.880546664672
4581 0.828266066713 0.770430495813
4584 0.796447493158 0.740833726869
4587 0.929159297319 0.864278626026
4590 0.935103582428 0.869807837842
4593 0.858839567205 0.798869131765
4596 0.877394693471 0.816128603936
4599 0.919414807897 0.855214567846
4602 0.893639852871 0.831239407957
4605 0.913926253785 0.850109264567
4608 1.01600933916 0.945064165222
4611 1.00780589124 0.937433541797
4614 0.965022827228 0.897637903002
4617 0.959701871528 0.892688495193
4620 0.953091320673 0.886539541158
4623 1.02724204331 0.955512520134
4626 0.98819226983 0.919189486326
4629 0.926944422536 0.862218409936
4632 1.02170546112 0.950362542445
4635 0.951941013552 0.885469556861
4638 0.918556647895 0.854416330827
4641 0.995328371921 0.925827293781
4644 0.963514981949 0.896235346465
4647 0.822386331982 0.764961326996
4650 0.945066517927 0.879075088603
4653 0.998445969446 0.928727197934
4656 0.855609209228 0.795864340915
4659 1.05727030911 0.983443993658
4662 0.942846133566 0.877009747654
4665 0.906255806846 0.842974424115
4668 0.736274553928 0.684862500631
4671 0.916279381534 0.852298079795
4674 0.953194508315 0.886635523488
4677 1.01615630507 0.945200868897
4680 0.886107557146 0.824233071994
4683 0.954325119357 0.88768718703
4686 0.990347909189 0.921194603241
4689 0.965886588175 0.898441349866
4692 0.954768699774 0.88809979343
4695 1.00853228317 0.938109211748
4698 0.930550336945 0.865572533131
4701 0.916777482333 0.852761399567
4704 0.899769833569 0.836941348744
4707 0.874941743641 0.813846936934
4710 0.899778310499 0.836949233753
4713 0.94666537619 0.880562302934
4716 0.958871525878 0.891916130326
4719 1.00842568816 0.938010059981
4722 1.01370438641 0.942920161064
4725 1.04747056718 0.974328541102
4728 0.883904779644 0.822184108465
4731 0.88960089202 0.827482476777
4734 0.978536162241 0.910207638516
4737 0.93341852769 0.868240445902
4740 0.965338787492 0.897931800618
4743 1.01312512816 0.942381350849
4746 1.0149821165 0.944108670729
4749 1.01536987725 0.944469355199
4752 1.00446107284 0.934322282992
4755 0.93990173088 0.874270944614
4758 0.992693818304 0.923376703891
4761 0.985339330957 0.916535760429
4764 0.840278186976 0.781603842328
4767 0.924670100165 0.860102897322
4770 1.03459287412 0.962350062384
4773 0.995290566088 0.925792127827
4776 1.06024820162 0.986213948014
4779 1.04552019957 0.972514362366
4782 1.0436738402 0.970796929257
4785 0.99666975115 0.92707500814
4788 0.943199194681 0.87733815547
4791 0.976374948126 0.908197336116
4794 1.0912657349 1.01506561115
4797 1.04737186007 0.974236726437
4800 0.951829538948 0.885365866226
4803 1.04639208448 0.973325365919
4806 0.966899731289 0.899383747947
4809 0.974127853862 0.906107150344
4812 0.99950946729 0.929716434611
4815 1.0507057609 0.977337830027
4818 1.06816780762 0.993580549423
4821 1.0647961592 0.990444334065
4824 0.913721338432 0.849918657898
4827 1.05194386387 0.978489479624
4830 1.0046685987 0.934515317883
4833 0.990094042495 0.920958463368
4836 1.00690464745 0.936595229413
4839 0.958615533282 0.891678012998
4842 0.979550541299 0.911151186238
4845 1.02075769425 0.949480955568
4848 0.921274039575 0.856943974423
4851 1.01315447425 0.942408647775
4854 0.903328527208 0.840251548468
4857 0.867652043106 0.807066256397
4860 0.61064073139 0.568001346856
4863 0.70231432971 0.653273626676
4866 0.873457299989 0.812466147952
4869 0.944961432588 0.878977341088
4872 0.803292149229 0.747200439188
4875 0.890893861999 0.828685162173
4878 0.961889363182 0.894723240243
4881 0.992416111826 0.923118388903
4884 0.900469431991 0.837592096107
4887 0.897693875049 0.835010348772
4890 0.889157925194 0.827070441122
4893 1.0010623628 0.931160895643
4896 1.09947844887 1.0227048536
4899 1.01413634081 0.943321953259
4902 1.00602836794 0.935780138124
4905 1.03014664837 0.958214304506
4908 1.01456276119 0.943718597865
4911 0.859874458003 0.799831758947
4914 1.00384636589 0.933750499359
4917 1.00014674499 0.930309212941
4920 0.79682404564 0.741183985714
4923 0.852450698372 0.792926380298
4926 0.974620708297 0.906565590092
4929 1.0580595025 0.984178079813
4932 1.02665694145 0.95496827435
4935 0.921777929057 0.857412678671
4938 0.86386225575 0.803541099604
4941 1.02558033557 0.953966844939
4944 1.05302427815 0.979494451507
4947 1.01231343178 0.941626333016
4950 1.05569668526 0.981980251682
4953 1.03167130865 0.959632501902
4956 1.0198161062 0.948605116054
4959 0.99511431694 0.925628185679
4962 1.0393389201 0.966764704861
4965 1.0137255321 0.942939830205
4968 0.976193223493 0.90802830082
4971 0.969158157048 0.901484473967
4974 1.06771121661 0.993155840928
4977 1.02433571345 0.952809131394
4980 0.959658274429 0.892647942362
4983 0.767378833691 0.713794852979
4986 0.897940294939 0.83523956183
4989 0.987383805817 0.91843747516
4992 0.961987318755 0.894814355845
4995 0.978136323122 0.909835719077
4998 0.9773402363 0.909095220837
5001 0.872274059637 0.811365530061
5004 0.909401759876 0.845900703786
5007 0.868929848725 0.808254836319
5010 0.978671887002 0.910333885986
5013 0.800684984973 0.744775326134
5016 0.879239837461 0.817844906531
5019 0.798479292439 0.742723651122
5022 0.890556115599 0.828370999687
5025 0.962965243666 0.895723994914
5028 0.887696358057 0.82571093125
5031 0.972594243739 0.904680628052
5034 1.03949478003 0.966909681514
5037 0.899302443816 0.836506595549
5040 0.802416295449 0.7463857439
5043 0.937659085996 0.872184897534
5046 1.08623409157 1.01038531381
5049 0.918103723324 0.85399503275
5052 0.933393024699 0.868216723716
5055 1.05959036078 0.985602042412
5058 1.0511350178 0.977737113079
5061 1.08446891964 1.00874339905
5064 0.987840321522 0.918862113613
5067 0.978622505784 0.910287952924
5070 1.01010451946 0.939571663054
5073 0.943182905939 0.877323004126
5076 0.965336319806 0.897929505244
5079 0.845650407716 0.786600935478
5082 0.921449231626 0.857106933289
5085 0.993641227349 0.924257957934
5088 0.967506817083 0.899948442588
5091 1.01142226298 0.940797392115
5094 1.06645685589 0.991989068815
5097 0.930522757184 0.86554687919
5100 0.87911318231 0.817727095365
5103 1.00692928088 0.936618142762
5106 0.966834368286 0.899322949065
5109 0.93096760076 0.865960660546
5112 1.00794289781 0.937560981576
5115 0.995582954483 0.926064099534
5118 1.06085212557 0.986775701591
5121 0.988031753692 0.919040178594
5124 0.861165760533 0.801032893328
5127 0.924173220628 0.859640713534
5130 0.896845685885 0.834221386354
5133 0.938788336145 0.873235295211
5136 0.986224863647 0.917359458776
5139 0.914818339024 0.850939057916
5142 0.890243137302 0.828079875815
5145 0.939512845433 0.873909213982
5148 0.908474984188 0.845038642327
5151 0.929449752346 0.864548799367
5154 0.878681137251 0.817325218839
5157 1.00237899712 0.932385592967
5160 1.02225319384 0.95087202848
5163 0.971724446581 0.903871566469
5166 0.810701865731 0.754092755303
5169 0.742268410766 0.690437822718
5172 0.773104070465 0.719120312011
5175 1.01162231956 0.94098347929
5178 1.04317178079 0.970329927289
5181 1.01826289629 0.947160362575
5184 0.755228824196 0.702493245662
5187 0.950137209389 0.883791707446
5190 0.978600080142 0.910267093204
5193 0.845389240959 0.786358005286
5196 0.851631256497 0.792164157824
5199 0.939721220887 0.874103039144
5202 0.980561475976 0.912091530092
5205 0.86415562681 0.803813985359
5208 0.902805602382 0.839765138063
5211 0.948855039018 0.88259906755
5214 0.997808743206 0.928134467473
5217 0.89089110971 0.828682602069
5220 1.01145374058 0.940826671723
5223 0.996610998021 0.927020357582
5226 0.755019249489 0.702298304989
5229 0.941134434103 0.875417571518
5232 0.970096926203 0.902357691421
5235 0.866131549795 0.805651935006
5238 1.00054031651 0.930675302427
5241 1.02038766825 0.949136767477
5244 1.0095424996 0.939048887516
5247 0.936158572304 0.870789160639
5250 0.882260768078 0.820654893763
5253 0.961612375856 0.894465594191
5256 0.947391536581 0.881237757516
5259 1.05542486541 0.981727412279
5262 0.874858640122 0.813769636308
5265 0.741003513035 0.689261249361
5268 0.878954231774 0.817579243913
5271 0.856592134696 0.796778631366
5274 0.865191802508 0.804777807722
5277 0.961223031267 0.894103436477
5280 0.965361112783 0.897952566995
5283 0.901561089696 0.838607526319
5286 1.05456624454 0.980928746574
5289 1.06333705334 0.989087113599
5292 1.04773856146 0.974577822063
5295 1.01760662369 0.946549915706
5298 0.861582516415 0.801420548278
5301 0.970714977993 0.902932586332
5304 1.03824833113 0.965750268755
5307 1.00893500867 0.938483816025
5310 1.06726026481 0.992736377865
5313 1.03463588094 0.962390066151
5316 0.95441319026 0.88776910818
5319 1.00181089216 0.931857157227
5322 1.00793887616 0.937557240745
5325 0.951936926854 0.885465755526
5328 0.814107978559 0.757261028519
5331 1.00373077844 0.933642983059
5334 0.996484613241 0.926902797908
5337 0.96921657217 0.90153881012
5340 0.925145520285 0.860545120145
5343 1.03002835175 0.958104268217
5346 0.97424483986 0.906215967527
5349 0.940785527515 0.87509302813
5352 1.03753775613 0.965089311275
5355 1.09525113152 1.01877271834
5358 1.09681662663 1.02022889918
5361 1.05132271457 0.977911703493
5364 0.984424114362 0.915684450925
5367 0.999494932742 0.929702914971
5370 0.909450081021 0.845945650796
5373 1.01849149832 0.947373001943
5376 1.08093554683 1.00545675207
5379 1.0316505355 0.959613179284
5382 0.986285597454 0.917415951706
5385 1.0551242774 0.981447813509
5388 1.03350573624 0.961338836389
5391 0.981885698563 0.91332328581
5394 0.969198251588 0.901521768814
5397 0.889510178313 0.827398097363
5400 0.990392971707 0.921236519166
5403 0.960876384027 0.893780994673
5406 0.863073079731 0.802807029604
5409 0.931010429011 0.866000498217
5412 0.999017695406 0.929259001823
5415 0.98081328054 0.912325751827
5418 1.02179877948 0.950449344644
5421 0.972415929396 0.904514764916
5424 0.94337008551 0.877497113456
5427 1.07103847147 0.996250762612
5430 0.940615481436 0.874934855907
5433 0.954865944278 0.888190247615
5436 0.94085638221 0.875158935233
5439 1.08990028153 1.01379550368
5442 1.07525032754 1.00016851621
5445 0.981835477424 0.913276571477
5448 0.989830568403 0.920713386957
5451 1.07816088991 1.00287584191
5454 1.00436663311 0.934234437731
5457 1.02683068346 0.955129884426
5460 1.07666811526 1.00148730366
5463 0.939684752216 0.874069116982
5466 1.02608739419 0.954438497024
5469 1.04745974566 0.974318475212
5472 1.00416622857 0.934048026894
5475 0.957934268743 0.891044319312
5478 0.927090701554 0.862354474687
5481 0.950714347582 0.884328545645
5484 1.03409002574 0.961882326546
5487 0.995170865436 0.925680785546
5490 1.01572337943 0.944798173279
5493 0.990047388081 0.920915066706
5496 1.02376434274 0.952277657953
5499 1.05164989447 0.978216037307
5502 0.950322948616 0.883964477007
5505 1.01165030312 0.941009508833
5508 0.984721413268 0.915960990256
5511 0.967509864384 0.899951277105
5514 0.980408658843 0.911949383764
5517 1.03714682246 0.964725675441
5520 1.05642558111 0.982658250717
5523 1.04296575807 0.970138290577
5526 0.953824233604 0.887221276769
5529 0.960289100202 0.893234719283
5532 1.03736184914 0.964925687393
5535 0.945082123143 0.879089604149
5538 1.03119068936 0.959185442948
5541 1.06833477439 0.993735857361
5544 0.980332797298 0.911878819424
5547 1.01937462137 0.948194458914
5550 1.07506916096 1.0
5553 1.02485168574 0.953289074742
5556 1.0391356336 0.966575613306
5559 1.03829523485 0.965793897319
5562 1.00496430505 0.934790375857
5565 0.994363878773 0.924930148572
5568 0.994068030023 0.924654958136
5571 1.02276057828 0.951343983637
5574 1.01234180234 0.941652722546
5577 1.01304402503 0.942305910923
5580 1.03778544864 0.965319708095
5583 1.0247160895 0.95316294682
5586 0.956031617874 0.889274525388
5589 0.883922927299 0.822200988919
5592 0.970979977117 0.903179081286
5595 0.96970917555 0.901997016343
5598 0.977513829626 0.909256692613
5601 0.937999735 0.872501759943
5604 1.00571786536 0.9354913171
5607 1.07350346362 0.998543631052
5610 1.06181288148 0.987669370525
5613 1.06160538878 0.987476366479
5616 0.920244125973 0.855985976893
5619 1.00599355479 0.935747755885
5622 1.03985361117 0.967243456448
5625 0.940614047213 0.874933521832
5628 1.02919096493 0.95732535385
5631 1.07564837546 1.00053876953
5634 1.02331880484 0.951863230752
5637 0.971251215111 0.903431379468
5640 0.982515846339 0.913909432077
5643 0.996819529043 0.927214327449
5646 1.03581465828 0.96348653267
5649 1.02036469022 0.949115393938
5652 1.03555394913 0.963244028135
5655 0.96347108237 0.896194512275
5658 0.85178256343 0.792304899405
5661 0.967280225663 0.899737673432
5664 0.987237749676 0.918301617724
5667 0.96206129926 0.894883170492
5670 0.997409930578 0.927763502848
5673 1.07508483077 1.00001457562
5676 1.04384093109 0.970952352639
5679 1.03199041089 0.959929322093
5682 0.969210175858 0.901532860445
5685 0.964541048619 0.897189765685
5688 0.947633388339 0.881462721423
5691 1.01894697387 0.947796672876
5694 1.02504982446 0.953473377978
5697 1.03753940591 0.965090845857
5700 0.987255361567 0.918317999824
5703 0.987957116197 0.918970752833
5706 0.94973454797 0.88341716278
5709 0.888135234147 0.826119161815
5712 0.921615682662 0.857261761501
5715 1.01844671742 0.947331347975
5718 1.02003701629 0.948810600589
5721 1.0583803264 0.984476501451
5724 1.06908095334 0.994429932664
5727 1.0242704783 0.952748451443
5730 1.04786630363 0.97469664435
5733 1.03336607003 0.961208922697
5736 1.06599731824 0.991561619429
5739 1.05553751153 0.981832192623
5742 1.02928027839 0.957408430797
5745 1.06041967838 0.986373451016
5748 0.999123828907 0.929357724309
5751 1.04042350191 0.967773553264
5754 0.940049352468 0.874408258187
5757 1.05389143661 0.980301058649
5760 1.01931719792 0.948141045184
5763 0.973796051867 0.905798517181
5766 1.07751441956 1.00227451283
5769 1.04868536538 0.975458513234
5772 1.02859787756 0.956773680155
5775 1.0295978607 0.957703837187
5778 1.05715235718 0.983334277988
5781 0.942816740357 0.876982406893
5784 0.955519062862 0.888797760701
5787 1.01344945744 0.942683033097
5790 1.0262167871 0.954558854779
5793 1.02201259717 0.950648232021
5796 1.04292285395 0.970098382338
5799 1.03086013827 0.958877973344
5802 1.07402360625 0.999027453536
5805 0.990070032154 0.920936129605
5808 1.02634121132 0.954674590795
5811 1.04823203092 0.975036833888
5814 1.04522127096 0.972236307127
5817 1.02462409626 0.953077377215
5820 1.06900923855 0.994363225517
5823 1.06533041059 0.990941280126
5826 1.07174727405 0.996910071429
5829 1.07954294462 1.00416139149
5832 1.06439980118 0.990075652647
5835 1.05333816656 0.979786421941
5838 1.05634605175 0.982584274678
5841 1.08212005476 1.00655854903
5844 1.0739224565 0.9989333668
5847 1.04089995407 0.968216736061
5850 1.06165818031 0.98752547172
5853 0.967754365271 0.900178705159
5856 0.99273493771 0.92341495204
5859 0.981254497216 0.912736159539
5862 1.01980137094 0.94859140972
5865 1.0547184345 0.981070309515
5868 1.04950958874 0.976225183317
5871 1.07092254901 0.996142934702
5874 1.06386285727 0.989576202073
5877 1.05939026311 0.985415917016
5880 1.03356316751 0.961392257396
5883 1.02945673258 0.957572563663
5886 1.0488042635 0.975569109028
5889 0.869661509184 0.808935406915
5892 0.934848361384 0.869570438192
5895 0.894095795466 0.831663513319
5898 0.971266714036 0.903445796145
5901 1.03815018676 0.965658977542
5904 1.04679188759 0.973697251858
5907 1.02896713764 0.957117155812
5910 1.03354602233 0.961376309413
5913 1.02467181826 0.953121766927
5916 0.997792807227 0.92811964426
5919 1.03791922917 0.965444147093
5922 1.03369859007 0.961518223765
5925 1.05651849003 0.982744672063
5928 1.0100558269 0.939526370557
5931 1.00667436442 0.936381026425
5934 1.01139568585 0.940772670794
5937 1.05313016851 0.979592947828
5940 1.03208452232 0.96001686198
5943 1.0188463186 0.947703046092
5946 1.03749041962 0.965045280152
5949 0.977201766687 0.908966420181
5952 0.988452974081 0.919431986307
5955 1.02706847149 0.955351068366
5958 0.997529095858 0.92787434714
5961 1.04642476122 0.973355760929
5964 1.04623772514 0.97318178507
5967 1.02583103939 0.954200042788
5970 1.05073742028 0.977367278711
5973 1.04529382147 0.97230379163
5976 0.968963423008 0.901303337676
5979 1.02006134605 0.948833231473
5982 1.02483497115 0.953273527291
5985 0.956199308556 0.889430506685
5988 1.00437572635 0.934242896015
5991 0.984504567715 0.915759286439
5994 1.03565619354 0.963339133092
5997 0.983888500797 0.915186237801
6000 1.01781747475 0.946746043613
6003 0.979209007019 0.91083350037
6006 0.987234187874 0.918298304633
6009 0.934941525151 0.869657096586
6012 0.984347504401 0.91561319043
6015 0.983660447655 0.914974108991
6018 0.990235618033 0.921090153071
6021 0.939992981079 0.87435582306
6024 0.961411469634 0.894278716705
6027 0.972933608013 0.904996295441
6030 1.00566635902 0.935443407306
6033 1.02350164215 0.952033301029
6036 1.0195919306 0.948396594024
6039 1.02150646381 0.950177440577
6042 0.984631540021 0.915877392614
6045 1.01147067806 0.940842426501
6048 1.02287279285 0.951448362571
6051 1.01834113614 0.947233139148
6054 0.979392660817 0.911004330122
6057 0.9888826306 0.919831641078
6060 1.0168791363 0.945873226793
6063 0.993429972972 0.924061454877
6066 0.957093522364 0.890262279971
6069 1.02375018301 0.95226448696
6072 1.02665835374 0.954969588024
6075 1.02290669553 0.951479897918
6078 0.950626246056 0.88424659601
6081 0.985501802957 0.916686887451
6084 0.946822906681 0.880708833498
6087 0.969411105737 0.901719759935
6090 0.960060975266 0.893022523692
6093 0.973338206392 0.905372641813
6096 0.988034744792 0.919042960834
6099 0.99363534629 0.924252487534
6102 0.87903554097 0.817654875509
6105 0.981997211374 0.913427011984
6108 0.962491741456 0.895283556078
6111 0.986124915092 0.917266489357
6114 0.978110121188 0.909811346754
6117 0.977666132463 0.909398360556
6120 0.969923196571 0.902196092857
6123 0.931221943816 0.866197243517
6126 0.969515636472 0.901816991573
6129 0.941624009578 0.875872961266
6132 0.974455824674 0.906412219844
6135 0.9434576931 0.877578603646
6138 0.841837353888 0.783054136847
6141 0.878751661154 0.817390818249
6144 0.975066122796 0.906979902505
6147 0.944216574156 0.878284494098
6150 0.931779930483 0.86671626749
6153 0.96970354624 0.901991780112
6156 0.937004033177 0.871575585275
6159 0.953302764641 0.886736220568
6162 0.817628693609 0.760535901594
6165 0.920010227155 0.855768410594
6168 0.927194750994 0.862451258638
6171 0.917626548224 0.853551177491
6174 0.938166356617 0.872656746824
6177 0.935576754055 0.87024796918
6180 0.949733879437 0.883416540929
6183 0.987489757554 0.918536028575
6186 0.960986941046 0.893883831795
6189 0.957226596688 0.890386062075
6192 0.884453662584 0.8226946644
6195 0.973356171807 0.905389352752
6198 0.986955491067 0.918039068467
6201 0.949700233829 0.883385244703
6204 0.984205595443 0.915481190589
6207 0.989747289249 0.920635922961
6210 0.989086101432 0.920020904094
6213 0.919190891962 0.855006287353
6216 0.925840745574 0.86119179974
6219 0.89947198641 0.836664299444
6222 0.950349981088 0.883989621875
6225 0.964799891004 0.897430533809
6228 0.947870689262 0.881683452266
6231 0.85596351969 0.79619391084
6234 0.957604093332 0.890737199154
6237 0.922807881094 0.858370711953
6240 0.87751682829 0.816242210412
6243 0.906407053629 0.843115109746
6246 0.830531624005 0.772537855389
6249 0.932539848775 0.867423122751
6252 0.883452037195 0.821762979792
6255 0.865823619332 0.805365506492
6258 0.873157393222 0.812187182861
6261 0.920765238084 0.856470701159
6264 0.929531907747 0.864625218079
6267 0.958766043091 0.891818013116
6270 0.910842749927 0.847241073413
6273 0.955552211466 0.888828594628
6276 0.929406537106 0.86450860173
6279 0.84545589151 0.78642000181
6282 0.897170953356 0.834523941281
6285 0.949424580926 0.883128839893
6288 0.955985046296 0.889231205777
6291 0.910231293306 0.846672313148
6294 0.93515628407 0.869856859472
6297 0.893579491365 0.831183261331
6300 0.869717596237 0.808987577561
6303 0.876707433015 0.815489333012
6306 0.936704789448 0.871297236923
6309 0.926331465271 0.861648253813
6312 0.920492404732 0.856216919019
6315 0.848791427671 0.789522626537
6318 0.842641460169 0.783802094569
6321 0.889163684915 0.827075798657
6324 0.93732751919 0.871876483138
6327 0.935573990531 0.870245398625
6330 0.923491966506 0.859007029538
6333 0.94711376185 0.880979379041
6336 0.854304427005 0.794650668093
6339 0.899992640588 0.837148597754
6342 0.929401648064 0.864504054076
6345 0.904009848432 0.84088529488
6348 0.930493338111 0.865519514371
6351 0.947708631116 0.881532710201
6354 0.920806824543 0.856509383749
6357 0.927304571894 0.862553411042
6360 0.897938253008 0.835237662481
6363 0.878994193547 0.817616415264
6366 0.924991643509 0.860401988167
6369 0.916857758371 0.852836070147
6372 0.932648634422 0.867524312191
6375 0.954124412773 0.887500495241
6378 0.934112334962 0.868885806496
6381 0.925186427497 0.860583170918
6384 0.929005572276 0.864135635185
6387 0.953279712148 0.886714777769
6390 0.936572070565 0.871173785439
6393 0.862004897097 0.801813435263
6396 0.94562245738 0.879592208313
6399 0.88319636046 0.821525156269
6402 0.934672117027 0.8694065005
6405 0.943854826991 0.877948006756
6408 0.871053867815 0.810230540922
6411 0.891683215178 0.829419396962
6414 0.919679298306 0.855460589607
6417 0.897836931357 0.835143415846
6420 0.861383607553 0.801235528681
6423 0.934542656362 0.869286079721
6426 0.94592119462 0.879870085542
6429 0.924767764577 0.860193742093
6432 0.858384724987 0.798446049944
6435 0.94257346859 0.876756122133
6438 0.879607221335 0.818186636986
6441 0.936104879177 0.870739216758
6444 0.945991559914 0.879935537419
6447 0.942255382869 0.876460247475
6450 0.837943187342 0.779431889379
6453 0.931847483321 0.866779103297
6456 0.820452523722 0.763162551317
6459 0.937751012812 0.872270405351
6462 0.848938373787 0.789659311804
6465 0.924452686564 0.859900665122
6468 0.922737704068 0.858305435198
6471 0.880633484404 0.819141238891
6474 0.913196664848 0.849430620845
6477 0.903923454661 0.840804933751
6480 0.916278606926 0.852297359275
6483 0.867983467896 0.807374538694
6486 0.93081125565 0.865815232591
6489 0.926973477905 0.862245436447
6492 0.850885739852 0.791470698584
6495 0.724017386798 0.673461218207
6498 0.802403015364 0.746373391127
6501 0.893811092162 0.831398690073
6504 0.922790211336 0.858354276027
6507 0.931535842597 0.866489223598
6510 0.935417664374 0.8700999883
6513 0.921037346653 0.856723809126
6516 0.845398491512 0.786366609898
6519 0.87630009816 0.815110441245
6522 0.921042449304 0.856728555472
6525 0.917910537873 0.853815336915
6528 0.896843624251 0.834219468679
6531 0.917864917203 0.853772901812
6534 0.895794805206 0.83324388582
6537 0.917101764546 0.853063038033
6540 0.923504630787 0.859018809507
6543 0.906560669485 0.843257999023
6546 0.848453919267 0.789208685428
6549 0.903369506705 0.840289666477
6552 0.890779414515 0.828578706246
6555 0.850980456906 0.791558801802
6558 0.841090019279 0.782358986585
6561 0.620266223286 0.576954716784
6564 0.58128407944 0.540694590215
6567 0.862837628939 0.802588019701
6570 0.850106070545 0.790745471467
6573 0.852018744042 0.792524588166
6576 0.875951515263 0.814786198945
6579 0.910039104777 0.846493544623
6582 0.889914843102 0.827774505507
6585 0.8869236748 0.824992202368
6588 0.903512405318 0.840422586868
6591 0.890157509162 0.828000226856
6594 0.825669649456 0.768015379324
6597 0.886666483119 0.824752969683
6600 0.912018278877 0.848334518367
6603 0.897750119208 0.835062665554
6606 0.866140543324 0.805660300542
6609 0.851306808434 0.791862365089
6612 0.902010726061 0.839025765797
6615 0.903465284229 0.840378756117
6618 0.907435376108 0.844071627257
6621 0.91897939782 0.854809561273
6624 0.898209038489 0.835489539748
6627 0.898193809291 0.835475373963
6630 0.901454813662 0.838508671252
6633 0.843520732276 0.784619969492
6636 0.886039177404 0.824169467024
6639 0.891738172207 0.829470516491
6642 0.888096134757 0.826082792629
6645 0.864991672989 0.804591652703
6648 0.895533177083 0.833000526479
6651 0.90593365093 0.842674763472
6654 0.902832710412 0.839790353213
6657 0.901741838633 0.838775654048
6660 0.895594270828 0.833057354214
6663 0.838642214682 0.780082105537
6666 0.888549939362 0.82650490929
6669 0.894289161523 0.831843377148
6672 0.891168336254 0.828940470636
6675 0.896853705352 0.834228845844
6678 0.814915306266 0.758011982724
6681 0.888310627853 0.826282308254
6684 0.906241556764 0.842961169078
6687 0.90487972365 0.841694429073
6690 0.905404903291 0.842182936845
6693 0.903468573085 0.840381815321
6696 0.867845151101 0.807245880186
6699 0.885294845136 0.823477109457
6702 0.887963358131 0.825959287434
6705 0.865237468459 0.804820284943
6708 0.891315791754 0.829077629718
6711 0.884031726241 0.822302190726
6714 0.865683181244 0.805234874815
6717 0.824477198411 0.766906193898
6720 0.874318459436 0.813267174972
6723 0.866844241607 0.806314861484
6726 0.868437169083 0.807796559159
6729 0.886759211206 0.824839222821
6732 0.882667251383 0.821032993443
6735 0.883031166875 0.821371497704
6738 0.860793673999 0.800686788586
6741 0.868417191143 0.807777976225
6744 0.866659641402 0.80614315141
6747 0.870158409828 0.809397610335
6750 0.840986255931 0.782262468749
6753 0.871329614295 0.810487032774
6756 0.8732352055 0.812259561718
6759 0.88470987671 0.822932987789
6762 0.891243365899 0.829010261165
6765 0.884591768229 0.822823126502
6768 0.843204679192 0.784325985536
6771 0.860364186827 0.800287291338
6774 0.873831638037 0.812814346991
6777 0.886506547804 0.824604202217
6780 0.893000702025 0.83064488728
6783 0.865639992095 0.805194701447
6786 0.859740686791 0.799707328616
6789 0.878204904821 0.816882240427
6792 0.861759801481 0.801585454009
6795 0.844554112407 0.785581191493
6798 0.867419596621 0.806850041019
6801 0.880757242259 0.819256355071
6804 0.864100049056 0.803762288449
6807 0.860273359285 0.800202806036
6810 0.857578268594 0.797695906211
6813 0.873533317421 0.812536857294
6816 0.875973110446 0.814806286195
6819 0.873409979723 0.812422131931
6822 0.882291728728 0.820683692515
6825 0.886512172291 0.824609433962
6828 0.840297467031 0.781621776109
6831 0.875513820218 0.814379066956
6834 0.870704005656 0.809905108688
6837 0.858176506204 0.798252370514
6840 0.818650394654 0.76148626003
6843 0.8072753429 0.750905497259
6846 0.864642408952 0.804266776826
6849 0.862533836955 0.802305440687
6852 0.871398543567 0.810551148902
6855 0.811896354933 0.755203836566
6858 0.832948000625 0.77478550299
6861 0.835588417325 0.777241546559
6864 0.862747024501 0.802503741926
6867 0.807550208098 0.751161169366
6870 0.801071313412 0.745134678307
6873 0.804566037382 0.74838537519
6876 0.806210975166 0.749915451434
6879 0.822363456555 0.764940048898
6882 0.81305702184 0.756283457254
6885 0.822635927088 0.765193493553
6888 0.832485903131 0.774355672509
6891 0.856977554083 0.797137137964
6894 0.843360975385 0.784471367991
6897 0.82882266412 0.770948227534
6900 0.818554115819 0.761396704084
6903 0.830130017117 0.77216429162
6906 0.831406438588 0.773351584045
6909 0.837872100202 0.779365766061
6912 0.831979886486 0.773884989633
6915 0.803871530267 0.747739363621
6918 0.821347507673 0.763995040968
6921 0.852845690719 0.793293791402
6924 0.816767352031 0.75973470516
6927 0.82888507923 0.771006284366
6930 0.840038180745 0.78138059508
6933 0.818128137849 0.761000470999
6936 0.83913013346 0.780535954272
6939 0.836184915671 0.777796393046
6942 0.839734685706 0.781098292276
6945 0.791253681114 0.736002584621
6948 0.831083487793 0.773051184027
6951 0.811463243604 0.754800968226
6954 0.820512289671 0.763218143972
6957 0.832670685579 0.774527552101
6960 0.830886029898 0.772867514081
6963 0.841793395997 0.783013248416
6966 0.827115949363 0.769360688035
6969 0.841113539963 0.782380864883
6972 0.834045391848 0.775806266363
6975 0.811911751935 0.755218158437
6978 0.743011490164 0.691129014899
6981 0.815084313305 0.75816918846
6984 0.842082796519 0.783282440885
6987 0.828447658394 0.770599407439
6990 0.829519363311 0.771596278111
6993 0.831978014217 0.773883248099
6996 0.841976417941 0.783183490434
6999 0.789384324285 0.734263759904
7002 0.819355206943 0.76214185719
7005 0.781157309585 0.726611215307
7008 0.823250862003 0.765765489232
7011 0.818358462053 0.761214712289
7014 0.817800775805 0.760695967758
7017 0.750655171787 0.698238958985
7020 0.832406334703 0.774281660129
7023 0.77550832688 0.721356685728
7026 0.812646427465 0.755901533569
7029 0.82395694112 0.766422264762
7032 0.831730338934 0.773652867309
7035 0.812892553659 0.75613047344
7038 0.781433209194 0.726867849594
7041 0.840037223277 0.78137970447
7044 0.834652813848 0.776371273734
7047 0.840032026156 0.78137487025
7050 0.840876346884 0.782160234353
7053 0.815609706526 0.758657894899
7056 0.835298780117 0.776972133932
7059 0.825086765456 0.767473196531
7062 0.822328929891 0.764907933137
7065 0.817740686637 0.760640074453
7068 0.784443861249 0.72966827599
7071 0.834298385132 0.776041593812
7074 0.838401013646 0.779857746915
7077 0.836626583639 0.778207220538
7080 0.847633048841 0.788445134155
7083 0.804870989544 0.74866903337
7086 0.798497422742 0.742740515435
7089 0.815974166672 0.758996905782
7092 0.812985861179 0.756217265549
7095 0.821274377175 0.763927016974
7098 0.830579573867 0.772582457043
7101 0.829283197048 0.771376602698
7104 0.840439637365 0.781754019074
7107 0.821568994527 0.764201061996
7110 0.807420913087 0.751040902675
7113 0.807208765563 0.750843568837
7116 0.819460425279 0.762239728415
7119 0.811216591398 0.754571539074
7122 0.775697900517 0.721533021952
7125 0.829587414705 0.771659577661
7128 0.81386165112 0.757031901456
7131 0.769502199273 0.715769949707
7134 0.813314706339 0.756523148344
7137 0.830852043017 0.772835900412
7140 0.815990492613 0.759012091727
7143 0.812686157018 0.755938488916
7146 0.802358867672 0.746332326149
7149 0.76317658122 0.709886032389
7152 0.813511118761 0.75670584582
7155 0.799411316162 0.743590594159
7158 0.818230504735 0.761095689884
7161 0.814172439508 0.757320988335
7164 0.74175871313 0.689963715884
7167 0.788440842458 0.733386158852
7170 0.804175558584 0.748022162466
7173 0.814897116458 0.75799506306
7176 0.783599645701 0.728883009722
7179 0.812343433618 0.75561969696
7182 0.750525658724 0.698118489468
7185 0.761243605512 0.708088031128
7188 0.730813393926 0.679782678606
7191 0.756137470093 0.703338443283
7194 0.740627182789 0.688911197235
7197 0.766665794779 0.713131603638
7200 0.770740155847 0.716921463133
7203 0.76365371297 0.710329847325
7206 0.745872117549 0.693789892439
7209 0.759530017099 0.706494097942
7212 0.799036005529 0.743241490449
7215 0.758590781632 0.705620446737
7218 0.772136868142 0.718220646801
7221 0.753306127074 0.70070480526
7224 0.737409618442 0.685918306672
7227 0.778490693188 0.724130801493
7230 0.796754416709 0.741119218782
7233 0.782239717534 0.727618041647
7236 0.759738642296 0.706688155407
7239 0.767913253251 0.714291955472
7242 0.778429754825 0.724074118291
7245 0.754565295987 0.701876049827
7248 0.789025345211 0.733929847364
7251 0.746109051017 0.694010281486
7254 0.770402297742 0.716607196743
7257 0.790093527036 0.734923440952
7260 0.767196447398 0.713625202226
7263 0.743972489252 0.69202291003
7266 0.773246629869 0.719252916879
7269 0.788685593165 0.733613819281
7272 0.771608399151 0.717729079365
7275 0.751744651765 0.699252363533
7278 0.769655547025 0.715912589601
7281 0.793268379543 0.737876602127
7284 0.742866356326 0.690994015363
7287 0.748516512944 0.696249636883
7290 0.689335263708 0.641200853618
7293 0.710206681566 0.660614877028
7296 0.778173119236 0.723835402868
7299 0.766275600025 0.712768655124
7302 0.744213070814 0.692246692434
7305 0.772266950917 0.718341646249
7308 0.71377609408 0.663935047157
7311 0.712083916732 0.662361029959
7314 0.776504170422 0.722282992219
7317 0.756122351405 0.703324380292
7320 0.750229751956 0.697843245066
7323 0.754334911889 0.701661752825
7326 0.717777108348 0.66765668146
7329 0.759053242535 0.706050615251
7332 0.760715213223 0.707596535038
7335 0.772818793578 0.718854955235
7338 0.784575702632 0.729790911247
7341 0.780221055746 0.725740337531
7344 0.747494833635 0.695299298666
7347 0.770808668928 0.716985192132
7350 0.760449264308 0.707349156614
7353 0.748108966947 0.695870548716
7356 0.715774066104 0.665793506218
7359 0.774075605754 0.720024007629
7362 0.750792632112 0.698366820828
7365 0.7565142572 0.70368892037
7368 0.765695450828 0.712229016171
7371 0.759202226887 0.70618919643
7374 0.759605328606 0.706564150651
7377 0.764936664989 0.711523214287
7380 0.782561340187 0.727917206263
7383 0.760884291747 0.707753807268
7386 0.709951535759 0.660377547361
7389 0.707399007105 0.658003254853
7392 0.758534698955 0.705568280162
7395 0.753793919645 0.701158536601
7398 0.765979641943 0.712493362992
