Wave Flux FluxNorm
3600 4.75103278006 4.69669818525
3603 4.72326949192 4.6692524085
3606 4.75074738372 4.69641605281
3609 4.68188576611 4.62834196252
3612 4.64276717916 4.58967075041
3615 4.63399291706 4.58099683407
3618 4.68415801627 4.63058822637
3621 4.69053578346 4.63689305501
3624 4.66358521623 4.61025070459
3627 4.65695205883 4.60369340647
3630 4.63308426989 4.58009857853
3633 4.50095910842 4.44948445001
3636 4.52645774604 4.47469147564
3639 4.61934615848 4.56651758132
3642 4.66201848257 4.60870188869
3645 4.64100586651 4.5879295808
3648 4.61498295015 4.56220427227
3651 4.5794383645 4.52706618786
3654 4.59525271485 4.54269967936
3657 4.58824292849 4.53577005954
3660 4.58091079973 4.52852178376
3663 4.53892884536 4.48701995079
3666 4.51722097743 4.46556034219
3669 4.56242142888 4.5102438643
3672 4.55545852687 4.50336059265
3675 4.54876688601 4.49674547992
3678 4.51176425818 4.46016602803
3681 4.49432826199 4.44292943644
3684 4.48584842034 4.43454657344
3687 4.48167036707 4.43041630195
3690 4.45370837064 4.40277408941
3693 4.38972301735 4.33952049665
3696 4.38068427984 4.33058512954
3699 4.37685336299 4.32679802449
3702 4.24923049358 4.20063469814
3705 4.05465514753 4.0082845888
3708 4.25492809274 4.20626713741
3711 4.23158954999 4.183195503
3714 4.20858768305 4.16045669404
3717 4.38015945064 4.33006630248
3720 4.249335705 4.20073870632
3723 4.25563083861 4.20696184642
3726 4.33773629753 4.28812831648
3729 4.41880465605 4.36826954681
3732 4.2269288173 4.1785880722
3735 4.09994869981 4.05306014702
3738 4.34893926183 4.29920315947
3741 4.5116444897 4.46004762927
3744 4.48668216253 4.43537078064
3747 4.22162599301 4.173345893
3750 3.8635733201 3.8193880449
3753 4.03153324319 3.98542711525
3756 4.1600471476 4.11247128638
3759 4.18489721917 4.13703716321
3762 4.36411438592 4.31420473514
3765 4.33636778009 4.28677544992
3768 4.02361205965 3.97759652133
3771 3.6651172444 3.6232015874
3774 4.00006243015 3.95431621424
3777 4.3665527967 4.31661525934
3780 4.53186065322 4.48003259315
3783 4.56563572049 4.51342139606
3786 4.58051301283 4.52812854611
3789 4.46942454816 4.41831053083
3792 4.23058444416 4.18220189194
3795 3.8919464272 3.8474366665
3798 3.44911310893 3.40966775633
3801 3.86369116953 3.81950454656
3804 4.21405179773 4.16585831907
3807 4.37631508223 4.32626589971
3810 4.49052275378 4.43916744944
3813 4.43745184482 4.38670347933
3816 4.36640975251 4.31647385107
3819 3.98286464329 3.93731510773
3822 4.21986328248 4.17160334149
3825 4.37278927912 4.32278041901
3828 4.26806405268 4.21925286958
3831 3.98136004886 3.93582772041
3834 3.38319336119 3.34450189158
3837 3.40403673044 3.36510688823
3840 3.90667813563 3.86199989757
3843 4.18991021182 4.1419928254
3846 4.27310965446 4.22424076797
3849 4.28569606624 4.23668323682
3852 4.3098257544 4.2605369688
3855 4.29076946833 4.24169861757
3858 4.24508368893 4.19653531791
3861 4.26428362544 4.21551567673
3864 4.25636993593 4.20769249114
3867 4.16951299614 4.12182887993
3870 4.16440753697 4.11678180871
3873 4.18069826167 4.13288622656
3876 4.1601378973 4.11256099824
3879 4.11589828501 4.06882732677
3882 3.96094026946 3.91564146927
3885 3.63547791889 3.59390122835
3888 3.05747706474 3.02251060899
3891 3.1946305583 3.1580955637
3894 3.68961866244 3.64742279802
3897 3.95889041919 3.91361506186
3900 4.03892623172 3.99273555478
3903 4.09124035037 4.04445138952
3906 4.07637961064 4.02976060279
3909 4.09081697354 4.04403285459
3912 4.03676181531 3.99059589145
3915 4.04685982835 4.00057841982
3918 4.00045609447 3.95470537647
3921 3.92023980442 3.87540647003
3924 3.86586262618 3.82165116962
3927 3.87379803309 3.82949582423
3930 3.93587158552 3.89085948021
3933 3.49797876019 3.45797456166
3936 3.85685087932 3.81274248448
3939 3.91836999581 3.87355804525
3942 3.91612482327 3.87133854934
3945 3.87785272068 3.83350414089
3948 3.86080295067 3.81664935845
3951 3.84101085426 3.7970836119
3954 3.81288008731 3.76927455895
3957 3.78518022858 3.74189148621
3960 3.68884729307 3.64666025032
3963 3.53234640725 3.49194916739
3966 3.23100824438 3.19405722091
3969 2.52158699565 2.49274917995
3972 2.88707780257 2.85406009677
3975 3.35316360844 3.31481557036
3978 3.56840366235 3.52759405819
3981 3.67044147503 3.62846492813
3984 3.64057051321 3.59893558184
3987 3.67451296305 3.63248985308
3990 3.69302322406 3.65078842379
3993 3.68490030046 3.642758397
3996 3.64407937362 3.60240431361
3999 3.59386028229 3.55275954666
4002 3.59792327745 3.55677607588
4005 3.55778909552 3.51710088353
4008 3.48894794084 3.44904702215
4011 3.49709155807 3.45709750591
4014 3.55476196746 3.51410837484
4017 3.55554061692 3.51487811938
4020 3.5439819576 3.50345164923
4023 3.33397499223 3.29584640237
4026 2.98476918587 2.95063424473
4029 3.31447038259 3.27656485476
4032 3.4608936054 3.42131352662
4035 3.48116326363 3.44135137343
4038 3.48996898618 3.45005639043
4041 3.47295252849 3.43323453934
4044 3.45663776416 3.41710635678
4047 3.45320561514 3.4137134591
4050 3.4586500614 3.41909564063
4053 3.41703103237 3.37795258244
4056 3.39815573473 3.35929314979
4059 3.37648188041 3.33786716581
4062 3.36455471799 3.3260764069
4065 3.36388446896 3.32541382308
4068 3.20349126885 3.16685493984
4071 3.17144751874 3.13517765409
4074 3.20656970629 3.16989817111
4077 3.25804936531 3.22078908942
4080 3.27926174424 3.24175887562
4083 3.26159642606 3.22429558466
4086 3.22167490063 3.18483061678
4089 3.02497641793 2.99038165179
4092 3.11938030008 3.08370589569
4095 3.02075753528 2.98621101786
4098 2.66771559207 2.63720659488
4101 2.26061175334 2.2347585485
4104 2.48331596202 2.45491582823
4107 2.90352666418 2.87032084302
4110 3.08066306566 3.0454314461
4113 3.12027029488 3.08458571218
4116 3.02243781621 2.98787208247
4119 3.02058143555 2.98603693207
4122 3.05090268111 3.01601141248
4125 3.13549446478 3.09963577275
4128 3.15945626301 3.12332353486
4131 3.14687879581 3.11088990829
4134 3.13679563777 3.10092206504
4137 3.11452520366 3.07890632397
4140 3.10920501841 3.07364698236
4143 2.94850314715 2.91478295805
4146 2.99919008546 2.9648902215
4149 3.06958020573 3.03447533392
4152 3.03821633663 3.0034701538
4155 3.02420613266 2.98962017578
4158 3.05446425818 3.01953225802
4161 3.05631688245 3.02136369498
4164 3.0241520932 2.98956675434
4167 3.0286421115 2.99400542311
4170 3.00940933395 2.97499259883
4173 3.0260175391 2.9914108663
4176 3.02231396242 2.98774964511
4179 3.00183435571 2.96750425087
4182 2.98882723046 2.95464588
4185 2.91898527322 2.88560266161
4188 2.92455362002 2.89110732669
4191 2.94163797217 2.90799629578
4194 2.92136340422 2.8879535954
4197 2.86656811715 2.83378496781
4200 2.74610861458 2.71470308535
4203 2.86720396309 2.83441354198
4206 2.9025439859 2.86934940301
4209 2.92824489271 2.8947563846
4212 2.86614864436 2.83337029227
4215 2.89679035992 2.86366157766
4218 2.90306688582 2.86986632286
4221 2.88833577991 2.85530368741
4224 2.89587670869 2.8627583753
4227 2.87278702631 2.8399327552
4230 2.85939057448 2.82668951022
4233 2.84570859918 2.81316400712
4236 2.84622263113 2.81367216041
4239 2.83491577502 2.80249461375
4242 2.82404471754 2.79174788176
4245 2.82839693509 2.79605032573
4248 2.82208842372 2.78981396086
4251 2.80063622695 2.76860709947
4254 2.77216092464 2.7404574514
4257 2.79419715325 2.76224166542
4260 2.81298228407 2.78081196244
4263 2.79227034271 2.76033689061
4266 2.76613350138 2.73449896002
4269 2.77239598113 2.74068981969
4272 2.76346652927 2.7318624884
4275 2.72177750208 2.69065023258
4278 2.7131040416 2.68207596505
4281 2.70803625193 2.67706613253
4284 2.6984633863 2.66760274579
4287 2.70323627473 2.67232104967
4290 2.68387362185 2.65317983536
4293 2.70315924846 2.6722449043
4296 2.70427948444 2.67335232884
4299 2.69962686874 2.6687529222
4302 2.69212205698 2.66133393828
4305 2.67832543014 2.64769509485
4308 2.67564363404 2.64504396878
4311 2.65561862387 2.62524797215
4314 2.62978040026 2.59970524416
4317 2.59139501414 2.56175884773
4320 2.60260184536 2.57283751342
4323 2.61330223268 2.5834155271
4326 2.59208139594 2.56243737981
4329 2.57013260095 2.54073959948
4332 2.52464938643 2.49577654808
4335 2.38618565927 2.35889634409
4338 2.04094195221 2.01760097371
4341 1.83148780889 1.81054222661
4344 2.15594244915 2.13128628178
4347 2.3773827668 2.35019412481
4350 2.44204164291 2.41411353773
4353 2.50415411991 2.47551567312
4356 2.55718612298 2.52794118229
4359 2.56514014543 2.53580423956
4362 2.53969458043 2.51064967959
4365 2.51294871474 2.48420968966
4368 2.48844667816 2.45998786757
4371 2.51770034069 2.48890697424
4374 2.50818936428 2.47950476893
4377 2.48552731549 2.45710189183
4380 2.4618216637 2.43366734678
4383 2.45922364592 2.4310990409
4386 2.3774533443 2.35026389516
4389 2.32346771638 2.29689566715
4392 2.41524964887 2.387627947
4395 2.45428856121 2.42622039568
4398 2.45035514264 2.42233196116
4401 2.46716007222 2.43894470326
4404 2.4536636483 2.4256026295
4407 2.4383599978 2.4104739973
4410 2.41848030866 2.39082165975
4413 2.39327040474 2.36590006575
4416 2.37171301959 2.34458921895
4419 2.37243546457 2.34530340178
4422 2.36102424939 2.33402268954
4425 2.34084806365 2.31407724625
4428 2.30499280669 2.27863204347
4431 2.31549443691 2.2890135731
4434 2.3193043575 2.29277992201
4437 2.32101886752 2.29447482424
4440 2.32389517712 2.29731823929
4443 2.35931779961 2.33233575537
4446 2.36911470899 2.34202062361
4449 2.33810128653 2.31136188229
4452 2.35639979084 2.32945111804
4455 2.34547509206 2.31865135822
4458 2.33870694746 2.31196061666
4461 2.33736188048 2.31063093237
4464 2.32553241485 2.29893675296
4467 2.26369117762 2.23780275534
4470 2.04869308595 2.02526346257
4473 2.09173885499 2.06781694403
4476 2.24313541003 2.21748207122
4479 2.2672335949 2.2413046602
4482 2.26505293318 2.23914893734
4485 2.30246724575 2.27613536579
4488 2.31609785866 2.28961009389
4491 2.2930142601 2.26679048803
4494 2.29307246163 2.26684802395
4497 2.28249653322 2.25639304582
4500 2.2740276755 2.24802104115
4503 2.25214425414 2.22638788681
4506 2.26612560818 2.24020934483
4509 2.25780490177 2.23198379715
4512 2.22591349621 2.20045711367
4515 2.2047707995 2.17955621278
4518 2.23848977205 2.2128895625
4521 2.25917804626 2.23334123784
4524 2.23878752841 2.2131839136
4527 2.23015453691 2.20464965223
4530 2.22786997565 2.20239121808
4533 2.21142303841 2.18613237419
4536 2.18218673967 2.15723043274
4539 2.12658482018 2.10226439768
4542 2.06674831701 2.04311220723
4545 2.1463788166 2.12183202252
4548 2.17706249198 2.15216478787
4551 2.16634479906 2.14156966651
4554 2.18116412869 2.15621951672
4557 2.17390384287 2.14904226226
4560 2.19302900372 2.16794870059
4563 2.17298100599 2.14812997928
4566 2.16660445946 2.14182635733
4569 2.15636033567 2.13169938919
4572 2.16844206706 2.14364294936
4575 2.15288539701 2.12826419124
4578 2.16632224251 2.14154736793
4581 2.14290380144 2.11839674894
4584 2.14229929413 2.11779915501
4587 2.13706157927 2.11262134061
4590 2.14707985318 2.12252504178
4593 2.12457438782 2.10027695738
4596 2.10835365349 2.08424172946
4599 2.13171375129 2.1073346724
4602 2.10913872576 2.08501782335
4605 2.12006772001 2.09582182951
4608 2.1067740305 2.08268017163
4611 2.09124255067 2.06732631564
4614 2.10696801274 2.08287193541
4617 2.09459647172 2.07064187999
4620 2.1108679957 2.08672731671
4623 2.10874482807 2.08462843042
4626 2.09723567103 2.07325089642
4629 2.07513099792 2.05139902065
4632 2.05079896874 2.02734526169
4635 2.06613423573 2.04250514881
4638 2.07241400705 2.04871310231
4641 2.03288830217 2.00963942823
4644 2.04083147755 2.01749176247
4647 1.91916823009 1.89721990159
4650 1.85691511349 1.83567873501
4653 1.96136477939 1.93893387531
4656 2.01200746464 1.9889973918
4659 2.03335771167 2.01010346939
4662 2.03536213231 2.01208496672
4665 2.01508511753 1.99203984749
4668 2.01061789983 1.98762371857
4671 2.0106760551 1.98768120876
4674 2.01475943057 1.99171788521
4677 2.00406482774 1.98114558988
4680 1.99360407714 1.97080447235
4683 1.90081541865 1.87907697979
4686 1.76553994738 1.74534856961
4689 1.9174873485 1.89555824319
4692 1.97839817749 1.95577247307
4695 1.98699994408 1.96427586663
4698 1.97804138111 1.95541975715
4701 1.97098950513 1.94844852907
4704 1.95637591694 1.93400206737
4707 1.95515281751 1.93279295576
4710 1.93016293265 1.90808886461
4713 1.86188107372 1.84058790266
4716 1.92741656444 1.9053739049
4719 1.93691803056 1.91476670868
4722 1.94177387199 1.91956701689
4725 1.9279194577 1.90587104688
4728 1.92217946587 1.90019669975
4731 1.93501681913 1.91288724022
4734 1.92360126924 1.90160224285
4737 1.92162748578 1.89965103231
4740 1.91583052172 1.89392036451
4743 1.90649003797 1.88468670204
4746 1.89839449206 1.87668373983
4749 1.90475668979 1.88297317708
4752 1.88323892091 1.86170149348
4755 1.88437399508 1.86282358652
4758 1.8788519228 1.85736466673
4761 1.85099676724 1.82982807319
4764 1.853497162 1.8322998725
4767 1.86503066368 1.84370147272
4770 1.86004201839 1.83876987945
4773 1.85082019177 1.82965351711
4776 1.84473110072 1.82363406318
4779 1.83900429188 1.81797274828
4782 1.8449472703 1.82384776057
4785 1.83961969635 1.81858111475
4788 1.83126353473 1.81032051734
4791 1.83411121692 1.81313563237
4794 1.83234493061 1.81138954597
4797 1.82432045395 1.80345684024
4800 1.82920516159 1.80828568452
4803 1.82921232876 1.80829276972
4806 1.81908280861 1.79827909457
4809 1.81634601228 1.79557359728
4812 1.80479031884 1.78415005908
4815 1.79712585565 1.77657324957
4818 1.80069792305 1.78010446546
4821 1.79619581141 1.77565384167
4824 1.79088267703 1.77040147029
4827 1.7914566163 1.77096884577
4830 1.78246072225 1.76207583214
4833 1.78920851647 1.76874645606
4836 1.78076420444 1.76039871635
4839 1.7698537426 1.74961303065
4842 1.76783610818 1.74761847066
4845 1.76599885324 1.74580222725
4848 1.73869415946 1.7188098002
4851 1.71159501244 1.6920205692
4854 1.65196233452 1.63306987298
4857 1.50365233184 1.48645599917
4860 1.25131991363 1.23700934925
4863 1.31239153698 1.29738253458
4866 1.5260303593 1.50857810311
4869 1.63896305718 1.62021926025
4872 1.67740652257 1.65822307174
4875 1.68808600609 1.66878042067
4878 1.69705035445 1.67764224938
4881 1.6968123928 1.67740700915
4884 1.69892188621 1.6794923776
4887 1.69357994464 1.67421152848
4890 1.69134512355 1.67200226564
4893 1.70066053354 1.68121114111
4896 1.69691681448 1.67751023662
4899 1.68245357581 1.66321240498
4902 1.68786538138 1.66856231911
4905 1.68561159621 1.66633430908
4908 1.69003843663 1.67071052249
4911 1.68743999127 1.66814179392
4914 1.68179453074 1.662560897
4917 1.65774744922 1.63878882694
4920 1.57183547595 1.55385937525
4923 1.55271463787 1.53495721025
4926 1.63247614647 1.61380653629
4929 1.66031003014 1.64132210122
4932 1.66810446111 1.64902739214
4935 1.66365997953 1.64463373933
4938 1.66394479972 1.6449153022
4941 1.65411790568 1.63520079222
4944 1.64227416776 1.62349250372
4947 1.64804965415 1.62920193949
4950 1.63653681202 1.61782076254
4953 1.6308213781 1.61217069247
4956 1.63479353302 1.61609742033
4959 1.62556597044 1.60697538762
4962 1.62281855401 1.60425939168
4965 1.60831977808 1.5899264292
4968 1.62280052229 1.60424156618
4971 1.61442613115 1.59596294772
4974 1.60718661754 1.58880622791
4977 1.60433710342 1.5859893019
4980 1.59881871912 1.58053402791
4983 1.5965279665 1.57826947321
4986 1.5967660297 1.57850481383
4989 1.5954688477 1.57722246689
4992 1.58366106061 1.56554971808
4995 1.57819004501 1.56014127107
4998 1.57250844806 1.554524651
5001 1.56703705882 1.54911583462
5004 1.56716245668 1.54923979838
5007 1.56705288739 1.54913148217
5010 1.54844532825 1.53073672606
5013 1.52560763604 1.50816021427
5016 1.46073369161 1.44402819263
5019 1.5208224803 1.50342978337
5022 1.53907291106 1.52147149536
5025 1.5338359248 1.51629440124
5028 1.52677611212 1.50931532722
5031 1.52777008092 1.51029792862
5034 1.52371100283 1.50628527168
5037 1.51226935087 1.49497447074
5040 1.50986253634 1.49259518145
5043 1.50160408413 1.48443117599
5046 1.48351233149 1.46654632743
5049 1.4835761707 1.46660943655
5052 1.50927959807 1.49201890987
5055 1.50541519832 1.48819870485
5058 1.49291827779 1.4758447038
5061 1.4903930027 1.4733483087
5064 1.49203624424 1.47497275752
5067 1.48677776358 1.46977441481
5070 1.48704732282 1.47004089127
5073 1.48136704462 1.46442557487
5076 1.48630338609 1.46930546248
5079 1.46848911159 1.45169491872
5082 1.47457560411 1.45771180383
5085 1.46852296452 1.45172838449
5088 1.46717105312 1.45039193406
5091 1.45781258254 1.44114049046
5094 1.45408553023 1.43745606212
5097 1.45408414424 1.43745469198
5100 1.45970812214 1.44301435195
5103 1.44752763968 1.43097317007
5106 1.44509400649 1.42856736883
5109 1.43295347243 1.41656567846
5112 1.43550856263 1.4190915477
5115 1.43310586522 1.41671632843
5118 1.43738496143 1.4209464873
5121 1.42315465365 1.40687892266
5124 1.41940700126 1.40317412983
5127 1.41846297226 1.4022408971
5130 1.41739882875 1.40118892353
5133 1.41721102094 1.40100326357
5136 1.42214468767 1.40588050703
5139 1.41726035143 1.40105202989
5142 1.41112241833 1.3949842925
5145 1.40313784919 1.38709103789
5148 1.40026486484 1.38425091007
5151 1.39042206041 1.37452067165
5154 1.38849461811 1.3726152723
5157 1.38919696534 1.37330958722
5160 1.37838285816 1.36261915423
5163 1.37738950802 1.36163716442
5166 1.38364629155 1.36782239302
5169 1.37272522375 1.35702622265
5172 1.37603467455 1.36029782534
5175 1.37658190337 1.36083879584
5178 1.37059429875 1.35491966771
5181 1.37229058352 1.35659655313
5184 1.35888656268 1.3433458257
5187 1.35446327521 1.33897312462
5190 1.35162507026 1.33616737844
5193 1.34656459751 1.33116477916
5196 1.34019090533 1.32486397892
5199 1.34433925122 1.32896488276
5202 1.3442774246 1.32890376322
5205 1.33904286304 1.32372906607
5208 1.33265579412 1.31741504207
5211 1.32648865401 1.31131843169
5214 1.32854471692 1.31335098069
5217 1.31260476405 1.29759332311
5220 1.31568751521 1.30064081876
5223 1.31994816872 1.30485274584
5226 1.31542729199 1.30038357156
5229 1.30410983392 1.28919554418
5232 1.30446162574 1.28954331278
5235 1.29559710525 1.28078017027
5238 1.29439100794 1.27958786635
5241 1.29295328179 1.27816658257
5244 1.28505590295 1.27035952113
5247 1.28738105771 1.27265808455
5250 1.27947378952 1.26484124684
5253 1.27839884169 1.26377859252
5256 1.27384755848 1.25927935949
5259 1.26640458654 1.25192150817
5262 1.27772694713 1.263114382
5265 1.26536290738 1.25089174205
5268 1.25364859652 1.23931140044
5271 1.25501936408 1.24066649139
5274 1.25890131424 1.24450404611
5277 1.25452952213 1.24018225145
5280 1.24850805712 1.23422965019
5283 1.25008363786 1.23578721199
5286 1.23658872977 1.22244663673
5289 1.2395906483 1.2254142242
5292 1.23900721082 1.22483745913
5295 1.23389276292 1.21978150197
5298 1.23263922472 1.21854229971
5301 1.22236849877 1.20838903364
5304 1.21550752326 1.20160652282
5307 1.2157679406 1.20186396193
5310 1.22024432428 1.206289152
5313 1.21440938943 1.20052094766
5316 1.20998557306 1.19614772372
5319 1.21602145183 1.20211457391
5322 1.20977312536 1.19593770565
5325 1.20405012216 1.19028015286
5328 1.20618483873 1.19239045601
5331 1.2045554457 1.19077969733
5334 1.20292570143 1.18916859143
5337 1.19556780251 1.18189484021
5340 1.18952332941 1.17591949396
5343 1.18619959235 1.17263376842
5346 1.1857761297 1.17221514864
5349 1.1878816432 1.1742965827
5352 1.17382885354 1.16040450602
5355 1.17098998146 1.15759810035
5358 1.16765500616 1.15430126507
5361 1.16384578163 1.15053560426
5364 1.16269217995 1.1493951956
5367 1.16186732949 1.14857977845
5370 1.1624325943 1.14913857868
5373 1.15661592379 1.14338842979
5376 1.15353087495 1.14033866273
5379 1.15478577487 1.14157921115
5382 1.15666499499 1.14343693979
5385 1.14297374498 1.12990226807
5388 1.14819529236 1.13506409986
5391 1.14602273048 1.13291638422
5394 1.13791217464 1.12489858375
5397 1.13860613154 1.12558460429
5400 1.13802151461 1.12500667326
5403 1.12818788159 1.11528550136
5406 1.10624970768 1.09359822065
5409 1.06314890086 1.05099033083
5412 1.0194352401 1.00777659591
5415 1.07456102871 1.0622719453
5418 1.09820328029 1.08564381522
5421 1.11239844233 1.09967663606
5424 1.10094324822 1.08835244785
5427 1.11113110856 1.09842379599
5430 1.10573992636 1.09309426938
5433 1.10174188507 1.08914195119
5436 1.08969846741 1.07723626658
5439 1.09459727994 1.08207905444
5442 1.09085751645 1.07838206029
5445 1.09335158119 1.08084760197
5448 1.08007708485 1.06772491776
5451 1.07586529635 1.06356129685
5454 1.07623947637 1.06393119761
5457 1.07639230578 1.0640822792
5460 1.07449824295 1.06220987758
5463 1.07418547037 1.061900682
5466 1.07494564232 1.06265216033
5469 1.07111190209 1.05886226419
5472 1.06857440696 1.05635378881
5475 1.07145360455 1.05920005882
5478 1.06255289869 1.05040114477
5481 1.06011006737 1.04798625058
5484 1.05671437372 1.04462939136
5487 1.037360749 1.02549710197
5490 1.04983529208 1.03782898148
5493 1.04892460946 1.03692871377
5496 1.04871430341 1.03672081286
5499 1.04938027079 1.03737916399
5502 1.04765312455 1.03567177004
5505 1.04156164761 1.02964995751
5508 1.02973735013 1.01796088715
5511 1.03714202869 1.02528088302
5514 1.04063524861 1.02873415317
5517 1.03529019248 1.02345022511
5520 1.03315877058 1.02134317895
5523 1.02868213279 1.01691773766
5526 1.02777875897 1.01602469516
5529 1.02240881717 1.01071616604
5532 1.01829855141 1.00665290682
5535 1.01060472254 0.999047067471
5538 1.01089691026 0.999335913623
5541 1.00955592869 0.998010268022
5544 1.00880731548 0.997270216229
5547 1.00425030415 0.992765320593
5550 1.01156867924 1.0
5553 1.01132089298 0.999755047513
5556 1.00483761579 0.993345915516
5559 1.0047501831 0.993259482737
5562 1.00350832148 0.992031823511
5565 1.0007591246 0.989314067481
5568 0.997386648283 0.985980160071
5571 0.994279988474 0.982909029189
5574 0.991148600842 0.979813453283
5577 0.989833116937 0.978513013745
5580 0.990639494479 0.979310169251
5583 0.986183737682 0.974905370162
5586 0.97906481449 0.967867861648
5589 0.970741957236 0.959640187715
5592 0.936781311463 0.926067928638
5595 0.96103425853 0.950043509896
5598 0.973666460781 0.96253124554
5601 0.968967094297 0.957885622775
5604 0.967339042752 0.956276190238
5607 0.966402856163 0.955350710231
5610 0.959943640364 0.948965364449
5613 0.963787113948 0.952764882626
5616 0.958154725462 0.94719690825
5619 0.957245023589 0.946297610068
5622 0.956287876368 0.945351409143
5625 0.950275718826 0.939408008892
5628 0.955895143611 0.944963167825
5631 0.945786068202 0.934969703599
5634 0.944792782827 0.933987777808
5637 0.939296033523 0.928553891393
5640 0.938840734228 0.928103799072
5643 0.931638080918 0.920983518009
5646 0.924340797362 0.913769688928
5649 0.932799657724 0.922131810587
5652 0.931650905209 0.920996195637
5655 0.928264088433 0.917648111769
5658 0.92466168608 0.914086907842
5661 0.917224227926 0.906734507252
5664 0.915309772699 0.904841946454
5667 0.91633878679 0.905859192354
5670 0.912331728543 0.90189796033
5673 0.909273625089 0.898874830495
5676 0.905884503691 0.895524468362
5679 0.904559075374 0.89421419814
5682 0.903143679686 0.892814989449
5685 0.90326823272 0.892938118047
5688 0.901005212609 0.890700978684
5691 0.897759497072 0.887492382369
5694 0.902059921992 0.891743626014
5697 0.895472771458 0.885231808608
5700 0.892647042492 0.882438395739
5703 0.885301922042 0.875177276845
5706 0.883156633181 0.873056522312
5709 0.886073703816 0.875940232232
5712 0.882605487705 0.872511679944
5715 0.875379252889 0.865368087062
5718 0.877998745937 0.867957622603
5721 0.870108493964 0.860157606515
5724 0.873455649207 0.863466482433
5727 0.874250044764 0.864251792985
5730 0.864422626207 0.854536764476
5733 0.865553261394 0.855654469295
5736 0.86407145213 0.854189606558
5739 0.855021161241 0.845242818194
5742 0.85395001739 0.844183924347
5745 0.854062392105 0.844295013902
5748 0.848195089531 0.838494812004
5751 0.853197273185 0.843439788806
5754 0.850604842987 0.840877006614
5757 0.84998473921 0.840263994576
5760 0.845899109957 0.836225090114
5763 0.845951751601 0.836277129728
5766 0.844046961151 0.834394123177
5769 0.840538901454 0.830926182968
5772 0.831706085878 0.822194382787
5775 0.831681848187 0.822170422288
5778 0.818288336863 0.808930084188
5781 0.789485534272 0.780456681262
5784 0.827788144608 0.818321248565
5787 0.826798674331 0.817343094242
5790 0.823901341484 0.814478896381
5793 0.82219595546 0.812793013792
5796 0.811965001847 0.802679065206
5799 0.809551142867 0.800292812023
5802 0.800960467578 0.791800382923
5805 0.816239134863 0.806904317632
5808 0.813161405595 0.803861786431
5811 0.800150689077 0.790999865353
5814 0.813602085939 0.804297426989
5817 0.820683582483 0.81129793688
5820 0.820344596783 0.810962827948
5823 0.827483827388 0.818020411631
5826 0.817589933035 0.808239667569
5829 0.816980982543 0.807637681263
5832 0.814817614784 0.805499054591
5835 0.811971601168 0.802685589055
5838 0.817431030698 0.808082582498
5841 0.807038915216 0.797809315151
5844 0.807877545621 0.798638354664
5847 0.808292174785 0.799048241973
5850 0.804434065429 0.795234255404
5853 0.805769662757 0.79655457834
5856 0.803357578724 0.794170079806
5859 0.80727403081 0.798041741875
5862 0.803342825963 0.794155495762
5865 0.798182799318 0.78905448112
5868 0.794227363461 0.785144281113
5871 0.773141008595 0.764299077718
5874 0.69925381597 0.691256886772
5877 0.70373886722 0.695690645291
5880 0.76293163773 0.754206465052
5883 0.77828578645 0.769385017962
5886 0.77890523003 0.769997377353
5889 0.665465076284 0.6578545678
5892 0.737640609547 0.729204674564
5895 0.681469572622 0.673676030708
5898 0.744243397035 0.735731950095
5901 0.765868889345 0.757110125155
5904 0.780013513261 0.771092985841
5907 0.780232849594 0.771309813761
5910 0.775220835802 0.76635511924
5913 0.773041674689 0.764200879832
5916 0.775965695938 0.767091460876
5919 0.762541886851 0.753821171511
5922 0.768252141754 0.759466121794
5925 0.754100262706 0.745476088949
5928 0.77188120494 0.763053681651
5931 0.764814225107 0.756067522453
5934 0.766751420968 0.757982563815
5937 0.76811010289 0.75932570734
5940 0.766161414769 0.757399305148
5943 0.749537557151 0.740965564208
5946 0.753003737434 0.744392103951
5949 0.75390546796 0.745283521949
5952 0.755458704134 0.746818994731
5955 0.75512225521 0.746486393563
5958 0.750875443912 0.742288150394
5961 0.754795206872 0.746163085472
5964 0.748637163135 0.740075467436
5967 0.742355655742 0.73386579772
5970 0.743183416709 0.734684092102
5973 0.744828531856 0.736310393094
5976 0.737530238492 0.729095565754
5979 0.741889734482 0.733405204911
5982 0.745451702707 0.73692643713
5985 0.744138254204 0.735628009717
5988 0.738239494456 0.7297967104
5991 0.735168907749 0.726761240076
5994 0.732447374574 0.724070831376
5997 0.731898059808 0.72352779878
6000 0.728339088453 0.720009529158
6003 0.724268225652 0.715985222273
6006 0.722703020337 0.714437917233
6009 0.717507902084 0.709302212303
6012 0.712168815951 0.704024185964
6015 0.716280057876 0.708088410182
6018 0.716525518502 0.708331063628
6021 0.716326892865 0.708134709549
6024 0.715259941854 0.70707996059
6027 0.711646568141 0.703507910775
6030 0.713752858043 0.705590112356
6033 0.708811347061 0.700705114349
6036 0.700772108075 0.692757815118
6039 0.699959132433 0.691954136971
6042 0.700140957472 0.69213388259
6045 0.700334394163 0.692325107067
6048 0.700410574189 0.69240041587
6051 0.702297717516 0.694265977117
6054 0.701363442108 0.693342386434
6057 0.699721173435 0.691718899362
6060 0.700801020306 0.692786396698
6063 0.699660963852 0.691659378358
6066 0.698079157588 0.690095662224
6069 0.698104120254 0.690120339408
6072 0.694416287369 0.686474681964
6075 0.695723244378 0.687766692122
6078 0.690250796411 0.682356829125
6081 0.696020618878 0.688060665735
6084 0.696953795417 0.688983170117
6087 0.693925741595 0.685989746256
6090 0.694180479373 0.686241570757
6093 0.692511910373 0.684592084139
6096 0.691785213816 0.683873698357
6099 0.695652294191 0.687696553348
6102 0.689170145652 0.681288537094
6105 0.690480692087 0.682584095628
6108 0.689669449366 0.681782130583
6111 0.689374980357 0.681491029232
6114 0.684755447457 0.676924327045
6117 0.682057094978 0.674256833938
6120 0.688803040039 0.680925629839
6123 0.682692135456 0.674884611855
6126 0.685595370312 0.677754644227
6129 0.682472672478 0.674667658738
6132 0.680107537065 0.672329571902
6135 0.681789425115 0.673992225249
6138 0.672794317934 0.66509998949
6141 0.668045964509 0.660405940018
6144 0.669134037964 0.661481569857
6147 0.666783433169 0.659157847461
6150 0.666666798947 0.659042547112
6153 0.658448567799 0.65091830274
6156 0.656661697143 0.649151867408
6159 0.658569687381 0.651038037154
6162 0.656527677446 0.649019380411
6165 0.653496798898 0.646023164128
6168 0.647015188783 0.63961568014
6171 0.640327614695 0.63300458766
6174 0.645725613553 0.638340852977
6177 0.648259230105 0.640845494139
6180 0.650071238967 0.642636780187
6183 0.648205853933 0.640792728396
6186 0.647216537653 0.639814726308
6189 0.647168839781 0.639767573928
6192 0.656895111135 0.64938261199
6195 0.651603319118 0.644151338894
6198 0.653495039258 0.646021424612
6201 0.644368806365 0.636999562745
6204 0.639183194475 0.63187325546
6207 0.651978399985 0.644522130195
6210 0.650202309365 0.642766351615
6213 0.649801036587 0.642369667943
6216 0.649094863856 0.641671571268
6219 0.647454031001 0.640049503594
6222 0.647810411467 0.640401808359
6225 0.644368704444 0.636999461989
6228 0.6446999766 0.637326945593
6231 0.642745988759 0.635395304291
6234 0.636409008759 0.629130796374
6237 0.638785634201 0.631480241834
6240 0.635895750669 0.628623408095
6243 0.635090514109 0.627827380523
6246 0.636886435266 0.629602762852
6249 0.633285621689 0.62604312953
6252 0.63067135835 0.623458763888
6255 0.630524881351 0.623313962056
6258 0.628272873531 0.621087709043
6261 0.631033514712 0.623816778495
6264 0.629373612288 0.622175859338
6267 0.626534167753 0.619368887757
6270 0.615288330947 0.608251662563
6273 0.622508915155 0.615389669459
6276 0.604129240313 0.59722019148
6279 0.566550173699 0.560070893182
6282 0.568022129028 0.561526014677
6285 0.573134827965 0.566580242869
6288 0.602064151108 0.595178719411
6291 0.605276958481 0.598354783912
6294 0.604986063855 0.598067216067
6297 0.605631126153 0.598704901189
6300 0.600509666155 0.593642012131
6303 0.599539223753 0.592682668073
6306 0.596696355191 0.589872311623
6309 0.593294710669 0.586509569585
6312 0.597572338488 0.590738276846
6315 0.598059906521 0.591220268868
6318 0.595974114864 0.589158331108
6321 0.602649936808 0.595757805845
6324 0.598610285781 0.591764353784
6327 0.601415693277 0.594537677587
6330 0.601627820223 0.594747378569
6333 0.596677281823 0.589853456385
6336 0.598666749782 0.591820172041
6339 0.596197471277 0.589379133133
6342 0.5932517771 0.58646712702
6345 0.592115412534 0.585343758346
6348 0.591428437672 0.584664639987
6351 0.590475714893 0.583722812903
6354 0.589380429299 0.582640053406
6357 0.593975660281 0.587182731602
6360 0.591953216221 0.585183416972
6363 0.586723705073 0.580013712476
6366 0.590279835123 0.583529173288
6369 0.586133099969 0.579429861754
6372 0.58806792302 0.581342557442
6375 0.585747479702 0.579048651585
6378 0.585266643647 0.578573314552
6381 0.584973347608 0.578283372756
6384 0.582592568746 0.575929821376
6387 0.583151181136 0.576482045264
6390 0.581353193625 0.574704620214
6393 0.581873503471 0.575218979601
6396 0.580903175465 0.57425974863
6399 0.577981767405 0.57137175089
6402 0.573794125304 0.567232000236
6405 0.572253975918 0.565709464577
6408 0.573363498615 0.566806298356
6411 0.577036959178 0.570437747844
6414 0.573473140564 0.566914686398
6417 0.573571704125 0.56701212275
6420 0.57482115374 0.568247283189
6423 0.573079657364 0.56652570322
6426 0.572746621086 0.56619647567
6429 0.571247154316 0.564714157365
6432 0.573871436813 0.567308427582
6435 0.570296761746 0.563774633841
6438 0.570679740646 0.56415323285
6441 0.567408204383 0.560919111105
6444 0.567411684985 0.560922551901
6447 0.565271745218 0.558807085289
6450 0.561829850333 0.555404553207
6453 0.562437619584 0.55600537178
6456 0.558011790374 0.551630158015
6459 0.562676081771 0.556241106824
6462 0.558357103165 0.551971521679
6465 0.559359974952 0.552962924248
6468 0.556659506318 0.550293339187
6471 0.559352768957 0.552955800663
6474 0.554850366366 0.548504889239
6477 0.55185983851 0.545548562182
6480 0.552178542334 0.545863621189
6483 0.552199935075 0.545884769276
6486 0.553963419495 0.547628085826
6489 0.551487365577 0.545180348989
6492 0.548367223192 0.542095889724
6495 0.547276411623 0.541017553086
6498 0.552566410946 0.546247053991
6501 0.550354854954 0.544060790184
6504 0.551305186319 0.545000253202
6507 0.551004813982 0.544703316036
6510 0.547481615377 0.541220410053
6513 0.544208619433 0.537984845319
6516 0.53768401771 0.531534861391
6519 0.537329002638 0.531183906405
6522 0.537668368696 0.531519391346
6525 0.532675941105 0.526584059031
6528 0.53127455275 0.525198697479
6531 0.536297478209 0.530164178877
6534 0.531832507684 0.525750271431
6537 0.536141045447 0.530009535139
6540 0.535265886259 0.5291443846
6543 0.530574357587 0.524506510012
6546 0.532186512628 0.526100227842
6549 0.520854892891 0.514898200763
6552 0.515822005337 0.509922871201
6555 0.496214153967 0.490539262582
6558 0.453457196671 0.448271289903
6561 0.397497069928 0.392951144183
6564 0.402931337474 0.398323263405
6567 0.459680996575 0.454423912095
6570 0.492039940529 0.486412787016
6573 0.513431378807 0.507559584774
6576 0.520382460035 0.514431170827
6579 0.520834564072 0.514878104432
6582 0.52593834035 0.519923512008
6585 0.524479666622 0.518481520221
6588 0.522741869381 0.516763597081
6591 0.52354961337 0.517562103407
6594 0.523917124635 0.517925411675
6597 0.522030542643 0.516060405343
6600 0.522404608391 0.516430193135
6603 0.522746090649 0.516767770074
6606 0.522181843307 0.516209975676
6609 0.521074803827 0.515115596715
6612 0.51502437502 0.509134362884
6615 0.511889298894 0.506035140665
6618 0.514288951367 0.508407349811
6621 0.519161474701 0.51322414914
6624 0.518007279375 0.512083153624
6627 0.516118041038 0.510215521327
6630 0.513987643925 0.508109488235
6633 0.51441571498 0.508532663709
6636 0.510684301055 0.504843923634
6639 0.512289584007 0.506430847967
6642 0.510720423571 0.504879633039
6645 0.509887587243 0.50405632134
6648 0.507351623807 0.501549360135
6651 0.505962539602 0.500176162019
6654 0.505875988938 0.50009060118
6657 0.50369640703 0.49793594579
6660 0.502451632024 0.496705406497
6663 0.502529266533 0.496782153149
6666 0.500856263512 0.495128283219
6669 0.497424281064 0.491735550211
6672 0.493797362361 0.488150110312
6675 0.482168518374 0.476654258151
6678 0.442204491662 0.437147275054
6681 0.470164612609 0.46478763356
6684 0.481863561858 0.476352789233
6687 0.489796552835 0.484195055546
6690 0.492600274819 0.486966713113
6693 0.493413371504 0.487770510919
6696 0.493350405902 0.487708265414
6699 0.490066850655 0.484462262138
6702 0.489448477271 0.483850960705
6705 0.49020938308 0.484603164509
6708 0.489117880299 0.483524144564
6711 0.490019666422 0.484415617523
6714 0.490516630061 0.484906897698
6717 0.490004775452 0.484400896851
6720 0.485841868012 0.480285597984
6723 0.487523673295 0.481948169509
6726 0.486399506468 0.480836859076
6729 0.485403911912 0.479852650514
6732 0.48451525545 0.478974157061
6735 0.483207899291 0.477681752318
6738 0.482794469358 0.477273050525
6741 0.480132570782 0.47464159442
6744 0.480592135887 0.475095903766
6747 0.48216634795 0.476652112549
6750 0.47889927186 0.473422399968
6753 0.47466225128 0.469233835546
6756 0.477143830203 0.471687034201
6759 0.476989436567 0.471534406269
6762 0.475831270007 0.470389484936
6765 0.475807680163 0.470366164875
6768 0.472714652889 0.467308510622
6771 0.471423551447 0.466032174701
6774 0.473152998041 0.467741842694
6777 0.469348472065 0.463980826706
6780 0.469164864191 0.46379931864
6783 0.467558944021 0.462211764376
6786 0.467718287586 0.462369285628
6789 0.468980487492 0.463617050542
6792 0.467442002518 0.46209616026
6795 0.465893054724 0.460564926814
6798 0.465416850075 0.460094168221
6801 0.462439829836 0.457151194303
6804 0.461466448257 0.456188944681
6807 0.46174329521 0.456462625508
6810 0.460718943802 0.455449988968
6813 0.462893503876 0.457599679956
6816 0.462012148817 0.456728404405
6819 0.462562641958 0.4572726019
6822 0.457685092956 0.45245083438
6825 0.458724101486 0.453477960418
6828 0.4567222758 0.451499028362
6831 0.457831206971 0.45259527738
6834 0.454550930515 0.449352515397
6837 0.453745684095 0.448556478078
6840 0.451905200707 0.446737043149
6843 0.448104724135 0.442980030254
6846 0.45118016726 0.446020301457
6849 0.45002841105 0.444881717163
6852 0.450426043106 0.44527480175
6855 0.447612755263 0.442493687722
6858 0.444702705195 0.43961691808
6861 0.445258583422 0.440166439075
6864 0.44583941027 0.440740623369
6867 0.440252928897 0.435218031095
6870 0.437762143373 0.432755731128
6873 0.438593177573 0.433577261309
6876 0.437486785549 0.432483522401
6879 0.442895136255 0.437830021177
6882 0.440733379488 0.435692987072
6885 0.433938575413 0.428975890928
6888 0.429935305565 0.425018403976
6891 0.425892502713 0.421021836136
6894 0.42946291427 0.424551415126
6897 0.431642112582 0.426705691307
6900 0.435175503271 0.430198672814
6903 0.434842761056 0.429869735964
6906 0.43610922604 0.431121717178
6909 0.433558759472 0.428600418704
6912 0.432045505992 0.427104471359
6915 0.435278698052 0.430300687421
6918 0.431495860633 0.426561111951
6921 0.431152804006 0.426221978648
6924 0.429892878618 0.424976462241
6927 0.429324393731 0.42441447876
6930 0.426603779944 0.421724978933
6933 0.425529445297 0.420662930781
6936 0.426909996109 0.422027693096
6939 0.429030122198 0.424123572627
6942 0.427406054148 0.422518078028
6945 0.426452083839 0.421575017683
6948 0.422587859544 0.417754986107
6951 0.426719914353 0.421839785185
6954 0.424371296583 0.41951802709
6957 0.424231798236 0.419380124099
6960 0.426318657074 0.421443116836
6963 0.424472682937 0.419618253952
6966 0.42303535284 0.418197361702
6969 0.422830949011 0.417995295512
6972 0.419479769624 0.41468244147
6975 0.421456493319 0.416636558611
6978 0.419278703588 0.414483674901
6981 0.419383558896 0.414587331044
6984 0.420418505691 0.4156104418
6987 0.4210008447 0.41618612096
6990 0.41877788465 0.413988583516
6993 0.41806516419 0.413284013995
6996 0.421553607495 0.416732562153
6999 0.419039703495 0.414247408103
7002 0.424533165233 0.41967804455
7005 0.419827973296 0.415026662954
7008 0.420827324517 0.41601458522
7011 0.417062358064 0.412292676337
7014 0.41857762804 0.413790617116
7017 0.417715744387 0.412938590288
7020 0.415484790775 0.4107331507
7023 0.41649922458 0.411735983059
7026 0.412716002633 0.407996027459
7029 0.414556356171 0.409815334023
7032 0.412499450004 0.407781951406
7035 0.412645738253 0.407926566649
7038 0.413194133378 0.408468690121
7041 0.415101652885 0.410354394518
7044 0.412555305813 0.407837168428
7047 0.411758832295 0.40704980368
7050 0.412037020344 0.407324810266
7053 0.410730891385 0.406033618688
7056 0.407182952959 0.402526255818
7059 0.402873543225 0.398266130112
7062 0.39112404749 0.386651006022
7065 0.360673952824 0.356549150072
7068 0.390092129959 0.385630889887
7071 0.400870635831 0.396286128719
7074 0.405761069411 0.401120633464
7077 0.407522251635 0.402861674147
7080 0.404921057119 0.400290227868
7083 0.406382246246 0.401734706288
7086 0.405514798169 0.400877178673
7089 0.404757296141 0.400128339723
7092 0.406234337562 0.401588489143
7095 0.403553023287 0.398937839385
7098 0.406106957729 0.401462566073
7101 0.402872315559 0.398264916486
7104 0.405053829329 0.400421481646
7107 0.401453806518 0.396862630047
7110 0.404041155287 0.399420388924
7113 0.404130485448 0.399508697471
7116 0.40355835908 0.398943114156
7119 0.399354452256 0.394787284789
7122 0.403424873028 0.3988111547
7125 0.401573790897 0.39698124224
7128 0.403567836122 0.398952482815
7131 0.398697569144 0.394137914038
7134 0.398627565656 0.394068711136
7137 0.398678300038 0.394118865302
7140 0.397910071059 0.393359422078
7143 0.400069513688 0.39549416851
7146 0.398893416495 0.394331521606
7149 0.397375503556 0.392830968089
7152 0.395243620577 0.390723466124
7155 0.395278937738 0.390758379385
7158 0.393938107437 0.389432883323
7161 0.394126669965 0.389619289379
7164 0.391567888515 0.387089771115
7167 0.391825519422 0.387344455658
7170 0.388231630584 0.383791667881
7173 0.384319513273 0.379924291013
7176 0.376829956544 0.372520387667
7179 0.379494957318 0.375154910491
7182 0.382990666151 0.378610641086
7185 0.384870896574 0.380469368488
7188 0.385313911174 0.380907316606
7191 0.384601160285 0.380202717004
7194 0.386280586447 0.381862936618
7197 0.386817303407 0.382393515482
7200 0.380564706968 0.376212426083
7203 0.383458759336 0.379073380982
7206 0.382060487795 0.377691100599
7209 0.383196651678 0.378814270886
7212 0.382418814174 0.378045329023
7215 0.382539246927 0.378164384462
7218 0.380537458618 0.376185489355
7221 0.380221957215 0.375873596145
7224 0.369747824736 0.365519249778
7227 0.375446665255 0.371152916217
7230 0.373482969199 0.369211677726
7233 0.374366060215 0.370084669382
7236 0.374320685276 0.370039813368
7239 0.373775338547 0.369500703428
7242 0.372337047613 0.368078861329
7245 0.373515445135 0.369243782255
7248 0.371161125364 0.366916387369
7251 0.372013768693 0.367759279548
7254 0.37079454181 0.366553996202
7257 0.369116955941 0.364895595835
7260 0.369509308764 0.365283461564
7263 0.368307037541 0.364094939967
7266 0.365110584817 0.360935043076
7269 0.365838705566 0.361654836763
7272 0.363752658877 0.359592646887
7275 0.360366556835 0.356245269579
7278 0.35858382193 0.3544829227
7281 0.345005730203 0.341060115129
7284 0.358527787752 0.35442752935
7287 0.362750228021 0.358601680207
7290 0.361690399429 0.357553972212
7293 0.358487787104 0.354387986164
7296 0.360423070626 0.356301137057
7299 0.361668616299 0.357532438202
7302 0.359009922779 0.3549041505
7305 0.359660236457 0.355547026947
7308 0.361235917214 0.357104687626
7311 0.357939247789 0.353845720151
7314 0.179251258188 0.177201273494
7317 0.000314362513397 0.000310767345656
7320 9.99978477907e-05 9.88542348558e-05
7323 9.99956942085e-05 9.88521059027e-05
7326 9.99956942085e-05 9.88521059027e-05
7329 9.99956942085e-05 9.88521059027e-05
7332 9.99956942085e-05 9.88521059027e-05
7335 9.99956942085e-05 9.88521059027e-05
7338 9.99956942085e-05 9.88521059027e-05
7341 9.99956942085e-05 9.88521059027e-05
7344 9.99956942085e-05 9.88521059027e-05
7347 9.99956942085e-05 9.88521059027e-05
7350 9.99956942085e-05 9.88521059027e-05
7353 9.99956942085e-05 9.88521059027e-05
7356 9.99956942085e-05 9.88521059027e-05
7359 9.99956942085e-05 9.88521059027e-05
7362 9.99956942085e-05 9.88521059027e-05
7365 9.99956942085e-05 9.88521059027e-05
7368 9.99956942085e-05 9.88521059027e-05
7371 9.99956942085e-05 9.88521059027e-05
7374 9.99956942085e-05 9.88521059027e-05
7377 9.99956942085e-05 9.88521059027e-05
7380 9.99956942085e-05 9.88521059027e-05
7383 9.99956942085e-05 9.88521059027e-05
7386 9.99956942085e-05 9.88521059027e-05
7389 9.99956942085e-05 9.88521059027e-05
7392 9.99956942085e-05 9.88521059027e-05
7395 9.99956942085e-05 9.88521059027e-05
7398 9.99956942085e-05 9.88521059027e-05
