Wave Flux FluxNorm
3600 0.617603736016 0.584877114709
3603 0.450383909544 0.426518212511
3606 0.402926081579 0.381575159431
3609 0.302346217172 0.286324989359
3612 0.454635166919 0.430544197139
3615 0.501072387237 0.474520724241
3618 0.319950472347 0.302996400773
3621 0.396178808337 0.375185422006
3624 0.503058870008 0.476401943935
3627 0.668052519078 0.632652633149
3630 0.478983485339 0.453602306077
3633 0.382203179391 0.361950357096
3636 0.479006283659 0.453623896322
3639 0.59370879737 0.562248361099
3642 0.573223976469 0.542849024202
3645 0.451865126075 0.42792093986
3648 0.360887715146 0.341764392376
3651 0.51259207859 0.485429990891
3654 0.634671522188 0.601040484438
3657 0.674036194182 0.638319235253
3660 0.70457686295 0.667241563906
3663 0.635477131205 0.601803404495
3666 0.642498485206 0.608452699229
3669 0.569445677633 0.539270936193
3672 0.689393017653 0.652862305638
3675 0.672594447504 0.636953886263
3678 0.53416058617 0.505855590262
3681 0.497305418332 0.470953365794
3684 0.591400906632 0.560062764742
3687 0.447627565859 0.423907926583
3690 0.614738828698 0.5821640179
3693 0.667586960886 0.632211744734
3696 0.630650002439 0.597232063714
3699 0.732568557851 0.693749987989
3702 0.680086707794 0.644049134115
3705 0.43173118715 0.408853891816
3708 0.423076349021 0.400657670748
3711 0.632430727825 0.59891842904
3714 0.804557737301 0.76192448421
3717 0.643216672601 0.609132830107
3720 0.300185521514 0.284278788262
3723 0.436726143412 0.413584166969
3726 0.625210480039 0.592080779838
3729 0.582229798407 0.551377630561
3732 0.461673835964 0.437209889398
3735 0.236813928272 0.224265235156
3738 0.36076824292 0.341651250945
3741 0.60464083567 0.572601114241
3744 0.379272858787 0.359175313229
3747 0.312343930943 0.295792927526
3750 0.321237497866 0.304215227227
3753 0.60770155196 0.575499644169
3756 0.685897933005 0.64955242439
3759 0.377751460322 0.357734533175
3762 0.523299769743 0.49557028497
3765 0.495375828039 0.469126023863
3768 0.50582164782 0.479018323048
3771 0.626884579354 0.593666169175
3774 0.710855531664 0.673187528005
3777 0.696859274922 0.65993292836
3780 0.759553429679 0.719304940226
3783 0.767201670575 0.726547903323
3786 0.616661142241 0.583984468673
3789 0.50061899496 0.474091357073
3792 0.609931516935 0.577611444025
3795 0.486422549029 0.4606471762
3798 0.43214120244 0.40924218053
3801 0.605256563882 0.573184215215
3804 0.731213865548 0.692467080391
3807 0.584955117304 0.553958535696
3810 0.732791830306 0.693961429309
3813 0.539952207676 0.511340315627
3816 0.386508374088 0.366027420925
3819 0.441999537619 0.418578125731
3822 0.417841669182 0.395700374893
3825 0.297636331278 0.281864678789
3828 0.298572332433 0.282751081546
3831 0.359221091567 0.340186082639
3834 0.295635783191 0.279970139095
3837 0.353092417716 0.334382165225
3840 0.28554342938 0.270412575833
3843 0.529013377883 0.50098113087
3846 0.563674745971 0.533805804325
3849 0.551323805319 0.522109336006
3852 0.582336323187 0.551478510628
3855 0.488148079966 0.462281271812
3858 0.400937365808 0.379691825062
3861 0.388811445683 0.368208453504
3864 0.59623581175 0.564641469808
3867 0.549347872241 0.52023810698
3870 0.47811715099 0.452781878504
3873 0.428449505908 0.405746105798
3876 0.608928391961 0.576661474318
3879 0.444673223874 0.421110134219
3882 0.474980183996 0.449811138371
3885 0.503731194927 0.477038642575
3888 0.419591789579 0.397357756978
3891 0.619205273006 0.586393786775
3894 0.631313320299 0.597860232576
3897 0.646924701627 0.61264437188
3900 0.571758723384 0.541461414402
3903 0.551037632155 0.521838327064
3906 0.485433274329 0.459710322844
3909 0.688354987629 0.651879280487
3912 0.733699547083 0.694821046469
3915 0.702994439369 0.665742992436
3918 0.627327515915 0.594085634671
3921 0.476979298828 0.451704320759
3924 0.540166571324 0.511543320215
3927 0.420994103195 0.398685762452
3930 0.266679830038 0.252548552491
3933 0.200263917296 0.189651997386
3936 0.235733204995 0.223241779054
3939 0.405782856939 0.384280555192
3942 0.46338571563 0.438831057117
3945 0.495942986998 0.469663129254
3948 0.58661614319 0.55553154436
3951 0.692497115991 0.655801918814
3954 0.688731307424 0.652235659219
3957 0.614203798791 0.581657339053
3960 0.615396082027 0.582786443588
3963 0.399489221041 0.378320417016
3966 0.293038153902 0.277510157338
3969 0.21369080433 0.202367398038
3972 0.354497721974 0.335713002866
3975 0.527765624018 0.499799495077
3978 0.676990265347 0.641116771147
3981 0.779943811351 0.738614842198
3984 0.73967577566 0.700480596636
3987 0.785927307154 0.744281274503
3990 0.823183620378 0.779563387795
3993 0.875911382976 0.829497123384
3996 0.805381311336 0.762704417324
3999 0.853880746601 0.808633883273
4002 0.923447147075 0.874513982788
4005 0.733574180043 0.694702322587
4008 0.874121758504 0.827802330531
4011 0.90892336387 0.860759810136
4014 0.923621567442 0.874679160677
4017 0.892518227226 0.845223976353
4020 0.954771435781 0.904178407613
4023 0.938336990709 0.888614818446
4026 0.935869670812 0.886278241029
4029 0.946818967613 0.89664733815
4032 0.717369692096 0.679356505192
4035 0.806733064411 0.763984541443
4038 1.01488589385 0.961107420083
4041 0.910099840444 0.861873945599
4044 0.756417877473 0.716335539913
4047 0.687097132328 0.65068807853
4050 0.956487576987 0.905803611054
4053 0.886423078773 0.839451807836
4056 0.842492367757 0.797848970924
4059 0.812784762243 0.769715561773
4062 0.775552099989 0.734455846195
4065 0.722972543641 0.684662463454
4068 0.852341195258 0.807175912255
4071 0.735567031354 0.696589573355
4074 0.884104043147 0.837255657155
4077 0.697743014507 0.660769838872
4080 0.888055907208 0.840998113223
4083 0.907158397741 0.859088368989
4086 0.904362576277 0.856440697196
4089 1.04070810535 0.985561320986
4092 0.950212818091 0.899861349594
4095 0.912180885168 0.863844716439
4098 0.840941935361 0.796380695436
4101 0.668712496762 0.63327763883
4104 0.814191638372 0.771047887994
4107 0.924226101569 0.875251660736
4110 0.895302716133 0.847860916097
4113 0.953431168857 0.902909160998
4116 1.00874409823 0.955291076211
4119 0.886682374334 0.839697363409
4122 0.937147466924 0.88748832714
4125 0.964546117726 0.913435132338
4128 0.889746406745 0.842599033738
4131 0.850155386112 0.805105928426
4134 0.787647406669 0.745910226504
4137 0.969382357126 0.918015100984
4140 1.01933769106 0.965323318002
4143 0.731506288496 0.692744007942
4146 0.912014961739 0.863687585239
4149 0.912511119164 0.864157451443
4152 0.92119172579 0.872378075544
4155 0.830088428558 0.786102312433
4158 0.894144827014 0.846764383146
4161 0.966642064527 0.915420015599
4164 1.01979173229 0.965753299739
4167 0.924970521704 0.875956634291
4170 0.966104360598 0.914910804426
4173 0.77609276715 0.734967863578
4176 0.861864787965 0.816194852879
4179 0.921076677113 0.872269123259
4182 0.856269425139 0.810895986511
4185 0.921946384158 0.87309274481
4188 0.766693230231 0.726066405067
4191 0.914946848949 0.866464112698
4194 0.997132387361 0.944294666133
4197 0.818963307805 0.775566708214
4200 0.78529368286 0.743681225755
4203 0.825431523348 0.781692175117
4206 0.966672710221 0.915449037388
4209 0.964836938148 0.91371054228
4212 1.00883474003 0.955376914932
4215 0.885328878325 0.838415588714
4218 0.927921450936 0.878751194741
4221 0.983449111512 0.931336462625
4224 0.789810550839 0.747958746367
4227 0.493489174465 0.46733934345
4230 0.939293284344 0.889520438392
4233 0.866649352922 0.820725885293
4236 0.767223730127 0.726568793946
4239 0.831348949983 0.787296039236
4242 0.942780412257 0.89282278453
4245 0.986991955069 0.934691572053
4248 0.819859892744 0.776415783407
4251 0.763978550985 0.723495575792
4254 0.796474372179 0.754269453979
4257 0.944967970501 0.894894424773
4260 0.690017156061 0.653453371154
4263 0.948557309535 0.898293565898
4266 0.984098666347 0.93195159776
4269 0.855911441821 0.810556972613
4272 0.600818123631 0.568980966471
4275 0.730835694981 0.692108948959
4278 0.967065670757 0.915821175073
4281 0.830252786149 0.786257960768
4284 0.886069519523 0.839116983576
4287 0.824750280121 0.781047030747
4290 0.675800262822 0.639989826469
4293 0.852217101194 0.807058393895
4296 0.80749831207 0.764709238877
4299 0.583134544444 0.5522344344
4302 0.614039597392 0.581501838633
4305 0.648418299032 0.614058824043
4308 0.493902703328 0.467730959553
4311 0.623645379942 0.590598613888
4314 0.818542457836 0.775168158947
4317 1.09092680943 1.03311895225
4320 1.03555766539 0.980683801159
4323 0.848376077366 0.803420904672
4326 0.626710447077 0.59350126411
4329 1.03058894438 0.975978371068
4332 1.02630600562 0.97192238384
4335 1.04715131834 0.991663110213
4338 0.77482356882 0.733765919655
4341 0.690053852346 0.653488122915
4344 0.906514164615 0.858478273567
4347 0.991990338057 0.93942509235
4350 1.01181753358 0.95820165122
4353 0.850990013325 0.805896329014
4356 0.987016775457 0.934715077217
4359 0.949283845354 0.89898160282
4362 1.06139403872 1.00515111346
4365 1.09781423924 1.03964141939
4368 0.9738169913 0.922214745333
4371 0.98651084987 0.934235960462
4374 0.876903153465 0.830436340277
4377 0.957066504087 0.906351860995
4380 0.968804735141 0.917468086999
4383 0.596501737115 0.564893303874
4386 0.828667160472 0.78475635688
4389 0.88708653183 0.840080104731
4392 0.938287045214 0.888567519547
4395 0.923108732857 0.87419350103
4398 1.05299370999 0.997195915422
4401 0.901700742045 0.853919912695
4404 0.75875919938 0.718552795933
4407 0.888132588081 0.841070730801
4410 1.02881223522 0.974295809148
4413 1.06949637499 1.01282410956
4416 0.873081891306 0.826817565559
4419 1.09316760974 1.03524101328
4422 0.998616446806 0.94570008575
4425 0.995386269684 0.942641074664
4428 1.03771698721 0.982728701223
4431 0.990805471007 0.938303011021
4434 0.919453372012 0.870731836568
4437 1.01441381944 0.960660360745
4440 1.07016500591 1.01345730996
4443 0.927338164104 0.878198816089
4446 1.09610942392 1.03802694169
4449 1.07259834415 1.01576170639
4452 1.05374681616 0.99790911474
4455 0.834510595537 0.79029015022
4458 0.906502607337 0.858467328706
4461 0.895100407767 0.847669327986
4464 1.03571474246 0.980832554773
4467 1.02150440748 0.967375220824
4470 0.993705282906 0.941049162829
4473 1.11781255958 1.05858003523
4476 1.0987240986 1.0405030656
4479 1.09708998164 1.03895553997
4482 0.943521530408 0.893524631071
4485 1.13468648247 1.07455981443
4488 1.08030758031 1.02306243264
4491 1.05235462667 0.996590696919
4494 1.03454480467 0.979724611605
4497 1.08182467259 1.02449913468
4500 1.12187761022 1.06242968016
4503 1.16564391289 1.10387682068
4506 1.19770078079 1.13423500556
4509 1.16481363606 1.10309053994
4512 1.1474485567 1.0866456305
4515 1.09704851473 1.03891627038
4518 1.09200169136 1.03413687653
4521 1.15643110319 1.09515219477
4524 1.08384548535 1.02641286523
4527 0.943727306699 0.893719503343
4530 0.943836719092 0.893823118008
4533 1.00001717325 0.947026588151
4536 0.986191236447 0.93393328325
4539 1.1161032004 1.05696125444
4542 1.09001185322 1.03225247928
4545 1.06412581851 1.00773813713
4548 1.03538717076 0.980522340993
4551 1.04713598577 0.99164859011
4554 1.00991079332 0.956395948514
4557 1.08338912105 1.02598068353
4560 1.14270193685 1.08215053249
4563 1.11247557506 1.05352585579
4566 1.04118963813 0.986017337502
4569 1.14023508027 1.07981439384
4572 1.06707732332 1.01053324266
4575 1.14486332084 1.08419738544
4578 1.12154075103 1.06211067103
4581 0.995778996888 0.943012991381
4584 1.04547222251 0.990072989119
4587 1.05477523805 0.998883040894
4590 1.12994838836 1.07007279039
4593 1.04871151084 0.993140628617
4596 1.04575317417 0.990339053245
4599 1.06666195894 1.0101398883
4602 1.05945882271 1.00331844393
4605 1.06290089387 1.00657812085
4608 1.1392057066 1.07883956635
4611 1.11419876174 1.05515773137
4614 1.10197265344 1.04357948058
4617 1.11916095365 1.05985697834
4620 1.11490377142 1.05582538281
4623 1.1245648286 1.06497450371
4626 1.11021421255 1.05138432215
4629 1.13001630636 1.07013710944
4632 1.13443733489 1.07432386911
4635 1.11183382889 1.05291811554
4638 1.04564923077 0.990240617775
4641 1.09708266852 1.03894861436
4644 1.08410480945 1.02665844783
4647 0.969142250104 0.917787717155
4650 1.06195469165 1.00568205758
4653 1.09971691702 1.04144327489
4656 1.05336169799 0.99754440386
4659 1.16608437892 1.10429394656
4662 1.11011956156 1.05129468668
4665 1.04659087641 0.991132365917
4668 0.901928910974 0.854135991027
4671 1.09948603764 1.04122462973
4674 1.07015627088 1.01344903779
4677 1.11441806613 1.05536541489
4680 1.01816008292 0.96420811094
4683 1.07544594273 1.01845841165
4686 1.09685430025 1.03873234725
4689 1.06523607954 1.00878956579
4692 1.05618590391 1.00021895603
4695 1.10119899996 1.04284682274
4698 1.04385791668 0.988544224834
4701 0.999381577034 0.946424671976
4704 0.970660068089 0.919225106458
4707 0.982927766138 0.930842743173
4710 1.0178517133 0.963916081724
4713 1.05501898287 0.999113869756
4716 1.08166836807 1.02435111269
4719 1.13789301946 1.07759643807
4722 1.12271879827 1.06322629393
4725 1.14207302892 1.08155495019
4728 1.00599372118 0.952686440751
4731 1.02057128671 0.966491545819
4734 1.08227440391 1.02492503489
4737 1.02579950555 0.971442723044
4740 1.07338760647 1.01650914596
4743 1.12106824195 1.06166320006
4746 1.1164081565 1.05725005102
4749 1.1200487717 1.06069775121
4752 1.08446549961 1.02700002513
4755 1.02686454815 0.972451329379
4758 1.07795989395 1.02083914941
4761 1.07758530351 1.0204844084
4764 1.00822144837 0.9547961214
4767 1.01853406793 0.964562278601
4770 1.10784419135 1.0491398876
4773 1.08907013837 1.03136066558
4776 1.13083076072 1.07090840613
4779 1.13725978435 1.07699675788
4782 1.10448424331 1.04595798212
4785 1.0758155967 1.01880847778
4788 1.04820906722 0.992664809317
4791 1.07415562513 1.01723646756
4794 1.14552534221 1.08482432651
4797 1.13295323681 1.0729184129
4800 1.05769106086 1.0016443552
4803 1.12393334697 1.06437648409
4806 1.08137140667 1.02406988718
4809 1.07222110723 1.01540445913
4812 1.10716282502 1.04849462665
4815 1.12564508004 1.06599751298
4818 1.13845608836 1.07812967013
4821 1.12928382537 1.06944344238
4824 1.03741364577 0.98244143375
4827 1.12120220995 1.06179006914
4830 1.0772677653 1.02018369643
4833 1.08341018947 1.02600063554
4836 1.10475492618 1.04621432159
4839 1.05257142946 0.996796011404
4842 1.0561099318 1.00014700965
4845 1.09848364247 1.04027535116
4848 1.07534000216 1.01835808483
4851 1.09744660827 1.03929326907
4854 1.03939444883 0.984317274698
4857 0.981670738593 0.929652325109
4860 0.779155886744 0.737868669461
4863 0.818059927843 0.774711198062
4866 1.00614097768 0.952825894178
4869 1.02387459521 0.96961981308
4872 0.840892185142 0.796333581465
4875 1.03095897673 0.976328795521
4878 1.02152438434 0.967394139121
4881 1.0825327687 1.02516970901
4884 1.05969319605 1.00354039789
4887 0.983292646433 0.931188288579
4890 0.909753856998 0.861546295704
4893 1.01928664154 0.965274973576
4896 1.15353285888 1.09240752748
4899 1.12232056412 1.06284916208
4902 1.09837252548 1.04017012222
4905 1.0939633618 1.03599459869
4908 1.09320667091 1.03527800461
4911 0.998532056386 0.945620167151
4914 1.10564554451 1.04705774634
4917 1.06599512077 1.00950838567
4920 0.795002932535 0.752875985444
4923 1.00862735033 0.955180514745
4926 1.07405198934 1.0171383234
4929 1.12830600992 1.06851744105
4932 1.10947253874 1.05068194939
4935 1.03526247956 0.980404257139
4938 0.962279584786 0.911288702242
4941 1.08363381805 1.02621241411
4944 1.1427775643 1.08222215246
4947 1.09937676242 1.04112114498
4950 1.13247774273 1.0724681151
4953 1.11431781305 1.05527047418
4956 1.02326095971 0.969038693926
4959 0.99973868344 0.946762855429
4962 1.136216644 1.07600889321
4965 1.08584604527 1.02830741614
4968 1.05596643427 1.00001111601
4971 1.07570616737 1.01870484707
4974 1.13191243823 1.0719327659
4977 1.10592877908 1.0473259724
4980 1.04676697135 0.991299129641
4983 0.889959331754 0.842800675921
4986 1.00056956483 0.94754970868
4989 1.09356471783 1.03561707874
4992 1.06287718037 1.00655566392
4995 1.08474417392 1.02726393259
4998 1.08137521872 1.02407349723
5001 0.99249381396 0.939901889229
5004 1.01355985427 0.959851646911
5007 0.919440070361 0.870719239768
5010 1.06923104084 1.01257283539
5013 0.938079887809 0.888371339345
5016 0.980209384979 0.928268408148
5019 0.971261395536 0.919794569759
5022 0.991440028247 0.938903943278
5025 1.03899848292 0.983942290894
5028 0.992036381152 0.939468695637
5031 1.08002470911 1.02279455069
5034 1.10390802449 1.04541229695
5037 0.998344737731 0.94544277445
5040 0.916745688062 0.868167631911
5043 0.989373653033 0.936947064616
5046 1.1192441922 1.05993580611
5049 0.981746668969 0.92972423196
5052 1.00874002455 0.955287218398
5055 1.0941177241 1.03614078139
5058 1.09453520118 1.0365361365
5061 1.12229975306 1.06282945379
5064 1.04729313606 0.991797413056
5067 1.02409273031 0.969826389264
5070 1.06540067545 1.00894543982
5073 1.01619917972 0.962351115362
5076 1.03792632706 0.982926948221
5079 0.94741854059 0.897215139949
5082 0.985443440421 0.933225112693
5085 1.04888673883 0.99330657133
5088 1.06406352469 1.00767914424
5091 1.06955895684 1.01288337522
5094 1.11215590519 1.05322312512
5097 1.0061930778 0.952875233526
5100 0.975648909766 0.923949591035
5103 1.0794519671 1.02225215809
5106 1.03893612894 0.983883241024
5109 1.00264513598 0.949515295997
5112 1.06759647851 1.01102488799
5115 1.07280189436 1.01595447054
5118 1.11378211934 1.05476316671
5121 1.0556232865 0.999686151533
5124 0.972568897263 0.921032787394
5127 1.00021699975 0.947215825909
5130 1.0084370035 0.955000254336
5133 1.01461501101 0.960850891231
5136 1.04373641272 0.988429159334
5139 0.9169296673 0.868341862149
5142 0.953631254819 0.90309864447
5145 1.01801389524 0.964069669691
5148 0.977515228394 0.925717014046
5151 0.998650589104 0.945732418858
5154 1.00850345261 0.955063182324
5157 1.05915909431 1.00303459804
5160 1.06537255006 1.00891880479
5163 0.98785396395 0.935507903364
5166 0.792397275069 0.75040840092
5169 0.755225937357 0.715206760317
5172 0.642328434443 0.608291659401
5175 0.930708302351 0.881390371805
5178 1.03344122659 0.978679511766
5181 0.925834006492 0.8767743633
5184 0.587806068322 0.556658415745
5187 0.979707799872 0.927793401873
5190 1.00310538062 0.949951152415
5193 0.896454290734 0.848951469135
5196 0.95219083793 0.901734554804
5199 1.03645798072 0.981536409076
5202 1.02738300676 0.972942315041
5205 0.900851467002 0.853115640461
5208 0.881222058887 0.834526388304
5211 1.03116832195 0.976527047603
5214 1.04780403627 0.992281240833
5217 0.957707601616 0.906958986974
5220 1.07990230785 1.02267863543
5223 1.05320031128 0.997391568984
5226 0.865522393837 0.819658643404
5229 0.980984494165 0.929002444551
5232 0.977635921204 0.925831311383
5235 0.993457391385 0.940814406999
5238 1.09367925124 1.03572554307
5241 1.08941717358 1.03168931151
5244 1.0723465213 1.01552322755
5247 1.04030507008 0.985179642425
5250 1.01115501231 0.957574236738
5253 1.04281956456 0.987560894655
5256 1.0420170627 0.986800917107
5259 1.11112449618 1.05224637014
5262 0.950854090714 0.900468641389
5265 0.83122444489 0.787178131628
5268 0.88003526981 0.833402486795
5271 0.84126606989 0.796687654182
5274 0.96299633755 0.91196747451
5277 1.0360049875 0.981107419822
5280 1.05165461878 0.995927782222
5283 0.944341007071 0.894300683932
5286 1.08757178177 1.02994170642
5289 1.10363180047 1.04515070994
5292 1.11023743571 1.05140631472
5295 1.07281838594 1.01597008823
5298 0.926478237629 0.877384456838
5301 1.02617378805 0.971797172432
5304 1.0887998028 1.03110465501
5307 1.06790042731 1.01131273063
5310 1.12237429811 1.06290004872
5313 1.10157502227 1.04320291975
5316 1.05445210527 0.998577030817
5319 1.08261006125 1.02524290585
5322 1.04715039858 0.991662239192
5325 0.95148891907 0.901069830396
5328 0.801061302264 0.758613324129
5331 1.03811844731 0.983108888081
5334 1.06613382507 1.00963974007
5337 1.07634595236 1.01931073006
5340 0.950759384341 0.900378953475
5343 1.05309993567 0.997296512242
5346 1.03243848217 0.977729902445
5349 1.00005478307 0.947062205039
5352 1.07758083035 1.02048017227
5355 1.10582451938 1.04722723739
5358 1.11864093402 1.05936451439
5361 1.08850344194 1.03082399822
5364 1.02506344904 0.97074566993
5367 1.00340524202 0.950235124258
5370 0.914566875067 0.866104273509
5373 1.00892674679 0.955464046291
5376 1.09304868629 1.03512839155
5379 1.07195019975 1.01514790696
5382 1.03377993539 0.979000272497
5385 1.06415599343 1.00776671309
5388 1.06076974222 1.00455989824
5391 1.00604811882 0.952737955882
5394 0.992144631127 0.939571209481
5397 0.934442705434 0.884926890082
5400 1.00325994817 0.950097529484
5403 0.997228476531 0.944385663568
5406 0.876173238081 0.829745102872
5409 0.976307580756 0.924573359264
5412 1.00929807965 0.95581570234
5415 0.987400903338 0.935078850286
5418 1.06257773518 1.00627208623
5421 1.0212205519 0.967106406662
5424 0.950104650402 0.899758913675
5427 1.07317804667 1.01631069066
5430 0.925073567203 0.876054219443
5433 0.985145360311 0.932942827751
5436 0.971648855555 0.920161498397
5439 1.08553736282 1.02801509067
5442 1.08142865321 1.02412410025
5445 0.987570304147 0.935239274602
5448 0.982086250434 0.930045819113
5451 1.08373785212 1.02631093545
5454 1.01786466756 0.963928349541
5457 1.00956807346 0.956071389264
5460 1.07411555461 1.01719852036
5463 0.958399823563 0.907614528306
5466 1.03420601499 0.979403774279
5469 1.05627474513 1.00030308958
5472 1.03915610791 0.984091563379
5475 0.994201366342 0.941518958965
5478 0.96233312382 0.91133940426
5481 0.978348335561 0.926505975135
5484 1.04137285684 0.986190847508
5487 1.01047155203 0.9569269928
5490 1.03963293711 0.984543125562
5493 1.03103886634 0.976404451811
5496 1.03381090745 0.979029603355
5499 1.04312736021 0.987852380316
5502 0.999916919764 0.946931647068
5505 1.02421392026 0.969941157402
5508 1.02228544361 0.968114870104
5511 1.0206825983 0.966596959047
5514 0.986807710805 0.934517090832
5517 1.03719747505 0.982236717844
5520 1.05745177281 1.00141774694
5523 1.04630443359 0.990861101612
5526 1.01173948885 0.958127742064
5529 0.938139828913 0.888428104189
5532 1.03797736624 0.982975282852
5535 1.00301180013 0.949862530728
5538 1.02691691866 0.9725009248
5541 1.0502214663 0.994570572024
5544 1.00732517084 0.953947337324
5547 1.02872434114 0.974212572542
5550 1.05595469627 1.0
5553 1.02525760316 0.970929535883
5556 1.02535321096 0.971020077456
5559 1.02534139486 0.97100888749
5562 1.00250535446 0.949382921453
5565 0.985007657592 0.932812421854
5568 0.985263934726 0.933055118947
5571 0.981894638871 0.929864360984
5574 0.967376569078 0.916115598993
5577 0.999216197518 0.946268055866
5580 1.02549820326 0.971157386666
5583 1.00805978062 0.954643020372
5586 0.914383432795 0.865930551783
5589 0.882526208546 0.835761431496
5592 0.977482485034 0.925686005745
5595 0.952552169594 0.90207673962
5598 0.963806556524 0.912734760244
5601 0.936147353835 0.886541209718
5604 0.980049355603 0.928116858677
5607 1.04727020374 0.991775695909
5610 1.04472477929 0.989365152679
5613 1.02905081102 0.974521742891
5616 0.861439238606 0.815791853242
5619 0.989105918794 0.936693517527
5622 1.0208312303 0.966737715081
5625 0.933715869235 0.884238568697
5628 1.01210063268 0.958469748999
5631 1.03705757188 0.982104228093
5634 1.0017285374 0.948647267673
5637 0.967802457654 0.916518919871
5640 0.9922880948 0.93970707106
5643 0.984477020358 0.932309902915
5646 1.00683114702 0.953479491666
5649 0.999110701216 0.946168149779
5652 1.00420251952 0.950990154286
5655 0.950761578997 0.900381031838
5658 0.915621343309 0.867102865821
5661 0.963991263851 0.912909679989
5664 0.976962192265 0.925193283122
5667 0.983802971872 0.931671572039
5670 1.00245753528 0.949337636195
5673 1.0270602733 0.972636683123
5676 1.0005912664 0.947570260299
5679 0.998092713113 0.945204104535
5682 0.96159217333 0.910637716496
5685 0.971477060215 0.919998806437
5688 0.94397009848 0.893949429666
5691 0.987027406052 0.9347251445
5694 0.985222200217 0.933015595936
5697 0.999600637409 0.946632124412
5700 0.97481462325 0.92315951309
5703 0.969307890088 0.917944579929
5706 0.935158464198 0.885604721022
5709 0.88403076236 0.837186259493
5712 0.909222874323 0.861043449628
5715 0.975488623799 0.92379779857
5718 0.986384006881 0.934115838842
5721 1.00292868342 0.949783818346
5724 1.0134596824 0.959756783108
5727 0.995111483768 0.942380849564
5730 1.00612288157 0.952808756974
5733 0.994653801624 0.941947419848
5736 1.00705666556 0.953693060057
5739 0.997989531265 0.94510639026
5742 0.988768371823 0.936373857061
5745 1.00441147341 0.951188035773
5748 0.967222441133 0.915969638237
5751 0.989179094164 0.936762815358
5754 0.923233258585 0.87431142818
5757 0.992738771569 0.940133866614
5760 0.973986902463 0.922375652959
5763 0.931874674731 0.882494938492
5766 1.00847963797 0.955040629614
5769 1.00620926936 0.952890567104
5772 0.97936627169 0.927469971158
5775 0.972397032304 0.920870029503
5778 0.992127531868 0.939555016306
5781 0.924540753245 0.875549639123
5784 0.927014162993 0.877891983691
5787 0.961008767407 0.910085225063
5790 0.967663601571 0.916387421727
5793 0.976176027838 0.924448777292
5796 0.997982135439 0.945099386336
5799 0.985604857571 0.933377976401
5802 1.00894997163 0.955486040455
5805 0.964854441093 0.91372711775
5808 0.981277442248 0.92927986941
5811 0.999516057145 0.946552026029
5814 0.997611642362 0.944748525567
5817 0.974812335916 0.923157346961
5820 1.01442232872 0.960668419119
5823 1.00848224735 0.95504310073
5826 1.01089740922 0.957330283956
5829 1.00824814909 0.954821407259
5832 1.00603734849 0.952727756267
5835 0.995458740655 0.942709705422
5838 0.995187380882 0.942452724914
5841 1.01323194453 0.959541112995
5844 1.01159927088 0.957994954195
5847 0.990036020145 0.93757433311
5850 0.99879480791 0.945868995557
5853 0.964364953105 0.913263567571
5856 0.951873309761 0.901433852349
5859 0.931598225431 0.882233138151
5862 0.966019917592 0.914830836027
5865 0.989969350525 0.937511196291
5868 0.981592116362 0.929577869044
5871 1.00157542557 0.948502269189
5874 0.993205573642 0.940575932997
5877 0.983698419187 0.931572559567
5880 0.970076830679 0.918672774609
5883 0.955671362902 0.905030647889
5886 0.946788905621 0.896618869133
5889 0.745404287167 0.705905556179
5892 0.829272644909 0.785329756894
5895 0.789938652727 0.748080060178
5898 0.874688909794 0.828339428659
5901 0.93719149037 0.887530017797
5904 0.96640873654 0.915199051586
5907 0.956895787279 0.906190190415
5910 0.957413879638 0.906680829229
5913 0.950099713202 0.899754238096
5916 0.935906181958 0.886312817461
5919 0.942030185684 0.892112312219
5922 0.959931072735 0.909064637082
5925 0.961879292763 0.910909621563
5928 0.957306392291 0.906579037601
5931 0.941115079193 0.891245696924
5934 0.945210161558 0.895123782205
5937 0.978508011866 0.926657190244
5940 0.961354431147 0.910412572194
5943 0.933677235838 0.884201982472
5946 0.943282603712 0.893298365023
5949 0.912769716148 0.864402345457
5952 0.943997459459 0.893975340796
5955 0.961206696201 0.910272665674
5958 0.936270518096 0.886657847545
5961 0.973643287961 0.922050246478
5964 0.974542889665 0.92290217858
5967 0.95155546512 0.901132850193
5970 0.966015797172 0.914826933947
5973 0.975192975745 0.92351781681
5976 0.920133045532 0.871375494409
5979 0.955062932617 0.904454458127
5982 0.961213949188 0.910279534328
5985 0.909023106845 0.860854267763
5988 0.942119506176 0.892196899647
5991 0.952822500036 0.90233274534
5994 0.967422528986 0.916159123499
5997 0.937118031778 0.887460451753
6000 0.955157770689 0.90454427076
6003 0.91942476682 0.870704747156
6006 0.944189852957 0.894157539425
6009 0.914873399329 0.86639455515
6012 0.946448352887 0.896296362178
6015 0.931817952279 0.882441221744
6018 0.932675922154 0.883253728074
6021 0.89208237866 0.844811223261
6024 0.907086350277 0.859020139297
6027 0.934232643185 0.884727958963
6030 0.953844401732 0.903300496798
6033 0.959610297211 0.908760859348
6036 0.956719164117 0.906022926458
6039 0.957039238221 0.906326039939
6042 0.940464296978 0.890629399447
6045 0.961841387784 0.910873725157
6048 0.963537562153 0.912480019797
6051 0.964899635422 0.913769917246
6054 0.944444936894 0.894399106547
6057 0.935873444679 0.886281814919
6060 0.958675070053 0.907875189573
6063 0.940483435691 0.890647524005
6066 0.912831242771 0.864460611804
6069 0.965628845317 0.914460486546
6072 0.964551346016 0.913440083583
6075 0.961048914039 0.910123244338
6078 0.917018996661 0.868426457976
6081 0.945039894813 0.894962537839
6084 0.933703852281 0.884227188518
6087 0.934465234089 0.884948224951
6090 0.916233294179 0.867682389613
6093 0.925661565388 0.876611059794
6096 0.938135369436 0.888423881019
6099 0.943182637761 0.893203696235
6102 0.851701603969 0.8065702127
6105 0.930100414727 0.880814695949
6108 0.931431073661 0.882074843699
6111 0.938703405041 0.888961816602
6114 0.947710806359 0.89749191865
6117 0.929808105959 0.880537876528
6120 0.923771101992 0.874820771439
6123 0.86550230515 0.81963961921
6126 0.932120424142 0.882727665722
6129 0.924365587624 0.875383755471
6132 0.930745667624 0.881425757104
6135 0.909308456887 0.861124497199
6138 0.830170391472 0.786179932158
6141 0.898487223366 0.850876677327
6144 0.929639693495 0.880378388186
6147 0.929217717324 0.879978772395
6150 0.928915843564 0.879692894827
6153 0.929739926307 0.880473309693
6156 0.903628067726 0.855745110015
6159 0.919136716086 0.870431960137
6162 0.767827765958 0.727140822114
6165 0.884625282695 0.837749276388
6168 0.887160809468 0.840150446421
6171 0.880440085935 0.833785851845
6174 0.919234631743 0.870524687275
6177 0.908013413203 0.859898077459
6180 0.926404758093 0.87731487096
6183 0.942731197383 0.892776177536
6186 0.923484787834 0.874549628975
6189 0.918240860238 0.869583575399
6192 0.870739561316 0.824599354873
6195 0.931065559544 0.881728698056
6198 0.941474105617 0.891585698654
6201 0.91767880777 0.869051305909
6204 0.93090809864 0.881579580954
6207 0.935617679518 0.886039602671
6210 0.937480477052 0.887803691169
6213 0.898536432086 0.850923278493
6216 0.887818017475 0.84077282919
6219 0.889960595697 0.842801872887
6222 0.915694904534 0.867172529061
6225 0.918578800053 0.869903607893
6228 0.914953797809 0.86647069334
6231 0.839465596986 0.794982587752
6234 0.91478697362 0.866312709111
6237 0.90648066212 0.858446546359
6240 0.89628577259 0.848791880712
6243 0.883840276864 0.837005867761
6246 0.85392408145 0.808674921822
6249 0.915456802193 0.866947043685
6252 0.871905935363 0.825703923139
6255 0.859666375176 0.814112933269
6258 0.8612574985 0.815619743485
6261 0.899861015203 0.85217767238
6264 0.904557989197 0.856625755249
6267 0.916685120026 0.868110273356
6270 0.899123078885 0.851478839068
6273 0.915561704254 0.86704638702
6276 0.890315692876 0.843138153583
6279 0.827286517208 0.783448873454
6282 0.866457009955 0.820543734517
6285 0.903661155309 0.855776444298
6288 0.907008180074 0.858946111308
6291 0.875828075038 0.829418229906
6294 0.890023661219 0.842861596588
6297 0.871705675401 0.825514274887
6300 0.864520195948 0.818709551655
6303 0.84112798729 0.796556888534
6306 0.900186563907 0.852485970365
6309 0.899071508752 0.85143000162
6312 0.887352332693 0.840331820893
6315 0.840313912788 0.795785951575
6318 0.833782027242 0.789600188522
6321 0.882253415709 0.835503093863
6324 0.892721174838 0.845416169837
6327 0.901151486982 0.853399762479
6330 0.893901017511 0.84653349303
6333 0.910821575553 0.862557436199
6336 0.841955652469 0.797340696004
6339 0.874119785175 0.827800461768
6342 0.891341985895 0.844110063668
6345 0.88039465009 0.833742823631
6348 0.904764384534 0.856821213764
6351 0.909711226768 0.861505924436
6354 0.89385583943 0.846490708921
6357 0.893225959798 0.845894206406
6360 0.867780562604 0.821797152542
6363 0.855676856077 0.810334817491
6366 0.893968656285 0.846597547647
6369 0.905877679936 0.857875516004
6372 0.899504238539 0.851839801196
6375 0.911096707019 0.862817988538
6378 0.905545487626 0.857560926457
6381 0.897502895088 0.849944508284
6384 0.904443353246 0.856517193819
6387 0.910336432082 0.862098000322
6390 0.913967687385 0.865536836587
6393 0.84652383434 0.801666811402
6396 0.901452937793 0.85368523951
6399 0.842832226026 0.798170820213
6402 0.881898305282 0.835166800622
6405 0.90453123301 0.856600416864
6408 0.851533577143 0.806411089562
6411 0.850042131525 0.804998675163
6414 0.882325043511 0.835570926131
6417 0.887782743338 0.840739424218
6420 0.843608541795 0.798905999262
6423 0.893090664714 0.845766080564
6426 0.904002051227 0.856099276252
6429 0.8879431584 0.840891338938
6432 0.858489404424 0.812998329815
6435 0.894098533897 0.846720543087
6438 0.852545295086 0.8073691969
6441 0.882039597519 0.83530060583
6444 0.905589351568 0.857602466063
6447 0.899451664608 0.85179001314
6450 0.826684492696 0.782878750025
6453 0.890456079098 0.843271100784
6456 0.852170313832 0.80701408578
6459 0.887961804192 0.840908996695
6462 0.817604953155 0.774280332335
6465 0.872503719121 0.82627003053
6468 0.872983190069 0.826724094468
6471 0.84597849589 0.80115037026
6474 0.856349554011 0.81097186938
6477 0.858208991458 0.81273277584
6480 0.868783362171 0.822746814086
6483 0.835633071873 0.791353146899
6486 0.874753157391 0.828400271797
6489 0.876600636348 0.830149853444
6492 0.835047267719 0.790798384317
6495 0.729426322716 0.690774258873
6498 0.81371227417 0.770593925145
6501 0.860113708254 0.814536562312
6504 0.877108181493 0.830630503937
6507 0.882904595991 0.836119768314
6510 0.877405914458 0.830912460128
6513 0.871554849272 0.825371440985
6516 0.819930478255 0.776482628616
6519 0.834023514804 0.789828879737
6522 0.874045121791 0.827729754773
6525 0.863997401592 0.818214460003
6528 0.85827297871 0.812793372429
6531 0.870906868142 0.824757796165
6534 0.848225844872 0.803278632949
6537 0.871925620737 0.825722565391
6540 0.87291615753 0.826660613961
6543 0.854032513587 0.808777608175
6546 0.822336260503 0.778760929243
6549 0.84354124383 0.798842267394
6552 0.838591138626 0.794154466656
6555 0.80948582584 0.766591434938
6558 0.798097242063 0.755806328515
6561 0.669704212942 0.634216804291
6564 0.605458509094 0.573375459416
6567 0.803274269829 0.760709027262
6570 0.810272221322 0.767336159579
6573 0.813310724492 0.770213653453
6576 0.831675186813 0.787604988883
6579 0.859366811887 0.813829243742
6582 0.846847379125 0.801973211654
6585 0.844830247631 0.800062967302
6588 0.856595251147 0.811204547105
6591 0.848175546784 0.803231000141
6594 0.797795060104 0.75552015908
6597 0.845438034149 0.80063854741
6600 0.855860166554 0.810508414405
6603 0.85565449844 0.810313644578
6606 0.853325355417 0.808107922087
6609 0.828906164348 0.784982696019
6612 0.856433844535 0.811051693376
6615 0.85238944252 0.80722160291
6618 0.854370919863 0.809098082413
6621 0.860335060926 0.814746185578
6624 0.852975769882 0.807776860976
6627 0.849184504458 0.804186493475
6630 0.850343708512 0.805284271683
6633 0.80918982008 0.766311114428
6636 0.84173709572 0.797133720506
6639 0.847727946043 0.802807117617
6642 0.840773101825 0.796220808334
6645 0.834787872866 0.790552734713
6648 0.848795164899 0.803817784893
6651 0.851342893639 0.806230510314
6654 0.843310722823 0.79862396162
6657 0.849862051118 0.804828137157
6660 0.847150502606 0.802260272721
6663 0.810575363529 0.767623238379
6666 0.835608915635 0.791330270693
6669 0.8420875618 0.797465615502
6672 0.841384200363 0.796799524959
6675 0.84424768944 0.799511278681
6678 0.789877042662 0.74802171481
6681 0.842773640018 0.798115338659
6684 0.8452551048 0.800465311428
6687 0.842915972485 0.798250128974
6690 0.845662255117 0.800850886982
6693 0.842634681744 0.797983743739
6696 0.820114695888 0.776657084615
6699 0.823143223944 0.779525131955
6702 0.832691321402 0.78856727883
6705 0.813304150195 0.770207427527
6708 0.828506249562 0.784603972587
6711 0.824002818018 0.780339176417
6714 0.810590535277 0.767637606182
6717 0.785357578891 0.743741735956
6720 0.821133394232 0.777621802465
6723 0.825317487814 0.781584182288
6726 0.813681079732 0.770564383689
6729 0.826835371405 0.783021633721
6732 0.817406683343 0.774092568776
6735 0.818220245293 0.774863020342
6738 0.815430952223 0.772221531006
6741 0.825255671303 0.781525641414
6744 0.812846398923 0.769773932346
6747 0.814231267346 0.771085417041
6750 0.796181963117 0.753992539579
6753 0.811612553105 0.768605467616
6756 0.820354598467 0.776884274835
6759 0.822413635824 0.778834204472
6762 0.828927396632 0.78500280321
6765 0.820738224112 0.777247572282
6768 0.801735344638 0.759251649217
6771 0.810566072918 0.767614440075
6774 0.8201458866 0.776686622543
6777 0.825533293649 0.781788552642
6780 0.823323447574 0.779695805592
6783 0.814203735962 0.771059344536
6786 0.829011223558 0.785082188175
6789 0.827988684694 0.784113833313
6792 0.823228654 0.779606035099
6795 0.816225146146 0.772973640851
6798 0.820263689283 0.776798182899
6801 0.825289239015 0.781557430384
6804 0.811243134413 0.768255624301
6807 0.809397635655 0.766507917922
6810 0.803891250368 0.761293314203
6813 0.810328048882 0.767389028855
6816 0.814367576019 0.771214502761
6819 0.810636540079 0.767681173204
6822 0.817524103285 0.774203766674
6825 0.819975309005 0.776525083799
6828 0.800640392513 0.75821471825
6831 0.815914730624 0.772679674147
6834 0.816202091795 0.772951808142
6837 0.800359939098 0.75794912597
6840 0.776408687607 0.735267043513
6843 0.765586061936 0.72501790526
6846 0.807998076517 0.765182520969
6849 0.803308006835 0.760740976555
6852 0.807266173758 0.764489401499
6855 0.774877000018 0.733816519552
6858 0.782901669333 0.741415964247
6861 0.788852088278 0.747051072426
6864 0.811881110236 0.768859793993
6867 0.804418030583 0.761792180505
6870 0.795901414441 0.753726857085
6873 0.790219411371 0.748345941512
6876 0.795479209351 0.753327024506
6879 0.79335824293 0.751318447406
6882 0.769652192037 0.728868572449
6885 0.790963166216 0.749050285029
6888 0.809766172235 0.766856925869
6891 0.822865363327 0.779261995081
6894 0.828581519457 0.784675253955
6897 0.808984581587 0.766116751455
6900 0.796193844927 0.754003791775
6903 0.798710696978 0.756387276654
6906 0.782876776523 0.741392390499
6909 0.790455984835 0.748569979025
6912 0.793644146662 0.751589201193
6915 0.767508358105 0.72683833958
6918 0.78946348406 0.747630070544
6921 0.800063380358 0.757668281781
6924 0.774468697829 0.733429853164
6927 0.798414453352 0.756106730881
6930 0.79093469424 0.749023321774
6933 0.785279760459 0.743668041097
6936 0.792662447968 0.750659522393
6939 0.792612031394 0.750611777377
6942 0.789821945659 0.74796953738
6945 0.767113055076 0.72646398353
6948 0.785365791584 0.74374951346
6951 0.771960074909 0.731054161357
6954 0.787440830545 0.745714596781
6957 0.790428484037 0.748543935485
6960 0.787580033766 0.745846423669
6963 0.79443160261 0.752334930106
6966 0.786022626984 0.744371543367
6969 0.794896309491 0.75277501232
6972 0.787820348499 0.746074004202
6975 0.777637460335 0.736430703974
6978 0.730552032202 0.691840317379
6981 0.778066889648 0.736837377967
6984 0.79369661405 0.751638888351
6987 0.784212563265 0.742657394336
6990 0.78950967339 0.747673812316
6993 0.785262098874 0.743651315393
6996 0.801129513659 0.758677921025
6999 0.772355697154 0.731428819708
7002 0.77784946387 0.73663147351
7005 0.759241630234 0.719009662932
7008 0.776333766786 0.735196092722
7011 0.77647393535 0.735328833799
7014 0.781015851897 0.739630075665
7017 0.734600820383 0.69567456159
7020 0.787839426631 0.746092071391
7023 0.746619616382 0.707056485493
7026 0.774437249585 0.733400071351
7029 0.781625828516 0.74020772982
7032 0.778401857498 0.737154595979
7035 0.763587813292 0.723125543163
7038 0.758930547883 0.718715064735
7041 0.785685963121 0.744052719212
7044 0.780475859503 0.739118697292
7047 0.796728625699 0.754510234688
7050 0.791390877178 0.749455331727
7053 0.773845059056 0.732839260806
7056 0.784726659068 0.743144248369
7059 0.783658203219 0.742132409648
7062 0.780618117573 0.739253417153
7065 0.784430070465 0.7428633759
7068 0.762332409896 0.721936663185
7071 0.788555303473 0.746770014151
7074 0.793540446412 0.751490995986
7077 0.789848755068 0.747994926167
7080 0.789050892428 0.747239342009
7083 0.767256527644 0.726599853533
7086 0.769631772738 0.728849235161
7089 0.773664196995 0.732667982567
7092 0.766712911411 0.726085043347
7095 0.772157811355 0.731241419813
7098 0.782211153208 0.740762038347
7101 0.783735524834 0.742205634016
7104 0.784149463674 0.742597638371
7107 0.773346594065 0.732367209313
7110 0.774606624606 0.733560471245
7113 0.768012398501 0.727315671039
7116 0.776892887936 0.735725586224
7119 0.776393251244 0.735252425118
7122 0.747499472997 0.707889718793
7125 0.781406622997 0.74000013993
7128 0.773626728529 0.732632499543
7131 0.740401818944 0.701168167122
7134 0.77388667327 0.732878669896
7137 0.782602415541 0.741132567817
7140 0.778922030264 0.73764720496
7143 0.765145591283 0.724600775004
7146 0.760673318402 0.72036548641
7149 0.730765085748 0.692042081287
7152 0.768749461799 0.728013677592
7155 0.768659850466 0.727928814735
7158 0.773655005801 0.732659278412
7161 0.765802810609 0.725223168492
7164 0.715129877732 0.677235377864
7167 0.761601721465 0.721244693696
7170 0.779136021314 0.737849856694
7173 0.784720331505 0.743138256102
7176 0.767335178705 0.7266743369
7179 0.794547012291 0.752444224265
7182 0.762056359667 0.721675240768
7185 0.753277152874 0.71336124129
7188 0.716436531394 0.678472792373
7191 0.757567995984 0.717424714018
7194 0.732209872313 0.693410309081
7197 0.747181664511 0.707588750875
7200 0.765871505033 0.72528822282
7203 0.741697646654 0.702395329342
7206 0.729460292515 0.690806428623
7209 0.729615196068 0.690953123887
7212 0.765001948954 0.724464744235
7215 0.767265447875 0.726608301084
7218 0.748685484029 0.709012883485
7221 0.747659098054 0.708040885369
7224 0.733562714052 0.694691464176
7227 0.766391513572 0.725780676276
7230 0.764109037466 0.723619147837
7233 0.773582677015 0.732590782304
7236 0.740785023477 0.701531065771
7239 0.748250731213 0.708601168079
7242 0.759013795719 0.718793901295
7245 0.746445867905 0.706891943892
7248 0.757551967008 0.717409534412
7251 0.726983761116 0.688461127819
7254 0.74931101004 0.709605263077
7257 0.761373349862 0.72102842343
7260 0.751733918209 0.711899782128
7263 0.74930201983 0.709596749254
7266 0.746088910107 0.706553901172
7269 0.760434398741 0.720139227024
7272 0.766637194142 0.726013338312
7275 0.750019010916 0.710275747216
7278 0.747450152794 0.707843012051
7281 0.766033659296 0.725441784581
7284 0.770546435885 0.729715430605
7287 0.747354328965 0.707752265895
7290 0.705232013215 0.667861997971
7293 0.702498891633 0.665273703614
7296 0.751570963337 0.711745462183
7299 0.751869951658 0.71202860721
7302 0.747391292025 0.707787270295
7305 0.748525951524 0.708861804556
7308 0.726092495556 0.687617090131
7311 0.718465235506 0.680393996113
7314 0.760763442598 0.720450834954
7317 0.744248842485 0.704811338135
7320 0.739984914477 0.700773354287
7323 0.756790987882 0.716688879322
7326 0.709472799484 0.671878066354
7329 0.733798256525 0.694914525329
7332 0.740965062753 0.701701564824
7335 0.753483232987 0.713556401285
7338 0.758718991117 0.718514718292
7341 0.757986752139 0.71782128042
7344 0.736898574967 0.697850558905
7347 0.746621317392 0.707058096368
7350 0.74239043432 0.703051406415
7353 0.749710371115 0.709983462138
7356 0.714088237283 0.676248933603
7359 0.749219453658 0.709518558237
7362 0.739730969282 0.700532865565
7365 0.734898096667 0.6959560853
7368 0.744742689769 0.705279016612
7371 0.747714184007 0.708093052335
7374 0.73469210585 0.695761009869
7377 0.74434851354 0.704905727653
7380 0.756973109029 0.716861349929
7383 0.738507582341 0.699374305501
7386 0.7016222435 0.664443508781
7389 0.69025338667 0.65367708398
7392 0.733792954705 0.694909504451
7395 0.729680588284 0.691015050991
7398 0.739063351728 0.699900624849
