Wave Flux FluxNorm
3600 0.161191300748 0.145916730508
3603 0.106793384919 0.0966735890521
3606 0.0857097434236 0.0775878442264
3609 0.0615282821054 0.0556978305712
3612 0.102797888193 0.0930567076424
3615 0.137499612708 0.124470078965
3618 0.0804707724094 0.0728453207894
3621 0.100071639366 0.0905887995511
3624 0.144083694982 0.130430250229
3627 0.197068018701 0.178393752288
3630 0.13374861699 0.121074529522
3633 0.0883685705456 0.079994719528
3636 0.132397804505 0.119851720721
3639 0.184106040317 0.166660057616
3642 0.176973065539 0.160203007182
3645 0.13256650149 0.120004431893
3648 0.0814796479585 0.0737585947747
3651 0.139753384159 0.126510281878
3654 0.184995411145 0.167465151209
3657 0.210771851255 0.190799002648
3660 0.22963894681 0.207878242563
3663 0.196430191048 0.17781636551
3666 0.207357571617 0.187708261898
3669 0.167621628499 0.151737717107
3672 0.205297000465 0.185842951524
3675 0.21738846574 0.196788623355
3678 0.156879769669 0.142013762323
3681 0.14324394207 0.129670072733
3684 0.182117981921 0.164860388652
3687 0.104790231452 0.0948602554339
3690 0.177348223983 0.16054261542
3693 0.200830661516 0.181799845142
3696 0.174652971194 0.158102766167
3699 0.236520110856 0.214107343978
3702 0.219843424707 0.199010949153
3705 0.111049348759 0.100526255578
3708 0.101143628721 0.0915592066455
3711 0.16810883445 0.152178755173
3714 0.236828477758 0.214386489875
3717 0.169334385119 0.153288172033
3720 0.060855025854 0.0550883724271
3723 0.0963826538127 0.087249384159
3726 0.151442038766 0.137091313587
3729 0.126153405708 0.114199044353
3732 0.0987425753838 0.0893856783531
3735 0.0419181827887 0.0379459943123
3738 0.0729078209091 0.0659990384479
3741 0.140319437328 0.127022695559
3744 0.0806198561023 0.0729802772352
3747 0.0641239532853 0.0580475346202
3750 0.0623687795566 0.0564586820533
3753 0.136699414321 0.123745707787
3756 0.1613504096 0.146060762124
3759 0.0728569165266 0.0659529577908
3762 0.119561678508 0.108231952599
3765 0.109555118283 0.0991736191473
3768 0.114914617129 0.104025249137
3771 0.191005534317 0.17290575203
3774 0.19119389819 0.173076266446
3777 0.175119945707 0.158525489935
3780 0.200206572706 0.181234895307
3783 0.202447825463 0.183263765804
3786 0.152732668947 0.13825964299
3789 0.0943704175271 0.0854278284148
3792 0.141700322809 0.128272727624
3795 0.0995770780607 0.0901411031287
3798 0.0962729352809 0.0871500626115
3801 0.133787332806 0.121109576608
3804 0.167519347416 0.151645128232
3807 0.123283056997 0.111600691356
3810 0.148080266842 0.134048104893
3813 0.123415764056 0.111720823026
3816 0.0792584353178 0.0717478653817
3819 0.0733419693159 0.0663920467293
3822 0.0672930245155 0.0609163030372
3825 0.0516690349655 0.0467728507413
3828 0.0687201701505 0.0622082116207
3831 0.0883957376025 0.0800193122208
3834 0.0639811926437 0.0579183020502
3837 0.094895108418 0.085902799328
3840 0.0613757789702 0.0555597787112
3843 0.104353176951 0.0944646164411
3846 0.102341710661 0.0926437577272
3849 0.0906939320164 0.0820997285546
3852 0.100342524964 0.090834015891
3855 0.0908871698952 0.082274655113
3858 0.0740819813136 0.0670619348109
3861 0.0704339111684 0.0637595576617
3864 0.0999272546408 0.0904580967968
3867 0.0939063536375 0.0850077394571
3870 0.0785258085888 0.0710846627369
3873 0.0791317747215 0.0716332072085
3876 0.115404180946 0.104468421637
3879 0.0886343271336 0.0802352928857
3882 0.0842076787156 0.0762281159396
3885 0.136272389928 0.123359148444
3888 0.109612359841 0.0992254364661
3891 0.195640906751 0.177101874197
3894 0.212326076382 0.192205948606
3897 0.182263856684 0.164992440248
3900 0.15999399239 0.144832879703
3903 0.176782600797 0.160030590977
3906 0.144686924299 0.130976317227
3909 0.21217308127 0.192067451389
3912 0.218098407622 0.197431290781
3915 0.215845409239 0.195391787678
3918 0.178601172011 0.161676833451
3921 0.115703010398 0.104738933856
3924 0.140707623501 0.127374097011
3927 0.112101752732 0.101478933211
3930 0.0584744944311 0.0529334213814
3933 0.0301059814574 0.0272531232308
3936 0.0462145401144 0.0418352266167
3939 0.102637664363 0.0929116667048
3942 0.117246843886 0.106136472892
3945 0.124813636271 0.112986232154
3948 0.169915902677 0.153814584689
3951 0.228075820973 0.206463239331
3954 0.232173062881 0.210172224497
3957 0.194242995558 0.175836429785
3960 0.182048293771 0.164797304187
3963 0.0984337661745 0.0891061320627
3966 0.0668030248936 0.0604727360305
3969 0.0349471009039 0.0316354957183
3972 0.0858370387979 0.0777030770257
3975 0.157507255568 0.142581787337
3978 0.225759943086 0.204366815219
3981 0.262694140293 0.237801108976
3984 0.257297996868 0.232916306867
3987 0.311853759946 0.282302337885
3990 0.28039200527 0.253821915201
3993 0.317948733825 0.287819748917
3996 0.296717617991 0.268600504497
3999 0.330068365898 0.298790918446
4002 0.381283345056 0.345152739941
4005 0.284333753103 0.25739014099
4008 0.339839680358 0.307636298142
4011 0.360537594775 0.326372867585
4014 0.386835396174 0.350178675851
4017 0.388816875442 0.351972389128
4020 0.408066862497 0.369398237548
4023 0.373707456253 0.338294746243
4026 0.375209015651 0.339654017102
4029 0.407523361331 0.368906238831
4032 0.234999901779 0.212731190692
4035 0.268501802207 0.243058433873
4038 0.415264604382 0.375913917724
4041 0.362966977211 0.328572040497
4044 0.278160327222 0.251801712109
4047 0.233430703564 0.211310690504
4050 0.389545123956 0.35263162844
4053 0.375216563244 0.339660849482
4056 0.30384756275 0.275054812038
4059 0.293403524286 0.26560045601
4062 0.292491597391 0.264774943774
4065 0.261768360079 0.23696305617
4068 0.326981885603 0.295996914605
4071 0.287695768908 0.260433570456
4074 0.360539319905 0.326374429241
4077 0.234819828216 0.212568180992
4080 0.374349696416 0.338876127398
4083 0.376825766825 0.341117564107
4086 0.371891749912 0.336651097164
4089 0.455513419245 0.41234873427
4092 0.392283678454 0.355110676111
4095 0.355226578389 0.321565125833
4098 0.320305811541 0.289953468742
4101 0.280746035633 0.254142397466
4104 0.332002945606 0.30054217639
4107 0.402357648837 0.364230031899
4110 0.325776798946 0.294906022577
4113 0.325902872815 0.295020149622
4116 0.36342983514 0.328991037771
4119 0.291728558278 0.264084210638
4122 0.307991022134 0.278805635088
4125 0.354586374157 0.320985587681
4128 0.325928434745 0.29504328929
4131 0.270087191698 0.244493591043
4134 0.262362552844 0.237500942924
4137 0.334475815121 0.302780715523
4140 0.328893639266 0.297727509511
4143 0.196275404023 0.177676246183
4146 0.283686724756 0.256804425381
4149 0.264808927952 0.239715498274
4152 0.240259761442 0.217492623359
4155 0.255636038643 0.231411836655
4158 0.29040271409 0.262884004125
4161 0.319035380821 0.288803424687
4164 0.318154943738 0.288006418274
4167 0.271388296804 0.245671402762
4170 0.325648928113 0.29479026885
4173 0.229247519541 0.207523907142
4176 0.27523441417 0.249153060076
4179 0.272959176773 0.24709342534
4182 0.276984082327 0.250736928783
4185 0.380139352891 0.34411715306
4188 0.298767520043 0.27045615678
4191 0.3267196466 0.295759525505
4194 0.355928413256 0.322200454468
4197 0.261261782832 0.236504482442
4200 0.298671864765 0.270369565845
4203 0.28604328497 0.258937676741
4206 0.350353263753 0.317153608988
4209 0.38103446391 0.3449274429
4212 0.36487293548 0.330297389184
4215 0.258870160038 0.234339491049
4218 0.50141518573 0.453900825847
4221 0.505228089914 0.457352417277
4224 0.316460731892 0.28647275081
4227 0.131688283719 0.119209434488
4230 0.420737955726 0.380868611491
4233 0.402039616538 0.363942136504
4236 0.375276840367 0.339715414713
4239 0.41298872716 0.373853703794
4242 0.477285350776 0.432057546416
4245 0.586465072671 0.530891341929
4248 0.447094057006 0.40472719511
4251 0.342583052456 0.310119706895
4254 0.349728737654 0.316588263303
4257 0.482915915885 0.437154556291
4260 0.348090839734 0.315105573428
4263 0.524627944107 0.474913931348
4266 0.57962023175 0.524695121641
4269 0.427045414879 0.386578372583
4272 0.243990061501 0.220869438274
4275 0.319684432394 0.289390971801
4278 0.53079229039 0.480494141019
4281 0.434061134518 0.392929279035
4284 0.462127463579 0.418336028375
4287 0.453987300054 0.410967230916
4290 0.3081427751 0.278943007865
4293 0.444410505926 0.402297938706
4296 0.438193986897 0.396670500205
4299 0.299730575036 0.271327952189
4302 0.323584687128 0.292921636399
4305 0.317094725966 0.287046667281
4308 0.209619208207 0.189755584646
4311 0.346390901743 0.313566722432
4314 0.465329748447 0.421234863088
4317 0.708014350621 0.640922548029
4320 0.618437250495 0.559833819803
4323 0.495668421462 0.448698627906
4326 0.296518494827 0.268420250346
4329 0.659447187839 0.596957634474
4332 0.628334775162 0.568793449962
4335 0.726483081663 0.657641172656
4338 0.468130681785 0.423770378549
4341 0.472328660091 0.427570554279
4344 0.597093626473 0.540512728528
4347 0.633997099392 0.573919209446
4350 0.676221017964 0.612141967863
4353 0.503201743109 0.455518088134
4356 0.635567340879 0.575340654046
4359 0.566341079873 0.512674308999
4362 0.680251220674 0.6157902665
4365 0.751030481513 0.67986244832
4368 0.570285366055 0.516244832601
4371 0.624254038209 0.565099405733
4374 0.497989270131 0.450799551765
4377 0.606824940102 0.549321897892
4380 0.592249299511 0.53612745247
4383 0.280931803706 0.254310562061
4386 0.474070294976 0.42914715095
4389 0.50722339276 0.459158644203
4392 0.527928815218 0.477902010222
4395 0.538872746947 0.487808889373
4398 0.689561593127 0.624218383289
4401 0.573372540964 0.519039465234
4404 0.404061561313 0.365772480756
4407 0.461892721159 0.418123530267
4410 0.627309475308 0.567865308047
4413 0.673809291774 0.609958778082
4416 0.498587938162 0.451341489707
4419 0.696832250093 0.630800069076
4422 0.569831490561 0.515833966582
4425 0.631648956675 0.571793577936
4428 0.648570876867 0.587111968302
4431 0.585552750112 0.530065471523
4434 0.540494453235 0.489276921942
4437 0.62107991131 0.562226060725
4440 0.708154215177 0.641049158948
4443 0.547720856235 0.495818547292
4446 0.752825234364 0.681487129472
4449 0.732552568865 0.663135512141
4452 0.704022503955 0.637308970798
4455 0.550246642309 0.498104988584
4458 0.566061689426 0.512421393733
4461 0.4937177917 0.446932840819
4464 0.668981294963 0.605588284723
4467 0.647269518345 0.58593392718
4470 0.622465720236 0.563480549687
4473 0.741626671017 0.671349747725
4476 0.779404311693 0.705547559815
4479 0.753495085658 0.682093505314
4482 0.626504352849 0.567136479405
4485 0.83184944119 0.753022961974
4488 0.709394579612 0.642171985814
4491 0.687398414991 0.622260189021
4494 0.614092101984 0.555900419791
4497 0.668622975576 0.605263919864
4500 0.772281530183 0.699099736731
4503 0.849793861727 0.769266960027
4506 0.839403563517 0.759861251799
4509 0.827925976978 0.74947128724
4512 0.788890981893 0.714135268287
4515 0.7176076352 0.649606768047
4518 0.730948256527 0.661683225262
4521 0.856949126148 0.775744187926
4524 0.743802002118 0.673318943336
4527 0.582919810732 0.527682030828
4530 0.581358332233 0.526268518831
4533 0.684228204266 0.619390389089
4536 0.669575753796 0.606126412332
4539 0.761760486766 0.689575672778
4542 0.719834375018 0.651622500859
4545 0.698697149483 0.632488249645
4548 0.738565857373 0.66857897835
4551 0.742110679412 0.671787891236
4554 0.684139592947 0.619310174624
4557 0.824190899761 0.746090147854
4560 0.832321322654 0.753450127708
4563 0.775323626196 0.701853562167
4566 0.732641139748 0.663215690002
4569 0.847897272659 0.767550092711
4572 0.737862616721 0.667942377142
4575 0.804281429799 0.728067309465
4578 0.765255311599 0.69273932622
4581 0.687503341137 0.622355172312
4584 0.75086829349 0.679715629317
4587 0.765921459244 0.693342349372
4590 0.853756130734 0.772853762393
4593 0.744452339535 0.673907654446
4596 0.698226552837 0.632062246978
4599 0.762056735476 0.689843848808
4602 0.763153287216 0.690836490744
4605 0.713281423902 0.645690510748
4608 0.92754074125 0.839646505416
4611 0.865362264097 0.783360092612
4614 0.840960522123 0.761270672209
4617 0.921043208962 0.833764682616
4620 0.869877689283 0.787447633794
4623 0.875223934439 0.792287266021
4626 0.852059650709 0.771318041684
4629 0.863213745991 0.781415169183
4632 0.893221457406 0.808579334491
4635 0.808763847468 0.73212497094
4638 0.756651041247 0.684950400934
4641 0.758561692356 0.686679997766
4644 0.736385732432 0.666605443165
4647 0.612698373231 0.554638761489
4650 0.762405338906 0.690159418399
4653 0.839953688064 0.760359246261
4656 0.73400848334 0.664453463415
4659 0.930953439575 0.842735814699
4662 0.817709703642 0.740223113199
4665 0.739222164407 0.669173093392
4668 0.601091064867 0.544131367612
4671 0.82568725868 0.747444711035
4674 0.776161920168 0.702612418973
4677 0.863614773056 0.781778194717
4680 0.751499000171 0.68028656991
4683 0.801509689052 0.725558220291
4686 0.8034171875 0.727284963209
4689 0.768642395695 0.695805448491
4692 0.746890466971 0.676114743677
4695 0.827945070917 0.749488571828
4698 0.73367097401 0.664147936642
4701 0.718088020155 0.650041631477
4704 0.744801774799 0.674223977045
4707 0.732480210566 0.663070010551
4710 0.745365393964 0.674734187369
4713 0.76263532011 0.690367606466
4716 0.796514958824 0.721036793259
4719 0.903481919641 0.817867510068
4722 0.867749597907 0.785521201447
4725 0.905522319612 0.819714560692
4728 0.669733083763 0.606268833631
4731 0.717472789917 0.649484700772
4734 0.806627105312 0.730190707565
4737 0.798006132935 0.722386662947
4740 0.85250283466 0.771719229297
4743 0.852465153364 0.7716851187
4746 0.85874437061 0.777369314103
4749 0.881666096293 0.798118965317
4752 0.839062379443 0.759552398502
4755 0.809348273142 0.732654016138
4758 0.836790593167 0.757495887857
4761 0.859537757106 0.778087518888
4764 0.782977251621 0.708781926126
4767 0.762312856761 0.690075699909
4770 0.906158277629 0.820290255002
4773 0.858191906772 0.776869202021
4776 0.922751300143 0.835310914201
4779 0.933742464611 0.845260550294
4782 0.858497889339 0.777146189523
4785 0.831685104007 0.752874197466
4788 0.847283465714 0.766994450426
4791 0.833187255835 0.754234004617
4794 0.983656024926 0.890444276062
4797 0.919120678946 0.832024332529
4800 0.841719902001 0.761958092861
4803 0.984171979973 0.890911338943
4806 0.873431090718 0.790664313089
4809 0.868420500744 0.786128529188
4812 0.90538176549 0.819587325551
4815 0.902221524363 0.816726550492
4818 0.980393104057 0.887490551246
4821 0.985935827524 0.892508043397
4824 0.827573765632 0.749152451622
4827 0.916279318465 0.829452220823
4830 0.908957924351 0.822824605766
4833 0.845603307134 0.765473504534
4836 0.925990846351 0.838243479351
4839 0.864582099259 0.782653856594
4842 0.877865689352 0.794678686884
4845 0.922814069168 0.835367735201
4848 0.871167107 0.788614865628
4851 0.932610087749 0.844235478043
4854 0.860141029271 0.778633624674
4857 0.856096036657 0.774971937632
4860 0.737618384115 0.667721288143
4863 0.773953404165 0.700613183078
4866 0.851972104791 0.771238791662
4869 0.846519316744 0.766302712604
4872 0.696630110265 0.630617084121
4875 0.82117230226 0.743357594198
4878 0.92155095337 0.834224312903
4881 0.860711773206 0.77915028462
4884 0.856689309507 0.775508991643
4887 0.769479651752 0.696563365735
4890 0.772415446334 0.699220962919
4893 0.885648726508 0.801724199452
4896 1.02728609256 0.929939936133
4899 0.943203133535 0.853824721383
4902 0.915967247085 0.829169721487
4905 0.942200224483 0.852916848507
4908 0.908142412829 0.822086372534
4911 0.81619743932 0.738854151819
4914 0.919327932084 0.832211946254
4917 0.92882070785 0.840805181724
4920 0.636950653325 0.576592883096
4923 0.839774674489 0.760197196105
4926 0.862148973278 0.780451294878
4929 0.994658784297 0.900404408318
4932 0.963411551353 0.872118179176
4935 0.896114651794 0.811198368296
4938 0.738329024143 0.668364587558
4941 0.896140819211 0.811222056075
4944 0.988843512944 0.895140195057
4947 0.949728376201 0.859731628712
4950 0.981811569307 0.888774602002
4953 0.961479954946 0.870369621834
4956 0.91595363885 0.829157402775
4959 0.863506445043 0.781680131922
4962 0.983563483206 0.890360503642
4965 0.886959703086 0.802910947218
4968 0.864890910472 0.782933404698
4971 0.926332314797 0.838552590072
4974 0.989042909091 0.895320696324
4977 0.928223507481 0.840264572369
4980 0.848619342632 0.768203738963
4983 0.715867611036 0.648031629464
4986 0.815841903028 0.738532306329
4989 0.898763330917 0.813596057229
4992 0.887499935008 0.803399986486
4995 0.884498559732 0.800683023069
4998 0.884320268782 0.800521627061
5001 0.794725124579 0.719416564624
5004 0.782295446823 0.7081647295
5007 0.732733360592 0.663299171951
5010 0.848987748796 0.76853723477
5013 0.706773882641 0.63979962743
5016 0.778682979603 0.704894581525
5019 0.768252995865 0.695452948388
5022 0.748206314356 0.67730590069
5025 0.854328497673 0.773371891548
5028 0.766049190865 0.693457977079
5031 0.891106101897 0.806664431153
5034 0.972132394594 0.880012630844
5037 0.816736775657 0.739342380368
5040 0.671037028089 0.607449215525
5043 0.800205228789 0.724377371351
5046 0.980374483793 0.887473695447
5049 0.777089451398 0.703452056868
5052 0.79102254212 0.716064840775
5055 0.919707158204 0.832555236713
5058 0.930830523726 0.842624546419
5061 0.986530691629 0.893046537875
5064 0.844776254033 0.764724823408
5067 0.830879003062 0.75214448306
5070 0.866310257834 0.784218253977
5073 0.829661483841 0.751042336584
5076 0.851316902795 0.770645676943
5079 0.742921195062 0.672521602008
5082 0.757926476225 0.68610497504
5085 0.811664096872 0.734750391224
5088 0.847948050981 0.767596059253
5091 0.890652656762 0.806253954712
5094 0.928912891436 0.840888629947
5097 0.819910902596 0.742215725413
5100 0.766251270644 0.693640907675
5103 0.83718443948 0.757852413092
5106 0.822019167828 0.744124210352
5109 0.766090348542 0.693495234634
5112 0.81960524702 0.741939033915
5115 0.879936267479 0.796553055968
5118 0.934454042221 0.845904698445
5121 0.84948377662 0.768986258743
5124 0.696175415257 0.630205476245
5127 0.748431496268 0.677509744248
5130 0.758081493685 0.686245302967
5133 0.84457356483 0.764541341138
5136 0.870588194821 0.788090811463
5139 0.754066992825 0.682611218264
5142 0.775291624985 0.701824593407
5145 0.7968275945 0.721319803418
5148 0.741082791828 0.670857406806
5151 0.753427655086 0.682032464498
5154 0.747409196092 0.676584317761
5157 0.867320622103 0.78513287561
5160 0.869050522673 0.786698849916
5163 0.800851890968 0.724962755491
5166 0.574310890341 0.519888896144
5169 0.59339197002 0.537161842937
5172 0.494805899855 0.447917839288
5175 0.755373321711 0.683793758756
5178 0.833834768353 0.754820158517
5181 0.741996182878 0.671684244452
5184 0.459478606311 0.415938178179
5187 0.875081536686 0.792158361952
5190 0.919861440507 0.832694899145
5193 0.707853956793 0.640777353202
5196 0.799215765678 0.723481670272
5199 0.895432690012 0.810581029562
5202 0.86662189209 0.784500357612
5205 0.681091696115 0.616551098057
5208 0.629173533992 0.569552727576
5211 0.776085023673 0.702542809229
5214 0.88290082084 0.799236686733
5217 0.823110386854 0.745112024903
5220 0.922241725352 0.834849626979
5223 0.85040490018 0.769820096163
5226 0.64754718989 0.586185286427
5229 0.86215885334 0.7804602387
5232 0.874455381015 0.791591541112
5235 0.824068621161 0.745979456437
5238 0.950032308291 0.860006760041
5241 0.939342562129 0.850329979702
5244 0.975119723017 0.882716878495
5247 0.795774255758 0.720366279594
5250 0.799010576318 0.723295924761
5253 0.883962375656 0.800197648071
5256 0.868019260641 0.785765310803
5259 1.01721792594 0.920825834137
5262 0.82041328658 0.742670503233
5265 0.651149410976 0.589446159198
5268 0.740008862227 0.669885243324
5271 0.685378433583 0.620431622086
5274 0.856955532497 0.775749987206
5277 0.944745071582 0.855220544591
5280 0.945474879803 0.855881195811
5283 0.843603913819 0.763663574754
5286 1.0304206135 0.932777428261
5289 1.0087759647 0.913183837473
5292 1.03898362131 0.940529001067
5295 0.965805641877 0.874285404455
5298 0.758901236112 0.686987366181
5301 0.898351614631 0.813223355389
5304 1.02655105127 0.929274547734
5307 1.03687312412 0.938618495676
5310 1.07648873514 0.974480111092
5313 1.02111675563 0.92435520873
5316 0.991753849655 0.897774746771
5319 0.983893799994 0.890659519442
5322 0.986680529404 0.893182176945
5325 0.893925031339 0.809216237397
5328 0.644411941826 0.583347136076
5331 0.935495383188 0.846847361408
5334 0.982674136793 0.889555432151
5337 1.02478402291 0.927674963889
5340 0.85824520139 0.776917446414
5343 0.988333975458 0.894678941604
5346 0.934044461839 0.84553393011
5349 0.892099189935 0.80756341366
5352 1.02687777571 0.929570311598
5355 1.10044615053 0.996167309526
5358 1.10861690425 1.00356379844
5361 1.06099713404 0.960456502056
5364 1.01591458313 0.919645996767
5367 0.98143389587 0.888432717093
5370 0.839678808238 0.760110414188
5373 0.958782060335 0.867927381098
5376 1.04432469434 0.945363951285
5379 1.0518071583 0.952137373122
5382 1.009052006 0.913433720962
5385 1.01551495163 0.919284234551
5388 0.980315760978 0.887420537237
5391 0.827661562618 0.74923192892
5394 0.924337545443 0.836746846084
5397 0.790228476801 0.715346021493
5400 0.950123486927 0.860089298542
5403 0.951960062647 0.861751839406
5406 0.745155589526 0.674544264107
5409 0.869280855492 0.786907356279
5412 0.988116980008 0.894482508755
5415 1.01743011942 0.921017920062
5418 1.06531489826 0.96436511272
5421 0.972897852356 0.880705553435
5424 0.952541102752 0.862277819853
5427 1.06874007343 0.967465716535
5430 0.848563935723 0.768153582441
5433 0.912876185618 0.826371570588
5436 0.871399527777 0.788825262093
5439 1.0735510692 0.971820819883
5442 1.0979327723 0.993892100312
5445 0.988855548277 0.895151089916
5448 0.919614200379 0.832471087618
5451 1.07983637606 0.977510527844
5454 0.966672746447 0.875070341752
5457 0.979538991025 0.886717374402
5460 1.08193729163 0.979412359577
5463 0.967067181092 0.875427399568
5466 1.06269006695 0.961989011769
5469 1.04333610294 0.944469039305
5472 1.00815071075 0.912617832908
5475 0.952451446301 0.862196659294
5478 0.936897116798 0.848116266023
5481 0.910932319587 0.824611906298
5484 1.01611847334 0.919830566231
5487 0.982094994615 0.889031169782
5490 0.987136959725 0.893595355696
5493 0.992186675339 0.898166557671
5496 1.01973683922 0.923106053913
5499 1.06686551695 0.965768793992
5502 0.977933435402 0.885263962053
5505 0.968578847602 0.876795819785
5508 1.00129485168 0.906411638555
5511 0.964517391401 0.873119229254
5514 0.907706568889 0.821691829388
5517 0.977258705314 0.884653169733
5520 1.05600789514 0.955940045986
5523 1.03851547138 0.940105213263
5526 1.00534247968 0.91007571125
5529 0.938783011212 0.849823452116
5532 1.01572739186 0.919476543831
5535 0.987782153039 0.894179410161
5538 0.994487819517 0.900249644248
5541 1.076843017 0.974800821025
5544 1.02011851651 0.923451563259
5547 1.02156007421 0.924756518217
5550 1.10468004722 1.0
5553 1.0441654342 0.945219782711
5556 1.0473128594 0.948068956287
5559 1.04254419279 0.943752170966
5562 1.00593069002 0.910608182479
5565 1.00309759067 0.908043549074
5568 0.983279939229 0.890103828437
5571 1.03967810352 0.941157673786
5574 1.0278638895 0.930462980737
5577 1.04698936772 0.947776118847
5580 1.05204147516 0.952349486
5583 1.03477501031 0.936719200202
5586 0.93299069476 0.844580018539
5589 0.880223095775 0.796812704267
5592 0.947507242511 0.857720970787
5595 1.00856891334 0.912996406403
5598 1.01634769727 0.920038068782
5601 0.933029794148 0.844615412848
5604 1.01012465162 0.914404722128
5607 1.12509444103 1.01847991539
5610 1.10068434809 0.996382935364
5613 1.12208141685 1.01575240693
5616 0.91189199679 0.825480643997
5619 1.00160023934 0.906688087521
5622 1.06156415846 0.960969794947
5625 0.898790299099 0.813620469892
5628 1.02259848344 0.925696527252
5631 1.11547354086 1.00977069665
5634 1.06063933699 0.96013261003
5637 0.987007103681 0.893477804877
5640 1.01525024891 0.919044615196
5643 0.996467546114 0.902041770938
5646 1.02680065458 0.929500498508
5649 1.01230792336 0.916381105917
5652 1.07976155131 0.977442793527
5655 1.00249255809 0.907495849695
5658 0.904394987227 0.818694054902
5661 0.991010118007 0.897101491515
5664 1.03097519098 0.933279453695
5667 1.01474921518 0.91859105968
5670 1.0263247262 0.929069669339
5673 1.12094452246 1.01472324523
5676 1.11087989349 1.00561234566
5679 1.07032344614 0.968899048036
5682 1.01247480273 0.916532171716
5685 1.05148996823 0.951850240148
5688 0.990415956059 0.896563632657
5691 1.07758403441 0.975471619243
5694 1.09876061272 0.994641494145
5697 1.07092448951 0.969443136235
5700 0.987054758928 0.893520944288
5703 0.982286522824 0.889204548681
5706 0.968448280803 0.876677625563
5709 0.884410928499 0.800603695817
5712 0.925772166713 0.838045521908
5715 1.05147942639 0.951840697255
5718 1.07499428262 0.973127273661
5721 1.10728339809 1.00235665601
5724 1.13237940451 1.025074552
5727 1.03677594533 0.93853052559
5730 1.08693800317 0.983939201136
5733 1.07398795187 0.972216303329
5736 1.09607601855 0.992211293494
5739 1.06988158776 0.968499060385
5742 1.06119790791 0.96063825049
5745 1.11302318021 1.00755253343
5748 1.01248019792 0.916537055652
5751 1.09176770952 0.988311242033
5754 0.955119198097 0.864611613562
5757 1.11693864563 1.01109696735
5760 1.0344764651 0.93644894529
5763 0.99607967895 0.901690658266
5766 1.14026566197 1.03221350367
5769 1.12174986916 1.01545227687
5772 1.07659125317 0.974572914468
5775 1.07044546824 0.969009507261
5778 1.09299987862 0.989426650159
5781 0.900440010738 0.815113854011
5784 0.926937132734 0.839100095152
5787 0.996815540922 0.90235678958
5790 1.03688299688 0.938627432886
5793 1.06847400074 0.967224857033
5796 1.09268783315 0.989144174284
5799 1.07214199439 0.970545269723
5802 1.14797861113 1.03919556982
5805 1.03890189881 0.940455022637
5808 1.07153745172 0.96999801383
5811 1.11933571999 1.01326689371
5814 1.09525813904 0.991470916669
5817 1.05935665587 0.958971476436
5820 1.16388075157 1.05359081527
5823 1.12373050933 1.01724523056
5826 1.13206483381 1.02478979018
5829 1.1428081771 1.03451508876
5832 1.11886147149 1.01283758524
5835 1.07406754139 0.97228835091
5838 1.08330158946 0.980647375847
5841 1.15198295291 1.04282045811
5844 1.13839241168 1.03051776354
5847 1.07401066473 0.972236863908
5850 1.11034990154 1.00513257602
5853 1.03478544467 0.936728645799
5856 1.05508024303 0.95510029867
5859 1.01264291283 0.91668435162
5862 1.08270148924 0.980104141437
5865 1.08630360644 0.983364920162
5868 1.08447360584 0.981708331362
5871 1.12807176868 1.02117510995
5874 1.10820340873 1.00318948597
5877 1.09451679521 0.990799822961
5880 1.01014001598 0.914418630558
5883 1.06142534388 0.960844134513
5886 1.05260729392 0.952861687479
5889 0.64239563352 0.581521894178
5892 0.788921523623 0.714162915868
5895 0.726242652567 0.657423526745
5898 0.911083186283 0.824748476788
5901 1.05113184034 0.951526048641
5904 1.06738050415 0.966234980744
5907 1.07418674529 0.972396258981
5910 1.09340597893 0.989794268196
5913 1.07383029042 0.972073581957
5916 1.00710623017 0.911672327846
5919 1.07699000712 0.974933882289
5922 1.07315774591 0.971464768115
5925 1.09643282509 0.992534288867
5928 1.0868767665 0.983883767286
5931 1.08335293291 0.980693853964
5934 1.05398944008 0.954112860765
5937 1.08843718152 0.985296316573
5940 1.08635913519 0.983415186984
5943 1.04831907719 0.948979824362
5946 1.11403636837 1.00846971137
5949 1.04887064791 0.949479127964
5952 1.07016678006 0.968757227716
5955 1.08996996939 0.986683856679
5958 1.04581141806 0.946709792298
5961 1.12625055897 1.01952647901
5964 1.11300240839 1.00753372996
5967 1.10033684883 0.996068365318
5970 1.13879055333 1.03087817708
5973 1.14823027778 1.0394233884
5976 1.06008346364 0.959629411528
5979 1.06862248181 0.967359267965
5982 1.09072716057 0.987369296041
5985 1.01553213504 0.919299789655
5988 1.08873247039 0.985563623717
5991 1.07878024145 0.97655447309
5994 1.13238285713 1.02507767745
5997 1.05035461076 0.950822469729
6000 1.08634211811 0.983399782451
6003 1.06305223535 0.962316860913
6006 1.05471096995 0.954766018092
6009 1.03668982442 0.938452565547
6012 1.06082578872 0.960301393499
6015 1.05047007745 0.950926994742
6018 1.04260562422 0.94380778113
6021 1.02395394685 0.926923546259
6024 1.06581145996 0.964814619986
6027 1.07910421646 0.976847748068
6030 1.11194687637 1.00657822069
6033 1.13409467905 1.02662728625
6036 1.13219011151 1.0249031965
6039 1.11784779914 1.011919969
6042 1.10493385744 1.00022975903
6045 1.15035106095 1.04134320507
6048 1.13875895775 1.03084957551
6051 1.15726808155 1.04760476526
6054 1.0943594624 0.990657399082
6057 1.07344382263 0.971723736053
6060 1.13104143632 1.02386337037
6063 1.07771250512 0.975587916009
6066 1.06028475863 0.959811631699
6069 1.1664712218 1.05593581122
6072 1.17033955897 1.05943758277
6075 1.16231207881 1.05217079075
6078 1.094015964 0.990346450771
6081 1.07427967432 0.972480382009
6084 1.08107444117 0.978631273271
6087 1.09134750729 0.987930858386
6090 1.04636171869 0.947207946161
6093 1.04874309337 0.949363660553
6096 1.11264436051 1.00720961089
6099 1.11400953502 1.00844542075
6102 1.0082022474 0.912664485917
6105 1.09604451346 0.992182773841
6108 1.08798364937 0.984885761361
6111 1.09994970937 0.995717911391
6114 1.15198393561 1.04282134769
6117 1.09214631024 0.988653966361
6120 1.0433277196 0.944461450374
6123 1.03970633787 0.941183232636
6126 1.08623197916 0.983300080324
6129 1.04957830329 0.950119725553
6132 1.13485126471 1.02731217746
6135 1.00770397933 0.912213433983
6138 0.923474521097 0.835965602367
6141 1.08483132339 0.982032151407
6144 1.12798064538 1.02109262154
6147 1.10543507694 1.00068348272
6150 1.05389047899 0.954023277274
6153 1.11074991415 1.00549468323
6156 1.06630606873 0.965262359374
6159 1.08764029098 0.984574939791
6162 0.881850736278 0.798286108722
6165 1.0458705235 0.946763296879
6168 1.0746790209 0.972841886303
6171 1.01692431606 0.920560046888
6174 1.09587862406 0.992032604208
6177 1.07945863256 0.977168579519
6180 1.10105663347 0.996719942789
6183 1.13485749947 1.02731782142
6186 1.08979266216 0.986523351174
6189 1.05350290987 0.953672434402
6192 0.980488743827 0.887577128142
6195 1.13838271183 1.03050898285
6198 1.11994730896 1.01382052819
6201 1.07710481177 0.975037807993
6204 1.13978824692 1.03178132871
6207 1.1361568167 1.02849401468
6210 1.10720270313 1.00228360775
6213 1.00950260591 0.913841621793
6216 0.985690185992 0.892285678983
6219 1.02107077073 0.924313581388
6222 1.04252648698 0.943736142969
6225 1.06187357697 0.961249892802
6228 1.08613024382 0.98320798547
6231 0.918641069817 0.831590171407
6234 1.09090301393 0.987528485446
6237 1.10975725882 1.00459609243
6240 0.979017627829 0.886245415849
6243 0.951773017431 0.861582518691
6246 1.01419494414 0.918089311643
6249 1.08995145072 0.986667092849
6252 0.976910888502 0.88433831222
6255 0.977980036355 0.885306147075
6258 0.865112686218 0.783134164861
6261 1.02080535867 0.924073319908
6264 1.07903517065 0.976785245072
6267 1.05491117448 0.954947251136
6270 1.03972495545 0.941200086001
6273 1.0779518426 0.975804573744
6276 1.06366675008 0.962873143905
6279 0.997667137886 0.903127688779
6282 0.997408152655 0.902893245121
6285 1.07057252945 0.969124528089
6288 1.12373521503 1.01724949035
6291 1.05766429386 0.95743948352
6294 1.0610790218 0.960530630091
6297 0.973959612351 0.88166670051
6300 1.03506124831 0.93697831414
6303 1.00734614677 0.911889509819
6306 1.02916710862 0.931642706149
6309 1.10608330865 1.00127028766
6312 1.02144685659 0.924654029155
6315 0.984387814206 0.891106720615
6318 0.942286797697 0.852995217999
6321 1.04628415357 0.947137731146
6324 1.08497626169 0.982163355286
6327 1.07212734679 0.970532010137
6330 1.08301516072 0.980388089249
6333 1.10935167779 1.00422894447
6336 0.9728938601 0.880701939488
6339 1.04093315373 0.942293794799
6342 1.04598683421 0.946868585927
6345 1.01949360961 0.922885872863
6348 1.07782630023 0.97569092783
6351 1.09889738518 0.994765305976
6354 1.04216834107 0.943411935149
6357 1.03843415288 0.940031600546
6360 0.950046404855 0.860019520807
6363 0.930482331014 0.842309348626
6366 1.03263277768 0.93477996663
6369 1.10132013581 0.996958475514
6372 1.12508989119 1.0184757967
6375 1.10916061685 1.00405598856
6378 1.08246582469 0.979890808574
6381 1.07681424857 0.97477477871
6384 1.09089944757 0.987525257035
6387 1.12956348511 1.02252547057
6390 1.13248812407 1.02517296924
6393 0.987809687144 0.89420433512
6396 1.10770296692 1.00273646628
6399 1.03133001641 0.933600655691
6402 1.10244438595 0.99797619114
6405 1.11718124561 1.01131657843
6408 1.03077956946 0.933102369372
6411 1.05213470518 0.95243388149
6414 1.06569400207 0.964708292463
6417 1.10127179483 0.996914715351
6420 1.01089968281 0.915106310968
6423 1.13090748328 1.02374211078
6426 1.1203416591 1.01417750951
6429 1.10355740514 0.998983740057
6432 1.03691516258 0.938656550543
6435 1.12097680803 1.0147524714
6438 1.04762150008 0.948348350018
6441 1.12957181089 1.02253300739
6444 1.12334070707 1.01689236616
6447 1.15613650576 1.04658041817
6450 0.893949754429 0.809238617715
6453 1.09926540054 0.995098448015
6456 1.05585262031 0.955799485078
6459 1.14997953256 1.0410068829
6462 1.02542963239 0.928259395083
6465 1.0837238812 0.981029651006
6468 1.11616105081 1.01039305781
6471 1.06223388067 0.961576053935
6474 1.11925946003 1.01319786018
6477 1.12027938177 1.01412113362
6480 1.10950728068 1.00436980235
6483 1.03170103987 0.933936520774
6486 1.11467386253 1.00904679625
6489 1.10426629329 0.999625453606
6492 1.04369743777 0.944796133865
6495 0.846691194541 0.766458303173
6498 0.963159159092 0.871889703735
6501 1.03739820048 0.939093815526
6504 1.08117791322 0.978724940263
6507 1.09861026612 0.994505394467
6510 1.08186671055 0.979348466802
6513 1.1147299189 1.00909754069
6516 1.07312515888 0.971435269049
6519 1.04830209034 0.948964447195
6522 1.10995335675 1.00477360801
6525 1.12063540841 1.01444342299
6528 1.06226324422 0.961602634983
6531 1.07710164908 0.975034944995
6534 1.07168134406 0.970128270861
6537 1.08946106601 0.986223177245
6540 1.13522041306 1.02764634512
6543 1.088737874 0.985568515279
6546 1.02940403773 0.931857183737
6549 1.11018297359 1.00498146625
6552 1.06487159241 0.963963814761
6555 1.00577284535 0.910465295248
6558 1.05881772248 0.958483612649
6561 0.950202593373 0.860160908821
6564 0.86878264948 0.786456360524
6567 1.11914326624 1.01309267697
6570 1.04347253504 0.944592543034
6573 1.01264447998 0.916685770266
6576 1.056777785 0.956636980689
6579 1.11750060392 1.01160567418
6582 1.06074028603 0.960223993096
6585 1.09076380373 0.987402466873
6588 1.11816595256 1.01220797404
6591 1.0858008502 0.982909805367
6594 0.987209005352 0.893660574242
6597 1.0673317699 0.966190864571
6600 1.10152168594 0.997140926651
6603 1.10386919317 0.999265982893
6606 1.04809108371 0.948773435662
6609 0.991461176232 0.897509807231
6612 1.1051451977 1.00042107258
6615 1.12082132004 1.01461171754
6618 1.11210909791 1.00672507004
6621 1.13685519793 1.02912621694
6624 1.03291704384 0.935037295587
6627 1.10156649645 0.997181490899
6630 1.06954873987 0.968197753335
6633 0.998396900497 0.903788298712
6636 1.09116629086 0.987766814115
6639 1.07109099202 0.969593860883
6642 1.0844633831 0.981699077328
6645 1.07403780562 0.972261432915
6648 1.07099234174 0.969504558747
6651 1.10651697109 1.00166285602
6654 1.10312162157 0.998589251559
6657 1.09805153781 0.993999611538
6660 1.08495905446 0.982147778616
6663 1.0151718249 0.918973622687
6666 1.03589780169 0.937735595297
6669 1.07160405157 0.970058302641
6672 1.10317188605 0.998634752957
6675 1.10468081221 1.0000006925
6678 0.974567694044 0.88221716007
6681 1.0977450448 0.993722161967
6684 1.12040310596 1.01423313364
6687 1.10255043034 0.998072186703
6690 1.12331732841 1.01687120287
6693 1.117702187 1.01178815514
6696 1.03122978585 0.933509923026
6699 1.07550309194 0.97358786795
6702 1.09156678942 0.988129361229
6705 1.06573590762 0.964746227021
6708 1.09767269675 0.993656669653
6711 1.05951302017 0.959113023571
6714 1.04421621043 0.945265747361
6717 0.997647315363 0.903109744649
6720 1.10648417952 1.00163317179
6723 1.1000195469 0.995781131082
6726 1.07636747766 0.974370344038
6729 1.09675914098 0.992829682891
6732 1.09845124505 0.994361442312
6735 1.09883657141 0.994710254948
6738 1.04762555142 0.948352017451
6741 1.07101626761 0.969526217397
6744 1.05823897486 0.957959707453
6747 1.05385491506 0.953991083398
6750 1.05979532489 0.959368576956
6753 1.04024740665 0.941673029458
6756 1.08994033178 0.986657027543
6759 1.12951312765 1.022479885
6762 1.10528987873 1.00055204356
6765 1.08418372058 0.981445915777
6768 1.0473195395 0.948075003377
6771 1.0360718921 0.937893188806
6774 1.11576572129 1.01003518991
6777 1.10641140338 1.00156729196
6780 1.13484402774 1.02730562627
6783 1.04362818494 0.944733443472
6786 1.05189407439 0.952216053002
6789 1.10455338357 0.99988533906
6792 1.07918402093 0.976919990225
6795 1.05586633002 0.955811895648
6798 1.0572576073 0.957071334784
6801 1.08395478403 0.981238673368
6804 1.07971391906 0.977399674936
6807 1.08672634979 0.98374760414
6810 1.07147294924 0.969939623638
6813 1.08294187138 0.980321744841
6816 1.09622910258 0.992349871208
6819 1.09487485974 0.99112395711
6822 1.11632465533 1.01054115908
6825 1.12990140291 1.0228313671
6828 1.07244765939 0.970821969751
6831 1.10584457305 1.00105417476
6834 1.09887905853 0.994748715973
6837 1.08277571646 0.980171334844
6840 1.02011911478 0.923452104836
6843 1.03529835057 0.937192948474
6846 1.09922353934 0.995060553599
6849 1.1080210698 1.00302442557
6852 1.11499538097 1.00933784744
6855 1.03802056692 0.9396572062
6858 1.07407979006 0.972299438885
6861 1.02278576109 0.92586605838
6864 1.11381464234 1.0082689962
6867 1.07477230877 0.972926334167
6870 1.10856746195 1.00351904132
6873 1.05297801994 0.953197283312
6876 1.05930033328 0.958920491004
6879 1.08235530274 0.979790759743
6882 1.02630951115 0.929055896076
6885 1.1197364032 1.01362960797
6888 1.10939479971 1.00426798013
6891 1.12584643284 1.01916064807
6894 1.09228365829 0.98877829924
6897 1.09747392012 0.993476729194
6900 1.09557766955 0.991760168297
6903 1.11633635017 1.01055174572
6906 1.08466279097 0.981879589205
6909 1.11745989188 1.01156882004
6912 1.07383566405 0.972078446385
6915 1.04951052014 0.950058365568
6918 1.09065232038 0.987301547743
6921 1.13039236204 1.02327580269
6924 1.06118776429 0.960629068087
6927 1.04858962285 0.949224732982
6930 1.0778356708 0.975699410441
6933 1.03253442887 0.934690937406
6936 1.07247749308 0.970848976389
6939 1.08512779477 0.982300529006
6942 1.06782633169 0.966638561437
6945 0.994128590664 0.899924456104
6948 1.06718759435 0.966060351168
6951 1.02604737098 0.928818596445
6954 1.01288010388 0.916899066326
6957 1.06744097228 0.96628971888
6960 1.05131310335 0.951690135073
6963 1.060528927 0.960032662549
6966 1.03154931268 0.933799171327
6969 1.07306406123 0.971379961038
6972 1.04860926685 0.949242515506
6975 1.01363475082 0.917582202527
6978 0.890226401469 0.805868091588
6981 1.00082296127 0.905984464727
6984 1.06533410891 0.96438250296
6987 1.06266311515 0.961964613937
6990 1.03581607222 0.937661610548
6993 1.07774560445 0.975617878829
6996 1.06208340244 0.961439835104
6999 0.998509999531 0.903890680423
7002 1.03613522584 0.937950521015
7005 0.995885877091 0.90151522117
7008 1.02425523673 0.927196285751
7011 1.01577415481 0.919518875503
7014 1.01965806036 0.923034740169
7017 0.942103434215 0.852829230134
7020 1.05623879491 0.956149065572
7023 0.984259482817 0.890990549974
7026 1.00512071384 0.909874960061
7029 1.02956874976 0.932006287572
7032 1.01988771251 0.923242630365
7035 1.04622719698 0.947086171794
7038 0.971915945501 0.879816692577
7041 1.10480010213 1.00010867845
7044 1.04619763012 0.947059406707
7047 1.0684928343 0.96724190592
7050 1.08917718906 0.985966200624
7053 0.960435305321 0.869423963743
7056 1.08290737868 0.980290520684
7059 1.02924552032 0.931713687514
7062 1.03271555876 0.934854903336
7065 1.03939543775 0.94090179357
7068 0.936314085569 0.847588483132
7071 1.06223920259 0.961580871553
7074 1.06130835852 0.960738234741
7077 1.05416776116 0.954274284041
7080 1.09158680294 0.988147478253
7083 0.993958924285 0.899770867399
7086 0.984350014415 0.891072502751
7089 1.01276728575 0.916796938896
7092 0.991527101399 0.897569485295
7095 1.00764493599 0.91215998562
7098 1.02941885615 0.931870597958
7101 1.01716234206 0.920775517415
7104 1.02410359188 0.927059010848
7107 0.976974571091 0.884395960215
7110 0.972924935214 0.880730069908
7113 0.988578798598 0.894900565178
7116 0.996709381457 0.90226068984
7119 0.97750416564 0.884875370113
7122 0.959797663006 0.86884674474
7125 1.00965234617 0.913977172585
7128 1.00100512855 0.906149369741
7131 0.923360782142 0.835862641373
7134 1.02601514433 0.928789423613
7137 1.04090335945 0.942266823841
7140 0.982384038534 0.889292823751
7143 1.01029636435 0.914560163272
7146 1.00969633069 0.914016989107
7149 0.949353851525 0.859392594185
7152 1.01281167253 0.916837119563
7155 0.970241263745 0.878300704523
7158 1.02361972107 0.926620991887
7161 0.993409628367 0.899273623044
7164 0.926070593908 0.838315669989
7167 0.994482012096 0.900244387141
7170 0.996014580273 0.901631728372
7173 1.0301209398 0.932506151796
7176 0.963010137909 0.871754803875
7179 1.00762345027 0.912140535901
7182 0.94072889237 0.851584940579
7185 0.986731349557 0.893228181355
7188 0.893453072692 0.808789001794
7191 0.970856089317 0.878857268909
7194 0.942861328397 0.853515305875
7197 0.966662616902 0.875061172088
7200 0.975594032047 0.883146241758
7203 0.999658275769 0.904930145417
7206 0.954295904915 0.863866336064
7209 0.950798886288 0.860700696714
7212 1.01595710802 0.919684491974
7215 0.957171629408 0.866469555432
7218 1.02378599714 0.926771511547
7221 0.970281897856 0.878337488125
7224 0.986083643354 0.892641852123
7227 1.02135377713 0.92456976995
7230 1.0121775431 0.916263080562
7233 1.02018986148 0.923516147544
7236 0.981784194329 0.888749821091
7239 1.00153212256 0.906626425522
7242 1.03721370718 0.938926804903
7245 0.945094455296 0.855536820525
7248 1.04735078387 0.948103287018
7251 0.977290539442 0.884681987243
7254 0.969268851424 0.877420438492
7257 1.04451725335 0.945538263304
7260 0.967383921787 0.875714125753
7263 0.957033414065 0.866344437445
7266 0.970799933126 0.878806434107
7269 1.00673716399 0.911338234565
7272 0.979458364265 0.886644387875
7275 1.00408745631 0.908939614544
7278 0.965630261325 0.874126643055
7281 0.969305693663 0.877453789541
7284 0.926024485645 0.838273930968
7287 0.985773979156 0.892361531863
7290 0.89884377948 0.813668882445
7293 0.888089136615 0.803933355047
7296 1.01930589979 0.922715950523
7299 0.959351040182 0.868442444124
7302 0.971776842337 0.879690770901
7305 1.0016480887 0.906731402654
7308 0.94563070469 0.856022254652
7311 0.962439881098 0.871238584892
7314 1.01247031196 0.916528106493
7317 0.968355903875 0.87659400232
7320 0.989358899959 0.895606743735
7323 0.990396246118 0.89654579044
7326 0.92227802259 0.834882484671
7329 0.993682296751 0.899520453232
7332 1.00062129625 0.905801909586
7335 1.00839465306 0.91283865912
7338 1.03678194542 0.938535957115
7341 1.03914668567 0.940676613362
7344 0.96286551026 0.871623881217
7347 1.0195350403 0.922923377558
7350 0.986333742974 0.892868252175
7353 1.00986233959 0.914167266919
7356 0.908401084611 0.822320532445
7359 1.04764186586 0.948366785928
7362 0.95336539334 0.863024000243
7365 0.996994534685 0.902518821802
7368 1.01879772839 0.9222559337
7371 1.0588364076 0.958500527154
7374 1.04337403717 0.94450337887
7377 1.03261404301 0.934763007266
7380 1.07975821852 0.977439776552
7383 1.03134238586 0.933611853001
7386 0.986176258447 0.892725690963
7389 0.957740755312 0.866984750673
7392 1.04177884444 0.943059347421
7395 1.08846070419 0.985317610221
7398 1.05264261457 0.95289366113
