Wave Flux FluxNorm
3600 0.324351370002 0.306049661439
3603 0.243525116166 0.229784074457
3606 0.235434099113 0.222149597593
3609 0.183128060297 0.17279495645
3612 0.247493938744 0.233528953987
3615 0.274457690797 0.258971261158
3618 0.200669568693 0.189346675365
3621 0.226028694607 0.213274898329
3624 0.287141896261 0.270939753192
3627 0.371303243249 0.35035224882
3630 0.288812581177 0.272516168771
3633 0.211340352143 0.199415353854
3636 0.264028096129 0.249130162238
3639 0.333653474934 0.314826889866
3642 0.325069123829 0.306726915603
3645 0.260856806688 0.246137814589
3648 0.219514374997 0.207128152869
3651 0.27975114998 0.263966033928
3654 0.34278892279 0.323446864937
3657 0.366251591124 0.345585639008
3660 0.382927184736 0.361320302867
3663 0.339862376319 0.320685450498
3666 0.348127030876 0.32848376727
3669 0.30584549529 0.288587991121
3672 0.364546465692 0.343976726238
3675 0.36592419886 0.345276720037
3678 0.301684027105 0.28466133612
3681 0.301780582831 0.284752443635
3684 0.347784278907 0.328160355274
3687 0.253337449352 0.239042741221
3690 0.338290396038 0.319202170088
3693 0.363923514784 0.343388925686
3696 0.330767169972 0.312103446286
3699 0.408712461097 0.385650630501
3702 0.393025074244 0.370848413278
3705 0.253909975944 0.239582962678
3708 0.258527364489 0.243939812477
3711 0.334423739873 0.315553692173
3714 0.440093360984 0.415260845454
3717 0.397341300739 0.374921094264
3720 0.198605763172 0.187399321231
3723 0.248998751646 0.234948856975
3726 0.366586429288 0.34590158374
3729 0.316815699017 0.29893919493
3732 0.273333288805 0.257910304182
3735 0.137823792637 0.130047007585
3738 0.220908037757 0.208443177423
3741 0.352948046686 0.333032754551
3744 0.24504294491 0.23121625886
3747 0.20159493761 0.190219829819
3750 0.169233248022 0.159684166776
3753 0.336913462231 0.317902930546
3756 0.376498321571 0.355254191923
3759 0.198267234538 0.187079894266
3762 0.285294377915 0.269196482108
3765 0.292063182833 0.2755833534
3768 0.26752382663 0.252428644179
3771 0.310911285497 0.293367941266
3774 0.359492786413 0.339208203656
3777 0.350058589823 0.330306336917
3780 0.376761840193 0.355502841359
3783 0.379650868504 0.358228854622
3786 0.308811739896 0.291386863707
3789 0.235058629701 0.221795314255
3792 0.285954066417 0.269818947315
3795 0.23175754231 0.218680492577
3798 0.2125470573 0.200553969993
3801 0.283447830792 0.267454127446
3804 0.344900780986 0.325439560346
3807 0.270232710029 0.254984677308
3810 0.308614503828 0.291200756795
3813 0.275917395205 0.260348600924
3816 0.191185476011 0.180397727948
3819 0.19557907633 0.184543416897
3822 0.194233326819 0.183273602059
3825 0.145367354819 0.137164920026
3828 0.163704559394 0.154467437515
3831 0.192771104031 0.181893886015
3834 0.147366336838 0.13905110836
3837 0.196719501723 0.185619493146
3840 0.14518556826 0.136993390876
3843 0.23858602581 0.225123675053
3846 0.215950322764 0.203765204289
3849 0.185591920911 0.175119792342
3852 0.205221392665 0.193641660108
3855 0.184432052511 0.17402537017
3858 0.164922946168 0.15561707613
3861 0.148622210928 0.140236119048
3864 0.228668950788 0.21576617657
3867 0.192914441631 0.18202913571
3870 0.144760380822 0.136592194879
3873 0.177569684072 0.167550214731
3876 0.263061748098 0.248218340939
3879 0.185760533393 0.17527889077
3882 0.157074073924 0.148211080919
3885 0.288391610326 0.272118951437
3888 0.263178113665 0.248328140513
3891 0.333428505534 0.314614614491
3894 0.369082029631 0.34825636843
3897 0.367631407692 0.346887598649
3900 0.346475472455 0.326925398962
3903 0.346165950961 0.326633342393
3906 0.287184843526 0.270980277133
3909 0.368628639027 0.347828560646
3912 0.401097287298 0.378465147168
3915 0.376506627217 0.355262028919
3918 0.349175328453 0.329472914067
3921 0.263536918689 0.248666699762
3924 0.303691053667 0.286555115079
3927 0.21870500716 0.206364454068
3930 0.119988333663 0.11321792442
3933 0.057506307997 0.0542614822099
3936 0.0915341371563 0.0863692719617
3939 0.193043238693 0.182150665325
3942 0.238575052978 0.225113321369
3945 0.280674123015 0.264836927691
3948 0.329059589196 0.310492216716
3951 0.395009407441 0.372720779357
3954 0.39069331017 0.368648220303
3957 0.361199673504 0.340818778683
3960 0.380733889518 0.359250765566
3963 0.219438993671 0.207057024977
3966 0.132259974849 0.124797131347
3969 0.0661604534172 0.0624273126051
3972 0.164991075599 0.155681361319
3975 0.285367754807 0.269265718668
3978 0.391634551814 0.369536351859
3981 0.461296253493 0.435267352822
3984 0.435314782294 0.410751900754
3987 0.493842884423 0.465977521788
3990 0.490235020551 0.462573233665
3993 0.522628711202 0.493139092093
3996 0.483725427242 0.456430947821
3999 0.527026040122 0.497288299255
4002 0.575549800489 0.543074079139
4005 0.466715900339 0.440381193045
4008 0.552443474761 0.521271540842
4011 0.571009479243 0.538789948075
4014 0.581846483124 0.549015467913
4017 0.57833179935 0.545699102149
4020 0.592548488895 0.559113606986
4023 0.576338785158 0.543818544904
4026 0.596525625322 0.562866331253
4029 0.63383768625 0.598073038148
4032 0.475102692971 0.448294756183
4035 0.530748898146 0.50080109292
4038 0.651856426561 0.615075060898
4041 0.588866690683 0.555639556311
4044 0.515732886976 0.48663236863
4047 0.495431521976 0.467476519573
4050 0.613350038804 0.578741417738
4053 0.563635392952 0.531831948752
4056 0.527162894024 0.497417431098
4059 0.521539668399 0.492111499143
4062 0.536089922394 0.505840746869
4065 0.501799661738 0.473485333466
4068 0.55274581016 0.521556816796
4071 0.538812967711 0.508410142822
4074 0.597513029434 0.563798020532
4077 0.413084665089 0.389776130422
4080 0.577340860062 0.544764077168
4083 0.595361282898 0.561767687505
4086 0.574977374847 0.542533952936
4089 0.679710270102 0.641357235644
4092 0.631542982552 0.595907814397
4095 0.611773946026 0.577254256881
4098 0.57391717038 0.541533571102
4101 0.465650922656 0.439376307327
4104 0.559014941535 0.527472208906
4107 0.631820304956 0.596169488729
4110 0.56853611191 0.536456141884
4113 0.610999885881 0.576523873515
4116 0.642922235394 0.606644986495
4119 0.544937492269 0.514189087636
4122 0.583112530688 0.550210078031
4125 0.606024716736 0.571829431089
4128 0.550309427501 0.5192579084
4131 0.538256648808 0.507885214526
4134 0.503882354889 0.475450509483
4137 0.606408834067 0.572191874383
4140 0.636359293138 0.600452361948
4143 0.444947995576 0.419841554556
4146 0.570525501986 0.538333279506
4149 0.546964087787 0.516101331361
4152 0.528462232789 0.498643453942
4155 0.518376173419 0.489126506148
4158 0.550268271599 0.519219074743
4161 0.585406210622 0.552374335784
4164 0.600077764752 0.566218039216
4167 0.539533434643 0.509089957002
4170 0.592097464626 0.558688032016
4173 0.455719122522 0.430004914604
4176 0.518490568529 0.48923444645
4179 0.497999671367 0.469899759689
4182 0.52128815535 0.491874177859
4185 0.611108721945 0.576626568443
4188 0.53993478296 0.509468659014
4191 0.569412829024 0.537283389742
4194 0.589900907569 0.556615416927
4197 0.467300556331 0.440932859494
4200 0.537452146746 0.507126106945
4203 0.522799762564 0.493300491786
4206 0.585982378932 0.552917993473
4209 0.625014792536 0.589747981176
4212 0.617995724191 0.583124967712
4215 0.47805019295 0.451075941818
4218 0.670122345851 0.632310315413
4221 0.721320185064 0.68061928774
4224 0.562449504946 0.530712975143
4227 0.375355734357 0.354176075836
4230 0.68215016322 0.64365945642
4233 0.620278734773 0.585279158138
4236 0.565132704471 0.533244773626
4239 0.590214628681 0.556911436149
4242 0.660708188864 0.623427357532
4245 0.708769667122 0.668776939836
4248 0.589171131898 0.555926819258
4251 0.59005173906 0.556757737666
4254 0.60345359665 0.569403387901
4257 0.660522235861 0.623251897032
4260 0.519739048227 0.490412479978
4263 0.682116864782 0.643628036865
4266 0.735566509667 0.694061755461
4269 0.618266585585 0.5833805456
4272 0.464254098729 0.438058299976
4275 0.546974596658 0.516111247263
4278 0.697846736257 0.65847034149
4281 0.589145315367 0.55590245944
4284 0.642150712112 0.605916996848
4287 0.58302808672 0.550130398861
4290 0.493190136668 0.465361605693
4293 0.627274962209 0.591880619504
4296 0.564677701163 0.532815444135
4299 0.411630532594 0.388404048171
4302 0.425602195041 0.401587351703
4305 0.432548541517 0.40814174667
4308 0.355971761214 0.335885854285
4311 0.424005410609 0.400080666731
4314 0.572421747297 0.540122528108
4317 0.826836837438 0.780182103631
4320 0.776289162464 0.73248660966
4323 0.622877559605 0.587731342816
4326 0.485706244138 0.45829999601
4329 0.785237207987 0.740929756679
4332 0.754006651132 0.711461401568
4335 0.811699523463 0.765898921115
4338 0.584063768534 0.551107641747
4341 0.542457350067 0.511848888853
4344 0.702221242353 0.662598013619
4347 0.746496244596 0.704374773947
4350 0.76366713475 0.720576786962
4353 0.645010238124 0.608615172495
4356 0.75409992449 0.711549411925
4359 0.690094203741 0.651155249984
4362 0.803298796131 0.75797220955
4365 0.847050997514 0.79925566835
4368 0.714003777022 0.673715712139
4371 0.743190586775 0.701255639729
4374 0.637164537029 0.6012121695
4377 0.743072346711 0.701144071427
4380 0.761489787427 0.718522297687
4383 0.491121986006 0.463410151596
4386 0.635393891951 0.599541434067
4389 0.673717133306 0.635702264964
4392 0.695467496084 0.656225351284
4395 0.688182273774 0.649351201742
4398 0.794242933494 0.749427329057
4401 0.688331348462 0.649491864807
4404 0.635848790356 0.599970664573
4407 0.696441538904 0.657144433189
4410 0.765008408474 0.721842378561
4413 0.848521773102 0.800643454598
4416 0.695797230777 0.656536480511
4419 0.835034402614 0.787917116579
4422 0.751525926433 0.709120653157
4425 0.793384688174 0.748617510712
4428 0.803029542747 0.757718148939
4431 0.754886713933 0.71229180633
4434 0.72188417899 0.681151457992
4437 0.80434662515 0.758960914226
4440 0.847166152651 0.799364325793
4443 0.71132828464 0.67119118592
4446 0.860897212385 0.812320602756
4449 0.858579811013 0.81013396206
4452 0.840490834707 0.793065666421
4455 0.712081502342 0.67190190289
4458 0.737872121101 0.696237271473
4461 0.69160244826 0.652578390958
4464 0.807868997385 0.762284534626
4467 0.808755252162 0.763120781978
4470 0.774427745027 0.730730223749
4473 0.888554543191 0.838417353109
4476 0.934344260807 0.881623360142
4479 0.877298513262 0.827796451002
4482 0.776648279757 0.732825463558
4485 0.939364155311 0.886360004275
4488 0.858503519096 0.810061974958
4491 0.843333921989 0.795748330903
4494 0.817427980564 0.7713041468
4497 0.849957652814 0.80199831399
4500 0.906585280182 0.855430695619
4503 0.968560907025 0.913909312845
4506 0.992297775635 0.936306815287
4509 0.955391323179 0.901482830177
4512 0.947690912246 0.894216919264
4515 0.882816124999 0.833002728392
4518 0.878018994889 0.828476279047
4521 0.953700610891 0.899887517281
4524 0.86971556508 0.820641374938
4527 0.77535199913 0.731602326294
4530 0.775545891687 0.731785278355
4533 0.835853026855 0.788689549487
4536 0.821961485094 0.775581845786
4539 0.916434197257 0.864723882006
4542 0.881346222662 0.831615766122
4545 0.854670061988 0.806444822824
4548 0.866236026199 0.817358170996
4551 0.855442010052 0.807173213284
4554 0.810843481671 0.765091181963
4557 0.911395398033 0.859969399864
4560 0.935880056296 0.883072497507
4563 0.903630910995 0.852643028376
4566 0.847632277948 0.799804149709
4569 0.948493417172 0.894974142398
4572 0.873236452796 0.823963594583
4575 0.942827665549 0.889628083998
4578 0.923936064253 0.871802451936
4581 0.815058086926 0.769067975745
4584 0.842628213536 0.795082442447
4587 0.891424044508 0.841124941199
4590 0.944408621254 0.891119833388
4593 0.857348456155 0.808972087093
4596 0.846145892619 0.798401634508
4599 0.889680455194 0.839479734893
4602 0.883245885506 0.833408239421
4605 0.8785581438 0.828985006178
4608 0.979589609949 0.924315715
4611 0.950880242993 0.897226290229
4614 0.924591211477 0.872420632109
4617 0.954863365843 0.900984663131
4620 0.943149040016 0.88993132473
4623 0.959905356102 0.905742156252
4626 0.948395115618 0.894881387564
4629 0.935170254235 0.882402746426
4632 0.964115507507 0.909714747495
4635 0.924837333436 0.872652866498
4638 0.877332279854 0.827828312295
4641 0.92482763509 0.872643715387
4644 0.902949920624 0.85200046327
4647 0.794862818971 0.750012237147
4650 0.897145174625 0.84652325333
4653 0.932899941994 0.880260537832
4656 0.854845753342 0.806610600695
4659 0.995218673509 0.939062899854
4662 0.910335093095 0.858968923229
4665 0.868393119943 0.819393549512
4668 0.735647054628 0.694137755627
4671 0.907011094144 0.855832482789
4674 0.893187474969 0.842788869104
4677 0.954545969034 0.900685175616
4680 0.853511050098 0.805351208832
4683 0.895623832281 0.845087753584
4686 0.91753884868 0.865766202851
4689 0.8954049301 0.844881203082
4692 0.888928683957 0.838770382771
4695 0.947510417361 0.894046608904
4698 0.88334936155 0.833505876771
4701 0.86164624049 0.813027366528
4704 0.860798524764 0.812227483639
4707 0.863684868365 0.814950963678
4710 0.866021228926 0.81715549378
4713 0.901454874644 0.8505897761
4716 0.916230961346 0.864532113796
4719 0.97595724608 0.920888309306
4722 0.964298340131 0.909887263686
4725 0.988027534833 0.932277525225
4728 0.840752274118 0.793312353967
4731 0.861933407801 0.813298330262
4734 0.933914388127 0.88121774327
4737 0.900541551092 0.849727987344
4740 0.928247056909 0.875870194406
4743 0.958277073369 0.904205750289
4746 0.96073464646 0.906524653436
4749 0.971623966595 0.916799537554
4752 0.949039400837 0.895489318627
4755 0.910783773544 0.859392286631
4758 0.94221198686 0.889047145326
4761 0.946606476336 0.893193673261
4764 0.871201092052 0.822043080214
4767 0.878156286682 0.828605824074
4770 0.979014168708 0.923772743355
4773 0.946581884492 0.893170469025
4776 1.00232175851 0.945765189291
4779 1.01112735949 0.954073929274
4782 0.986502854022 0.930838875386
4785 0.958451482404 0.904370318196
4788 0.924814951959 0.872631747908
4791 0.934543840758 0.881811678683
4794 1.021918707 0.96425636893
4797 1.00774700011 0.950884308581
4800 0.91893143195 0.867080208827
4803 1.01084660786 0.953809019217
4806 0.956227908978 0.902272211152
4809 0.939991126823 0.886951598566
4812 0.980656430939 0.925322340016
4815 1.00157644283 0.945061928465
4818 1.02655846322 0.968634324299
4821 1.02514807716 0.967303520062
4824 0.919777509458 0.867878545935
4827 1.0094132705 0.952456558721
4830 0.973538327776 0.918605879829
4833 0.954612524166 0.900747975337
4836 0.986899078508 0.931212742683
4839 0.941124046659 0.888020592763
4842 0.950512873354 0.896879649629
4845 0.988358877031 0.932590171252
4848 0.95120349566 0.897531303183
4851 0.988172247312 0.932414072221
4854 0.941746100289 0.888607546667
4857 0.896520557529 0.845933880606
4860 0.752979782484 0.710492474562
4863 0.781799041948 0.737685591094
4866 0.909043180591 0.857749907614
4869 0.925728346461 0.873493603612
4872 0.810574956265 0.764837808254
4875 0.907040523413 0.855860251494
4878 0.946159244665 0.892771676888
4881 0.979350798005 0.924090378154
4884 0.941062687388 0.887962695724
4887 0.876958563674 0.82747568326
4890 0.872552921907 0.82331863231
4893 0.956244684829 0.902288040416
4896 1.05480620759 0.995288173792
4899 1.01438815397 0.957150731598
4902 0.996018810605 0.939817888765
4905 0.999402175078 0.943010344994
4908 0.986404127423 0.930745719491
4911 0.885093620882 0.835151715288
4914 0.980264704049 0.924952716536
4917 0.983946234963 0.928426514996
4920 0.789683338432 0.745125011712
4923 0.905183628266 0.854108132702
4926 0.95543927495 0.901528076242
4929 1.01974443509 0.96220478154
4932 1.01110120754 0.954049252963
4935 0.928341910104 0.875959695455
4938 0.869211677825 0.820165919805
4941 0.979951273388 0.924656971376
4944 1.02499217105 0.96715641104
4947 0.997695112985 0.94139960484
4950 1.02972340293 0.971620680501
4953 1.00787819559 0.951008101277
4956 0.971435491717 0.916621697478
4959 0.942511806806 0.889330047763
4962 1.02066577615 0.963074135412
4965 0.981563420283 0.926178151976
4968 0.953276277355 0.899487127004
4971 0.957080710461 0.903076892831
4974 1.02984674204 0.971737060133
4977 0.988411255862 0.932639594579
4980 0.937344600916 0.884454404373
4983 0.820178385179 0.773899358287
4986 0.897238184698 0.846611015257
4989 0.981699639797 0.926306685227
4992 0.950357813314 0.896733338939
4995 0.964075840402 0.909677318629
4998 0.960642750277 0.906437942547
5001 0.888989507263 0.838827774088
5004 0.901696954589 0.850818196548
5007 0.855417895115 0.807150459046
5010 0.954851217109 0.900973199896
5013 0.823644601982 0.777169991857
5016 0.879121575562 0.829516645986
5019 0.858032432585 0.809617469768
5022 0.881990328246 0.832223527686
5025 0.934840627414 0.882091718984
5028 0.883948122052 0.834070851875
5031 0.957943637087 0.903891128337
5034 1.01725284831 0.959853783942
5037 0.898277582204 0.847591764174
5040 0.813813229216 0.767893359831
5043 0.894973838949 0.844474436492
5046 1.02949254719 0.971402850925
5049 0.890233141663 0.840001235717
5052 0.906839385502 0.855670462903
5055 1.00389574904 0.94725036652
5058 0.998848659502 0.942488061845
5061 1.03221230644 0.973969146228
5064 0.959223897055 0.905099148915
5067 0.933848040958 0.881155139778
5070 0.967863469148 0.913251228292
5073 0.916258687168 0.864558275172
5076 0.941986761439 0.888834628376
5079 0.857503025104 0.809117934402
5082 0.883058604882 0.833231526212
5085 0.946174551478 0.892786120006
5088 0.948896061343 0.895354067145
5091 0.9774830031 0.922327974628
5094 1.01010069847 0.953105198185
5097 0.917661759381 0.865882178247
5100 0.86948037158 0.820419452364
5103 0.968871205252 0.914202102319
5106 0.931330806825 0.878779941997
5109 0.900886068275 0.850053064951
5112 0.955799664508 0.901868130617
5115 0.965380065879 0.910907952449
5118 1.01534644196 0.958054947644
5121 0.951855528098 0.898146544323
5124 0.855004459527 0.806760351794
5127 0.895113417516 0.844606139259
5130 0.89015810487 0.839930432918
5133 0.931435119556 0.878878368824
5136 0.959188452626 0.905065704458
5139 0.867304052899 0.818365933688
5142 0.873166963987 0.82389802672
5145 0.910112067576 0.85875848205
5148 0.877933217571 0.828395341764
5151 0.903508682674 0.852527696857
5154 0.894360463137 0.843895670755
5157 0.958856854232 0.90475281669
5160 0.983857163115 0.928342469078
5163 0.93020254604 0.877715343962
5166 0.777979728315 0.734081784381
5169 0.731517815987 0.6902415116
5172 0.710438627137 0.670351727843
5175 0.922710940422 0.870646456406
5178 0.979001475737 0.923760766592
5181 0.948025070731 0.894532222669
5184 0.653434568137 0.616564154947
5187 0.941802291317 0.888660567085
5190 0.961381679009 0.907135176809
5193 0.833974387087 0.786916913025
5196 0.876394649254 0.82694358803
5199 0.94649308576 0.893086680812
5202 0.956831574676 0.902841814673
5205 0.873551183252 0.824260566197
5208 0.864724141681 0.815931595413
5211 0.943859264312 0.890601474221
5214 0.969402313979 0.914703242938
5217 0.893192320504 0.842793441227
5220 0.975698598018 0.920644255607
5223 0.95469763622 0.900828284895
5226 0.796394771989 0.751457748854
5229 0.918245278901 0.86643277235
5232 0.950834555632 0.897183180803
5235 0.903978106075 0.852970632779
5238 1.00261945612 0.946046089142
5241 1.00694380322 0.950126432525
5244 0.985547796999 0.929937707993
5247 0.937925192699 0.885002235938
5250 0.899963883455 0.849182914928
5253 0.950210339844 0.896594186742
5256 0.928776443979 0.876369710512
5259 1.03309948188 0.9748062623
5262 0.892995328739 0.842607564834
5265 0.772256169012 0.728681180133
5268 0.866674774091 0.817772162292
5271 0.818833521898 0.772630379674
5274 0.896170629734 0.845603697683
5277 0.965335861497 0.910866242325
5280 0.982562386035 0.927120750522
5283 0.912065901536 0.860602069829
5286 1.02455896603 0.966747649861
5289 1.04144816892 0.982683869972
5292 1.04320571541 0.984342245914
5295 1.00792336681 0.951050723687
5298 0.86350251313 0.814778897941
5301 0.963796937586 0.909414153061
5304 1.029279542 0.971201864675
5307 1.02026331208 0.962694380604
5310 1.06326124251 1.00326612861
5313 1.0435877356 0.984702710403
5316 0.995305825958 0.939145134677
5319 1.00993930135 0.952952907986
5322 1.00181813765 0.94528998552
5325 0.9452517226 0.891915362266
5328 0.801250822783 0.75603979425
5331 0.98370799662 0.928201719386
5334 1.00375829 0.947120663684
5337 1.02076513297 0.963167885964
5340 0.942238659663 0.889072313101
5343 1.01442726191 0.957187632842
5346 0.990633321593 0.934736279
5349 0.958923554779 0.904815753622
5352 1.0343397932 0.975976588352
5355 1.06863555818 1.0083371955
5358 1.07950304154 1.01859147499
5361 1.04782626136 0.988702074961
5364 1.00570054453 0.948953325408
5367 0.999250616288 0.942867337993
5370 0.924518146067 0.872351689456
5373 0.996503754574 0.940275469497
5376 1.05894925803 0.999197450283
5379 1.03462517812 0.976245870268
5382 1.00898810615 0.952055384509
5385 1.03975672589 0.981087867565
5388 1.01898887073 0.961491850327
5391 0.977933628137 0.922753172894
5394 0.959057602535 0.904942237657
5397 0.908635303963 0.857365045655
5400 0.980185917307 0.92487837538
5403 0.98505349293 0.92947129531
5406 0.870471219541 0.821354391171
5409 0.951045500956 0.897382223419
5412 0.997295777847 0.941022802412
5415 0.994796555085 0.9386645997
5418 1.03572625623 0.977284819424
5421 0.981172065657 0.925808879754
5424 0.954852948427 0.900974833523
5427 1.05761579512 0.997939228769
5430 0.920621190551 0.868674621848
5433 0.964129346094 0.909727805232
5436 0.940846427751 0.887758638658
5439 1.06893352866 1.00861835283
5442 1.06211758653 1.00218700407
5445 0.998256453877 0.941929271756
5448 0.973201139089 0.918287717203
5451 1.06550730009 1.00538545113
5454 1.00625683335 0.94947822532
5457 1.01055161835 0.953530674656
5460 1.06041060509 1.00057634002
5463 0.960928276591 0.906707357878
5466 1.02842728278 0.970397694659
5469 1.03610463877 0.977641851517
5472 1.00789388549 0.951022905867
5475 0.978021966281 0.922836526508
5478 0.905846390165 0.854733497887
5481 0.943345258827 0.890116471785
5484 1.01551319848 0.958212294834
5487 0.995982518942 0.939783644879
5490 1.01162623509 0.954544655545
5493 1.00256181388 0.945991699399
5496 1.02214846185 0.964473159737
5499 1.0465952559 0.987540529679
5502 0.981284678122 0.925915137998
5505 1.00618139785 0.949407046308
5508 1.00645683113 0.949666938105
5511 0.989267750403 0.933447760934
5514 0.969082624072 0.914401591713
5517 1.01514580789 0.957865634469
5520 1.04852089101 0.989357509737
5523 1.03677504496 0.978274429661
5526 0.996228732657 0.940015965846
5529 0.96381082682 0.909427258587
5532 1.02650965213 0.968588267396
5535 0.977675910552 0.922509997169
5538 1.00736474977 0.950523626923
5541 1.05216538577 0.992796361831
5544 1.00048990885 0.944036702775
5547 1.01589996611 0.958577238886
5550 1.05979980006 1.0
5553 1.02347072814 0.965720816406
5556 1.02892357749 0.970865985664
5559 1.02690539615 0.968961681344
5562 1.00373082338 0.947094746879
5565 0.990831588497 0.934923358583
5568 0.991758703105 0.935798160228
5571 1.01623483858 0.958893215984
5574 1.00087054445 0.944395860796
5577 1.01499072824 0.957719305275
5580 1.02834641176 0.970321386831
5583 1.02041469772 0.962837224221
5586 0.956938715882 0.902942910377
5589 0.906193435959 0.855060961427
5592 0.974402508582 0.919421298746
5595 0.97106528578 0.916272380619
5598 0.981025733295 0.925670804278
5601 0.939752706012 0.886726630783
5604 0.988501769858 0.932725001271
5607 1.05901009012 0.999254849891
5610 1.04973043321 0.990498802836
5613 1.05000688414 0.990759654876
5616 0.915123699882 0.863487330183
5619 0.993259756287 0.937214515639
5622 1.0274821877 0.969505927104
5625 0.941643922389 0.888511134212
5628 1.01514644235 0.957866233128
5631 1.05711459679 0.99746631084
5634 1.01628663871 0.958942093261
5637 0.969713444235 0.914996817493
5640 0.996996716595 0.940740615859
5643 0.989357987653 0.933532906495
5646 1.01456626191 0.957318789692
5649 1.00484788339 0.948148776153
5652 1.01875412509 0.961270350336
5655 0.965217894248 0.910754931445
5658 0.902784194025 0.851844087888
5661 0.969810877633 0.915088753157
5664 0.98664301957 0.930971132014
5667 0.980092677226 0.924790396423
5670 1.00024539944 0.943805989951
5673 1.05490274901 0.995379267807
5676 1.03123273593 0.973044848538
5679 1.02004736376 0.962490617286
5682 0.975071048416 0.920052115844
5685 0.983372331443 0.927884994305
5688 0.962142104453 0.907852694819
5691 1.01078950564 0.953755139023
5694 1.01692463152 0.959544086968
5697 1.0237206658 0.965956651189
5700 0.981448278214 0.926069506863
5703 0.979420766413 0.924156398555
5706 0.944237748804 0.890958602512
5709 0.895748281016 0.845205180229
5712 0.924504363528 0.872338684605
5715 1.00289368744 0.946304846807
5718 1.01135035799 0.954284344961
5721 1.0442032027 0.985283449425
5724 1.05482839649 0.995309110674
5727 1.01618832978 0.958849331467
5730 1.04084593685 0.98211561919
5733 1.02586213288 0.967977284784
5736 1.05014520208 0.990890168143
5739 1.03594230774 0.977488680111
5742 1.02337865898 0.9656339423
5745 1.04834561406 0.989192122886
5748 0.993117403439 0.93708019513
5751 1.0329069568 0.974624600557
5754 0.944792747905 0.891482285477
5757 1.03868136619 0.980073185645
5760 1.00918987008 0.9522457638
5763 0.973872720834 0.91892140457
5766 1.06283273632 1.00286180112
5769 1.04371033694 0.984818393891
5772 1.02629123747 0.968382176914
5775 1.02214907208 0.964473735532
5778 1.04236471797 0.983548702227
5781 0.93639702151 0.883560292668
5784 0.951818948258 0.898112028521
5787 0.999226896091 0.942844956222
5790 1.0143126357 0.957079474482
5793 1.01349491411 0.956307893297
5796 1.03636552456 0.977888016677
5799 1.02274242183 0.965033605187
5802 1.06128042887 1.0013970835
5805 0.995286848433 0.93912722797
5808 1.021326337 0.963697423739
5811 1.04459597813 0.985654062276
5814 1.03945207427 0.980800406084
5817 1.01374083677 0.956539939635
5820 1.06621481194 1.00605304122
5823 1.05729724141 0.99763864963
5826 1.0626390057 1.00267900186
5829 1.06260562508 1.00264750477
5832 1.05492156764 0.995397024591
5835 1.04004419446 0.981359115565
5838 1.04031564922 0.981615253337
5841 1.07100816552 1.01057592713
5844 1.06386302404 1.00383395428
5847 1.02732474994 0.969357372856
5850 1.04800532966 0.988871039233
5853 0.992859030572 0.936836401098
5856 1.00019703982 0.943760359045
5859 0.982735937654 0.927284509394
5862 1.01693345313 0.959552410816
5865 1.04247663042 0.983654299959
5868 1.03236521181 0.974113423832
5871 1.05537249022 0.995822503607
5874 1.04658585786 0.987531661923
5877 1.0508508744 0.991556022505
5880 1.02221318875 0.964534234379
5883 1.02471852022 0.966898201117
5886 1.03713626264 0.978615265433
5889 0.858568581182 0.810123365879
5892 0.917982443875 0.866184767938
5895 0.892594296741 0.842229161291
5898 0.966517252521 0.911980972696
5901 1.02822843979 0.970210071496
5904 1.0340556183 0.975708448182
5907 1.02328399973 0.965544624252
5910 1.0277870966 0.969793631346
5913 1.02014651841 0.962584177076
5916 0.991499730526 0.935553800322
5919 1.02972481581 0.971622013657
5922 1.02735409845 0.969385065365
5925 1.04583003943 0.986818490979
5928 1.0152771236 0.957989540617
5931 1.00918165449 0.952238011773
5934 1.0121038759 0.954995345203
5937 1.03185136591 0.973628571974
5940 1.02527628206 0.967424490929
5943 1.0116839856 0.954599147445
5946 1.0345741605 0.976197731351
5949 0.981233259345 0.925866620554
5952 1.00058946483 0.944130641257
5955 1.01896067494 0.961465245496
5958 0.997632024316 0.941340075984
5961 1.03356821447 0.975248546386
5964 1.03079895227 0.972635541365
5967 1.01968662165 0.962150230252
5970 1.04059160657 0.981875639634
5973 1.04362209928 0.98473513509
5976 0.980176370633 0.924869367383
5979 1.0122651821 0.955147549603
5982 1.0218642367 0.964204972146
5985 0.969570528006 0.914861965393
5988 1.00501322361 0.948304786954
5991 1.00620298045 0.949427411093
5994 1.03290586028 0.974623565905
5997 0.986862855573 0.931178563647
6000 1.01754429513 0.960128785714
6003 0.994087116118 0.937995191226
6006 0.989899030153 0.934043420368
6009 0.962237691516 0.907942888328
6012 0.990459997799 0.934572735099
6015 0.990098253974 0.934231402872
6018 0.992770529767 0.936752894001
6021 0.951637979551 0.897941271076
6024 0.978187745379 0.922992951428
6027 0.989624949866 0.933784805216
6030 1.0153681395 0.958075420893
6033 1.0243403449 0.966541364546
6036 1.02342803029 0.96568052781
6039 1.02060988821 0.963021400975
6042 0.998844185761 0.942483840537
6045 1.02095531711 0.963347338856
6048 1.02460331173 0.96678949333
6051 1.0293397485 0.971258673986
6054 0.998667393629 0.942317024001
6057 0.996912310123 0.940660972069
6060 1.02446596596 0.96665989737
6063 0.99762332538 0.941331867891
6066 0.972634817745 0.917753350859
6069 1.03318742177 0.974889240126
6072 1.03416367711 0.975810409712
6075 1.0311619743 0.972978079677
6078 0.978652684121 0.923431655739
6081 0.993914454303 0.937832271951
6084 0.981968346609 0.926560230106
6087 0.988860099809 0.933063112253
6090 0.974209893093 0.919239551694
6093 0.983264004551 0.927782779819
6096 1.00839580006 0.951496499624
6099 1.01207137312 0.95496467641
6102 0.927609794365 0.875268889759
6105 0.998833617668 0.942473868755
6108 0.985184465965 0.929594878117
6111 1.00127196563 0.944774631557
6114 1.01352668162 0.95633786831
6117 0.994256926358 0.938155419827
6120 0.987489589649 0.931769933901
6123 0.959526400286 0.905384583232
6126 0.993849482519 0.937770966236
6129 0.974029934587 0.919069747449
6132 1.00619225119 0.949417287238
6135 0.975760977732 0.92070311551
6138 0.889256225244 0.839079442357
6141 0.959867467823 0.905706405841
6144 1.00534256912 0.948615548962
6147 0.991660512773 0.93570551034
6150 0.982108344008 0.926692328073
6153 0.999204378272 0.942823708983
6156 0.97438303722 0.919402926067
6159 0.986599025593 0.930929620422
6162 0.867555523921 0.818603215317
6165 0.951509994392 0.897820507551
6168 0.967916981212 0.913301720908
6171 0.953440680017 0.899642253154
6174 0.979165746347 0.923915768141
6177 0.969925064111 0.915196496599
6180 0.985801361905 0.930176965357
6183 1.01511173778 0.957833486781
6186 0.986829615351 0.931147199024
6189 0.983437174053 0.927946178135
6192 0.926815431463 0.874519349231
6195 1.00835255477 0.95145569448
6198 1.01167979713 0.954595195309
6201 0.976877610479 0.921756741626
6204 1.01452177449 0.957276812505
6207 1.02042663509 0.962848488015
6210 1.01377771584 0.95657473778
6213 0.958749138755 0.90465117912
6216 0.947196966491 0.893750844676
6219 0.954701012236 0.900831470418
6222 0.986249298333 0.930599626719
6225 0.992474296724 0.936473376074
6228 0.981745771034 0.926350213483
6231 0.905251115831 0.854171812243
6234 0.988914826093 0.933114750576
6237 0.979867749332 0.924578160212
6240 0.94869407478 0.895163477788
6243 0.937665225405 0.884756937445
6246 0.919845388515 0.867942594879
6249 0.984885185561 0.929312484779
6252 0.931354654047 0.878802443626
6255 0.916116838806 0.864424430685
6258 0.90939276624 0.858079767697
6261 0.959771366156 0.905615726765
6264 0.976243444462 0.921158358784
6267 0.984884986297 0.929312296758
6270 0.955600017549 0.90167974885
6273 0.985916366703 0.930285480944
6276 0.960856004731 0.906639163998
6279 0.91114411862 0.859732299033
6282 0.933678335518 0.880995010063
6285 0.978284351923 0.923084106892
6288 0.988694539512 0.932906893789
6291 0.942933188293 0.889727652563
6294 0.966665590107 0.91212094025
6297 0.936398704321 0.883561880525
6300 0.934862043946 0.882111927077
6303 0.922171271847 0.870137238934
6306 0.973244811247 0.918328925135
6309 0.975118359357 0.920096757239
6312 0.953676219401 0.899864502095
6315 0.900870622518 0.85003849073
6318 0.894391689793 0.843925135429
6321 0.94627284613 0.892878868327
6324 0.972077585474 0.917227560733
6327 0.973196981192 0.918283793918
6330 0.963469147698 0.909104858902
6333 0.983685957349 0.928180923693
6336 0.906436649115 0.855290451144
6339 0.940705211277 0.887625390403
6342 0.967218268924 0.912642433854
6345 0.946132864153 0.892746784912
6348 0.976514955402 0.921414549566
6351 0.990885093701 0.934973844725
6354 0.957869347732 0.903821030801
6357 0.962121071971 0.907832849107
6360 0.930206688689 0.87771925286
6363 0.914211209534 0.862626327616
6366 0.954769653755 0.9008962388
6369 0.971238299014 0.916435631484
6372 0.981825478778 0.926425423672
6375 0.987109938875 0.931411705135
6378 0.973495212331 0.918565197197
6381 0.961919446766 0.907642600718
6384 0.969419600546 0.9147195541
6387 0.987532362306 0.931810293086
6390 0.9853063113 0.92970984826
6393 0.913004556432 0.861487760595
6396 0.983694501092 0.92818898535
6399 0.931707637398 0.879135509693
6402 0.969989162406 0.915256978111
6405 0.983928745757 0.928410012629
6408 0.924197919843 0.872049532177
6411 0.941082203008 0.887981110164
6414 0.958591787686 0.904502706674
6417 0.961201266924 0.906964944578
6420 0.914796173961 0.863178285096
6423 0.974663150907 0.919667234181
6426 0.983183487546 0.927706806032
6429 0.972531209913 0.917655589158
6432 0.929908567468 0.877437953297
6435 0.981904365389 0.926499859062
6438 0.934247839651 0.881532379604
6441 0.978605838481 0.923387453391
6444 0.984292667216 0.928753399615
6447 0.986944370187 0.931255478753
6450 0.874651687176 0.825298973568
6453 0.972113101321 0.917261072579
6456 0.919026518049 0.867169929639
6459 0.98214314638 0.926725166701
6462 0.905482845519 0.854390466452
6465 0.966279253957 0.911756403334
6468 0.966816892164 0.912263705003
6471 0.934106028411 0.881398570144
6474 0.96136379578 0.907118302651
6477 0.972115674428 0.917263500496
6480 0.965057327601 0.910603424861
6483 0.916660481033 0.864937397593
6486 0.973178288905 0.918266156353
6489 0.969765324084 0.915045769993
6492 0.926816451565 0.874520311773
6495 0.809941115021 0.764239731858
6498 0.881354768095 0.831623829374
6501 0.935871636802 0.883064553088
6504 0.961332798889 0.907089054777
6507 0.974621269958 0.919627716389
6510 0.97098852494 0.916199951052
6513 0.969399169438 0.914700275829
6516 0.928279474422 0.875900782742
6519 0.931527130383 0.878965187888
6522 0.964928816725 0.910482165283
6525 0.966862174477 0.912306432237
6528 0.943949793339 0.890686895097
6531 0.959150845808 0.905030219627
6534 0.945088822316 0.891761653723
6537 0.964495352143 0.910073159184
6540 0.971183808396 0.91638421553
6543 0.948320998277 0.894811452337
6546 0.913582670521 0.862033254271
6549 0.957341304268 0.903322782486
6552 0.943189523799 0.889969524193
6555 0.906661197748 0.855502329494
6558 0.914004282619 0.862431076669
6561 0.771978361564 0.728419048126
6564 0.699742783736 0.660259403424
6567 0.93136599216 0.87881314198
6570 0.909025845593 0.857733550753
6573 0.902949099968 0.851999688919
6576 0.926463964828 0.874187714299
6579 0.954242195665 0.90039854283
6582 0.931124999339 0.878585747315
6585 0.940062783476 0.887019211953
6588 0.955644918322 0.901722116072
6591 0.941628952085 0.888497008616
6594 0.884452952953 0.834547197408
6597 0.934498192561 0.881768606211
6600 0.954981426751 0.901096062386
6603 0.949980200053 0.896377032719
6606 0.929461825796 0.877016419275
6609 0.89788932621 0.847225415743
6612 0.945864600615 0.892493658294
6615 0.951361874246 0.897680745167
6618 0.950971093911 0.897312014833
6621 0.960538795308 0.906339853295
6624 0.938576003841 0.885616324695
6627 0.941015279322 0.887917962685
6630 0.945016666864 0.891693569683
6633 0.892349754125 0.84199841713
6636 0.932794368393 0.88016092128
6639 0.936297518039 0.883466403736
6642 0.93368743627 0.8810035973
6645 0.92062004303 0.868673539076
6648 0.93403553468 0.881332054061
6651 0.952030755284 0.898311884217
6654 0.945129958475 0.89180046875
6657 0.948645188946 0.895117350364
6660 0.941997912759 0.888845150477
6663 0.89363679092 0.84321283215
6666 0.932305962217 0.879700073697
6669 0.939182360538 0.886188467374
6672 0.942029687904 0.888875132691
6675 0.944768854851 0.891459740602
6678 0.880828459064 0.831127217626
6681 0.941530825021 0.888404418427
6684 0.952532952564 0.898785744732
6687 0.953415761285 0.899618740475
6690 0.953303819957 0.8995131155
6693 0.946871882584 0.893444103812
6696 0.916003452898 0.86431744264
6699 0.92760985308 0.875268945161
6702 0.938690926199 0.885724762494
6705 0.916287194119 0.864585173603
6708 0.937277860699 0.88439143001
6711 0.928511019197 0.876119262473
6714 0.909216345825 0.857913301903
6717 0.879227520146 0.829616612587
6720 0.924509646071 0.872343669077
6723 0.890540740182 0.840291477817
6726 0.919386503878 0.867509603065
6729 0.937686616234 0.884777121284
6732 0.934198372943 0.881485704083
6735 0.930962985977 0.878432875647
6738 0.910286572626 0.858923140554
6741 0.919194569202 0.867328498411
6744 0.916956084916 0.86521632186
6747 0.923328769537 0.871229424166
6750 0.90261470094 0.851684158546
6753 0.921849623299 0.869833739587
6756 0.927300287462 0.874976846957
6759 0.938843974874 0.885869175312
6762 0.935360915293 0.882582649327
6765 0.935296828554 0.882522178718
6768 0.899072208724 0.848341553446
6771 0.905827878081 0.854716030358
6774 0.926181043321 0.873920756796
6777 0.928942688907 0.876526574977
6780 0.93964511985 0.886625115232
6783 0.908798602788 0.857519130252
6786 0.901199809603 0.850349103248
6789 0.920845327682 0.868886111915
6792 0.90216887265 0.851263486367
6795 0.904849746268 0.853793090183
6798 0.917483949724 0.8657144016
6801 0.929920492333 0.877449205294
6804 0.91731225166 0.865552391696
6807 0.918782317665 0.866939508399
6810 0.916101826842 0.864410265779
6813 0.930575516973 0.8780672698
6816 0.930442113362 0.877941393563
6819 0.929044053093 0.876622219632
6822 0.940021484923 0.886980243694
6825 0.944598711186 0.891299197389
6828 0.911913390289 0.860458164115
6831 0.939269976825 0.886271139863
6834 0.934000493261 0.881298989874
6837 0.925248511357 0.873040843473
6840 0.890181783069 0.839952775061
6843 0.882777997308 0.832966752077
6846 0.931147189882 0.878606685744
6849 0.931573581297 0.879009017783
6852 0.936702111329 0.883848167622
6855 0.886688045161 0.83665617328
6858 0.905774519437 0.854665682506
6861 0.904827533198 0.853772130498
6864 0.923091622901 0.871005658662
6867 0.860110920707 0.811578678028
6870 0.858769506641 0.810312954006
6873 0.859489100348 0.810991944233
6876 0.863611972078 0.814882180606
6879 0.891479535741 0.841177301308
6882 0.870685814806 0.821556877777
6885 0.88523181429 0.835282111056
6888 0.88723418178 0.837171493833
6891 0.905484122611 0.854391671484
6894 0.89067355502 0.840416798503
6897 0.886487815648 0.83646724183
6900 0.891189290992 0.840903433782
6903 0.898795221176 0.848080195076
6906 0.895300330468 0.844782505543
6909 0.907504294678 0.856297854205
6912 0.896690612632 0.846094340253
6915 0.873128183479 0.823861434424
6918 0.886823868059 0.836784332295
6921 0.915625827808 0.863961125258
6924 0.878707437566 0.829125875959
6927 0.896133148179 0.845568331046
6930 0.907014987603 0.855836156557
6933 0.878187460581 0.828635238968
6936 0.905684450017 0.854580695304
6939 0.910232446974 0.858872068973
6942 0.909722567345 0.858390959588
6945 0.866709120648 0.817804570825
6948 0.8988637866 0.848144891657
6951 0.875841351558 0.826421510467
6954 0.878835923154 0.829247111676
6957 0.899614784896 0.848853514452
6960 0.892819325089 0.842441492288
6963 0.90277608807 0.851836439316
6966 0.887157018486 0.837098684522
6969 0.902725935807 0.851789116922
6972 0.890522451396 0.840274220986
6975 0.885086133318 0.835144650214
6978 0.81463931637 0.768672834552
6981 0.872167403549 0.822954867042
6984 0.911653461561 0.860212902012
6987 0.897756598257 0.84710017704
6990 0.899465532771 0.848712683962
6993 0.898869757746 0.848150525878
6996 0.902709705607 0.851773802521
6999 0.866760698669 0.817853238527
7002 0.889913684285 0.839699803902
7005 0.865397572569 0.816567027585
7008 0.891015672399 0.840739611716
7011 0.885895928083 0.835908751854
7014 0.882290578663 0.832506836304
7017 0.829254080198 0.782462952108
7020 0.897350574861 0.846717063742
7023 0.853557046397 0.805394609764
7026 0.875556317023 0.826152559166
7029 0.884383105233 0.834481290884
7032 0.888931682151 0.838773211791
7035 0.888430207496 0.838300033126
7038 0.861293256786 0.812694300129
7041 0.919898774013 0.86799296807
7044 0.899583197874 0.848823709745
7047 0.904182598559 0.853163586658
7050 0.907261954059 0.856069187792
7053 0.863487688745 0.81476491003
7056 0.908980700409 0.857690952912
7059 0.888163533515 0.838048406374
7062 0.889833468837 0.839624114656
7065 0.889691875399 0.839490510707
7068 0.852573893618 0.804466931934
7071 0.897962913699 0.847294851016
7074 0.904235724296 0.853213714746
7077 0.902965827161 0.852015472271
7080 0.919336733707 0.867462641204
7083 0.872903159146 0.823649107215
7086 0.866349194199 0.817464953428
7089 0.885820325881 0.835837415549
7092 0.878162313178 0.828611510522
7095 0.8864194247 0.83640270988
7098 0.898861406847 0.848142646183
7101 0.89926171779 0.848520369356
7104 0.902437135698 0.851516612521
7107 0.879747276227 0.830107041139
7110 0.874542242017 0.825195703913
7113 0.879316931237 0.829700978607
7116 0.879547059637 0.829918121882
7119 0.879143109654 0.829536965005
7122 0.854096010443 0.80590316246
7125 0.898320818336 0.847632560683
7128 0.884233723458 0.834340338061
7131 0.838368126807 0.791062733508
7134 0.883710606344 0.833846738124
7137 0.897548503012 0.846903823686
7140 0.871351827039 0.822185309895
7143 0.879730199925 0.830090928377
7146 0.877791554746 0.828261672343
7149 0.846543343354 0.798776658862
7152 0.883815131531 0.833945365418
7155 0.871897867591 0.822700539802
7158 0.886448406911 0.836430056753
7161 0.876281170759 0.826836512622
7164 0.81311490966 0.767234443349
7167 0.849438761452 0.801508701364
7170 0.859756171468 0.811243945715
7173 0.864564035305 0.81578052313
7176 0.829524930459 0.782718519491
7179 0.853655625551 0.805487626534
7182 0.823445794552 0.776982402248
7185 0.837880008394 0.790602157452
7188 0.798734836999 0.753665774379
7191 0.827173249786 0.780499533723
7194 0.827076299446 0.780408053861
7197 0.838831820488 0.791500263013
7200 0.8482574711 0.800394065985
7203 0.847508723667 0.799687567047
7206 0.821568828082 0.775211344667
7209 0.824668967375 0.778136556856
7212 0.860425694256 0.811875690303
7215 0.845168595365 0.797479481801
7218 0.843445297836 0.795853422306
7221 0.824024077265 0.777528055033
7224 0.825710531232 0.779119349886
7227 0.849720911047 0.80177493051
7230 0.858224538579 0.809798736073
7233 0.855422409482 0.807154718687
7236 0.831279827153 0.784374395151
7239 0.830070729408 0.783233521427
7242 0.851948418434 0.803876749539
7245 0.826995935482 0.780332224479
7248 0.859761049414 0.81124854842
7251 0.831216892798 0.784315011902
7254 0.851987227173 0.803913368473
7257 0.861848640602 0.8132183461
7260 0.835326307598 0.78819255066
7263 0.80674186495 0.761221001272
7266 0.836923121383 0.789699263328
7269 0.841592085963 0.794104778955
7272 0.836593433501 0.789388178271
7275 0.828530847842 0.781780528545
7278 0.838794898461 0.791465424331
7281 0.842152531978 0.794633601488
7284 0.812029740555 0.766210505521
7287 0.830991806375 0.784102626108
7290 0.765294096582 0.722111946557
7293 0.780102313093 0.736084601119
7296 0.83510215086 0.787981042092
7299 0.82897764911 0.782202118799
7302 0.825656623121 0.779068483571
7305 0.843541887129 0.795944561494
7308 0.805875839852 0.760403842128
7311 0.805755639892 0.760290424519
7314 0.851574728442 0.803524145215
7317 0.832054538664 0.785105393129
7320 0.831876397665 0.784937303837
7323 0.841067144729 0.793609457826
7326 0.801923594481 0.756674604426
7329 0.835443904335 0.788303511935
7332 0.838758081287 0.791430684587
7335 0.841702358144 0.794208828966
7338 0.850956710792 0.802940999559
7341 0.847223707945 0.799418633498
7344 0.828149121188 0.781420341031
7347 0.848450459285 0.800576164703
7350 0.835408971745 0.788270550436
7353 0.835712487688 0.788556940321
7356 0.797497123966 0.752497900001
7359 0.845413067825 0.797710159766
7362 0.819570174025 0.77332546579
7365 0.832904875913 0.785907749621
7368 0.851077655005 0.803055119426
7371 0.847749654163 0.799914902904
7374 0.837267720823 0.790024418552
7377 0.8382627723 0.790963323689
7380 0.8623611466 0.813701933659
7383 0.849207431362 0.801290424205
7386 0.803838555127 0.75848151234
7389 0.791066396576 0.746430030022
7392 0.851533865463 0.803485587953
7395 0.853120708528 0.804982892505
7398 0.861679002053 0.813058279502
