Wave Flux FluxNorm
3600 0.66200351669 0.6323381921
3603 0.518971624575 0.49571576368
3606 0.491343794274 0.469325975977
3609 0.403072208383 0.385009966124
3612 0.525872978916 0.50230785846
3615 0.557251927729 0.532280671689
3618 0.409609416397 0.391254232495
3621 0.474649273421 0.453379560485
3624 0.56255233219 0.537343557444
3627 0.697493527745 0.66623784499
3630 0.55216279595 0.527419591186
3633 0.456339012103 0.43588980817
3636 0.53168824326 0.50786253249
3639 0.628510598541 0.600346139525
3642 0.605276304903 0.578153007822
3645 0.508046059485 0.485279788791
3648 0.457114996043 0.43663101916
3651 0.558329564945 0.53331001844
3654 0.663111353356 0.63339638502
3657 0.6838699109 0.653224721905
3660 0.713055203078 0.68110217939
3663 0.652299461958 0.623068989943
3666 0.656593654418 0.627170753495
3669 0.599557831752 0.572690787634
3672 0.701919485648 0.670465469388
3675 0.685503290657 0.654784907579
3678 0.574544894432 0.548798715816
3681 0.570407004835 0.544846250972
3684 0.642493671209 0.613702610704
3687 0.527584361878 0.503942551904
3690 0.647492529628 0.618477463126
3693 0.686892124155 0.656111505461
3696 0.65886552497 0.629340818278
3699 0.740402053673 0.70722357849
3702 0.714744490462 0.68271576739
3705 0.511213832591 0.488305609452
3708 0.513826387683 0.490801092213
3711 0.641668406861 0.612914327632
3714 0.797064666157 0.761347058252
3717 0.731100869971 0.698339194136
3720 0.417536208762 0.398825813955
3723 0.5061749704 0.483492545884
3726 0.691351758959 0.66037129765
3729 0.648346515853 0.619293181007
3732 0.55685919973 0.531905542394
3735 0.317168447943 0.302955676076
3738 0.465600901394 0.444736658952
3741 0.683700328044 0.653062738299
3744 0.507071831373 0.484349217235
3747 0.433485792915 0.414060674425
3750 0.37038088998 0.353783592464
3753 0.664170651952 0.63440821493
3756 0.765375677762 0.731078098759
3759 0.474238691997 0.452987377802
3762 0.615657512999 0.588069019133
3765 0.619687889672 0.591918788862
3768 0.571244873481 0.545646573525
3771 0.587423109259 0.561099839415
3774 0.727773176226 0.695160619107
3777 0.732713671704 0.699879723916
3780 0.794714665631 0.759102364612
3783 0.813843735628 0.777374233617
3786 0.685976032987 0.655236465648
3789 0.594094656392 0.567472424977
3792 0.656745492099 0.627315787113
3795 0.549966417328 0.525321635431
3798 0.46148599815 0.440806150409
3801 0.635477254308 0.607000609481
3804 0.76379679604 0.729569968985
3807 0.641876432617 0.613113031456
3810 0.776287642572 0.741501082816
3813 0.637771239011 0.609191797448
3816 0.485863101873 0.464090881242
3819 0.558672826937 0.533637898371
3822 0.519047375484 0.495788120082
3825 0.397523606287 0.379710004825
3828 0.386668974514 0.36934178463
3831 0.431017634692 0.411703117903
3834 0.336357608016 0.321284942436
3837 0.401635139379 0.383637294238
3840 0.356145463085 0.340186075412
3843 0.587298059105 0.560980392937
3846 0.616304921627 0.588687416454
3849 0.608294337448 0.581035798011
3852 0.631930303983 0.603612603075
3855 0.558054210387 0.533047002914
3858 0.504758029224 0.48213909987
3861 0.4544814408 0.434115477294
3864 0.682160274208 0.651591696479
3867 0.61658694246 0.58895679953
3870 0.516429598002 0.493287648954
3873 0.485998462456 0.464220176124
3876 0.672872923568 0.642720525307
3879 0.505398238058 0.482750620029
3882 0.490164773768 0.468199789066
3885 0.577631487174 0.551746993922
3888 0.478343981765 0.456908703663
3891 0.624486803471 0.596502656468
3894 0.672291872688 0.642165512148
3897 0.72419146947 0.691739413755
3900 0.690641982405 0.659693327199
3903 0.652515506692 0.623275353402
3906 0.58252330037 0.556419597971
3909 0.768356520882 0.733925366034
3912 0.809197325847 0.772936036105
3915 0.774479902914 0.739774350558
3918 0.739382536507 0.706249747347
3921 0.591620202573 0.565108854973
3924 0.664213437977 0.634449083653
3927 0.511569217481 0.488645069038
3930 0.306374843722 0.2926457487
3933 0.15771294377 0.150645601149
3936 0.239074695387 0.228361416286
3939 0.457618635542 0.437112089852
3942 0.553239803781 0.528448336754
3945 0.585668496985 0.559423853827
3948 0.689216086041 0.658331327291
3951 0.788193201546 0.752873136661
3954 0.764652905489 0.730387714945
3957 0.716216190871 0.684121518799
3960 0.725975293882 0.693443302443
3963 0.474986160515 0.453701351187
3966 0.325526929528 0.310939602145
3969 0.173214347364 0.165452364672
3972 0.388485778473 0.371077175004
3975 0.584286974931 0.558104239752
3978 0.751915691454 0.718221273692
3981 0.860025437472 0.821486467338
3984 0.811662013484 0.775290277564
3987 0.837053522469 0.799543956708
3990 0.898577388689 0.858310850472
3993 0.943100849562 0.900839151372
3996 0.877661279825 0.838332022367
3999 0.916761493807 0.875680099827
4002 0.97761295545 0.933804720425
4005 0.825511791558 0.78851942727
4008 0.938725688741 0.896660047765
4011 0.97274419672 0.929154137738
4014 0.979501796016 0.935608919343
4017 0.946764993538 0.904339099814
4020 1.00409784623 0.959102785366
4023 0.983458720149 0.939388528045
4026 0.988240980461 0.943956488431
4029 1.01413585164 0.968690973386
4032 0.827596021773 0.790510260147
4035 0.890543841874 0.850637298381
4038 1.06797531081 1.02011780938
4041 0.979503716276 0.935610753553
4044 0.875479261083 0.836247783006
4047 0.816251127668 0.779673746976
4050 1.0180798789 0.972458263144
4053 0.938169802435 0.89612907152
4056 0.897144241172 0.856941924345
4059 0.88120505745 0.841716998247
4062 0.892208789436 0.852227637262
4065 0.833068680894 0.795737681584
4068 0.927514733268 0.885951471245
4071 0.858922698736 0.820433143902
4074 0.967143534071 0.923804448794
4077 0.793737373593 0.758168866427
4080 0.94665262857 0.904231770081
4083 0.962615445381 0.919479270236
4086 0.945147141547 0.902793746085
4089 1.06180600864 1.01422496247
4092 0.981092400609 0.937128246668
4095 0.946395396696 0.903986065135
4098 0.87047660948 0.831469307377
4101 0.662786873134 0.633086445221
4104 0.805441060886 0.76934809475
4107 0.952779167082 0.910083769638
4110 0.928727230532 0.887109634772
4113 0.990459654898 0.946075740892
4116 1.05359189952 1.00637893932
4119 0.944163358151 0.901854047431
4122 0.984337955893 0.940228363977
4125 1.00986932138 0.964615632456
4128 0.94347595966 0.901197452249
4131 0.938153602897 0.896113597907
4134 0.880655818412 0.841192371396
4137 1.02711914256 0.981092464473
4140 1.06725929517 1.01943387942
4143 0.852581322205 0.814375933525
4146 1.00412168747 0.959125558244
4149 0.985749816162 0.941576956768
4152 0.984170286186 0.94006820779
4155 0.911537257772 0.870689969282
4158 0.953737734993 0.91099938275
4161 1.01056750185 0.965282526454
4164 1.0571314026 1.0097598322
4167 0.969115827465 0.925688360899
4170 1.00571538172 0.960647836776
4173 0.831176447503 0.793930241878
4176 0.930035787952 0.888359553862
4179 0.947201684349 0.904756221885
4182 0.910319286839 0.869526577368
4185 0.975409353281 0.931699864821
4188 0.858564895687 0.820091374519
4191 0.974131994237 0.930479746062
4194 1.03405010901 0.987712844397
4197 0.889148078237 0.84930408091
4200 0.876150935357 0.836889358595
4203 0.900226811307 0.859886360103
4206 0.996967819334 0.95229226517
4209 1.0173522418 0.971763232509
4212 1.04336592799 0.996611208205
4215 0.944632869023 0.902302518849
4218 0.977038993602 0.933256478627
4221 1.04820673741 1.00123509403
4224 0.895571996885 0.855440134573
4227 0.637809016409 0.609227881987
4230 1.01313599435 0.967735921131
4233 0.954418949049 0.911650070629
4236 0.864425525603 0.825689381225
4239 0.898573976867 0.858307591539
4242 0.976630928183 0.932866699204
4245 1.016368389 0.970823467553
4248 0.880648803099 0.841185670449
4251 0.879649456175 0.840231105691
4254 0.909332891578 0.86858438389
4257 1.00035480713 0.955527477199
4260 0.784937756598 0.749763572858
4263 0.998230087449 0.953497969245
4266 1.02634524009 0.980353241676
4269 0.919831326692 0.878612369109
4272 0.719940934114 0.687679350969
4275 0.826450483005 0.78941605461
4278 1.00295597197 0.958012080123
4281 0.886850447491 0.847109410284
4284 0.94413016617 0.901822342829
4287 0.863451333628 0.824758844187
4290 0.757671761101 0.723719405624
4293 0.911601651744 0.870751477668
4296 0.843881412039 0.806065878778
4299 0.633970306125 0.605561189802
4302 0.639027273702 0.610391547428
4305 0.672686684783 0.642542632148
4308 0.563423426357 0.538175616635
4311 0.638351870802 0.609746410298
4314 0.842426711118 0.804676365087
4317 1.11074947045 1.06097519773
4320 1.06882069046 1.02092530635
4323 0.874431951166 0.835247404544
4326 0.7187044445 0.686498270223
4329 1.04521059381 0.99837321191
4332 1.02631812741 0.980327343953
4335 1.03984250721 0.993245676946
4338 0.779835705595 0.744890152059
4341 0.65550311589 0.626129083559
4344 0.893285368266 0.853255973054
4347 0.993072849867 0.948571834857
4350 1.02119801039 0.975436666705
4353 0.88529605097 0.845624668495
4356 0.998079942388 0.953354552399
4359 0.973289619958 0.929675119781
4362 1.07839390888 1.03006953517
4365 1.11037228541 1.0606149149
4368 0.998986457229 0.954220445014
4371 1.00646032737 0.961359400342
4374 0.916812664911 0.875728977881
4377 1.0001678832 0.955348929594
4380 1.02412876359 0.97823608866
4383 0.723201869618 0.690794159288
4386 0.896577611506 0.856400686165
4389 0.945421261737 0.903055582557
4392 0.979184901943 0.935306225746
4395 0.95351713723 0.910788670288
4398 1.07598298129 1.02776664469
4401 0.948070803588 0.905586394647
4404 0.881816311377 0.842300861011
4407 0.976636186309 0.932871721705
4410 1.05204810732 1.00490432666
4413 1.12004185269 1.06985117503
4416 0.953641571141 0.910907528138
4419 1.12116648479 1.07092541075
4422 1.05053698982 1.0034609245
4425 1.06695289714 1.01914121153
4428 1.09934874734 1.05008535733
4431 1.04166436913 0.994985898631
4434 0.995833147732 0.951208439826
4437 1.06671570766 1.01891465085
4440 1.11389154718 1.06397647351
4443 0.983963967807 0.939871134832
4446 1.12697226804 1.07647102855
4449 1.11392389709 1.06400737377
4452 1.09519167135 1.04611456586
4455 0.921056374962 0.879782521214
4458 0.973156288978 0.929547763552
4461 0.964677180067 0.921448615641
4464 1.06848066371 1.02060051668
4467 1.06639046468 1.01860398247
4470 1.03035176235 0.984180225946
4473 1.14446126672 1.09317632019
4476 1.14068278931 1.08956716176
4479 1.12596830562 1.07551205513
4482 0.988251416164 0.943966456496
4485 1.16416678905 1.11199880987
4488 1.10347924242 1.05403075903
4491 1.07921351682 1.0308524153
4494 1.08392467478 1.03535245953
4497 1.11587976597 1.06587559737
4500 1.14229658791 1.09110864373
4503 1.17997987238 1.12710328632
4506 1.21668167883 1.16216043232
4509 1.18515242034 1.13204404501
4512 1.17907910255 1.12624288128
4515 1.12233932725 1.07204569647
4518 1.12323769775 1.0729038097
4521 1.1698426673 1.1174203439
4524 1.1169798507 1.06692638573
4527 1.00521754344 0.960172307342
4530 1.00121447359 0.95634862077
4533 1.0490153251 1.00200744775
4536 1.04489817578 0.998074793776
4539 1.15977942165 1.10780804668
4542 1.12557638507 1.0751376971
4545 1.0922141331 1.04327045537
4548 1.06349002216 1.01583351292
4551 1.07130432985 1.02329765031
4554 1.06036454673 1.01284809452
4557 1.11494938517 1.06498690827
4560 1.16749252848 1.11517551816
4563 1.14298792855 1.09176900441
4566 1.08499014621 1.03637018566
4569 1.16196201099 1.10989283107
4572 1.0967937117 1.0476448165
4575 1.16453710829 1.11235253458
4578 1.15304854714 1.10137879229
4581 1.0422594018 0.99555426704
4584 1.06542230333 1.01767920582
4587 1.09759585781 1.04841101729
4590 1.13875744497 1.08772809485
4593 1.07985006962 1.03146044326
4596 1.07793699265 1.029633094
4599 1.10029779749 1.05099187919
4602 1.09599449644 1.04688141522
4605 1.10092402424 1.05159004383
4608 1.16279187597 1.11068550861
4611 1.13757010964 1.08659396571
4614 1.12330446799 1.07296758787
4617 1.12930697631 1.07870111521
4620 1.13318716405 1.08240742618
4623 1.14915312639 1.09765793092
4626 1.13298950837 1.08221862774
4629 1.13847945945 1.08746256625
4632 1.14897010068 1.09748310684
4635 1.12821569684 1.07765873753
4638 1.07773159873 1.02943690408
4641 1.11721134893 1.06714751019
4644 1.10198580357 1.0526042433
4647 1.01385077904 0.968418675301
4650 1.08827388717 1.03950677749
4653 1.11949418714 1.06932805116
4656 1.07040101459 1.0224348139
4659 1.16783996559 1.11550738612
4662 1.1182046549 1.06809630471
4665 1.07124261194 1.02323869807
4668 0.94033356215 0.898195870067
4671 1.10247056476 1.05306728165
4674 1.08499937953 1.03637900522
4677 1.1304281501 1.0797720476
4680 1.04706644976 1.0001459043
4683 1.08996787321 1.04112485359
4686 1.11329854819 1.06341004765
4689 1.09703986028 1.0478799348
4692 1.08014811247 1.03174513038
4695 1.12115017338 1.07090983028
4698 1.06494712344 1.01722531941
4701 1.0357328455 0.989320175055
4704 1.01142444441 0.966101068197
4707 1.03889607214 0.992341652988
4710 1.05447322541 1.00722077174
4713 1.08337096913 1.03482356623
4716 1.09988392541 1.05059655331
4719 1.151452861 1.09985461112
4722 1.13683624844 1.08589298989
4725 1.16685446532 1.11456604753
4728 1.04506697573 0.998236029561
4731 1.0485335226 1.0015472355
4734 1.1035969107 1.05414315442
4737 1.06518854561 1.01745592311
4740 1.11454208056 1.06459785556
4743 1.13543582822 1.0845553245
4746 1.13355804411 1.08276168658
4749 1.13919131758 1.088142525
4752 1.11158355178 1.06177190269
4755 1.07668495629 1.02843716318
4758 1.11163657185 1.06182254685
4761 1.10607547591 1.05651065158
4764 1.05030080447 1.00323532295
4767 1.05337181551 1.00616871759
4770 1.13494982371 1.08409109854
4773 1.11346333711 1.06356745215
4776 1.15353297045 1.1018415079
4779 1.1591211501 1.10717927322
4782 1.13523919265 1.08436750045
4785 1.11594119648 1.0659342751
4788 1.08658863362 1.03789704257
4791 1.10291460292 1.05349142182
4794 1.16593918414 1.1136917814
4797 1.15545319852 1.1036756878
4800 1.08858852576 1.03980731668
4803 1.14677961456 1.09539077955
4806 1.10852052091 1.05884613061
4809 1.09741903969 1.04824212265
4812 1.12669986043 1.07621082792
4815 1.14805455932 1.0966085922
4818 1.15007666332 1.09854008284
4821 1.14952484498 1.09801299226
4824 1.06795571628 1.0200990929
4827 1.14017606353 1.08908314308
4830 1.10222928837 1.0528368172
4833 1.10282465863 1.05340550807
4836 1.11957979981 1.0694098274
4839 1.07230060206 1.02424927814
4842 1.07144209563 1.02342924261
4845 1.10938192444 1.05966893342
4848 1.07709912975 1.02883277694
4851 1.10044680065 1.0511342053
4854 1.03296936828 0.986680533208
4857 0.967259438933 0.923915159793
4860 0.755520539984 0.721664583802
4863 0.793653483206 0.758088735289
4866 0.989058601053 0.944737470274
4869 1.03498615282 0.988606942745
4872 0.911661740773 0.870808874021
4875 1.03994588416 0.993344421434
4878 1.04742197383 1.00048549683
4881 1.09852575197 1.04929924157
4884 1.07696131646 1.02870113926
4887 1.00666199595 0.961552031861
4890 0.976221941718 0.932476040008
4893 1.07057701419 1.02260292671
4896 1.15903111936 1.10709327688
4899 1.12998740436 1.0793510523
4902 1.11341304808 1.06351941664
4905 1.1053532602 1.05582079938
4908 1.10779107374 1.05814937101
4911 1.01235455491 0.966989499116
4914 1.11021135866 1.06046119951
4917 1.08778029913 1.03903530783
4920 0.893979537298 0.853919035379
4923 1.03179917594 0.98556277886
4926 1.07725303652 1.02897978693
4929 1.12532552182 1.07489807539
4932 1.11257368268 1.0627176644
4935 1.06135181811 1.01379112485
4938 0.991251654553 0.94683224991
4941 1.09419209009 1.04515977727
4944 1.14498157336 1.09367331114
4947 1.10387717987 1.05441086432
4950 1.13051068948 1.07985088827
4953 1.11098936734 1.0612043445
4956 1.05477296651 1.00750708101
4959 1.03748334273 0.990992230008
4962 1.13714080762 1.08618390133
4965 1.09904391082 1.04979418097
4968 1.07237108187 1.02431659964
4971 1.08277940581 1.0342585117
4974 1.13025344585 1.07960517209
4977 1.11618215298 1.06616443399
4980 1.0621664385 1.01456924094
4983 0.927645841493 0.886076704323
4986 1.03098122787 0.984781484209
4989 1.10866232784 1.05898158297
4992 1.07123363163 1.02323012018
4995 1.09190685558 1.04297694739
4998 1.08741948842 1.03869066557
5001 1.01713950597 0.971560029677
5004 1.02574844369 0.979783188582
5007 0.960981703856 0.917918739006
5010 1.07734232884 1.02906507793
5013 0.965852847766 0.922571599989
5016 1.00376073686 0.958780782341
5019 0.976215879835 0.932470249766
5022 1.0120994452 0.966745821236
5025 1.05527846834 1.00798993058
5028 1.00602580347 0.960944348076
5031 1.06898741106 1.02108455597
5034 1.10327605912 1.05383668065
5037 1.00721368305 0.962078997073
5040 0.939714306592 0.897604364237
5043 1.01034136654 0.965066524591
5046 1.11815655134 1.06805035673
5049 1.00240777092 0.957488444747
5052 1.01793097053 0.972316027578
5055 1.09272832522 1.0437616058
5058 1.09255311525 1.04359424724
5061 1.12270475084 1.0723947449
5064 1.06648531206 1.0186945796
5067 1.04145737691 0.994788182024
5070 1.07378780849 1.02566984072
5073 1.02484273678 0.978918067694
5076 1.04423946664 0.997445602339
5079 0.96536001281 0.922100849672
5082 0.997604688194 0.952900595026
5085 1.05269705955 1.00552419841
5088 1.06434153762 1.01664687076
5091 1.06979220088 1.02185328201
5094 1.09859453389 1.04936494127
5097 1.01113497073 0.965824566244
5100 0.976992738966 0.933212296728
5103 1.07223195462 1.02418370689
5106 1.03762389543 0.991126484339
5109 1.01150276731 0.966175881336
5112 1.06755743753 1.0197186616
5115 1.07385865991 1.02573751719
5118 1.10141615244 1.05206011906
5121 1.0586873246 1.01124603111
5124 0.998034319053 0.953310973511
5127 1.00497377675 0.959939464187
5130 1.00784055871 0.962677781537
5133 1.02316242715 0.977313055141
5136 1.04639288541 0.99950252333
5139 0.944453489464 0.902131177545
5142 0.967495084754 0.924140245988
5145 1.01947154671 0.973787568327
5148 0.984779949578 0.940650551293
5151 1.00868849674 0.963487722257
5154 0.998243704027 0.953510975645
5157 1.04138768401 0.994721612168
5160 1.04996909344 1.00291847636
5163 0.986144768068 0.941954210314
5166 0.841687811634 0.803970576746
5169 0.810654404756 0.774327821224
5172 0.734785073762 0.701858303484
5175 0.974493204099 0.930824769595
5178 1.05347682851 1.00626902481
5181 0.98746380103 0.943214135522
5184 0.668299587508 0.638352126978
5187 0.99836640951 0.953628182519
5190 1.00741417342 0.962270503189
5193 0.934159435678 0.892298415034
5196 0.969678967147 0.926226265487
5199 1.03524566794 0.988854828623
5202 1.03410900225 0.987769098553
5205 0.960566191133 0.917521846002
5208 0.954689571724 0.911908566315
5211 1.0406783346 0.994044049721
5214 1.05031117644 1.00324523014
5217 0.966537243951 0.923225327402
5220 1.06409305491 1.01640952291
5223 1.04774346347 1.00079258006
5226 0.901550947639 0.861151159992
5229 0.988043120915 0.943767495254
5232 0.997035439921 0.952356855582
5235 0.988878062064 0.944565021496
5238 1.06257412277 1.0149586563
5241 1.06705161577 1.01923550643
5244 1.05493646538 1.00766325326
5247 1.03337532342 0.987068296914
5250 1.00869286425 0.963491894048
5253 1.03165234422 0.985422526876
5256 1.02648971521 0.980491242664
5259 1.08542800669 1.03678842499
5262 0.966323493998 0.923021155889
5265 0.865171628693 0.826402050368
5268 0.929498155409 0.887846013402
5271 0.891029833832 0.851101512344
5274 0.968904882933 0.925486869094
5277 1.02128943809 0.975523997399
5280 1.03345988856 0.987149072568
5283 0.966233805591 0.922935486548
5286 1.06669457379 1.01889446402
5289 1.07983992992 1.03145075793
5292 1.08729203854 1.0385689269
5295 1.05986699747 1.01237284115
5298 0.947983912164 0.905503396953
5301 1.02980794968 0.983660782297
5304 1.06951092193 1.02158460756
5307 1.06130118666 1.01374276228
5310 1.09261709951 1.04365536427
5313 1.07736699037 1.02908863434
5316 1.02772097011 0.981667323264
5319 1.06509863047 1.0173700372
5322 1.04589207422 0.999024154208
5325 0.97333494857 0.929718417152
5328 0.869281905575 0.830328139863
5331 1.03260507625 0.986332565626
5334 1.05041027714 1.00333988999
5337 1.05189881573 1.00476172503
5340 0.973629968561 0.930000216876
5343 1.04169259393 0.995012858637
5346 1.02629949565 0.980309547113
5349 1.00106282989 0.956203772443
5352 1.05552803135 1.00822831032
5355 1.08138843829 1.03292987542
5358 1.09083639973 1.0419544602
5361 1.07232915789 1.02427655434
5364 1.0124701604 0.967099924156
5367 1.00577774812 0.960707408443
5370 0.947742061423 0.90527238389
5373 1.01454344665 0.969080303481
5376 1.07305208085 1.02496708209
5379 1.04673397238 0.999828325707
5382 1.02009622401 0.974384252943
5385 1.05117199633 1.00406747545
5388 1.04837695896 1.00139768771
5391 1.00262157673 0.957692669605
5394 0.998564760984 0.95381764558
5397 0.964182701788 0.920976295641
5400 1.00596259678 0.96088397377
5403 0.99563019271 0.951014579509
5406 0.917452784556 0.876340412849
5409 0.976736104802 0.932967162708
5412 1.00279594609 0.957859225231
5415 0.988718702304 0.944412802875
5418 1.0441867183 0.997395217724
5421 1.00927332789 0.964046346282
5424 0.966206110725 0.92290903273
5427 1.0607387681 1.0132055465
5430 0.952823661848 0.91012627053
5433 0.999690787231 0.95489321298
5436 0.983820482073 0.939734078899
5439 1.06823296307 1.02036391587
5442 1.0681378276 1.02027304356
5445 1.0019630844 0.957063685266
5448 0.993460256974 0.948941881697
5451 1.06693258699 1.0191218115
5454 1.02200281834 0.976205410057
5457 1.01113221631 0.965821935253
5460 1.06396197308 1.01628431505
5463 0.963284486056 0.920118330241
5466 1.02799593215 0.981929963867
5469 1.04958928035 1.00255568324
5472 1.03991279386 0.993312813953
5475 0.998995946375 0.954229508937
5478 0.968017182441 0.924638947731
5481 0.98485158018 0.940718972025
5484 1.03375327808 0.987429314891
5487 1.02003527258 0.974326032834
5490 1.03378553533 0.987460126639
5493 1.02637296566 0.980379724826
5496 1.03763543352 0.991137505389
5499 1.04491939382 0.998095061007
5502 0.994467534474 0.949904021651
5505 1.02007150003 0.974360636883
5508 1.01926447014 0.973589771163
5511 1.00914824552 0.963926869033
5514 0.992961662615 0.948465630064
5517 1.03245679798 0.986190931917
5520 1.0434754613 0.996715833174
5523 1.04203495884 0.995339881682
5526 1.00394976277 0.958961337736
5529 0.951168587018 0.90854536197
5532 1.03164306329 0.985413661838
5535 0.995719444371 0.951099831675
5538 1.02702494912 0.981002491975
5541 1.0423586783 0.995649094811
5544 1.00449168552 0.959478976154
5547 1.02163388672 0.975853010794
5550 1.04691370055 1.0
5553 1.01843810606 0.972800437632
5556 1.01790247745 0.972288811305
5559 1.01575536629 0.97023791527
5562 1.00317890196 0.958225020295
5565 0.99532427233 0.950722367859
5568 0.991403690382 0.946977472796
5571 1.00007744365 0.955262542774
5574 0.982298947997 0.938280726942
5577 0.999925688557 0.955117588043
5580 1.0197648881 0.974067764675
5583 1.00949984059 0.964262708627
5586 0.941108571946 0.898936150566
5589 0.916523797309 0.875453054849
5592 0.983159246894 0.939102474615
5595 0.963665488437 0.92048225936
5598 0.972176680922 0.928612053135
5601 0.947630221061 0.905165555254
5604 0.981422651859 0.937443698888
5607 1.03918180557 0.992614582299
5610 1.03797237112 0.991459344337
5613 1.02341188995 0.977551339154
5616 0.898137280137 0.857890463814
5619 0.994534537121 0.949968021815
5622 1.01752265664 0.971926010816
5625 0.947597102408 0.905133920695
5628 1.01188041239 0.966536603599
5631 1.02951963074 0.983385383343
5634 0.988258525247 0.94397324701
5637 0.974644956179 0.930969721447
5640 0.994361388385 0.94980263212
5643 0.991551211291 0.947118383082
5646 1.0133850722 0.96797383745
5649 1.00549307282 0.960435489852
5652 1.00529555105 0.960246819318
5655 0.961749352207 0.918651987935
5658 0.921732868635 0.880428700237
5661 0.97471047297 0.931032302336
5664 0.98237569554 0.938354035317
5667 0.984812002122 0.940681167517
5670 1.00107150931 0.956212062928
5673 1.02618954223 0.98020452086
5676 1.00003603778 0.955222992359
5679 1.01002557812 0.964764887108
5682 0.966804450066 0.923480559628
5685 0.971059074552 0.927544528304
5688 0.953039061865 0.910332018164
5691 0.990347304688 0.945968425256
5694 0.992946080503 0.948450746209
5697 1.00775601351 0.962597024932
5700 0.977025977137 0.93324404545
5703 0.987840302189 0.943573765126
5706 0.956069547043 0.913226702966
5709 0.911876095493 0.8710136232
5712 0.928513189859 0.886905185568
5715 0.986505450744 0.942298730283
5718 0.993556138399 0.949033466539
5721 1.00619761978 0.961108465057
5724 1.0215106993 0.975735343578
5727 1.00545614524 0.960400217049
5730 1.0059804501 0.960901027063
5733 0.999024286347 0.954256578954
5736 1.0130533531 0.967656983161
5739 1.0031192296 0.958168021947
5742 0.99866063156 0.953909220059
5745 1.00884890715 0.963640944449
5748 0.96928571658 0.92585063704
5751 1.00213181303 0.957224852918
5754 0.934706935837 0.892821380928
5757 0.995840968869 0.951215910487
5760 0.982707369419 0.938670846415
5763 0.948377504627 0.905879351974
5766 1.00876300142 0.963558888277
5769 1.00908463192 0.963866106055
5772 0.987057095313 0.94282565487
5775 0.985208177819 0.941059590014
5778 1.00544114141 0.960385885568
5781 0.941373553984 0.899189258379
5784 0.948310187456 0.905815051382
5787 0.979106452166 0.935231291416
5790 0.986406072385 0.942203805211
5793 0.976750962396 0.932981354512
5796 0.99413368887 0.949585136146
5799 0.991784030523 0.947340769351
5802 1.00950060242 0.964263436322
5805 0.975233170807 0.931531577336
5808 0.986963957842 0.942736691023
5811 1.0014361237 0.956560338426
5814 0.998706550665 0.953953081463
5817 0.978630158389 0.934776341044
5820 1.01420256329 0.968754695596
5823 1.01136128624 0.966040740237
5826 1.01092408283 0.965623128534
5829 1.00963767615 0.96439436758
5832 1.00190389711 0.957007150243
5835 0.997147949704 0.952464323641
5838 1.00464018515 0.959620821302
5841 1.00977823502 0.9645286278
5844 1.00691792247 0.961796489948
5847 0.989833943056 0.945478068093
5850 0.9985174085 0.953772415029
5853 0.97375260712 0.930117359825
5856 0.9645810759 0.921356818039
5859 0.945920110739 0.903532077422
5862 0.970014572811 0.926546832181
5865 0.994362594586 0.94980378427
5868 0.983477270785 0.939406247401
5871 1.00130359141 0.9564337451
5874 0.993398078178 0.948882489222
5877 0.989279585464 0.944948552058
5880 0.982691310068 0.938655506707
5883 0.964685093902 0.921456174846
5886 0.969555592951 0.926108419865
5889 0.799796097119 0.763956089885
5892 0.869597719602 0.830629801813
5895 0.837962731778 0.800412423048
5898 0.910038262859 0.869258146476
5901 0.950294155659 0.907710115132
5904 0.964864180097 0.921627235933
5907 0.967153472147 0.92381394153
5910 0.963521269092 0.92034450269
5913 0.953416994386 0.910693014989
5916 0.944542235404 0.902215946652
5919 0.964839536805 0.921603696941
5922 0.961355891248 0.918276158525
5925 0.954497472062 0.911725074914
5928 0.956724998149 0.91385278237
5931 0.948567564312 0.906060894813
5934 0.939906516758 0.89778796119
5937 0.981308842159 0.937334989163
5940 0.97656449541 0.932803243378
5943 0.937420506406 0.895413352518
5946 0.955797442451 0.91296679177
5949 0.917447789939 0.876335642048
5952 0.935161349399 0.893255431568
5955 0.96571855804 0.922443327977
5958 0.9466678249 0.904246285442
5961 0.964564853908 0.921341322978
5964 0.968332027311 0.924939683952
5967 0.963505980833 0.920329899521
5970 0.951958081492 0.909299478068
5973 0.967822430711 0.924452923105
5976 0.928822144678 0.887200295679
5979 0.943391132744 0.901116426548
5982 0.955859363181 0.913025937744
5985 0.919224574425 0.878032806279
5988 0.942933828935 0.900679615178
5991 0.944060062394 0.901755380504
5994 0.954200880468 0.911441774013
5997 0.931772268409 0.890018220146
6000 0.947831227874 0.905357554664
6003 0.928334920434 0.88673490465
6006 0.936735657398 0.894759192574
6009 0.914175267846 0.873209766351
6012 0.936294539569 0.894337841866
6015 0.929012353712 0.887381981174
6018 0.929985446174 0.888311467971
6021 0.896576662959 0.856399780124
6024 0.909226386515 0.868482651471
6027 0.928986729073 0.887357504812
6030 0.945440335115 0.90307380123
6033 0.950142927987 0.907565664188
6036 0.948694357425 0.906182006146
6039 0.948636873183 0.906127097855
6042 0.932877744885 0.891074158639
6045 0.943068299531 0.900808059954
6048 0.950691955341 0.908090088841
6051 0.952356171025 0.90967972864
6054 0.931007318688 0.889287548916
6057 0.926541625923 0.885021970232
6060 0.951169269836 0.90854601419
6063 0.941186267719 0.899010364679
6066 0.918472257552 0.877314201801
6069 0.948904896749 0.906383110901
6072 0.949967666947 0.907398256847
6075 0.95102672539 0.908409857365
6078 0.905069272492 0.864511823674
6081 0.928824644106 0.887202683105
6084 0.91929485013 0.878099932829
6087 0.924283101323 0.88286465335
6090 0.915285956481 0.874270683439
6093 0.918175013108 0.877030277306
6096 0.926745726557 0.885216924825
6099 0.934580411402 0.892700526234
6102 0.861704517538 0.823090305424
6105 0.921709416866 0.880406299375
6108 0.924439861776 0.883014389143
6111 0.931097940479 0.889374109815
6114 0.938080070104 0.896043360223
6117 0.922644511985 0.881299491544
6120 0.924733300427 0.883294678388
6123 0.879503994028 0.840092161911
6126 0.929873680371 0.888204710554
6129 0.91171835414 0.870862950463
6132 0.924330606723 0.882910029965
6135 0.909017672197 0.86828328994
6138 0.844980946326 0.807116141362
6141 0.892237932801 0.85225547467
6144 0.920960764102 0.879691194813
6147 0.916380229575 0.87531592059
6150 0.914897020495 0.873899176231
6153 0.918650221696 0.877484191117
6156 0.895261746026 0.8551437865
6159 0.911710052751 0.870855021071
6162 0.809763324631 0.773476671674
6165 0.885991397838 0.846288855875
6168 0.893411893045 0.853376828077
6171 0.883828433825 0.844222817374
6174 0.908189083264 0.867491831263
6177 0.896507491273 0.85633370812
6180 0.910742117739 0.869930460611
6183 0.92980755682 0.888141550093
6186 0.916123987225 0.875071160826
6189 0.915092264759 0.874085671321
6192 0.873038263047 0.833916169583
6195 0.915467651431 0.874444236379
6198 0.925945231355 0.884452300958
6201 0.914634550747 0.873648468128
6204 0.925645224456 0.884165737797
6207 0.927475717385 0.885914203719
6210 0.926978021324 0.885438810131
6213 0.901263441317 0.860876537238
6216 0.886087769838 0.846380909308
6219 0.887228537335 0.847470557382
6222 0.907625582542 0.866953581815
6225 0.91222438538 0.871346305718
6228 0.902470830234 0.862029821331
6231 0.851991175875 0.813812232496
6234 0.911645397161 0.87079326279
6237 0.891384358587 0.851440150338
6240 0.894522508816 0.854437675566
6243 0.886950624868 0.84720509857
6246 0.846554789529 0.808619458399
6249 0.906718974687 0.866087600354
6252 0.867795731942 0.828908563797
6255 0.851510483944 0.813353081058
6258 0.865865042078 0.827064390908
6261 0.895656580777 0.855520928141
6264 0.894061303551 0.853997137569
6267 0.90360878832 0.863116785887
6270 0.892153394992 0.852174725122
6273 0.903894411661 0.863389610038
6276 0.906875727045 0.866237328415
6279 0.824451157087 0.787506321347
6282 0.855203246703 0.816880365836
6285 0.886206098306 0.846493935308
6288 0.906746567106 0.866113956317
6291 0.873769686337 0.83461481675
6294 0.887291041374 0.847530260525
6297 0.871516006656 0.832462127679
6300 0.858188395602 0.819731745942
6303 0.852197351572 0.814009169165
6306 0.901849225079 0.861436071193
6309 0.890116153984 0.850228775797
6312 0.883433738663 0.843845809067
6315 0.83624198548 0.798768785852
6318 0.830019138846 0.792824793878
6321 0.873865491767 0.834706329002
6324 0.887144648605 0.847390427826
6327 0.889443320885 0.849586093312
6330 0.885178141806 0.845512043009
6333 0.902910953099 0.862450221661
6336 0.845014523116 0.807148213528
6339 0.867635919734 0.828755913003
6342 0.886702192158 0.846967798485
6345 0.871751269092 0.832686847669
6348 0.888195112371 0.848393818808
6351 0.894478007539 0.854395168455
6354 0.879255270588 0.839854584124
6357 0.881731790773 0.842220127896
6360 0.862615444027 0.823960411994
6363 0.85355647009 0.815307383638
6366 0.882716945312 0.843161136251
6369 0.894959486606 0.854855071757
6372 0.886499409345 0.84677410266
6375 0.893307605215 0.853277213533
6378 0.887184104657 0.847428115795
6381 0.879426297383 0.840017946963
6384 0.891016025505 0.851088322789
6387 0.898008836339 0.857767775766
6390 0.897024544379 0.856827591337
6393 0.851618516911 0.813456272913
6396 0.894902625442 0.854800758622
6399 0.846950845142 0.808997766194
6402 0.876844451733 0.83755179751
6405 0.890886299951 0.850964410422
6408 0.84647725179 0.808545395237
6411 0.85150831325 0.813351007637
6414 0.868242012437 0.829334845825
6417 0.872491976564 0.833394362979
6420 0.851298198687 0.813150308607
6423 0.885665187327 0.845977263324
6426 0.888991122361 0.849154158451
6429 0.885757722897 0.846065652243
6432 0.859136847013 0.820637695888
6435 0.888882124813 0.849050045239
6438 0.85332374905 0.815085091161
6441 0.879647763 0.840229488389
6444 0.893426473214 0.853390754888
6447 0.885487788495 0.845807813988
6450 0.826846185099 0.789794024728
6453 0.885546745896 0.845864129423
6456 0.844074993909 0.806250785968
6459 0.882305873471 0.842768485127
6462 0.824155572845 0.787223982658
6465 0.873215159959 0.834085139492
6468 0.872005486573 0.832929673301
6471 0.840841368968 0.803162064386
6474 0.863792690805 0.82508490466
6477 0.85024295555 0.812142352425
6480 0.870608242051 0.831595041305
6483 0.842807096772 0.805039705116
6486 0.86388741425 0.825175383412
6489 0.870799795198 0.831778010681
6492 0.837840395625 0.800295568952
6495 0.759737599184 0.725692670547
6498 0.817442063299 0.780811315078
6501 0.855200776352 0.816878006184
6504 0.86818760662 0.82928287801
6507 0.874391122559 0.835208405526
6510 0.870229711839 0.831233473573
6513 0.869305787662 0.83035095176
6516 0.832827620734 0.795507423675
6519 0.819413158566 0.782694082746
6522 0.866298503927 0.827478428711
6525 0.852485375701 0.814284286521
6528 0.846915382378 0.808963892567
6531 0.863950427767 0.825235573203
6534 0.845069753628 0.807200969081
6537 0.86024685984 0.821697967453
6540 0.86491874332 0.826160497151
6543 0.855747315413 0.817400054049
6546 0.809938530051 0.773644025889
6549 0.839451078916 0.801834075221
6552 0.833160156033 0.795825057592
6555 0.790217159728 0.754806398381
6558 0.774219343076 0.739525466779
6561 0.623303323497 0.595372209925
6564 0.557101716146 0.532137191302
6567 0.772064914621 0.737467581345
6570 0.792046462026 0.756553727026
6573 0.808229607034 0.772011682156
6576 0.816962973904 0.780353694364
6579 0.848211000469 0.810201452158
6582 0.836912422376 0.799409179512
6585 0.834758825707 0.797352088591
6588 0.837466358496 0.799938292962
6591 0.83892547421 0.801332023614
6594 0.80186721176 0.765934394917
6597 0.831426209212 0.794168811407
6600 0.843686989832 0.805880168909
6603 0.848809391046 0.810773027997
6606 0.839800207344 0.802167558705
6609 0.822763054939 0.785893865471
6612 0.850619685446 0.812502200516
6615 0.847963044174 0.809964607139
6618 0.842753322272 0.804988340328
6621 0.845973517061 0.808064233582
6624 0.841430430695 0.803724729415
6627 0.840894132158 0.803212463183
6630 0.842056799357 0.804323029601
6633 0.806678396031 0.770529983138
6636 0.827535652776 0.790452596371
6639 0.835114619892 0.797691939129
6642 0.835377447928 0.797942989464
6645 0.828495807294 0.791369724992
6648 0.847291885538 0.809323524081
6651 0.838925199691 0.801331761396
6654 0.839001340801 0.801404490514
6657 0.844877791897 0.80701760943
6660 0.840903495644 0.803221407078
6663 0.803988683103 0.767960800093
6666 0.827332532566 0.790258578269
6669 0.836556167307 0.799068888743
6672 0.837905979236 0.800358213668
6675 0.835949659843 0.798489559746
6678 0.79716901494 0.761446731016
6681 0.834581784693 0.797182981038
6684 0.837527731774 0.799996916015
6687 0.834281048324 0.796895721096
6690 0.836339150683 0.798861596943
6693 0.838106137824 0.800549402863
6696 0.814158016903 0.777674431498
6699 0.829970526369 0.792778359796
6702 0.824212408786 0.787278271699
6705 0.81482273597 0.778309363554
6708 0.827705767041 0.790615087572
6711 0.824568928603 0.787618815352
6714 0.809190807673 0.77292981002
6717 0.791610886048 0.756137669831
6720 0.813270184119 0.776826383772
6723 0.815923210921 0.779360524648
6726 0.810626554043 0.774301218541
6729 0.820193924207 0.783439861161
6732 0.819436918737 0.78271677819
6735 0.820055176535 0.783307330972
6738 0.801492411491 0.765576389984
6741 0.813564232059 0.777107255003
6744 0.812061647566 0.775672003471
6747 0.814314933501 0.777824316439
6750 0.801703983906 0.765778481536
6753 0.808072913668 0.771862010444
6756 0.815346695459 0.778809843668
6759 0.817841460826 0.781192815031
6762 0.816484956495 0.779897097598
6765 0.818790764016 0.782099578587
6768 0.799316337207 0.763497828701
6771 0.806938478504 0.770778410943
6774 0.817477319652 0.780844991543
6777 0.816657713748 0.780062113353
6780 0.819353054933 0.782636672443
6783 0.803822648624 0.767802205857
6786 0.803811771169 0.767791815837
6789 0.817237982188 0.780616379134
6792 0.817739410211 0.78109533745
6795 0.806747570779 0.770596058066
6798 0.813395166381 0.7769457654
6801 0.817155593309 0.780537682217
6804 0.807049945826 0.770884883255
6807 0.797047765756 0.761330915182
6810 0.801055984395 0.76515951981
6813 0.808611203435 0.772376178677
6816 0.812995168736 0.776563692221
6819 0.809126189214 0.772868087207
6822 0.815402419295 0.77886307044
6825 0.815448014193 0.778906622165
6828 0.79531778078 0.759678453308
6831 0.812574324883 0.776161706984
6834 0.805368379942 0.769278670744
6837 0.797454465862 0.761719390475
6840 0.774892556553 0.740168512597
6843 0.77067692246 0.736141787098
6846 0.808593903586 0.772359654059
6849 0.805411429549 0.769319791236
6852 0.807948170973 0.771742857648
6855 0.77938981846 0.744464245765
6858 0.787533250077 0.752242758562
6861 0.791179529065 0.755725642572
6864 0.801439524939 0.765525873354
6867 0.800132161227 0.76427709448
6870 0.796333918983 0.760649056904
6873 0.787920235432 0.752612402549
6876 0.785596140132 0.750392453284
6879 0.788085781962 0.752770530702
6882 0.775181074014 0.740444101178
6885 0.792089373732 0.756594715797
6888 0.79404365964 0.758461427359
6891 0.799320615813 0.763501915577
6894 0.790084950433 0.754680113574
6897 0.79242007447 0.756910597363
6900 0.799272640149 0.763456089771
6903 0.791639419362 0.756164924526
6906 0.784604505562 0.749445255277
6909 0.802072405874 0.766130393988
6912 0.796537080185 0.760843114162
6915 0.764836505397 0.730563087479
6918 0.785100301188 0.749918833593
6921 0.800038936909 0.764188047677
6924 0.782561397719 0.74749370202
6927 0.791190171833 0.755735808422
6930 0.794188750912 0.758600016883
6933 0.786224450462 0.75099260813
6936 0.793780857232 0.758210401502
6939 0.799353643507 0.763533463252
6942 0.801284980249 0.765378254032
6945 0.775232922551 0.740493626308
6948 0.790425374614 0.755005282861
6951 0.779169661836 0.744253954674
6954 0.782530638126 0.747464320809
6957 0.790535730037 0.755110693099
6960 0.790276807935 0.754863373667
6963 0.793472342835 0.757915712076
6966 0.779998643158 0.745045788157
6969 0.794578519284 0.758972319177
6972 0.789956123948 0.754557059988
6975 0.77482088738 0.740100055022
6978 0.736645076151 0.703634956505
6981 0.774128024148 0.739438239983
6984 0.788946555305 0.75359273156
6987 0.794268747365 0.758676428581
6990 0.787479498483 0.752191415653
6993 0.790536758441 0.755111675419
6996 0.794301784769 0.758707985531
6999 0.776839109629 0.742027837845
7002 0.786693289217 0.751440437549
7005 0.76299871392 0.728807650067
7008 0.777162477389 0.742336715033
7011 0.776603089021 0.741802393658
7014 0.776510214508 0.741713680984
7017 0.741296031519 0.70807749591
7020 0.787182422895 0.751907652448
7023 0.757806094736 0.723847719577
7026 0.773257946347 0.738607151613
7029 0.781096901764 0.746094832223
7032 0.779103391952 0.744190654438
7035 0.762875583548 0.728690037343
7038 0.767513002314 0.73311964674
7041 0.794974893256 0.759350931064
7044 0.785658377263 0.75045190148
7047 0.788758333507 0.75341294425
7050 0.78510092492 0.749919429374
7053 0.776581816035 0.741782073945
7056 0.775739602299 0.740977601011
7059 0.775700444859 0.740940198272
7062 0.771294835744 0.736732010804
7065 0.780792036401 0.745803628314
7068 0.760839919733 0.726745594535
7071 0.782230478891 0.747177612138
7074 0.78331107454 0.74820978475
7077 0.784243812664 0.749100725545
7080 0.782263877358 0.747209513972
7083 0.762299418818 0.728139691379
7086 0.758954156499 0.72494433505
7089 0.763912277675 0.729680275723
7092 0.765065775516 0.730782083676
7095 0.769821276805 0.735324484149
7098 0.780513274742 0.745537358363
7101 0.781604710212 0.746579885049
7104 0.780552062749 0.745574408224
7107 0.770872981573 0.736329060522
7110 0.765691606781 0.731379870547
7113 0.755396050519 0.721545672889
7116 0.764369778455 0.730117275238
7119 0.75916728347 0.725147911496
7122 0.74191275277 0.708666581
7125 0.769430622124 0.734951335263
7128 0.767772184807 0.733367214895
7131 0.735400034435 0.70244570689
7134 0.769106937958 0.734642155847
7137 0.777139723907 0.742314981167
7140 0.770097789533 0.735588605946
7143 0.759056624435 0.72504221125
7146 0.754640344122 0.720823830776
7149 0.725216406444 0.692718421837
7152 0.751532056643 0.717854830106
7155 0.7506802685 0.717041211808
7158 0.755034030108 0.721199875129
7161 0.755573115789 0.721714803611
7164 0.713575249971 0.681598922238
7167 0.75080752531 0.717162766057
7170 0.768409089577 0.733975579051
7173 0.768747691734 0.734299007961
7176 0.745790200485 0.712370274736
7179 0.759529462105 0.725493860388
7182 0.725132904315 0.692638661557
7185 0.74578791471 0.712368091389
7188 0.71291402258 0.680967325393
7191 0.741372572202 0.708150606695
7194 0.735186400445 0.702241646144
7197 0.737085150712 0.704055310696
7200 0.754564293645 0.72075118823
7203 0.746571620601 0.713116678298
7206 0.728600187376 0.695950570704
7209 0.719540362656 0.687296729691
7212 0.747262642475 0.713776734494
7215 0.735798667331 0.702826476476
7218 0.741505591387 0.708277665101
7221 0.735537771074 0.702577271353
7224 0.730995199226 0.698238258648
7227 0.742442894285 0.709172966115
7230 0.744404454722 0.711046626223
7233 0.749729461057 0.716133011406
7236 0.731667396599 0.698880333895
7239 0.741383302302 0.708160855964
7242 0.747905477249 0.714390762922
7245 0.73386539129 0.700979833299
7248 0.749620916631 0.716029331012
7251 0.725591096548 0.693076321541
7254 0.740976795725 0.707772565529
7257 0.746174381089 0.712737239657
7260 0.73917298646 0.706049587537
7263 0.733298420309 0.700438269099
7266 0.747876527094 0.714363110065
7269 0.73936381391 0.706231863736
7272 0.743272684257 0.709965572011
7275 0.728079594694 0.695453306525
7278 0.743373657566 0.710062020562
7281 0.733580572109 0.700707777273
7284 0.707817530422 0.676099214338
7287 0.726989563226 0.694412120927
7290 0.701490767164 0.670055962393
7293 0.707386180493 0.675687193818
7296 0.741647758657 0.708413461652
7299 0.736084986562 0.703099965332
7302 0.738139247482 0.705062171882
7305 0.740731648567 0.707538403765
7308 0.716650674128 0.684536532239
7311 0.718432758854 0.6862387592
7314 0.739980623362 0.706821033074
7317 0.733570064131 0.700697740173
7320 0.726022879803 0.693488755971
7323 0.730374982706 0.697645834917
7326 0.703086453335 0.671580143584
7329 0.729589336457 0.6968953946
7332 0.726774234681 0.694206441562
7335 0.739704599528 0.706557378263
7338 0.739687737127 0.70654127149
7341 0.732112825044 0.699305802054
7344 0.726481654836 0.693926972638
7347 0.731146641059 0.698382914155
7350 0.723049512235 0.690648629257
7353 0.71956598035 0.687321199419
7356 0.711126875877 0.67926026329
7359 0.733401496585 0.700536726379
7362 0.716781030243 0.68466104691
7365 0.718976589614 0.686758220125
7368 0.735962452112 0.702982921826
7371 0.729470388018 0.696781776411
7374 0.720560769855 0.688271410984
7377 0.717902803188 0.685732551605
7380 0.730210878269 0.697489084235
7383 0.71559476111 0.683527936194
7386 0.686373644669 0.655616259783
7389 0.682468262186 0.651885883075
7392 0.718754407041 0.686545993872
7395 0.713736338777 0.681752792424
7398 0.726773644651 0.694205877973
