Wave Flux FluxNorm
3600 0.0725822605262 0.0613772976916
3603 0.0496107235004 0.0419520158631
3606 0.0381644214752 0.0322727487561
3609 0.0399380693773 0.0337725878972
3612 0.0507932646422 0.042952000972
3615 0.0663994013261 0.0561489238857
3618 0.0496396562313 0.0419764820733
3621 0.0627278668672 0.0530441864218
3624 0.0700114760775 0.059203380797
3627 0.0890678545445 0.0753179107883
3630 0.0647326286219 0.0547394609713
3633 0.0529756652517 0.0447974911912
3636 0.0585256616203 0.0494907010311
3639 0.0853523539627 0.072175994518
3642 0.0700282388249 0.0592175557776
3645 0.0619977579034 0.0524267887975
3648 0.0499702612002 0.0422560495523
3651 0.0701255711603 0.0592998623313
3654 0.0715398535951 0.0604958134273
3657 0.087533839145 0.0740207106301
3660 0.0918841916145 0.07769947286
3663 0.0806966174204 0.0682389922029
3666 0.095297606148 0.0805859379336
3669 0.0731745167909 0.0618781237723
3672 0.0871317776169 0.0736807177735
3675 0.0880250473413 0.0744360880443
3678 0.0771454238363 0.0652360178646
3681 0.0744515427372 0.0629580074945
3684 0.0785250012448 0.0664026215593
3687 0.0513530959209 0.043425407708
3690 0.0743484750291 0.0628708509723
3693 0.0794716207417 0.0672031056754
3696 0.0824320902989 0.0697065496298
3699 0.100944283594 0.0853609036081
3702 0.0863541895538 0.0730231706858
3705 0.0464689772111 0.0392952799628
3708 0.0524864491614 0.0443837983496
3711 0.0789944535359 0.066799601659
3714 0.0971092456029 0.0821179036416
3717 0.0734395184594 0.0621022155294
3720 0.0333344826908 0.0281884368532
3723 0.0543944310754 0.0459972335482
3726 0.0719727496099 0.0608618806643
3729 0.0609462823668 0.0515376359031
3732 0.0484316277234 0.0409549442373
3735 0.0323144665276 0.0273258867584
3738 0.0448361422786 0.0379145156409
3741 0.0647074636807 0.0547181808945
3744 0.0479441699649 0.0405427382831
3747 0.0420728766344 0.0355778320379
3750 0.0447109896655 0.0378086835942
3753 0.0684386595227 0.0578733694526
3756 0.0828394989865 0.0700510641727
3759 0.0491390510851 0.0415531583732
3762 0.0710871263624 0.0601129764374
3765 0.0683717180366 0.0578167621288
3768 0.0696366451854 0.0588864148182
3771 0.0939564722911 0.0794518430269
3774 0.0964344571613 0.0815472863756
3777 0.0858331868298 0.0725825983054
3780 0.0996879013601 0.0842984767032
3783 0.101697486737 0.0859978302228
3786 0.0836329185868 0.0707219987874
3789 0.0607930400442 0.0514080505252
3792 0.075364144642 0.0637297255201
3795 0.0645937032396 0.0546219823411
3798 0.055122596587 0.0466129877428
3801 0.0802663923829 0.0678751836083
3804 0.0966220593293 0.0817059272615
3807 0.0747436527806 0.0632050227427
3810 0.0926061627436 0.0783099889365
3813 0.076552268949 0.0647344318872
3816 0.0617527075646 0.0522195683625
3819 0.055368550807 0.0468209725213
3822 0.0503601849183 0.0425857783861
3825 0.0410382985557 0.0347029680386
3828 0.0564221234821 0.0477118988062
3831 0.0692663669765 0.0585732986974
3834 0.0523948925339 0.0443063758728
3837 0.0778543858307 0.0658355331053
3840 0.055631138252 0.0470430227533
3843 0.0780451682309 0.0659968632717
3846 0.0891232371179 0.0753647436187
3849 0.0719122030586 0.0608106810505
3852 0.0782172668503 0.0661423939857
3855 0.076993209831 0.0651073020566
3858 0.0599695934469 0.0507117243628
3861 0.0594536784759 0.0502754543082
3864 0.0763885119748 0.0645959550681
3867 0.0857328096132 0.0724977169273
3870 0.0956241153394 0.080862041925
3873 0.0645204024239 0.054559997416
3876 0.0723482040352 0.0611793739177
3879 0.0700609298078 0.0592452000556
3882 0.0826733445986 0.0699105600432
3885 0.0764378179429 0.0646376493755
3888 0.066420582553 0.0561668352384
3891 0.0893176323225 0.0755291288591
3894 0.0910915682473 0.0770292115591
3897 0.0858607382278 0.0726058964274
3900 0.0767150493731 0.0648720829121
3903 0.0912506449272 0.0771637306092
3906 0.0809085794646 0.0684182323835
3909 0.102922700505 0.0870339003265
3912 0.100723477866 0.0851741849964
3915 0.0985972840234 0.0833762245653
3918 0.0908437803976 0.0768196762193
3921 0.066426191905 0.0561715786407
3924 0.0716459998984 0.0605855732833
3927 0.0626628044885 0.0529891681162
3930 0.0352243843815 0.0297865829821
3933 0.0286538533247 0.0242303845701
3936 0.0319321739194 0.0270026109738
3939 0.059456900657 0.0502781790618
3942 0.0612224854242 0.0517711998229
3945 0.0664653810157 0.0562047178913
3948 0.0813885356432 0.068824094822
3951 0.106123908958 0.0897409188569
3954 0.116800487961 0.0987692897427
3957 0.0881024075653 0.0745015057024
3960 0.0739585231863 0.0625410983555
3963 0.0513543321611 0.0434264531024
3966 0.0439381930494 0.0371551882688
3969 0.0337614525801 0.0285494928167
3972 0.055760688222 0.0471525733103
3975 0.0917606461429 0.0775949998506
3978 0.110475375725 0.093420623363
3981 0.119024993685 0.100650385055
3984 0.133854345996 0.113190440501
3987 0.150727284316 0.127458601215
3990 0.127340934199 0.107682543503
3993 0.160286195143 0.135541845126
3996 0.146216262607 0.123643973229
3999 0.145143824944 0.122737094258
4002 0.190586077974 0.161164151665
4005 0.153058545301 0.129429971333
4008 0.16670355363 0.140968517145
4011 0.180441646616 0.152585777572
4014 0.195589605687 0.165395254524
4017 0.21070177213 0.178174464372
4020 0.192729523565 0.162976700588
4023 0.171310975408 0.144864663338
4026 0.201516226296 0.170406946841
4029 0.218697197996 0.184935587958
4032 0.128024554647 0.108260629325
4035 0.162855074387 0.137714150934
4038 0.245848864058 0.207895687005
4041 0.212790882036 0.179941065738
4044 0.170181749006 0.14390976245
4047 0.157698386938 0.133353532535
4050 0.23522576957 0.198912543905
4053 0.239707588596 0.202702477403
4056 0.210479812293 0.177986769818
4059 0.204869236478 0.173242332548
4062 0.205599220125 0.173859624201
4065 0.186666333749 0.15784952208
4068 0.229812535979 0.194334983945
4071 0.203285203326 0.17190283618
4074 0.241209145126 0.203972229564
4077 0.150546738805 0.127305927608
4080 0.231924004756 0.196120492508
4083 0.240302911055 0.203205896332
4086 0.259788105845 0.219683043674
4089 0.327495191413 0.276937776672
4092 0.273817755994 0.231546851821
4095 0.262943068239 0.222350955429
4098 0.228820909419 0.193496440778
4101 0.17756137688 0.150150152507
4104 0.22985301047 0.194369210143
4107 0.288953583745 0.244346070238
4110 0.235532333801 0.19917178196
4113 0.235408558483 0.199067114587
4116 0.240808302677 0.20363326759
4119 0.225753055203 0.190902189784
4122 0.239315957173 0.202371304493
4125 0.300382230222 0.25401040739
4128 0.247147821085 0.208994116174
4131 0.217313036919 0.183765108203
4134 0.219253537783 0.185406042205
4137 0.267889571833 0.226533837327
4140 0.272379393282 0.230330537866
4143 0.171774915715 0.145256982372
4146 0.266202682064 0.225107362941
4149 0.26498147918 0.224074684537
4152 0.248211850137 0.209893884621
4155 0.279459927866 0.236318007474
4158 0.323561735883 0.273611552478
4161 0.323114393605 0.273233269134
4164 0.306141979514 0.258880989326
4167 0.261512991689 0.221141648452
4170 0.28095475251 0.237582066991
4173 0.19764514553 0.167133468241
4176 0.2575091777 0.217755927459
4179 0.306579767302 0.259251193164
4182 0.288871501831 0.244276659806
4185 0.323584709788 0.273630979762
4188 0.282547051471 0.238928553124
4191 0.260574860292 0.220348342076
4194 0.329902337483 0.278973317035
4197 0.266043414477 0.224972682455
4200 0.222684995118 0.188307764704
4203 0.243832428354 0.206190540683
4206 0.269761858399 0.228117087685
4209 0.341698184356 0.288948167636
4212 0.316327207666 0.267493862166
4215 0.230078326498 0.194559742773
4218 0.279546596649 0.236391296672
4221 0.261413227515 0.221057285477
4224 0.150650124125 0.12739335271
4227 0.0654217939539 0.0553222356801
4230 0.175261757917 0.148205539641
4233 0.21250469074 0.179699055525
4236 0.24960791435 0.211074429953
4239 0.289699874782 0.244977151811
4242 0.312334006576 0.264117115695
4245 0.392416103561 0.331836454702
4248 0.324132522555 0.274094223357
4251 0.248002606255 0.209716942984
4254 0.18962760023 0.160353639932
4257 0.29296503102 0.247738246119
4260 0.254575355101 0.215275016811
4263 0.339769146225 0.287316926796
4266 0.386662239795 0.326970849708
4269 0.324066741247 0.274038597107
4272 0.196069829056 0.165801342905
4275 0.201415965456 0.170322163873
4278 0.351448647977 0.297193393177
4281 0.31093398957 0.262933227788
4284 0.318351066538 0.269205285695
4287 0.276094074799 0.233471761515
4290 0.161806555518 0.136827498269
4293 0.305716045277 0.258520809134
4296 0.333729001398 0.282209235681
4299 0.238035043854 0.201288133516
4302 0.257128641966 0.21743413733
4305 0.289689913706 0.244968728487
4308 0.20095552974 0.169932808405
4311 0.371441426103 0.314099765144
4314 0.324970895877 0.274803171915
4317 0.45968169655 0.388717851
4320 0.397840278055 0.336423266551
4323 0.396685571681 0.335446819189
4326 0.24808692804 0.209788247504
4329 0.445936665393 0.37709472349
4332 0.450715564342 0.381135874886
4335 0.516600162301 0.436849468716
4338 0.329167434591 0.27835186555
4341 0.330398037607 0.27939249293
4344 0.416907251637 0.352546756026
4347 0.414293250994 0.350336294482
4350 0.470481612994 0.397850518981
4353 0.356561250473 0.301516732283
4356 0.469877728489 0.397339859782
4359 0.415138043039 0.351050670866
4362 0.459573468658 0.388626330903
4365 0.513518264706 0.434243342305
4368 0.414156176512 0.350220381017
4371 0.464802851855 0.393048422567
4374 0.373514775278 0.315853038859
4377 0.469851908666 0.397318025921
4380 0.428681459096 0.36250330782
4383 0.260665498344 0.220424987783
4386 0.376970943923 0.318775657833
4389 0.395207620318 0.334197028122
4392 0.437233947635 0.369735496943
4395 0.397925560171 0.336495383151
4398 0.519111369234 0.438973005437
4401 0.426921571112 0.361015104395
4404 0.32718077386 0.276671897659
4407 0.305355750578 0.258216135309
4410 0.461815008326 0.390521830527
4413 0.499881820143 0.422712038218
4416 0.38478166477 0.325380590431
4419 0.536549216204 0.453718866434
4422 0.420600350163 0.355669728581
4425 0.467941083055 0.395702186024
4428 0.444818857087 0.376149478017
4431 0.471625952247 0.398818199658
4434 0.40884637668 0.345730287121
4437 0.45345533018 0.383452686491
4440 0.55837857648 0.47217829625
4443 0.417991850543 0.353463918834
4446 0.565135184815 0.477891846065
4449 0.56097629428 0.474374988632
4452 0.543761433914 0.459817690447
4455 0.414669335187 0.350654320282
4458 0.447681812136 0.378570461369
4461 0.369946020367 0.312835214242
4464 0.49355849771 0.417364885339
4467 0.442632983828 0.374301051242
4470 0.456837784828 0.386312971143
4473 0.522848221777 0.442132977437
4476 0.557076827541 0.471077506173
4479 0.572688573637 0.48427917254
4482 0.469524061269 0.397040790311
4485 0.64146148775 0.542435195678
4488 0.583734593602 0.493619951551
4491 0.55679736766 0.470841188205
4494 0.543130413569 0.459284084531
4497 0.482591398576 0.408090843673
4500 0.633107394511 0.535370774373
4503 0.689718484236 0.58324246756
4506 0.60534060923 0.511890515784
4509 0.622823533972 0.526674495624
4512 0.57825367258 0.488985153478
4515 0.617228486825 0.521943189768
4518 0.564803088566 0.477611017523
4521 0.687562248823 0.581419103257
4524 0.585579195169 0.49517979081
4527 0.479970812934 0.405874813696
4530 0.51192082016 0.432892504942
4533 0.530891958698 0.448934954007
4536 0.484284083625 0.409522218686
4539 0.658795230533 0.557093023682
4542 0.612093127196 0.517600606684
4545 0.585544948077 0.495150830649
4548 0.600773577103 0.508028524046
4551 0.641561803703 0.542520025251
4554 0.503102784426 0.425435762752
4557 0.702411604469 0.593976074002
4560 0.726435992174 0.614291671578
4563 0.66562253497 0.562866355814
4566 0.73048657884 0.617716944665
4569 0.82484814466 0.697511344482
4572 0.68712720795 0.581051222277
4575 0.778314565433 0.658161435507
4578 0.740214309584 0.625942946742
4581 0.688076252011 0.581853756662
4584 0.691274185016 0.584558005395
4587 0.60792964258 0.514079864387
4590 0.64288013615 0.543634838739
4593 0.570507942228 0.482435178399
4596 0.618166857011 0.522736698069
4599 0.641712480148 0.542647440861
4602 0.646938566902 0.547066744974
4605 0.634101967201 0.536211808857
4608 0.755794666196 0.639118069408
4611 0.797654275496 0.674515557482
4614 0.792063736166 0.669788063543
4617 0.859058830898 0.726440720038
4620 0.786877984502 0.665402867747
4623 0.802049916418 0.678232616711
4626 0.68389309943 0.578316382662
4629 0.588310399743 0.497489362804
4632 0.659496016903 0.557685625419
4635 0.581381908574 0.49163046475
4638 0.548916015293 0.464176527902
4641 0.533526527204 0.451162808228
4644 0.573902444699 0.485305650979
4647 0.498431355647 0.421485490705
4650 0.605544273343 0.512062739035
4653 0.640780966365 0.541859730498
4656 0.587684039986 0.496959697994
4659 0.782643187543 0.661821822025
4662 0.739873890307 0.625655080049
4665 0.691018048871 0.584341410537
4668 0.510981556429 0.432098241037
4671 0.574128862914 0.485497115644
4674 0.569910234717 0.481929742614
4677 0.651541347866 0.550958966784
4680 0.581376290236 0.491625713748
4683 0.60014642443 0.507498188728
4686 0.640543444276 0.541658876132
4689 0.64535729608 0.545729584499
4692 0.667140688849 0.56415014309
4695 0.758803509796 0.641662419612
4698 0.699966802835 0.591908691192
4701 0.721073317131 0.609756865137
4704 0.738918844511 0.624847470452
4707 0.675268048063 0.571022832675
4710 0.696033835524 0.588582879848
4713 0.71770027984 0.606904544027
4716 0.652456407209 0.551732762878
4719 0.747213232518 0.631861403584
4722 0.739578418153 0.625405221719
4725 0.805824339664 0.681424359398
4728 0.646994154643 0.547113751299
4731 0.694419015168 0.587217349083
4734 0.746924460409 0.631617210972
4737 0.759818399386 0.642520634555
4740 0.785208184581 0.663990844946
4743 0.761552457216 0.643986995382
4746 0.827689527026 0.699914085456
4749 0.871325670445 0.736813853323
4752 0.866665453769 0.7328730625
4755 0.901670550225 0.762474210361
4758 0.786989605681 0.66549725729
4761 0.625206712159 0.528689768172
4764 0.511942426949 0.432910776159
4767 0.506940240632 0.428680807618
4770 0.565996482404 0.478620179932
4773 0.597405743584 0.505180603371
4776 0.706498120098 0.597431729481
4779 0.617455239543 0.522134937296
4782 0.582762831887 0.492798206573
4785 0.62936537352 0.53220643181
4788 0.6446005057 0.54508962443
4791 0.681531418349 0.576319288582
4794 0.814101767822 0.688423950875
4797 0.773773317484 0.654321247489
4800 0.738343477174 0.624360926053
4803 0.808136454522 0.683379539091
4806 0.574170293848 0.485532150634
4809 0.562629621703 0.475773081894
4812 0.607901045542 0.514055682046
4815 0.653779250052 0.552851390465
4818 0.734324597637 0.620962465273
4821 0.73201507081 0.619009474079
4824 0.700275749831 0.592169944171
4827 0.73202972877 0.619021869201
4830 0.735964805172 0.622349464044
4833 0.693693069767 0.586603472267
4836 0.7848480201 0.663686281236
4839 0.78802437369 0.666372281898
4842 0.774377727028 0.654832350673
4845 0.801456602993 0.677730896671
4848 0.704930667478 0.596106254009
4851 0.672002795892 0.568261657243
4854 0.695514407694 0.588143639236
4857 0.722493562713 0.610957858813
4860 0.652258908029 0.551565752842
4863 0.689985691246 0.583468424206
4866 0.74613633249 0.63095075113
4869 0.766404712194 0.648090178393
4872 0.733142575494 0.619962919042
4875 0.770475045809 0.651532149973
4878 0.833549288541 0.704869240121
4881 0.742624747636 0.627981270883
4884 0.846609166902 0.71591298602
4887 0.808086848087 0.683337590702
4890 0.78287201189 0.662015321372
4893 0.858340135655 0.725832974129
4896 0.974526504383 0.824082949942
4899 0.935110751136 0.790752045073
4902 0.895804918197 0.757514091449
4905 0.960234394858 0.811997199862
4908 0.953969253458 0.806699246257
4911 0.959327602916 0.811230394879
4914 0.996139950545 0.842359797612
4917 1.02648618994 0.868021304376
4920 0.803760694861 0.679679291932
4923 0.991162570713 0.838150806029
4926 1.01079477364 0.854752266969
4929 1.15540239005 0.977035930455
4932 1.07606613602 0.909947294115
4935 1.03782518631 0.877609831246
4938 0.904804887231 0.765124680793
4941 1.03110996024 0.871931275267
4944 1.10658606341 0.935755675601
4947 1.14046467056 0.964404237123
4950 1.21389386005 1.02649771823
4953 1.02704146448 0.868490857819
4956 0.472870581412 0.399870687886
4959 0.465311762844 0.393478769887
4962 0.499292752098 0.422213908172
4965 0.479820385124 0.405747608338
4968 0.525584604668 0.44444692834
4971 0.614262620795 0.519435182427
4974 0.643855142234 0.544459327233
4977 0.661158749589 0.559091671997
4980 0.570815067001 0.482694890462
4983 0.538159080464 0.455080206205
4986 0.6534382553 0.552563037137
4989 0.686818082573 0.580789818455
4992 0.69515228242 0.587837417431
4995 0.68253155456 0.577165027714
4998 0.642497409369 0.543311195807
5001 0.538042582036 0.454981692344
5004 0.525320993759 0.444224012643
5007 0.512094577172 0.433039438031
5010 0.591354051893 0.500063147951
5013 0.478491426216 0.404623808859
5016 0.543924455432 0.459955545346
5019 0.597550834925 0.505303296083
5022 0.558041973226 0.471893656477
5025 0.617735252049 0.522371722577
5028 0.650017697405 0.549670531466
5031 0.705557674278 0.596636465974
5034 0.738909611178 0.624839662525
5037 0.645169558718 0.54557082929
5040 0.552729980162 0.467401707931
5043 0.74163666865 0.62714572763
5046 0.865007890132 0.731471386993
5049 0.714698693072 0.604366330374
5052 0.67639577456 0.571976465207
5055 0.787061732591 0.665558249532
5058 0.831504596001 0.703140199143
5061 0.87924544305 0.7435110027
5064 0.710750430323 0.601027584841
5067 0.767001841106 0.6485951249
5070 0.816137879322 0.690145735519
5073 0.81910936343 0.692658493642
5076 0.79755357632 0.674430403847
5079 0.73266427647 0.619558457933
5082 0.71152779522 0.601684943214
5085 0.784589716484 0.663467853512
5088 0.833286673394 0.704647166464
5091 0.842691972128 0.71260051231
5094 0.89758445973 0.759018914385
5097 0.840092247913 0.710402123257
5100 0.791328458773 0.669166295371
5103 0.817085338004 0.69094692927
5106 0.80782386398 0.683115205044
5109 0.781836453243 0.661139628181
5112 0.784096953234 0.663051161107
5115 0.912947809332 0.772010530728
5118 0.953807917872 0.806562817022
5121 0.854373196589 0.722478435455
5124 0.73339496948 0.620176349441
5127 0.769427534505 0.650646349329
5130 0.794003739648 0.671428576946
5133 0.902608186479 0.763267098031
5136 0.953696086214 0.806468249494
5139 0.843262802554 0.713083220189
5142 0.856478511321 0.72425874001
5145 0.825724833868 0.698252693871
5148 0.819030573973 0.692591867391
5151 0.749203710633 0.633544599545
5154 0.763498035057 0.645632222597
5157 0.995765580559 0.842043221387
5160 0.977782894787 0.826836631651
5163 0.977972041102 0.826996578305
5166 0.57362045495 0.485067193695
5169 0.316091573972 0.267294604671
5172 0.329965023977 0.279026326235
5175 0.399178815052 0.337555165491
5178 0.450539270021 0.380986796186
5181 0.443756938386 0.375251494133
5184 0.42023600145 0.355361626584
5187 0.567571249555 0.479951840747
5190 0.586656176399 0.49609051193
5193 0.477405676884 0.403705673222
5196 0.614835878197 0.519919942614
5199 0.662926811047 0.560586787107
5202 0.612510539519 0.517953580541
5205 0.440507765896 0.372503916065
5208 0.447186765929 0.378151838441
5211 0.555673312112 0.469890659915
5214 0.710000969321 0.60039382267
5217 0.702817625278 0.594319414921
5220 0.724125684175 0.612338019807
5223 0.716246108696 0.605674862083
5226 0.568407218568 0.480658756164
5229 0.821286383361 0.694499433831
5232 0.841259645091 0.711389302267
5235 0.814129505509 0.688447406527
5238 0.851026802958 0.719648644862
5241 0.707572519301 0.598340267177
5244 0.804263498251 0.680104474519
5247 0.579959158636 0.49042735333
5250 0.644238751074 0.544783716055
5253 0.749423110404 0.633730129246
5256 0.775832764072 0.656062764843
5259 0.882840793556 0.746551317189
5262 0.764618647353 0.646579839191
5265 0.631735124821 0.53421035026
5268 0.693836724203 0.586724949899
5271 0.646824729245 0.546970481125
5274 0.841546322386 0.711631723452
5277 0.888889262621 0.751666047478
5280 0.902134602303 0.762866623911
5283 0.824296692614 0.697045023426
5286 1.0038464455 0.848876594298
5289 0.946265511761 0.80018477779
5292 0.971746944425 0.821732487477
5295 0.962014981134 0.813502906258
5298 0.763341991604 0.645500268517
5301 0.871769690416 0.737189327244
5304 1.03828960293 0.878002553063
5307 0.94298368147 0.797409583503
5310 0.977905731943 0.826940505691
5313 0.90933510411 0.768955540676
5316 0.955998017704 0.808414817888
5319 0.924848387038 0.78207394423
5322 0.932260870153 0.788342117465
5325 0.933395985217 0.789301997947
5328 0.644070243059 0.544641221642
5331 0.889857672853 0.752484958362
5334 0.958825939629 0.810806176391
5337 0.94677681157 0.800617145153
5340 0.845508959389 0.714982624199
5343 0.936955640136 0.792312127392
5346 0.917556995651 0.77590816906
5349 0.873195079542 0.738394670424
5352 1.07795907856 0.911548011653
5355 1.14666416271 0.969646676152
5358 1.08137266875 0.91443462527
5361 0.979003067311 0.827868438757
5364 0.985937271431 0.833732167821
5367 0.980635573597 0.829248925169
5370 0.845240408176 0.714755530862
5373 0.978765684016 0.827667701759
5376 1.03818922953 0.877917674914
5379 1.13075613773 0.956194469268
5382 1.04665073716 0.885072928398
5385 1.0478421495 0.886080415208
5388 1.04250411211 0.881566442952
5391 0.830683037906 0.702445469944
5394 0.985928693857 0.833724914419
5397 0.833061448126 0.704456710584
5400 1.07879130191 0.912251759652
5403 1.06618442238 0.90159108041
5406 0.858767616207 0.726194461921
5409 0.890771918499 0.753258066374
5412 1.05003969585 0.887938713023
5415 1.12281194574 0.949476670273
5418 1.17263145691 0.991605241994
5421 1.1336637398 0.958653207209
5424 1.1116809387 0.940064024161
5427 1.20558723139 1.01947343411
5430 0.966686354462 0.817453131413
5433 1.00308175056 0.848229949948
5436 1.01741888662 0.860353775544
5439 1.18385647588 1.00109738685
5442 1.29536756165 1.09539383142
5445 1.19742677743 1.01257275882
5448 0.761374492238 0.643836503935
5451 0.681952052463 0.576674986862
5454 0.664393599737 0.56182713875
5457 0.676177694716 0.571792051668
5460 0.709913407778 0.600319778532
5463 0.795263356623 0.672493739225
5466 0.823442038839 0.696322307726
5469 0.848943470967 0.717886929439
5472 0.849828252397 0.718635121805
5475 0.82955393278 0.70149067161
5478 0.868869331154 0.734736713995
5481 0.878313359779 0.742722810764
5484 0.97168243729 0.821677938698
5487 0.965708219673 0.816625997212
5490 0.933263199778 0.7891897114
5493 1.00829698272 0.852640075153
5496 0.959442696615 0.811327720868
5499 0.875100967448 0.740006334879
5502 0.8405015749 0.710748259959
5505 0.892170055272 0.754440364311
5508 0.926014240274 0.783059817645
5511 0.9137620336 0.772699058268
5514 0.854276986031 0.722397077503
5517 0.981633000081 0.830092372889
5520 1.08541716767 0.91785475041
5523 1.08423667607 0.916856498441
5526 1.04322524864 0.882176253273
5529 1.04047328539 0.879849127247
5532 1.07637603132 0.910209348998
5535 1.04623062063 0.884717667804
5538 1.1081258043 0.937057717372
5541 1.18308047677 1.00044118342
5544 1.15816139765 0.979369013353
5547 1.13119622452 0.956566617198
5550 1.18255875146 1.0
5553 1.10501878867 0.93443035055
5556 1.08272823466 0.915580924265
5559 1.07655434231 0.910360133046
5562 1.08654157586 0.918805576902
5565 1.08974806017 0.921517056829
5568 1.08495115858 0.917460681967
5571 1.10193613225 0.931823582459
5574 1.07951743176 0.912865792443
5577 1.1231060758 0.949725393699
5580 1.13238726447 0.957573789097
5583 1.09295374265 0.924227858704
5586 1.06983262692 0.904676089535
5589 1.01584414481 0.859022136157
5592 1.05030900627 0.888166448367
5595 1.10614302374 0.935381030642
5598 0.86841733112 0.734354491942
5601 0.918851756304 0.777003049674
5604 0.908975620078 0.76865155237
5607 0.961799819725 0.813320960618
5610 0.970432201984 0.820620709783
5613 1.0256030803 0.867274525715
5616 0.898903006636 0.760133909225
5619 0.921019419276 0.778836077395
5622 0.950687213949 0.803923875051
5625 0.90219825797 0.762920452667
5628 0.924746451418 0.781987745028
5631 0.864372750632 0.730934297822
5634 0.964733537227 0.815801782394
5637 0.87995891687 0.744114333248
5640 0.876566191983 0.741245363835
5643 0.901503512424 0.762332959196
5646 0.941436048226 0.79610086777
5649 0.976918900804 0.826106017648
5652 1.05433663472 0.891572307437
5655 1.07785282567 0.911458161665
5658 0.962858167639 0.814215924959
5661 0.997066705039 0.843143483406
5664 0.936694605316 0.792091390097
5667 0.958077249428 0.810173066027
5670 0.893607120079 0.755655580728
5673 0.975380931802 0.824805474229
5676 1.016480419 0.859560184853
5679 1.02333710958 0.865358366605
5682 1.03821020263 0.877935410264
5685 1.10357476335 0.933209248158
5688 1.00815488724 0.852519915811
5691 1.09332447034 0.924541354915
5694 1.08334978623 0.916106523162
5697 1.05458096617 0.891778919966
5700 1.03805743026 0.877806222293
5703 1.01746648269 0.86039402392
5706 1.06509503062 0.900669864649
5709 1.02828233867 0.869540170757
5712 1.04362010341 0.882510151926
5715 1.11789484557 0.945318652614
5718 1.01140826538 0.855271050282
5721 1.09169441564 0.923162941626
5724 1.07847482441 0.911984138701
5727 0.960271348417 0.812028448676
5730 1.05585734946 0.892858260237
5733 1.10822525739 0.937141817284
5736 1.0751484016 0.909171235912
5739 1.07617676221 0.910040842269
5742 1.10785404364 0.93682791005
5745 1.16465825361 0.98486291034
5748 1.11520894402 0.943047389947
5751 1.20473698638 1.01875444657
5754 1.13591914628 0.960560432941
5757 1.21182822315 1.0247509662
5760 1.03094796498 0.871794288198
5763 0.958953832132 0.810914325354
5766 1.03140755133 0.872182925418
5769 1.04450240288 0.883256245482
5772 1.06153153497 0.897656487391
5775 1.06093421175 0.897151376574
5778 1.08509320209 0.917580797364
5781 1.03551532586 0.875656557938
5784 1.04248419644 0.881549601783
5787 1.07909610144 0.912509505432
5790 1.09883523597 0.929201390301
5793 1.20759280063 1.02116939149
5796 1.24761275251 1.05501122119
5799 1.25238088784 1.05904327061
5802 1.35797129972 1.14833305157
5805 1.29999187516 1.09930426167
5808 1.31584334872 1.11270864732
5811 1.17897510098 0.996969579331
5814 1.08906707778 0.920941201806
5817 1.06818343044 0.903281489497
5820 1.09366369872 0.924828214551
5823 1.102968719 0.932696762538
5826 1.14749530538 0.970349510302
5829 1.20008761441 1.01482282629
5832 1.25208773535 1.05879537385
5835 1.21726349175 1.0293471595
5838 1.19765458538 1.01276539868
5841 1.25412519897 1.06051830188
5844 1.27836865628 1.08101914996
5847 1.12635185436 0.952470101779
5850 0.985339781458 0.833226915991
5853 0.957433426029 0.809628633542
5856 1.00240089487 0.847654202072
5859 1.03458908846 0.874873309407
5862 0.980423130566 0.829069278254
5865 0.979831656833 0.8285691139
5868 1.00609521408 0.850778206869
5871 1.01898882274 0.861681351118
5874 0.964467829257 0.815577093371
5877 0.932446660883 0.788499226556
5880 0.941210385549 0.795910042005
5883 1.01862628539 0.86137478086
5886 1.0236420991 0.865616273045
5889 0.754196778937 0.637766857677
5892 0.940429603381 0.795249793906
5895 0.823430977557 0.696312954041
5898 0.884618906273 0.748054931884
5901 0.911278781234 0.770599160598
5904 0.948569858658 0.80213338871
5907 0.908200859613 0.767996396366
5910 0.957926581 0.810045657197
5913 0.940284488161 0.795127081001
5916 0.991236340129 0.838213187214
5919 1.01218656181 0.85592919638
5922 0.980553590616 0.829179598397
5925 1.03234912936 0.872979146348
5928 1.06536046747 0.900894324411
5931 1.09847595241 0.928897571516
5934 1.09225173143 0.923634221201
5937 1.13175207267 0.957036655706
5940 1.13718711242 0.961632655474
5943 1.18692096601 1.00368879309
5946 1.23349494779 1.04307286743
5949 1.08817161865 0.92018398012
5952 1.13833741618 0.962605379884
5955 1.09394662352 0.925067462545
5958 1.05439618554 0.891622665038
5961 1.15206765124 0.974215995456
5964 1.12935215822 0.955007230571
5967 1.15101277337 0.973323965469
5970 1.18762229492 1.00428185361
5973 1.13552963791 0.960231055337
5976 1.11007404802 0.938705198919
5979 1.09341978403 0.92462195445
5982 1.10517470887 0.934562200399
5985 1.09441476521 0.92546333437
5988 1.10886311296 0.937681203227
5991 1.13133775867 0.956686301861
5994 1.19114526493 1.00726096142
5997 1.11881328044 0.946095303137
6000 1.00645277347 0.851080567644
6003 1.03045250616 0.871375316355
6006 1.0499314191 0.887847151612
6009 1.04599469964 0.884518167363
6012 1.07417118917 0.908344881679
6015 1.08632288837 0.918620649524
6018 1.06608252717 0.901504915386
6021 1.10391288262 0.933495169907
6024 1.09503209771 0.925985365511
6027 1.11667907961 0.944290571803
6030 1.12286745324 0.949523608744
6033 1.13998116584 0.963995373956
6036 1.07013553367 0.904932234738
6039 1.08772322504 0.919804807746
6042 1.14122671441 0.965048639656
6045 1.18832171805 1.00487330256
6048 1.19114371174 1.00725964801
6051 1.17116124039 0.990361991696
6054 1.14445023028 0.967774521874
6057 1.1120732111 0.940395739096
6060 1.15306035793 0.975055452003
6063 1.09630712613 0.927063560076
6066 1.091767411 0.923224668244
6069 1.22991717675 1.04004741856
6072 1.21973942717 1.03144086978
6075 1.24418970267 1.05211660827
6078 1.19268502073 1.0085630158
6081 1.11526859372 0.943097831161
6084 1.21518707944 1.02759129552
6087 1.23316269942 1.04279191025
6090 1.18461512003 1.00173891451
6093 1.2430980004 1.05119343869
6096 1.33152080876 1.12596588298
6099 1.36099840143 1.15089284127
6102 1.2050307382 1.01900285014
6105 1.29696267584 1.09674269818
6108 1.32230553212 1.11817322436
6111 1.29280807102 1.09322946486
6114 1.44241014456 1.2197365609
6117 1.39057419004 1.17590283639
6120 1.28270159144 1.0846831837
6123 1.36467717182 1.1540036976
6126 1.40828523453 1.19087971975
6129 1.44828795714 1.22470697997
6132 1.49617964874 1.26520534129
6135 1.32687730606 1.12203922589
6138 1.36930671457 1.15791854982
6141 1.51193052396 1.27852465858
6144 1.67087922782 1.41293548905
6147 1.61628132373 1.36676619385
6150 1.22761722102 1.03810252091
6153 1.43694855096 1.21511810655
6156 1.31116741013 1.10875456167
6159 0.963651942405 0.814887159911
6162 0.799141522273 0.675773208972
6165 0.878973292126 0.743280865361
6168 0.93497880279 0.790640466391
6171 0.970235654471 0.8204545045
6174 0.906425470515 0.766495084828
6177 0.950076195266 0.80340718302
6180 1.04276268101 0.88178509501
6183 1.0062400954 0.850900721981
6186 0.87453175173 0.739524992437
6189 0.841800954105 0.711847046132
6192 0.806063585246 0.681626671191
6195 0.878603190838 0.742967898849
6198 0.931517139599 0.787713201097
6201 0.93494659758 0.790613232895
6204 0.99318475696 0.839860815146
6207 1.02918795271 0.870305979676
6210 1.0051476045 0.849976885513
6213 0.938691911375 0.793780359932
6216 0.796463049514 0.673508228264
6219 0.890536358559 0.753058871248
6222 0.861103933419 0.728170107705
6225 0.790970566459 0.668863653059
6228 0.827389394253 0.699660285996
6231 0.81181698236 0.686491881572
6234 0.897297538352 0.758776286797
6237 0.900277701658 0.761296384256
6240 0.850594475546 0.719283058449
6243 0.858628413757 0.726076748996
6246 0.932614100567 0.788640817562
6249 0.980303513135 0.82896812689
6252 0.970039785078 0.82028887265
6255 1.01867090692 0.861412513895
6258 0.903407240342 0.763942797114
6261 1.03765325358 0.877464440813
6264 1.11855683335 0.945878445333
6267 1.0615629863 0.897683083388
6270 1.05851594659 0.895106433636
6273 1.09164507519 0.923121218158
6276 0.997174579764 0.843234704857
6279 1.01235249041 0.856069509581
6282 1.05829800685 0.894922138575
6285 1.12076682725 0.947747269102
6288 1.21538320691 1.0277571456
6291 1.18256407338 1.00000450034
6294 1.13440271232 0.959278100068
6297 1.06605034565 0.901477701916
6300 1.19317672944 1.00897881646
6303 1.19123694645 1.00733848951
6306 1.18167138808 0.999249624274
6309 1.31163969957 1.10915394094
6312 1.27068911149 1.07452514297
6315 1.29847510526 1.09802164472
6318 1.29683661793 1.0966361006
6321 1.29051356677 1.09128917712
6324 1.28623882423 1.08767435245
6327 1.32791347946 1.12291543893
6330 1.31688267408 1.11358752574
6333 1.39898190556 1.18301260198
6336 1.28631408595 1.08773799556
6339 1.4081482079 1.19076384676
6342 1.42264766754 1.20302493706
6345 1.23466200027 1.04405975495
6348 1.34890740491 1.14066840505
6351 1.31508190855 1.11206475528
6354 1.21595437529 1.02824013926
6357 1.16094117241 0.981719657461
6360 1.09654953457 0.927268546462
6363 1.14512240574 0.968342929535
6366 1.21278261497 1.02555802278
6369 1.31174717833 1.10924482754
6372 1.32082866008 1.116924346
6375 1.34165603009 1.13453646885
6378 1.27158289725 1.07528094962
6381 1.27059967262 1.07444951132
6384 1.2402957857 1.04882381883
6387 1.22960125959 1.03978027144
6390 1.23853885391 1.04733811523
6393 1.1612058108 0.98194344202
6396 1.27703763402 1.07989360566
6399 1.24069572204 1.04916201458
6402 1.30429668604 1.10294451285
6405 1.35376598016 1.14477693264
6408 1.30397178673 1.10266977021
6411 1.28469647815 1.08637010767
6414 1.18516933985 1.00220757606
6417 1.22378746507 1.03486398757
6420 1.09270524702 0.924017724848
6423 1.15238535155 0.974484650447
6426 1.17601055236 0.994462686026
6429 1.16123422308 0.981967468127
6432 1.13428974102 0.959182568831
6435 1.18167239848 0.999250478694
6438 1.19623215117 1.01156255424
6441 1.28549231457 1.08704308601
6444 1.31590235178 1.11275854172
6447 1.2130530364 1.02578669762
6450 1.0337693511 0.874180119862
6453 1.18671504673 1.00351466282
6456 1.20559933808 1.01948367182
6459 1.27092350672 1.0747233532
6462 1.1701475326 0.989504776112
6465 1.25529825154 1.06151026322
6468 1.2963421886 1.09621799932
6471 1.27015622975 1.07407452541
6474 1.08218077703 0.915117980986
6477 1.16538379498 0.985476445493
6480 1.08097043114 0.914094483513
6483 0.957856085291 0.809986044336
6486 1.00898235479 0.853219642192
6489 1.03836539807 0.878066647248
6492 1.0342233853 0.874564062056
6495 0.88584883357 0.74909498786
6498 0.903261325233 0.763819407803
6501 0.993782028509 0.840365882272
6504 1.05753773508 0.894279234563
6507 1.07564131883 0.909588058525
6510 1.07524860693 0.909255971937
6513 1.07153588739 0.906116407378
6516 1.03593547364 0.876011844956
6519 1.06254343604 0.898512175171
6522 1.14709365496 0.970009865084
6525 1.17682475469 0.995151195015
6528 1.19589118616 1.01127422607
6531 1.22133692286 1.03279175039
6534 1.2528139966 1.05940951776
6537 1.28715004494 1.0884449025
6540 1.35187688016 1.14317946444
6543 1.18990881901 1.00621539314
6546 1.14355642674 0.96701870019
6549 1.16530981869 0.985413889373
6552 1.11467016046 0.942591781665
6555 1.11283206689 0.941037445717
6558 1.2034895541 1.01769958796
6561 1.17920878986 0.997167192244
6564 0.984920907118 0.832872705818
6567 1.20434216921 1.01842057971
6570 1.21233997635 1.02518371696
6573 1.12522538669 0.951517533737
6576 1.222208259 1.0335285731
6579 1.17408998398 0.992838607411
6582 1.23303733922 1.04268590267
6585 1.28925062188 1.09022120067
6588 1.37200262224 1.1601982739
6591 1.30878882643 1.10674317434
6594 1.18752753998 1.00420172656
6597 1.28969555627 1.09059744784
6600 1.28058174078 1.08289058721
6603 1.34706835524 1.13911326061
6606 1.28792321725 1.08909871553
6609 1.25478438533 1.06107572565
6612 1.37794727861 1.1652252177
6615 1.35210748351 1.14337446815
6618 1.34698675702 1.1390442592
6621 1.35091108066 1.14236276125
6624 1.25811266641 1.06389019984
6627 1.25232746102 1.05899809162
6630 1.31415338098 1.11127957014
6633 1.34967556467 1.14131797934
6636 1.26048830896 1.06589910007
6639 1.32395136064 1.11956497638
6642 1.37581715086 1.16342393066
6645 1.36490128677 1.15419321457
6648 1.35674216438 1.14729366529
6651 1.12565354244 0.951879592497
6654 1.16566037966 0.985710332128
6657 1.16763668972 0.987381547239
6660 1.20177335519 1.01624832906
6663 1.20801312374 1.02152482678
6666 1.27540014347 1.07850890443
6669 1.33428062613 1.12829965063
6672 1.38718381356 1.17303585284
6675 1.37476972514 1.16253820239
6678 1.26714631259 1.07152926738
6681 1.09528824235 0.92620196755
6684 1.14770972756 0.970530830829
6687 1.15244031209 0.974531126393
6690 1.18997727934 1.00627328483
6693 1.19444504698 1.01005133614
6696 1.21210797517 1.02498753121
6699 1.27350592348 1.07690710665
6702 1.30935107329 1.10721862374
6705 1.30659608273 1.10488893775
6708 1.35427690129 1.14520897978
6711 1.33908177921 1.13235962066
6714 1.17637912143 0.99477435686
6717 1.05217928401 0.889748000012
6720 1.06371225314 0.899500554897
6723 1.09459825609 0.925618498652
6726 1.12240581784 0.949133238796
6729 1.15630037714 0.977795289842
6732 1.18308247363 1.00044287201
6735 1.1853692982 1.00237666563
6738 1.21090540651 1.02397061035
6741 1.23027073127 1.04034639273
6744 1.24867271518 1.05590755101
6747 1.16643416362 0.986364662371
6750 1.13345643162 0.95847790245
6753 1.12217780657 0.948940427006
6756 1.19837537056 1.01337491188
6759 1.22575619455 1.03652879236
6762 1.24458569135 1.05245146579
6765 1.27755795176 1.0803335988
6768 1.31007029745 1.10782681692
6771 1.3060769338 1.10444993298
6774 1.38758846814 1.17337803845
6777 1.40281686682 1.18625553707
6780 1.35523568227 1.14601974794
6783 1.10072595888 0.930800230868
6786 1.0895499077 0.921349494348
6789 1.13972239465 0.963776550844
6792 1.14994905638 0.972424460904
6795 1.18098432337 0.998668625899
6798 1.20542685083 1.01933781247
6801 1.25081575957 1.05771976067
6804 1.23027132638 1.04034689596
6807 1.23299994156 1.0426542783
6810 1.25944387205 1.0650158992
6813 1.24775412373 1.05513076808
6816 1.13540497824 0.960125640129
6819 1.20714255258 1.02078865096
6822 1.21038895354 1.02353388535
6825 1.22497010196 1.03586405365
6828 1.21297700405 1.02572240284
6831 1.22248599324 1.03376343182
6834 1.23683488955 1.04589720217
6837 1.26804035942 1.07228529479
6840 1.23975212941 1.04836409006
6843 1.26592222813 1.07049415225
6846 1.27179760427 1.07546251102
6849 1.19460897453 1.01018995721
6852 1.09004699274 0.921769841369
6855 1.08403460834 0.916685625137
6858 1.11257907728 0.940823511652
6861 1.08107822104 0.914185633236
6864 1.15653391864 0.977992778127
6867 1.09552576594 0.926402823189
6870 1.09161104188 0.923092438771
6873 1.14284935039 0.966420779499
6876 1.17325409973 0.992131763668
6879 1.18979222197 1.00611679589
6882 1.14697061992 0.969905823709
6885 1.14628670992 0.969327493035
6888 1.19410282637 1.0097619462
6891 1.16662594599 0.986526838138
6894 1.16648895963 0.986410999188
6897 1.14997326796 0.972444934799
6900 1.12343073843 0.949999936191
6903 1.17593290245 0.994397023398
6906 1.18004496397 0.997874281095
6909 1.21133204854 1.02433138907
6912 1.19012520722 1.00639837619
6915 1.17121529173 0.990407698798
6918 1.16134543561 0.982061512103
6921 1.09261207079 0.923938932793
6924 1.05531425751 0.892399008677
6927 1.08504691409 0.917541655121
6930 1.09592012717 0.926736304486
6933 1.08145599979 0.914505091992
6936 1.12102257959 0.947963539405
6939 1.12565309391 0.951879213204
6942 1.14329294912 0.966795897205
6945 1.10796466876 0.936921457296
6948 1.18258974804 1.00002621145
6951 1.14598310514 0.96907075756
6954 1.07938539299 0.912754137298
6957 1.15653417633 0.977992996035
6960 1.18089898332 0.998596460313
6963 1.20593435724 1.01976697204
6966 1.2115620038 1.02452584474
6969 1.24526629299 1.05302699883
6972 1.21564316514 1.02797697251
6975 1.23713486276 1.0461508667
6978 1.13800882871 0.96232751845
6981 1.23509793443 1.04442839132
6984 1.27732590013 1.08013737039
6987 1.28608356878 1.08754306473
6990 1.17924372978 0.997196738282
6993 1.27561313787 1.0786890176
6996 1.24179245459 1.05008943789
6999 1.25598595914 1.06209180524
7002 1.30044602809 1.09968830427
7005 1.27936313575 1.08186010562
7008 1.31843921432 1.11490377344
7011 1.34104583191 1.13402047065
7014 1.36121355671 1.15107478172
7017 1.31435322164 1.11144856018
7020 1.42993661724 1.20918864748
7023 1.36498298339 1.15426229919
7026 1.41403649938 1.19574312704
7029 1.44647519135 1.2231740618
7032 1.47459607492 1.24695375439
7035 1.49515500823 1.26433888074
7038 1.40079311993 1.18454420823
7041 1.57395699654 1.33097572919
7044 1.61831643933 1.36848713633
7047 1.65456790342 1.39914224251
7050 1.65610035354 1.40043811903
7053 1.36721107793 1.15614642929
7056 0.900944514992 0.76186025758
7059 1.0122407609 0.855975028431
7062 0.955490964671 0.8079860417
7065 0.992262380459 0.839080831488
7068 1.05665537737 0.893533091749
7071 1.19452193935 1.01011635818
7074 1.21987661572 1.0315568797
7077 1.25451789339 1.06085037368
7080 1.34820829232 1.1400772187
7083 1.34676439523 1.13885622475
7086 1.25020021053 1.05719923766
7089 0.838117441919 0.708732180015
7092 1.00210695374 0.847405638412
7095 0.946060571767 0.800011475623
7098 1.01683569938 0.859860618445
7101 1.04588463816 0.884425096737
7104 1.09178310194 0.923237936886
7107 1.23216428224 1.04194762477
7110 1.25294444917 1.05951983157
7113 1.28073602723 1.08302105552
7116 1.36458279144 1.15392388729
7119 1.46792140003 1.24130948946
7122 1.49588680521 1.26495770579
7125 1.12057757057 0.947587229121
7128 0.984492394912 0.832510345634
7131 1.00370474482 0.848756768816
7134 1.02162758265 0.863912749693
7137 1.05431285365 0.891552197594
7140 1.10443410718 0.933935929876
7143 1.19043849885 1.0066633031
7146 1.23379953997 1.04333043787
7149 1.25410807576 1.06050382208
7152 1.32108310405 1.11713950991
7155 1.44192414934 1.21932559169
7158 1.37136265512 1.15965710239
7161 1.33269445357 1.12695834513
7164 1.38045909757 1.16734927196
7167 1.40889446922 1.1913949032
7170 1.47064028287 1.2436086419
7173 1.55161666822 1.31208421257
7176 1.6230534618 1.37249287598
7179 1.61824131239 1.36842360719
7182 1.61182225477 1.36299549835
7185 1.69117233999 1.43009583067
7188 1.58774227385 1.34263288981
7191 1.66916116969 1.41148265795
7194 1.66827127681 1.41073014322
7197 1.48495633158 1.25571463553
7200 1.4726162365 1.24527955561
7203 1.48669865742 1.25718798798
7206 1.45594355905 1.23118074028
7209 1.40915972516 1.19161920997
7212 1.50220028889 1.27029653878
7215 1.45673690267 1.23185161065
7218 1.52889234673 1.29286798211
7221 1.52033914919 1.28563519344
7224 1.56357890701 1.32219976815
7227 1.55683459381 1.3164966154
7230 1.46927848447 1.24245707256
7233 1.39082290748 1.17611315782
7236 1.39875509369 1.18282080443
7239 1.37800007397 1.16526986272
7242 1.34416561011 1.13665862982
7245 1.28185611447 1.08396822812
7248 1.40605871828 1.18899692429
7251 1.25279209166 1.05939099441
7254 1.23264526853 1.0423543583
7257 1.26875343553 1.07288828903
7260 1.18357284204 1.00085753928
7263 1.18278742757 1.00019337399
7266 0.574156908811 0.485520831926
7269 0.000776583291366 0.000656697428696
7272 0.000100002505274 8.45645133066e-05
7275 9.99956942085e-05 8.45587537067e-05
7278 9.99956942085e-05 8.45587537067e-05
7281 9.99956942085e-05 8.45587537067e-05
7284 9.99956942085e-05 8.45587537067e-05
7287 9.99956942085e-05 8.45587537067e-05
7290 9.99956942085e-05 8.45587537067e-05
7293 9.99956942085e-05 8.45587537067e-05
7296 9.99956942085e-05 8.45587537067e-05
7299 9.99956942085e-05 8.45587537067e-05
7302 9.99956942085e-05 8.45587537067e-05
7305 9.99956942085e-05 8.45587537067e-05
7308 9.99956942085e-05 8.45587537067e-05
7311 9.99956942085e-05 8.45587537067e-05
7314 9.99956942085e-05 8.45587537067e-05
7317 9.99956942085e-05 8.45587537067e-05
7320 9.99956942085e-05 8.45587537067e-05
7323 9.99956942085e-05 8.45587537067e-05
7326 9.99956942085e-05 8.45587537067e-05
7329 9.99956942085e-05 8.45587537067e-05
7332 9.99956942085e-05 8.45587537067e-05
7335 9.99956942085e-05 8.45587537067e-05
7338 9.99956942085e-05 8.45587537067e-05
7341 9.99956942085e-05 8.45587537067e-05
7344 9.99956942085e-05 8.45587537067e-05
7347 9.99956942085e-05 8.45587537067e-05
7350 9.99956942085e-05 8.45587537067e-05
7353 9.99956942085e-05 8.45587537067e-05
7356 9.99956942085e-05 8.45587537067e-05
7359 9.99956942085e-05 8.45587537067e-05
7362 9.99956942085e-05 8.45587537067e-05
7365 9.99956942085e-05 8.45587537067e-05
7368 9.99956942085e-05 8.45587537067e-05
7371 9.99956942085e-05 8.45587537067e-05
7374 9.99956942085e-05 8.45587537067e-05
7377 9.99956942085e-05 8.45587537067e-05
7380 9.99956942085e-05 8.45587537067e-05
7383 9.99956942085e-05 8.45587537067e-05
7386 9.99956942085e-05 8.45587537067e-05
7389 9.99956942085e-05 8.45587537067e-05
7392 9.99956942085e-05 8.45587537067e-05
7395 9.99956942085e-05 8.45587537067e-05
7398 9.99956942085e-05 8.45587537067e-05
