Wave Flux FluxNorm
3600 0.548764546167 0.528840413581
3603 0.462597336519 0.445801698515
3606 0.45840752157 0.441764004233
3609 0.399676095914 0.385164955239
3612 0.461569083898 0.444810778921
3615 0.493650692923 0.475727592887
3618 0.436617111591 0.420764744157
3621 0.454183730164 0.437693567085
3624 0.509226366467 0.490737756529
3627 0.611406500114 0.589208010329
3630 0.512962459709 0.494338202492
3633 0.426251283087 0.410775270398
3636 0.469050210314 0.452020286196
3639 0.56110321001 0.540731094448
3642 0.552881171551 0.53280757561
3645 0.473409687926 0.456221483156
3648 0.46384469018 0.447003764192
3651 0.506299894617 0.487917536829
3654 0.573010799006 0.552206351612
3657 0.579561155003 0.558518882183
3660 0.599192366465 0.577437338307
3663 0.57393809845 0.553099983361
3666 0.578987084148 0.557965654264
3669 0.532807293209 0.513462524625
3672 0.578254281343 0.557259457514
3675 0.590602183281 0.569159041067
3678 0.530782419284 0.511511168307
3681 0.527446426521 0.508296296274
3684 0.572647917341 0.551856645182
3687 0.495357585829 0.477372513202
3690 0.56611695613 0.545562805225
3693 0.598760624975 0.577021272164
3696 0.591788407985 0.570302197212
3699 0.619297942921 0.596812936535
3702 0.630611593109 0.607715819176
3705 0.481411772885 0.463933034402
3708 0.498571239396 0.48046948784
3711 0.53193166797 0.512618690932
3714 0.646888408454 0.623401668087
3717 0.64502073489 0.621601804617
3720 0.449428743069 0.433111220504
3723 0.452476439375 0.436048263333
3726 0.629832474394 0.60696498812
3729 0.571914715135 0.551150063534
3732 0.529155798863 0.509943606003
3735 0.346331931984 0.333757571304
3738 0.441744768482 0.425706229918
3741 0.612977264159 0.590721744248
3744 0.520123957082 0.501239685577
3747 0.440266882244 0.424282001667
3750 0.337069044816 0.324830994114
3753 0.562440334764 0.542019671876
3756 0.669189309543 0.644892884743
3759 0.438631244835 0.422705749758
3762 0.549412231285 0.529464583032
3765 0.565524410697 0.544991773489
3768 0.506567165398 0.488175103743
3771 0.463263778324 0.446443943649
3774 0.583942815898 0.562741457013
3777 0.597926986871 0.576217901168
3780 0.642214512924 0.618897468859
3783 0.665572638101 0.641407524703
3786 0.612702796791 0.590457242037
3789 0.540084498072 0.520475514178
3792 0.567424482803 0.546822859198
3795 0.477409988229 0.460076543549
3798 0.388666902298 0.374555475189
3801 0.524720854257 0.505669682049
3804 0.641888816007 0.618583597102
3807 0.5707344137 0.5500126156
3810 0.632120837105 0.609170266671
3813 0.579975369076 0.558918057281
3816 0.463403197135 0.446578300547
3819 0.520515195892 0.501616719581
3822 0.474390595004 0.457166776194
3825 0.419170806601 0.403951866556
3828 0.389160069383 0.375030736733
3831 0.389987001406 0.375827645126
3834 0.308540769781 0.297338502346
3837 0.344126452693 0.331632166906
3840 0.339753993004 0.327418459212
3843 0.504077951958 0.485776266802
3846 0.513687027929 0.495036463632
3849 0.497148639459 0.479098538598
3852 0.498969455251 0.480853245572
3855 0.479794087214 0.462374082451
3858 0.462991217373 0.446181278638
3861 0.400197240299 0.385667178305
3864 0.571439184216 0.550691797835
3867 0.530031186181 0.510787210414
3870 0.438899584163 0.422964346422
3873 0.409185157763 0.394328769185
3876 0.579237508784 0.55820698667
3879 0.425959343987 0.410493930805
3882 0.396041741759 0.381662554496
3885 0.535677303475 0.516228332705
3888 0.449343568338 0.433029138233
3891 0.484252525353 0.466670646954
3894 0.57492266799 0.554048805887
3897 0.629934510542 0.607063319616
3900 0.621489588908 0.598925009879
3903 0.595233879299 0.573622572931
3906 0.537291621449 0.51778403923
3909 0.651428716528 0.627777130052
3912 0.698937986523 0.673561469016
3915 0.664905639969 0.64076474344
3918 0.651768809073 0.628104874772
3921 0.567587346629 0.546979809886
3924 0.639111226486 0.615906854223
3927 0.515706367962 0.496982486978
3930 0.304752810996 0.293688073934
3933 0.14858916391 0.143194299714
3936 0.20958190367 0.20197256071
3939 0.417010401761 0.401869900079
3942 0.53117854546 0.511892912231
3945 0.546228123549 0.526396081497
3948 0.642961688141 0.619617516197
3951 0.701427078749 0.675960189143
3954 0.688776299416 0.663768724842
3957 0.661521738317 0.637503701957
3960 0.700169161893 0.674747943792
3963 0.473189389855 0.456009183503
3966 0.338993740902 0.326685809775
3969 0.157084533615 0.151381225891
3972 0.349254968774 0.336574480661
3975 0.55321292189 0.533127281006
3978 0.699198554513 0.673812576499
3981 0.797772442167 0.768807517187
3984 0.73384051411 0.707196781744
3987 0.772841525672 0.744781773757
3990 0.798405456452 0.769417548463
3993 0.866065070287 0.834620627658
3996 0.80672449085 0.777434541584
3999 0.821774935289 0.791938545747
4002 0.883497647697 0.85142027609
4005 0.798439966155 0.769450805214
4008 0.859067274398 0.827876902507
4011 0.914391283317 0.881192248701
4014 0.903040477559 0.870253559506
4017 0.882566445579 0.850522883361
4020 0.921573730806 0.888113921259
4023 0.90254263092 0.869773788311
4026 0.905144956246 0.872281630355
4029 0.932159080687 0.898314946176
4032 0.797067170212 0.768127851719
4035 0.84257524582 0.811983654164
4038 0.993950924419 0.957863297875
4041 0.900835882538 0.868129007271
4044 0.873027928459 0.841330683585
4047 0.798129818283 0.769151917958
4050 0.929473917523 0.895727273907
4053 0.905039106149 0.872179623385
4056 0.870588911518 0.838980220647
4059 0.86128869141 0.830017665973
4062 0.91902857658 0.885661174589
4065 0.837328042832 0.806926962697
4068 0.886970820326 0.854767347365
4071 0.900642254656 0.867942409486
4074 0.915829560504 0.882578305995
4077 0.668533987748 0.644261355882
4080 0.828770740963 0.798680352942
4083 0.918060756853 0.884728493737
4086 0.878525816997 0.846628958899
4089 1.00622793945 0.969694568231
4092 0.952277705649 0.917703119155
4095 0.928799364799 0.895077212339
4098 0.866945663233 0.835469248694
4101 0.652887275988 0.629182733226
4104 0.749933078128 0.722705068987
4107 0.896813709429 0.864252868215
4110 0.880000096004 0.848049710887
4113 0.955872540168 0.921167435112
4116 0.997033203105 0.960833667494
4119 0.900236840479 0.867551714784
4122 0.939110478524 0.905013957861
4125 0.949144708582 0.914683872602
4128 0.900604459044 0.867905986129
4131 0.909273067828 0.87625986155
4134 0.85751668876 0.826382614372
4137 0.979549586209 0.943984832679
4140 1.02071494474 0.983655590169
4143 0.852752293331 0.821791201048
4146 0.962661698164 0.927710097439
4149 0.941124184878 0.906954552072
4152 0.923778767459 0.890238899092
4155 0.876464092413 0.844642089869
4158 0.919690047336 0.88629862916
4161 0.963130808133 0.928162175314
4164 0.996905631043 0.960710727222
4167 0.912411634865 0.879284475843
4170 0.977483359009 0.941993624511
4173 0.820010133704 0.790237819257
4176 0.907164374849 0.874227729419
4179 0.880129572973 0.848174486903
4182 0.909549710241 0.876526459838
4185 0.941436813764 0.907255830262
4188 0.846787014094 0.816042504706
4191 0.943905164428 0.909634561897
4194 0.965477199092 0.930423375265
4197 0.865337055077 0.83391904468
4200 0.87599138617 0.844186546291
4203 0.885270851359 0.8531290996
4206 0.938421013448 0.904349525367
4209 0.979421756824 0.943861644428
4212 0.964359489932 0.929346247054
4215 0.835642531342 0.805302647497
4218 0.916645094441 0.883364230136
4221 1.01664847701 0.979736764706
4224 0.891230863074 0.858872719669
4227 0.675235234924 0.650719299189
4230 0.982874129104 0.947188670558
4233 0.943681811437 0.909419318239
4236 0.858585564948 0.827412682603
4239 0.864335002708 0.832953374079
4242 0.906435525918 0.873525342989
4245 0.967124510542 0.932010877364
4248 0.850956257697 0.820060374532
4251 0.881999230458 0.849976262263
4254 0.915706891956 0.882460091206
4257 0.959501739918 0.924664868593
4260 0.824771778374 0.794826581695
4263 0.940174944297 0.906039775808
4266 0.977259284081 0.941777685127
4269 0.875742675796 0.843946865907
4272 0.749444278724 0.722234016546
4275 0.794599769939 0.765750035969
4278 0.95766207942 0.922892001112
4281 0.818550123079 0.788830817605
4284 0.9163842532 0.883112859324
4287 0.807574531793 0.778253719876
4290 0.750229171201 0.722990411734
4293 0.878307406153 0.846418477953
4296 0.789369492948 0.760709655962
4299 0.613071221635 0.590812290387
4302 0.591218805784 0.569753275701
4305 0.62392213321 0.601269235182
4308 0.565140341453 0.544621648743
4311 0.561512446772 0.541125472948
4314 0.764366320405 0.736614279902
4317 1.04226724412 1.00442538479
4320 1.03696053549 0.999311348165
4323 0.831757894569 0.80155905121
4326 0.717537780467 0.691485955557
4329 0.976513417866 0.941058899265
4332 0.971778989794 0.936496365265
4335 0.96944060103 0.934242876971
4338 0.766538844535 0.738707925651
4341 0.592189886704 0.570689099342
4344 0.843708866042 0.813076115751
4347 0.946002068414 0.911655333062
4350 0.984332824871 0.94859440509
4353 0.820587515931 0.790794238322
4356 0.919844414312 0.886447391495
4359 0.916678022239 0.883395962416
4362 1.00527451951 0.96877576435
4365 1.03146388507 0.994014266016
4368 0.945905335763 0.911562112507
4371 0.938811932703 0.904726251419
4374 0.880640693014 0.84866704958
4377 0.9366198144 0.902613722907
4380 0.980667831388 0.945062477449
4383 0.80092318358 0.771843863838
4386 0.855644573499 0.824578470471
4389 0.930271811182 0.89649619824
4392 0.936684301804 0.90267586895
4395 0.921216481393 0.887769642591
4398 1.00341167283 0.966980552514
4401 0.906604099414 0.873687796045
4404 0.934364845453 0.900440625685
4407 0.980961397224 0.945345384716
4410 1.00431110166 0.967847325552
4413 1.09682183745 1.05699925076
4416 0.947071803686 0.912686229186
4419 1.06108353091 1.02255850392
4422 1.04203754256 1.00420402306
4425 1.06359646424 1.02498019954
4428 1.05465179518 1.01636028683
4431 1.02955182472 0.992171627323
4434 1.01939390242 0.982382511267
4437 1.05455824072 1.01627012908
4440 1.111824961 1.07145765212
4443 0.976292075495 0.940845593227
4446 1.10763094004 1.06741590454
4449 1.08220978632 1.04291772305
4452 1.07039776436 1.03153456315
4455 0.955896570156 0.921190592637
4458 0.994742910819 0.958626529426
4461 0.985133255169 0.949365773964
4464 1.04837424033 1.01031065275
4467 1.06450590983 1.02585662566
4470 1.01096149509 0.974256261469
4473 1.1242971057 1.08347696753
4476 1.12883776786 1.08785277072
4479 1.12013622439 1.07946715638
4482 0.990547224748 0.954583177186
4485 1.11719102642 1.07662889046
4488 1.10723773384 1.06703697457
4491 1.07971468549 1.04051321247
4494 1.08298916142 1.04366880118
4497 1.07498740866 1.03595757008
4500 1.12628840064 1.08539596402
4503 1.14975083102 1.10800653803
4506 1.19356895679 1.15023374807
4509 1.14364682245 1.10212414923
4512 1.1529331436 1.11107330959
4515 1.11147429793 1.07111972067
4518 1.10517716914 1.06505122331
4521 1.14130196872 1.0998644307
4524 1.07021510322 1.03135853393
4527 1.00403382991 0.967580120773
4530 1.00846696125 0.971852297297
4533 1.04064394366 1.00286102191
4536 1.01534493879 0.978480554382
4539 1.14015127251 1.09875551311
4542 1.09411503348 1.0543907234
4545 1.07555498842 1.03650454257
4548 1.06099866208 1.02247671644
4551 1.02980286451 0.992413552547
4554 0.966971267453 0.93186319811
4557 1.07869276127 1.03952839151
4560 1.12092320164 1.08022556065
4563 1.10184572139 1.06184073128
4566 1.06811021832 1.02933007162
4569 1.13914469193 1.0977854787
4572 1.04768058189 1.00964217914
4575 1.11546373237 1.07496430971
4578 1.11825836081 1.07765747287
4581 1.04214806425 1.00431053201
4584 1.04391004921 1.00600854414
4587 1.0735931166 1.03461390092
4590 1.10125579274 1.06127222132
4593 1.04745661925 1.00942634797
4596 1.06699770956 1.02825795499
4599 1.07559885218 1.03654681376
4602 1.05585040753 1.01751538086
4605 1.06375221183 1.02513029236
4608 1.09088837346 1.05128121454
4611 1.0996525664 1.05972720372
4614 1.0780622322 1.03892075522
4617 1.08382165183 1.04447106615
4620 1.0796024705 1.0404050717
4623 1.11117457859 1.07083088331
4626 1.08168574621 1.0424127094
4629 1.0713471599 1.03244948874
4632 1.1013557236 1.06136852396
4635 1.0805665394 1.04133413791
4638 1.05130015304 1.0131303336
4641 1.08651181876 1.04706356051
4644 1.0762497 1.03717403109
4647 1.0172699423 0.980335666305
4650 1.06364554497 1.02502749828
4653 1.06655090311 1.02782737085
4656 1.01931339456 0.982304926421
4659 1.10309169432 1.06304146636
4662 1.08118877305 1.04193377997
4665 1.05906177087 1.02061014843
4668 0.935969232594 0.901986761939
4671 1.03812986909 1.00043822647
4674 1.05919602262 1.02073952586
4677 1.07771832081 1.03858933031
4680 1.01375026356 0.976943777427
4683 1.03250291375 0.995015570424
4686 1.05942634781 1.02096148858
4689 1.06230941287 1.02373987747
4692 1.04515870967 1.00721186917
4695 1.076382453 1.03730196419
4698 1.05821094854 1.01979021711
4701 1.03463099624 0.997066388081
4704 0.984048611133 0.948320510372
4707 1.03623268708 0.998609925933
4710 1.02073504122 0.983674957004
4713 1.06538587703 1.02670464367
4716 1.05091601916 1.01276014657
4719 1.10961430896 1.06932726279
4722 1.10197408025 1.06196442978
4725 1.12164981663 1.08092579425
4728 1.05375594267 1.01549696026
4731 1.04466358007 1.00673471637
4734 1.06572136573 1.0270279517
4737 1.03822123688 1.00052627695
4740 1.09304097526 1.05335566128
4743 1.10494007492 1.06482273734
4746 1.10650129421 1.06632727305
4749 1.10602147022 1.06586487015
4752 1.10542555296 1.065290589
4755 1.06725781445 1.02850861618
4758 1.08106011896 1.04180979696
4761 1.09761661318 1.05776517037
4764 1.03302172896 0.995515548881
4767 1.05419210356 1.01591728535
4770 1.10212700912 1.06211180622
4773 1.06993352205 1.03108717619
4776 1.11158825443 1.07122953972
4779 1.1277929922 1.08684592799
4782 1.11872484819 1.07810702337
4785 1.09762008686 1.05776851793
4788 1.06638609827 1.02766854963
4791 1.09030398121 1.05071803997
4794 1.13100886427 1.08994504059
4797 1.13623647015 1.09498284647
4800 1.08242359066 1.04312376474
4803 1.11940314211 1.0787606903
4806 1.08911339071 1.04957067654
4809 1.09116295938 1.051545831
4812 1.09802344587 1.05815723208
4815 1.11880911595 1.0781882316
4818 1.12927280716 1.08827201494
4821 1.12038273135 1.07970471335
4824 1.03933302529 1.00159769938
4827 1.11616981565 1.07564475704
4830 1.09568837186 1.05590693819
4833 1.0944606186 1.05472376127
4836 1.09889955911 1.05900153606
4839 1.06985803042 1.03101442546
4842 1.06754112388 1.02878163944
4845 1.09309101944 1.0534038885
4848 1.06671394885 1.02798449685
4851 1.07459130719 1.03557584996
4854 1.03231840338 0.994837759118
4857 0.953889372692 0.919256270997
4860 0.787338099904 0.758752017217
4863 0.751438202898 0.724155546813
4866 0.964579573426 0.92955833992
4869 1.03015651679 0.992754364685
4872 0.942778876867 0.908549166742
4875 1.03701522269 0.999364049825
4878 1.04009558765 1.00233257519
4881 1.08323991807 1.04391045355
4884 1.04672125246 1.00871768033
4887 1.019701663 0.982679097903
4890 1.00904678896 0.972411073056
4893 1.04475208497 1.0068200079
4896 1.1363317192 1.09507463729
4899 1.10792828432 1.06770245306
4902 1.08879886588 1.04926757124
4905 1.07320249467 1.0342374614
4908 1.10215198594 1.06213587621
4911 1.01323621284 0.97644839047
4914 1.083656804 1.0443122035
4917 1.09732714645 1.05748621338
4920 0.938266374954 0.904200501373
4923 1.01807491563 0.981111413264
4926 1.06505860931 1.02638925814
4929 1.10552487711 1.06538630697
4932 1.09431699698 1.05458535416
4935 0.98474480884 0.948991431053
4938 1.00858795777 0.971968900774
4941 1.06889580183 1.03008713275
4944 1.11007493719 1.06977116687
4947 1.07540745995 1.03636237046
4950 1.1034143369 1.06335239467
4953 1.09452682801 1.0547875668
4956 1.0686880483 1.02988692218
4959 1.00616993101 0.969638665914
4962 1.10185544693 1.06185010371
4965 1.0960862642 1.05629038415
4968 1.06664484464 1.02791790163
4971 1.05268611625 1.01446597631
4974 1.09643273296 1.05662427359
4977 1.08461170697 1.04523243656
4980 1.04606373251 1.00808403312
4983 0.934729518211 0.900792058178
4986 0.99904362213 0.962771093728
4989 1.06844389667 1.02965163502
4992 1.03962451424 1.00187860517
4995 1.06003043267 1.02154364077
4998 1.0708913787 1.03201025571
5001 1.00998983549 0.973319880159
5004 1.03357946385 0.996053033945
5007 0.966564681583 0.931471374256
5010 1.06523991778 1.0265639838
5013 0.975213801405 0.939806468306
5016 1.00108029682 0.964733822361
5019 0.974892724675 0.93949704899
5022 1.02461188936 0.987411047436
5025 1.04449736049 1.00657453176
5028 1.00724968961 0.970679221454
5031 1.05233727674 1.0141298022
5034 1.07725790546 1.03814563138
5037 0.992510123773 0.956474808742
5040 0.961458916897 0.926550985854
5043 0.97823481792 0.942717800013
5046 1.08495616517 1.04556438843
5049 1.01377060128 0.976963376733
5052 1.00459143909 0.968117484703
5055 1.075520508 1.03647131404
5058 1.0725351858 1.03359438069
5061 1.08776868853 1.0482747968
5064 1.05269663427 1.01447611244
5067 1.02774120854 0.990426749643
5070 1.04529584521 1.00734402569
5073 1.02209674183 0.984987218003
5076 1.02444196672 0.987247294228
5079 0.988593617354 0.952700499907
5082 0.989619368799 0.953689009136
5085 1.02844731669 0.991107220948
5088 1.03308155187 0.995573199778
5091 1.04872518983 1.01064886024
5094 1.07143062124 1.03252991983
5097 1.01719586036 0.980264274069
5100 0.963561023911 0.92857677114
5103 1.07060946277 1.03173857537
5106 1.02062765182 0.98357146662
5109 0.997316463505 0.961106643486
5112 1.02579274628 0.988549030691
5115 1.04876822419 1.01069033214
5118 1.06990275466 1.03105752589
5121 1.03783974789 1.00015863878
5124 0.96487422098 0.929842289631
5127 0.991571146691 0.955569923337
5130 0.984344268967 0.948605433683
5133 1.01673184261 0.979817103529
5136 1.04233849624 1.00449404994
5139 0.966253403103 0.931171397442
5142 0.984866392359 0.949108600209
5145 1.01369301213 0.976888604637
5148 0.986459516655 0.95064388254
5151 1.00545979691 0.968954314834
5154 0.991031804983 0.955050163644
5157 1.02392009435 0.986744369606
5160 1.03856119955 1.00085389652
5163 0.985112869777 0.94934612871
5166 0.887045614414 0.854839425885
5169 0.833336762674 0.803080594953
5172 0.816223620788 0.786588784219
5175 0.955357565895 0.92067115814
5178 1.05742427807 1.01903210849
5181 1.0271473819 0.989854483211
5184 0.708720440218 0.682988748701
5187 0.998110833147 0.96187217175
5190 1.00734990028 0.970775793741
5193 0.942171731368 0.907964065027
5196 0.981422995147 0.945790223287
5199 1.01879485154 0.981805210278
5202 1.02731369429 0.990014757262
5205 0.964085704864 0.929082402368
5208 0.962762392723 0.927807136055
5211 1.00938727917 0.972739201004
5214 1.03951879759 1.0017767268
5217 0.967104727366 0.931991812461
5220 1.04275894647 1.00489923478
5223 1.04105606707 1.00325818225
5226 0.927942027594 0.894251002693
5229 0.974010018775 0.938646391715
5232 1.01027777378 0.973597364206
5235 0.974663642891 0.939276284535
5238 1.02871509086 0.991365272969
5241 1.04040501405 1.00263076717
5244 1.03260683218 0.995115715862
5247 1.03259806407 0.995107266094
5250 1.01238467901 0.975627773494
5253 1.0347102745 0.997142787965
5256 1.02241023317 0.98528932734
5259 1.07994008771 1.04073043096
5262 0.989388671149 0.953466687484
5265 0.90522322553 0.872357057897
5268 0.960872762662 0.925986113268
5271 0.910233847312 0.877185757771
5274 0.971117177428 0.935858581488
5277 1.00065321129 0.964322243133
5280 1.05199301461 1.01379803928
5283 0.996525015348 0.960343930637
5286 1.04540679839 1.00745095047
5289 1.05643037748 1.0180742937
5292 1.06960074116 1.03076647766
5295 1.06177242113 1.02322238243
5298 0.971935331338 0.936647030478
5301 1.03040428334 0.992993135513
5304 1.03827715816 1.00058016789
5307 1.04841629828 1.01035118369
5310 1.06552626754 1.02683993699
5313 1.05934972535 1.02088764807
5316 1.02667552699 0.989399760061
5319 1.04348987677 1.00560362701
5322 1.0337941578 0.996259932945
5325 0.98252327532 0.94685055531
5328 0.916231804867 0.882965945971
5331 1.01595110368 0.979064711086
5334 1.02984102344 0.992450326036
5337 1.03037551507 0.992965411741
5340 0.980018381989 0.944436607772
5343 1.01682372108 0.97990564615
5346 1.01273096888 0.975961490533
5349 0.999964999693 0.963659018604
5352 1.03580751755 0.998200193135
5355 1.05001897557 1.01189567217
5358 1.06739891017 1.02864458911
5361 1.05540710204 1.01708817058
5364 1.01445651419 0.977624386033
5367 1.01016252773 0.97348630242
5370 0.977444336913 0.941956019199
5373 0.994099769375 0.95800673868
5376 1.06322365921 1.02462093003
5379 1.04671032831 1.00870715281
5382 1.02278224807 0.985647835401
5385 1.03380470382 0.996270096074
5388 1.04626348044 1.00827652875
5391 0.978111686178 0.942599138846
5394 0.985754522258 0.949964484552
5397 0.9886266348 0.952732318581
5400 1.00939050009 0.972742304981
5403 1.00775725404 0.971168357613
5406 0.94392001268 0.90964887105
5409 0.998753646898 0.9624916467
5412 1.00375875382 0.967315031945
5415 1.0038071679 0.967361688244
5418 1.03166374744 0.994206871929
5421 1.02320583132 0.986056039503
5424 0.989478049181 0.953552820446
5427 1.04091385759 1.003121136
5430 0.965487842017 0.930433631775
5433 1.01274734376 0.975977270887
5436 0.991633026906 0.955629556852
5439 1.05217202364 1.01397054898
5442 1.05408603186 1.01581506483
5445 1.01248314848 0.975722667807
5448 0.988083626846 0.952209025754
5451 1.05264556595 1.01442689827
5454 1.02837262387 0.991035240011
5457 1.00359283221 0.967155134491
5460 1.05483163052 1.01653359285
5463 0.988018486877 0.952146250838
5466 1.02160448696 0.984512835559
5469 1.04074243368 1.00295593603
5472 1.03379506995 0.996260811984
5475 1.00313386053 0.966712826812
5478 0.950700386164 0.916183067806
5481 1.00228227176 0.965892156888
5484 1.01846167278 0.981484128327
5487 1.0214425092 0.984356738768
5490 1.02278280139 0.98564836863
5493 1.03342969543 0.995908703204
5496 1.03188691876 0.994421940521
5499 1.02037927813 0.983332110689
5502 0.999518961176 0.96322917452
5505 1.02647041673 0.989202096793
5508 1.00677506335 0.970221827564
5511 1.00063089775 0.964300739734
5514 0.980795482115 0.945185493529
5517 1.02818842415 0.990857728083
5520 1.03687484999 0.999228773669
5523 1.0270618264 0.989772033995
5526 0.99926216008 0.962981697166
5529 0.926616757435 0.892973849451
5532 1.02620864409 0.988949828399
5535 0.995269638619 0.959134133187
5538 1.02005611082 0.983020676702
5541 1.02647780311 0.989209214986
5544 0.99277891532 0.956733841206
5547 1.01081826748 0.97411823406
5550 1.03767513237 1.0
5553 1.03187180155 0.994407372171
5556 1.01349895867 0.976701596727
5559 1.01637104601 0.979469406468
5562 1.01470678148 0.977865566802
5565 0.991997908045 0.955981190159
5568 1.00539425048 0.968891148218
5571 0.997402117338 0.961189187464
5574 0.975276368756 0.939866764008
5577 0.996852101446 0.960659141137
5580 1.00807255864 0.971472214368
5583 0.992207978638 0.956183633666
5586 0.973579663746 0.938231661695
5589 0.920567267012 0.8871439994
5592 0.984621576095 0.948872672551
5595 0.961391193199 0.926485721017
5598 0.983239710743 0.947540978932
5601 0.971947209629 0.936658477501
5604 0.960078793636 0.925220971076
5607 1.03264259676 0.995150181924
5610 1.0225038866 0.985379580464
5613 1.02758376454 0.990275021997
5616 0.923829125985 0.890287429238
5619 1.00357100247 0.967134097329
5622 1.01046882805 0.973781481816
5625 0.95795928422 0.923178415222
5628 1.01398338084 0.977168430853
5631 1.02591227346 0.988664218172
5634 0.992575414029 0.956537728487
5637 0.989333776335 0.95341378575
5640 1.00276724511 0.966359522189
5643 0.993281576679 0.957218252313
5646 1.00217170646 0.965785605911
5649 1.00731202506 0.970739293668
5652 1.00686894779 0.970312303323
5655 0.97201769437 0.936726403134
5658 0.947506816606 0.913105447982
5661 0.975990164646 0.940554643931
5664 0.963284639321 0.928310421314
5667 0.983577286757 0.947866298488
5670 0.981325547454 0.945696313652
5673 1.02230399958 0.985186950793
5676 0.995999879718 0.959837861239
5679 1.00702165544 0.970459466573
5682 0.98278690786 0.947104616077
5685 0.968349364846 0.933191260574
5688 0.95184106301 0.91728232981
5691 0.975901096043 0.940468809165
5694 0.993990278848 0.957901223454
5697 0.998225711321 0.961982879013
5700 0.987601779459 0.951744672921
5703 0.977679787104 0.942182920841
5706 0.972786812474 0.937467596673
5709 0.93130563409 0.897492485881
5712 0.929588067267 0.895837279189
5715 0.984239265028 0.948504242148
5718 0.990568743801 0.954603914941
5721 1.00845148309 0.971837381111
5724 1.01233212107 0.97557712379
5727 1.00121018112 0.964858990919
5730 0.998056554356 0.961819863672
5733 0.986586046518 0.950765818451
5736 1.00105493439 0.964709380764
5739 1.00473932913 0.968260005262
5742 0.999776784765 0.963477637243
5745 1.00364744347 0.967207762965
5748 0.987618775274 0.951761051665
5751 1.00217335296 0.965787192634
5754 0.945801176517 0.911461734997
5757 0.996357634675 0.960182627097
5760 0.991761567519 0.955753430508
5763 0.96267052527 0.927718604057
5766 1.00514260314 0.9686486375
5769 1.00404324118 0.967589190348
5772 0.992334499419 0.956305560826
5775 0.988571965901 0.952679634559
5778 1.00755965032 0.970977928334
5781 0.971192087116 0.93593077141
5784 0.97149842702 0.936225988954
5787 0.979976242017 0.944395997787
5790 0.992384898098 0.956354129667
5793 0.978716489997 0.943181983901
5796 1.00137603546 0.965018823539
5799 0.984921358791 0.949161570961
5802 1.01152519768 0.974799497575
5805 0.989325772144 0.953406072169
5808 0.995993750114 0.959831954184
5811 1.00790647406 0.971312159866
5814 1.01211988543 0.97537259384
5817 0.993707284548 0.957628503899
5820 1.014646487 0.97780746145
5823 1.02038660632 0.983339172814
5826 1.01646444172 0.979559411234
5829 1.01422456422 0.977400857527
5832 1.01299643589 0.976217319165
5835 1.01187132739 0.975133060264
5838 1.01307957712 0.976297441765
5841 1.01943751033 0.982424535898
5844 1.01707037763 0.980143347273
5847 1.00504126465 0.968550978329
5850 1.01036060149 0.973677184669
5853 0.982465071882 0.946794465079
5856 0.975872239952 0.940441000759
5859 0.962507754033 0.927561742596
5862 0.995754611881 0.959601498403
5865 1.00332977763 0.966901630697
5868 0.995576922284 0.959430260227
5871 1.0102211894 0.973542834245
5874 1.00086306979 0.964524482248
5877 1.00513468548 0.968641007303
5880 1.00112042116 0.964772489891
5883 0.988762549859 0.952863298938
5886 0.994549270198 0.958439919364
5889 0.902831620563 0.870052285533
5892 0.895209446039 0.862706851219
5895 0.91716726003 0.883867437328
5898 0.927288742927 0.893621436996
5901 0.975421461925 0.940006589243
5904 0.98241534998 0.946746548443
5907 0.984626787139 0.948877694397
5910 0.991019713197 0.955038510878
5913 0.984291854696 0.94855492243
5916 0.961727879524 0.926810183187
5919 0.987232836435 0.951389125204
5922 0.979363647736 0.943805645121
5925 0.9789547933 0.943411635066
5928 0.980989359653 0.945372331906
5931 0.958648736139 0.923842835037
5934 0.966922365754 0.931816071897
5937 0.990489547913 0.954527594439
5940 0.989629702509 0.953698967658
5943 0.958804593626 0.923993033766
5946 0.976015062829 0.940578638129
5949 0.936919836417 0.902902851949
5952 0.958387420312 0.92359100687
5955 0.976036873068 0.940599656499
5958 0.972307635749 0.937005817538
5961 0.97330621659 0.937968142653
5964 0.98057882041 0.944976698215
5967 0.978597059356 0.943066889459
5970 0.970777615266 0.935531347894
5973 0.981224772896 0.945599197941
5976 0.959188491214 0.924362993088
5979 0.960418907524 0.925548736363
5982 0.973248093152 0.937912129518
5985 0.938435198522 0.904363195421
5988 0.952635426908 0.918047852538
5991 0.964618885669 0.929596224844
5994 0.967258358999 0.932139866151
5997 0.956511088328 0.921782799343
6000 0.962194528812 0.927259889722
6003 0.94874763541 0.914301216065
6006 0.957989242769 0.923207286059
6009 0.92920012977 0.895463426636
6012 0.951519121239 0.91697207686
6015 0.950336431714 0.915832327542
6018 0.94755279068 0.913149752864
6021 0.919637546945 0.886248034913
6024 0.929670752367 0.89591696222
6027 0.937043819179 0.903022333238
6030 0.952776610757 0.91818391039
6033 0.962324958077 0.927385583459
6036 0.955984249511 0.921275088596
6039 0.9596292104 0.924787710972
6042 0.942827271712 0.908595804504
6045 0.951019505275 0.916490600579
6048 0.954734743208 0.920070948433
6051 0.955642941673 0.920946172707
6054 0.942424527169 0.908207682508
6057 0.937980783956 0.903925279399
6060 0.947739514294 0.913329697057
6063 0.949285406302 0.914819461974
6066 0.911726976656 0.878624675692
6069 0.950480101149 0.915970780734
6072 0.945143436043 0.910827875272
6075 0.954280411457 0.919633112219
6078 0.929825793562 0.896066374295
6081 0.944536942578 0.910243401918
6084 0.939036796021 0.904942950568
6087 0.935728564641 0.901754831978
6090 0.934486957455 0.900558304137
6093 0.934004362018 0.900093230414
6096 0.945747619442 0.911410122433
6099 0.945034649755 0.910723038715
6102 0.894288365605 0.861819212685
6105 0.935885836696 0.901906393916
6108 0.934896753946 0.900953222043
6111 0.943961242354 0.909688603787
6114 0.937798797477 0.903749900349
6117 0.933081839236 0.899204201899
6120 0.932709103483 0.898844999156
6123 0.890643514841 0.858306696436
6126 0.936435466289 0.902436067969
6129 0.93178202554 0.897951580866
6132 0.924069736101 0.890519303462
6135 0.932715032295 0.89885071271
6138 0.861381327368 0.830106938573
6141 0.891384382594 0.859020665316
6144 0.918913088785 0.885549879838
6147 0.926717484577 0.893070919467
6150 0.925826233141 0.892212026921
6153 0.928344366189 0.894638733478
6156 0.902716119009 0.869940977524
6159 0.915265635211 0.88203485528
6162 0.848471668423 0.817665993866
6165 0.903543497492 0.870738316168
6168 0.907379025272 0.874434586474
6171 0.884803667475 0.852678877879
6174 0.913550295285 0.880381794633
6177 0.914791597371 0.881578028452
6180 0.928468736978 0.894758588707
6183 0.93233511126 0.898484585563
6186 0.931255118223 0.897443804105
6189 0.917929560956 0.884602061202
6192 0.882683116038 0.850635317837
6195 0.922106202958 0.888627060811
6198 0.938113893019 0.904053555637
6201 0.913402488961 0.880239354751
6204 0.935164499206 0.901211246209
6207 0.935807431231 0.901830835139
6210 0.929209175679 0.895472144113
6213 0.913808624416 0.880630744543
6216 0.901252138027 0.868530149668
6219 0.900859804108 0.868152060315
6222 0.91907398041 0.88570492993
6225 0.922001530056 0.888526188295
6228 0.919707277328 0.886315233578
6231 0.874203416907 0.842463493277
6234 0.909921350798 0.876884607147
6237 0.909010212851 0.876006550115
6240 0.904835116401 0.871983039944
6243 0.904267980539 0.871436495226
6246 0.871467207019 0.839826627651
6249 0.905741133386 0.872856161942
6252 0.898130488891 0.865521839033
6255 0.87507086961 0.843299451157
6258 0.880054684653 0.848102317572
6261 0.907406624889 0.874461184025
6264 0.914856235764 0.881640320002
6267 0.915437276758 0.882200264995
6270 0.909515560173 0.876493549665
6273 0.913296912088 0.880137611084
6276 0.918233455527 0.884894922196
6279 0.849850090966 0.818994369675
6282 0.85169029629 0.820767762201
6285 0.889093465127 0.856812924767
6288 0.909403657014 0.876385709402
6291 0.892042356737 0.859654750226
6294 0.892442135275 0.860040013904
6297 0.880285757398 0.848325000701
6300 0.872066996139 0.840404640077
6303 0.862755748427 0.831431458181
6306 0.904190715371 0.871362035344
6309 0.90005748686 0.867378873002
6312 0.897120570286 0.864548587798
6315 0.876920111685 0.845081552335
6318 0.849927385878 0.819068858221
6321 0.877592624933 0.845729648474
6324 0.897554846175 0.864967096323
6327 0.909247648083 0.876235364726
6330 0.902849323561 0.870069345784
6333 0.900996848895 0.868284129382
6336 0.871463245774 0.839822810228
6339 0.883481805048 0.851405008644
6342 0.899795669845 0.867126561843
6345 0.881461632953 0.849458183446
6348 0.88912631244 0.856844579484
6351 0.909301675145 0.876287430214
6354 0.896873929285 0.864310901653
6357 0.900666835894 0.867966098247
6360 0.892551938933 0.860145830893
6363 0.856042748221 0.824962188564
6366 0.889105774475 0.856824787196
6369 0.906390009017 0.873481478682
6372 0.894981126585 0.862486821418
6375 0.910643037741 0.877580091621
6378 0.91019954311 0.877152699061
6381 0.89681701727 0.864256055957
6384 0.909816776913 0.876783830053
6387 0.909885406387 0.876849967779
6390 0.907585315014 0.874633386403
6393 0.876496186358 0.844673018571
6396 0.905396780788 0.872524311841
6399 0.884335426878 0.852227637811
6402 0.885964848229 0.853797899351
6405 0.900842874128 0.868135745016
6408 0.868952882185 0.837403591042
6411 0.877076250594 0.845232022269
6414 0.891969502838 0.859584541453
6417 0.88736232519 0.855144637764
6420 0.870033439945 0.83844491672
6423 0.884100415428 0.852001158981
6426 0.898315450162 0.865700084868
6429 0.900023539547 0.867346158222
6432 0.87390588065 0.842176759745
6435 0.894907826051 0.862416182225
6438 0.87846448505 0.846569853746
6441 0.871551972712 0.839908315735
6444 0.902697195431 0.869922741009
6447 0.899083480875 0.866440230497
6450 0.855458284129 0.824398944756
6453 0.891832649843 0.859452657213
6456 0.855238086834 0.82418674222
6459 0.89168215746 0.859307628796
6462 0.852233233638 0.821290986986
6465 0.874982218399 0.843214018628
6468 0.887042546296 0.854836469162
6471 0.857850887958 0.826704679715
6474 0.881203168648 0.849209103269
6477 0.852663022603 0.821705171495
6480 0.871273289509 0.839639750754
6483 0.859434330007 0.828230631335
6486 0.866511305517 0.835050661314
6489 0.876679411706 0.84484959151
6492 0.854711043846 0.823678834715
6495 0.784931844924 0.756433126742
6498 0.804542560639 0.775331831262
6501 0.863218000359 0.831876927015
6504 0.889400646406 0.857108953138
6507 0.883162146157 0.851096955689
6510 0.874775389509 0.843014699127
6513 0.880863902456 0.848882154901
6516 0.846333280645 0.815605245072
6519 0.821456719376 0.791631883379
6522 0.866483726311 0.835024083432
6525 0.8711204642 0.839492474111
6528 0.866122290192 0.834675770065
6531 0.882742753019 0.850692789563
6534 0.859793399385 0.828576663891
6537 0.8689452009 0.837396188644
6540 0.872591830006 0.840910418669
6543 0.869794870472 0.838215009049
6546 0.832195099748 0.80198038267
6549 0.852934760261 0.821967043106
6552 0.848793503886 0.817976144368
6555 0.808404305011 0.779053366309
6558 0.793905705634 0.765081171231
6561 0.675408225808 0.65088600925
6564 0.512082647485 0.493490333833
6567 0.764924801616 0.737152484195
6570 0.804995347855 0.775768179019
6573 0.830499620914 0.800346462013
6576 0.835789924989 0.805444689685
6579 0.86291590657 0.831585801421
6582 0.860567441049 0.82932260223
6585 0.864176250541 0.832800385767
6588 0.852361240067 0.821414345853
6591 0.867061630787 0.835581005785
6594 0.820060354442 0.790286216618
6597 0.859788159656 0.828571614402
6600 0.860466551877 0.829225376066
6603 0.863076157207 0.831740233798
6606 0.86106317067 0.829800333271
6609 0.846623640765 0.815885063014
6612 0.864013553554 0.83264359586
6615 0.852245404575 0.82130271603
6618 0.854929557032 0.823889414288
6621 0.860834132901 0.829579611234
6624 0.862113732827 0.830812752403
6627 0.861975310471 0.830679355782
6630 0.858112835299 0.826957116469
6633 0.838644455956 0.808195580478
6636 0.845760872955 0.815053619932
6639 0.85448268416 0.823458766142
6642 0.854167425993 0.823154954132
6645 0.840709708269 0.810185849154
6648 0.858615912058 0.827441927893
6651 0.861621272131 0.830338171601
6654 0.865188004176 0.833775405407
6657 0.86235433208 0.831044616158
6660 0.849143394948 0.818313331848
6663 0.837464938949 0.807058888492
6666 0.853943997602 0.822939637812
6669 0.853661117472 0.822667028282
6672 0.856427313218 0.825332791063
6675 0.855088435013 0.824042523846
6678 0.825430037462 0.795460941204
6681 0.850680263548 0.819794400972
6684 0.853367215306 0.822383796896
6687 0.856887776952 0.825776536623
6690 0.856723738548 0.825618454003
6693 0.852865803792 0.821900590256
6696 0.836521740356 0.806149934847
6699 0.842456400453 0.811869123746
6702 0.850826841436 0.81993565702
6705 0.84240471955 0.811819319235
6708 0.851517547119 0.820601285078
6711 0.845974948089 0.815259922587
6714 0.839239348705 0.808768874305
6717 0.81903093051 0.78929416824
6720 0.836336382543 0.805971306868
6723 0.838082218389 0.807653756212
6726 0.83494855906 0.804633871441
6729 0.849786136112 0.818932736846
6732 0.848701595532 0.817887572954
6735 0.847039427673 0.816285753843
6738 0.839746693523 0.809257798828
6741 0.834443342364 0.804146997775
6744 0.830124734285 0.799985186487
6747 0.833261239195 0.803007813523
6750 0.815098658604 0.78550466632
6753 0.829851582353 0.799721951951
6756 0.832564614092 0.802336480964
6759 0.836572329484 0.806198687224
6762 0.84159657805 0.811040519131
6765 0.840061189548 0.809560876366
6768 0.820496626488 0.790706648825
6771 0.833341752771 0.803085403873
6774 0.835235443431 0.804910339829
6777 0.840673040346 0.810150512543
6780 0.844983482665 0.814304454548
6783 0.834263213657 0.803973409047
6786 0.834773967971 0.804465619275
6789 0.838469658417 0.808027129357
6792 0.836891292464 0.806506069534
6795 0.827831676322 0.797775383158
6798 0.830476793732 0.800324463623
6801 0.832551764288 0.8023240977
6804 0.831414336599 0.801227966885
6807 0.82926710076 0.799158691279
6810 0.824385352106 0.794454185502
6813 0.828503656796 0.798422965867
6816 0.824772902652 0.794827665153
6819 0.82533538602 0.795369726296
6822 0.823403085342 0.793507582145
6825 0.825492479084 0.795521115743
6828 0.812972852173 0.783456042079
6831 0.819920971005 0.790151893811
6834 0.819862325518 0.79009537758
6837 0.816862045857 0.787204029828
6840 0.801062295625 0.771977925107
6843 0.793218456771 0.764418874486
6846 0.815941718369 0.786317116902
6849 0.816944739015 0.787283720625
6852 0.818819947213 0.789090845166
6855 0.797590665914 0.76863234073
6858 0.799836354955 0.770796494974
6861 0.806233625508 0.776961498213
6864 0.809540271582 0.780148089056
6867 0.811722147397 0.782250746956
6870 0.811110540019 0.781661345362
6873 0.810300620758 0.780880832043
6876 0.80350424403 0.774331213077
6879 0.803781784988 0.774598677285
6882 0.799615867939 0.770584013236
6885 0.806998411504 0.777698516932
6888 0.808391353391 0.779040884927
6891 0.8155271942 0.785917642967
6894 0.822612095015 0.792745310503
6897 0.816675946096 0.787024686838
6900 0.811625407349 0.782157519273
6903 0.808415431779 0.779064089094
6906 0.797121819964 0.768180517288
6909 0.806945342261 0.777647374487
6912 0.805378756034 0.776137666701
6915 0.786525416602 0.757968840212
6918 0.788298518731 0.759677565875
6921 0.801745099249 0.772635938008
6924 0.796395524793 0.767480591899
6927 0.796284840479 0.767373926228
6930 0.800916117181 0.771837054
6933 0.797091550098 0.768151346438
6936 0.799670330944 0.770636498838
6939 0.800745204575 0.771672346762
6942 0.799862726296 0.770821908844
6945 0.779706087754 0.751397102454
6948 0.798292337826 0.769308536864
6951 0.784469948602 0.755988000606
6954 0.793722800605 0.764904906981
6957 0.800389402292 0.771329462682
6960 0.796756824461 0.767828773769
6963 0.798201664998 0.769221156117
6966 0.787801787153 0.759198869256
6969 0.797807635469 0.768841432717
6972 0.791079638545 0.762357710872
6975 0.785350982778 0.756837046852
6978 0.759742894208 0.732158717604
6981 0.776048211097 0.747872033246
6984 0.786807030688 0.758240229665
6987 0.796748761125 0.76782100319
6990 0.792296063737 0.763529971008
6993 0.795007815735 0.766143266744
6996 0.800786603835 0.771712242928
6999 0.787845253125 0.759240757097
7002 0.790783366866 0.762072196003
7005 0.776289818117 0.748104868179
7008 0.785742441023 0.757214292325
7011 0.794223817999 0.76538773381
7014 0.786816866049 0.75824970793
7017 0.759237223184 0.731671406105
7020 0.789546544466 0.760880279226
7023 0.78041853811 0.752083685695
7026 0.78640348407 0.757851334715
7029 0.790877618963 0.762163026066
7032 0.795572432938 0.766687384247
7035 0.779891346974 0.75157563542
7038 0.778616768476 0.750347333365
7041 0.790822717971 0.762110118378
7044 0.795405210472 0.76652623317
7047 0.793346437873 0.764542208945
7050 0.799553899212 0.770524294422
7053 0.788943365387 0.760298999921
7056 0.791981886643 0.763227200821
7059 0.788312771216 0.759691300891
7062 0.778516049133 0.750250270865
7065 0.783022507419 0.754593112035
7068 0.761431634355 0.733786144237
7071 0.785445368952 0.756928006124
7074 0.788158922783 0.759543038273
7077 0.789681918549 0.761010738248
7080 0.782854348269 0.754431058281
7083 0.779673224753 0.751365432618
7086 0.772046028446 0.744015158848
7089 0.784254473945 0.755780349242
7092 0.776935112297 0.7487267335
7095 0.784447376294 0.755966247836
7098 0.780483899194 0.752146673698
7101 0.785226216343 0.756716810344
7104 0.787273263566 0.758689534908
7107 0.786465313507 0.757910919295
7110 0.780398155214 0.752064042846
7113 0.770704085895 0.742721938543
7116 0.779341162187 0.751045426331
7119 0.784579532218 0.756093605543
7122 0.763754502863 0.736024675773
7125 0.78411263264 0.755643657805
7128 0.784778538158 0.756285386123
7131 0.760414475877 0.732805915988
7134 0.77988239491 0.751567008382
7137 0.786205855868 0.75766088185
7140 0.781102077423 0.752742407574
7143 0.770695606735 0.742713767239
7146 0.773987641102 0.745886276885
7149 0.740406923908 0.713524783247
7152 0.770042337726 0.742084216632
7155 0.776052594 0.747876257018
7158 0.779667432682 0.751359850841
7161 0.76747579249 0.739610855601
7164 0.74915942275 0.72195950291
7167 0.758433986846 0.730897333071
7170 0.779913899362 0.751597368994
7173 0.775117224135 0.746974847862
7176 0.765803929693 0.737999693547
7179 0.780939235116 0.752585477624
7182 0.767886533699 0.740006683925
7185 0.781641278008 0.753262031268
7188 0.728128917233 0.701692557253
7191 0.762540822609 0.734855060914
7194 0.741138653697 0.714229945938
7197 0.753626667001 0.726264553799
7200 0.757981985024 0.730461742193
7203 0.728896578855 0.702432347191
7206 0.751341316525 0.724062178118
7209 0.732745780418 0.706141794824
7212 0.761558088617 0.733908007292
7215 0.760473290464 0.732862595179
7218 0.759474578793 0.731900143984
7221 0.751792463991 0.724496945659
7224 0.743801916194 0.716796512693
7227 0.762860730151 0.735163353492
7230 0.756331226285 0.728870917967
7233 0.765514501406 0.737720773606
7236 0.743280715264 0.716294235137
7239 0.759067336649 0.731507687683
7242 0.750207846873 0.722969861634
7245 0.74917111907 0.721970774568
7248 0.755608748312 0.728174671184
7251 0.736823275618 0.710071247378
7254 0.744405519348 0.717378200676
7257 0.752726910626 0.725397465105
7260 0.747813437296 0.720662386488
7263 0.733265379253 0.706642528453
7266 0.746261105953 0.71916641603
7269 0.750969043401 0.723703421208
7272 0.748499894919 0.721323920721
7275 0.745683420213 0.718609704472
7278 0.748839878093 0.721651560041
7281 0.742760637104 0.715793039586
7284 0.741112732182 0.714204965563
7287 0.748894533614 0.72170423117
7290 0.69943895592 0.674044249591
7293 0.710655503074 0.684853554742
7296 0.737501727064 0.710725066117
7299 0.742571553266 0.715610820862
7302 0.737962896038 0.711169491313
7305 0.741404433376 0.714486075888
7308 0.722573515931 0.696338857305
7311 0.72205451713 0.695838701924
7314 0.740843177207 0.713945197388
7317 0.740986095169 0.714082926392
7320 0.737644448862 0.710862606079
7323 0.744752890464 0.717712959701
7326 0.725203317673 0.698873178173
7329 0.737886354483 0.711095728771
7332 0.735894441024 0.709176136216
7335 0.743165417983 0.716183123983
7338 0.747673585937 0.720527612748
7341 0.74274391672 0.715776926273
7344 0.737400112497 0.710627140895
7347 0.745533661999 0.718465383567
7350 0.745610125515 0.718539070903
7353 0.73369529925 0.707056839236
7356 0.722177092832 0.695956827239
7359 0.740787582126 0.713891620812
7362 0.728812016685 0.702350855241
7365 0.728904512742 0.70243999302
7368 0.740721519221 0.713827956469
7371 0.737457998686 0.710682925396
7374 0.729307653009 0.702828496373
7377 0.732343511756 0.705754131432
7380 0.74048465982 0.713599696782
7383 0.731880820372 0.7053082391
7386 0.710432405974 0.684638557685
7389 0.698725941414 0.673357122682
7392 0.725810365269 0.699458185539
7395 0.715791234901 0.689802822261
7398 0.729900317129 0.703399642486
