Wave Flux FluxNorm
3600 0.337915332961 0.317589286063
3603 0.236705736098 0.222467578123
3606 0.210112065359 0.197473551277
3609 0.14870293729 0.139758262153
3612 0.23844395741 0.224101243161
3615 0.277039363884 0.260375085724
3618 0.166181654062 0.156185611372
3621 0.211666552385 0.198934533886
3624 0.275951567489 0.259352721697
3627 0.369250922036 0.347039998688
3630 0.259137320617 0.24354987365
3633 0.195369298564 0.183617581084
3636 0.258591693413 0.243037066632
3639 0.327588810887 0.307883917726
3642 0.316669187552 0.297621123942
3645 0.243272175999 0.228639038121
3648 0.17794729344 0.167243532234
3651 0.271870349408 0.255516994194
3654 0.343415969927 0.32275905256
3657 0.376025748055 0.353407310108
3660 0.395498335504 0.371708596089
3663 0.344056040783 0.323360622321
3666 0.348532932915 0.327568223567
3669 0.304525100852 0.286207519855
3672 0.366933092875 0.344861589967
3675 0.368608822489 0.346436522264
3678 0.285632375188 0.268451216219
3681 0.274810416655 0.258280212571
3684 0.325513372308 0.305933319478
3687 0.225018034397 0.211482906885
3690 0.336429754301 0.316193066892
3693 0.352064010409 0.330886902156
3696 0.32550290798 0.305923484593
3699 0.408560072965 0.383984653049
3702 0.381728052429 0.358766613456
3705 0.218986909495 0.205814561992
3708 0.220429576589 0.207170450784
3711 0.328880837321 0.309098227089
3714 0.438430991833 0.412058797285
3717 0.340572686169 0.320086796018
3720 0.132858357955 0.124866754879
3723 0.204135860939 0.191856823328
3726 0.327900886163 0.308177221269
3729 0.28889731167 0.271519762524
3732 0.224714137534 0.211197289813
3735 0.0947256049383 0.0890277365653
3738 0.169818294615 0.159603503264
3741 0.311551116771 0.292810911776
3744 0.185173824545 0.174035378092
3747 0.14236141458 0.133798190284
3750 0.144140033453 0.135469822918
3753 0.314934411107 0.295990696556
3756 0.350012662444 0.328958945439
3759 0.175026108418 0.164498060292
3762 0.265594553925 0.249618695974
3765 0.250697905647 0.23561810047
3768 0.253075249797 0.237852444276
3771 0.343103686979 0.322465553837
3774 0.370948595868 0.34863555523
3777 0.35115213819 0.330029880237
3780 0.388646626446 0.365269026244
3783 0.390774871271 0.367269254374
3786 0.300091523563 0.282040628009
3789 0.216443673559 0.203424305006
3792 0.292510603439 0.274915710093
3795 0.22208695401 0.208728134797
3798 0.206813087227 0.194373010971
3801 0.279813650123 0.262982495037
3804 0.348641369363 0.327670137421
3807 0.263547996994 0.247695242105
3810 0.31907992973 0.299886856841
3813 0.257121080832 0.241654913312
3816 0.170460740715 0.160207305396
3819 0.173561133933 0.163121205928
3822 0.165658730712 0.155694142542
3825 0.119439526615 0.112255083701
3828 0.138568784795 0.130233692115
3831 0.168790879147 0.158637888173
3834 0.133752507392 0.125707120064
3837 0.183788931695 0.172733788348
3840 0.126510666704 0.118900885514
3843 0.231964202413 0.218011253857
3846 0.218332354232 0.20519937908
3849 0.187571521094 0.176288850074
3852 0.210501071491 0.197839158184
3855 0.177662673394 0.166976032455
3858 0.14925729189 0.140279271603
3861 0.139954390607 0.131535951934
3864 0.226273319598 0.212662685048
3867 0.194984119165 0.183255570728
3870 0.151428551242 0.142319926879
3873 0.177279804741 0.166616193849
3876 0.267568284391 0.251473703984
3879 0.17975510556 0.168942602104
3882 0.172416295932 0.162045231422
3885 0.272586378595 0.256189953294
3888 0.238173876448 0.223847407921
3891 0.365234734783 0.343265390324
3894 0.37934560597 0.356527474251
3897 0.367636945064 0.345523104531
3900 0.324437825643 0.304922468345
3903 0.33049478457 0.310615093312
3906 0.278506059241 0.261753557447
3909 0.395417545673 0.371632665871
3912 0.42468138387 0.399136246129
3915 0.408095151516 0.38354769723
3918 0.368177927912 0.346031546557
3921 0.255136013279 0.239789250154
3924 0.302383260954 0.284194514414
3927 0.231497343934 0.217572477524
3930 0.12760234314 0.119926896192
3933 0.0641480353173 0.0602894475378
3936 0.104719121467 0.0984201300736
3939 0.218865795264 0.205700732939
3942 0.254758829969 0.23943475491
3945 0.277852349551 0.261139169246
3948 0.348896090287 0.32790953655
3951 0.42607755897 0.400448439481
3954 0.42480951217 0.399256667346
3957 0.381163043828 0.358235590858
3960 0.37588230994 0.353272499983
3963 0.21758112956 0.204493341549
3966 0.146593251495 0.137775476703
3969 0.0736229709803 0.069194453494
3972 0.185256230699 0.174112827408
3975 0.311809981688 0.293054205631
3978 0.418353825037 0.393189298192
3981 0.488508484853 0.459124063951
3984 0.464074245021 0.436159575433
3987 0.510836049648 0.480108596675
3990 0.512374186004 0.481554212128
3993 0.553493184894 0.52019984974
3996 0.509453492379 0.478809202025
3999 0.553806171512 0.520494009806
4002 0.60834778835 0.571754877434
4005 0.476837046256 0.448154677569
4008 0.57310951881 0.538636235651
4011 0.599070475461 0.563035606985
4014 0.606381492678 0.569906857005
4017 0.593793164643 0.558075733278
4020 0.625740753915 0.588101633493
4023 0.607444929474 0.570906326694
4026 0.608344710363 0.571751984592
4029 0.646989055714 0.608071822295
4032 0.458571531237 0.430987857042
4035 0.499872117913 0.469804159698
4038 0.673011349525 0.632528841279
4041 0.606681582231 0.57018889578
4044 0.489024465075 0.459609007291
4047 0.438834641827 0.412438167207
4050 0.63126990859 0.59329820232
4053 0.588561639621 0.553158891293
4056 0.531598933885 0.499622566414
4059 0.512477656131 0.481651458393
4062 0.515837691272 0.484809383048
4065 0.467170174359 0.439069280593
4068 0.561308222956 0.527544803095
4071 0.497329390542 0.467414380687
4074 0.598204861063 0.562222060419
4077 0.43837041338 0.412001862705
4080 0.606783957009 0.570285112583
4083 0.615515368507 0.57849131832
4086 0.606203873226 0.569739921594
4089 0.711765388474 0.668951774366
4092 0.642062349458 0.60344146383
4095 0.607591055927 0.571043663451
4098 0.567378662496 0.5332500978
4101 0.47328582068 0.444817062831
4104 0.556814145492 0.523321050238
4107 0.639358704928 0.600900447035
4110 0.575662654076 0.541035796509
4113 0.609746724975 0.573069666201
4116 0.640090915314 0.601588614014
4119 0.55324942275 0.519970750207
4122 0.591264560888 0.555699228329
4125 0.619629886952 0.582358343128
4128 0.563891671169 0.529972853538
4131 0.522223171877 0.490810768688
4134 0.48499188826 0.455818995218
4137 0.61067310968 0.573940327661
4140 0.622274391513 0.584843777298
4143 0.406944194407 0.382465971689
4146 0.544522311289 0.511768585854
4149 0.537435801104 0.505108338476
4152 0.516529797916 0.485459858578
4155 0.508498473279 0.477911628566
4158 0.545275868585 0.512476815698
4161 0.589753533087 0.554279090816
4164 0.601407180999 0.565231756645
4167 0.527322798757 0.495603646377
4170 0.592215969096 0.556593408095
4173 0.457704348698 0.430172836661
4176 0.517315772382 0.486198555657
4179 0.515887339454 0.484856044828
4182 0.514203356823 0.483273355943
4185 0.6102343924 0.573527999796
4188 0.511046706168 0.480306581931
4191 0.565466142956 0.531452618798
4194 0.593492310734 0.557792976123
4197 0.464964082483 0.436995888014
4200 0.516450140438 0.485384992601
4203 0.519644570992 0.488387274001
4206 0.618194784386 0.581009563847
4209 0.632147733772 0.594123225176
4212 0.618718609359 0.581501880067
4215 0.480738189627 0.451821162091
4218 0.682042413251 0.641016674772
4221 0.728187061286 0.684385662194
4224 0.541922046127 0.509324730024
4227 0.315370769933 0.296400807831
4230 0.672224507742 0.631789329052
4233 0.621555004523 0.584167662372
4236 0.55328657236 0.520005665219
4239 0.596269821147 0.560403415672
4242 0.674967531466 0.634367356331
4245 0.744174480279 0.699411417136
4248 0.594796392733 0.559018615894
4251 0.54071866892 0.508193737521
4254 0.558917912621 0.525298273037
4257 0.684695957477 0.643510604861
4260 0.496314340394 0.466460387125
4263 0.69399669555 0.652251891438
4266 0.744623947485 0.699833848304
4269 0.613347761415 0.576454095614
4272 0.415858754049 0.39084430897
4275 0.508823568757 0.478217169128
4278 0.709208220113 0.66654842301
4281 0.589620829814 0.554154369817
4284 0.645308116199 0.606491993478
4287 0.599359322472 0.563307079472
4290 0.484223727517 0.455097040342
4293 0.627555144449 0.589806886075
4296 0.578436903744 0.543643171451
4299 0.40603903986 0.381615263365
4302 0.426391971375 0.400743939571
4305 0.429589432229 0.403749068994
4308 0.325973555768 0.306365822304
4311 0.411864384469 0.387090205917
4314 0.587627502949 0.552280944156
4317 0.863635746603 0.811686932874
4320 0.800870926877 0.75269749871
4323 0.623912399651 0.586383257116
4326 0.446092994779 0.419259920786
4329 0.793129782823 0.745421994542
4332 0.782728985459 0.735646818671
4335 0.839879869065 0.789360002276
4338 0.610411273372 0.573694241147
4341 0.576658753409 0.541971979172
4344 0.732888030619 0.688803862106
4347 0.771757214888 0.725335014373
4350 0.797826209836 0.749835925361
4353 0.636309559395 0.598034711573
4356 0.751012111002 0.705837755475
4359 0.70332605641 0.661020079106
4362 0.8212859857 0.771884565186
4365 0.862494500485 0.810614334195
4368 0.725950834028 0.682283946915
4371 0.744515553614 0.699731974466
4374 0.63771769739 0.599358148235
4377 0.728404342222 0.6845898734
4380 0.741744354102 0.69712746621
4383 0.429269146235 0.40344804862
4386 0.623663054197 0.586148910115
4389 0.661774887195 0.621968266776
4392 0.688970260884 0.647527803357
4395 0.688613450807 0.647192455871
4398 0.807959816817 0.759359982698
4401 0.691071484013 0.649502635181
4404 0.571404239135 0.537033530767
4407 0.657681315975 0.61812092919
4410 0.777597111162 0.730823633289
4413 0.835579620381 0.785318419145
4416 0.665100141072 0.625093502306
4419 0.84634688211 0.795438016073
4422 0.74305839979 0.698362470341
4425 0.773648853163 0.727112868146
4428 0.79805452058 0.750050502916
4431 0.751166397345 0.705982761294
4434 0.711001463964 0.66823380091
4437 0.785784031783 0.738518099984
4440 0.838973680931 0.788508322538
4443 0.718598101168 0.675373490503
4446 0.877096407979 0.824337917957
4449 0.869679372846 0.817367027136
4452 0.838322521438 0.787896331134
4455 0.688866142739 0.647429948053
4458 0.714547070393 0.671566134499
4461 0.665054189655 0.625050314927
4464 0.805711352822 0.757246766737
4467 0.808008049231 0.75940531387
4470 0.775964184066 0.729288928883
4473 0.883869715502 0.83070380222
4476 0.909556391845 0.854845391563
4479 0.880724438202 0.827747717441
4482 0.763697824492 0.717760406795
4485 0.938403002756 0.881956841299
4488 0.852882348774 0.801580365915
4491 0.839274620923 0.788791160597
4494 0.7983038873 0.750284869904
4497 0.844672263553 0.793864128
4500 0.902204203785 0.84793544718
4503 0.958998685596 0.901313667022
4506 0.981582081265 0.92253864206
4509 0.952288497558 0.895007105524
4512 0.928264637067 0.872428311496
4515 0.877978478213 0.825166930518
4518 0.867860847914 0.815657888845
4521 0.957226962862 0.899648515715
4524 0.87630950691 0.823598350011
4527 0.751068599562 0.705890846175
4530 0.749498804161 0.70441547601
4533 0.82531699383 0.775673102933
4536 0.804247201926 0.755870686423
4539 0.910509145882 0.855740836205
4542 0.876055047462 0.823359196629
4545 0.84792906343 0.796925027128
4548 0.860578700262 0.808813771848
4551 0.868231482663 0.816006229431
4554 0.823849243215 0.774293639426
4557 0.922440195369 0.866954217543
4560 0.951421343378 0.894192111796
4563 0.904951173944 0.85051718351
4566 0.852580126307 0.801296322522
4569 0.946258957131 0.889340249798
4572 0.878471012408 0.82562983814
4575 0.949141608992 0.892049506399
4578 0.920444645992 0.865078703058
4581 0.809895793802 0.761179508149
4584 0.857642790739 0.806054461102
4587 0.888605646768 0.835154861059
4590 0.959208518306 0.901510878021
4593 0.867987198496 0.815776639274
4596 0.845123332039 0.794288064131
4599 0.888472645135 0.835029859647
4602 0.890903572923 0.837314563966
4605 0.877930658949 0.825121987645
4608 0.992633324889 0.932925139004
4611 0.954533644302 0.897117203771
4614 0.941977815962 0.88531662484
4617 0.972512508385 0.914014615789
4620 0.95567574977 0.898190610109
4623 0.9633850672 0.905436202066
4626 0.958806360972 0.901132910974
4629 0.966388743754 0.908259203567
4632 0.976960138376 0.91819471505
4635 0.933028336833 0.876905468524
4638 0.883166830358 0.830043196532
4641 0.924352515585 0.86875150921
4644 0.901789867337 0.847546033608
4647 0.794518185637 0.746726883121
4650 0.899780772953 0.845657788865
4653 0.94533744494 0.888474167764
4656 0.87312927446 0.82060941268
4659 1.01594509325 0.954834674173
4662 0.934723673187 0.87849882819
4665 0.878552743244 0.82570665276
4668 0.749071436021 0.704013814619
4671 0.940115913463 0.883566718198
4674 0.904284326962 0.849890448242
4677 0.967898752335 0.909678383167
4680 0.868692979727 0.816439966846
4683 0.921252489952 0.865837954152
4686 0.935572873422 0.879296947927
4689 0.909653218185 0.854936393673
4692 0.899872112025 0.845743633774
4695 0.955663323133 0.898178930951
4698 0.877768955335 0.824970010714
4701 0.86024224778 0.80849755742
4704 0.860784053879 0.809006773177
4707 0.873161203852 0.820639421477
4710 0.880602375662 0.827632997122
4713 0.914331477078 0.859333249207
4716 0.937894834642 0.881479240158
4719 1.00843744986 0.947778625296
4722 0.981689643421 0.922639734213
4725 1.00441610598 0.943999170487
4728 0.845864401815 0.794984557595
4731 0.879456380051 0.826555934638
4734 0.94648275973 0.88955059038
4737 0.910026929584 0.855287625845
4740 0.95067095147 0.893486856938
4743 0.978301826018 0.919455698435
4746 0.986030168948 0.926719171483
4749 0.996997317547 0.937026631826
4752 0.963676355435 0.905709968935
4755 0.924004546234 0.868424470669
4758 0.960222664581 0.902464022078
4761 0.963806799845 0.905832566944
4764 0.898637199364 0.844583002715
4767 0.893320800225 0.839586391901
4770 1.00223097656 0.941945479436
4773 0.966153276005 0.908037899509
4776 1.01017052794 0.949407456472
4779 1.0276637041 0.965848395331
4782 0.97770579354 0.918895518085
4785 0.965099041191 0.907047078291
4788 0.944064365035 0.887277665272
4791 0.94935901977 0.892253839636
4794 1.04275050056 0.980027701355
4797 1.01670975021 0.955553336019
4800 0.943322312019 0.88658024771
4803 1.04581100099 0.982904108706
4806 0.979152815305 0.920255499609
4809 0.958407380511 0.900757929707
4812 1.00261708483 0.942308362795
4815 1.00785355742 0.947229854745
4818 1.04677890316 0.9838137903
4821 1.03700903128 0.974631588921
4824 0.93478112888 0.878552827848
4827 1.00837815925 0.947722901096
4830 0.988487898043 0.929029064975
4833 0.960036679643 0.902289224377
4836 1.0081240663 0.947484092169
4839 0.955341757213 0.897876707639
4842 0.959687046666 0.901960622278
4845 1.00249968988 0.942198029308
4848 0.96903929207 0.910750317954
4851 1.00025666142 0.940089921926
4854 0.959392480271 0.901683774435
4857 0.922633999512 0.867136364116
4860 0.771894969924 0.725464483265
4863 0.8142677374 0.765288473652
4866 0.932642366311 0.876542714631
4869 0.925359604754 0.869698020656
4872 0.786744752345 0.739421031954
4875 0.91716113919 0.861992703462
4878 0.957994466471 0.900369852983
4881 0.965050916905 0.907001848744
4884 0.948596416226 0.891537107688
4887 0.875486987764 0.822825306461
4890 0.842188685056 0.791529939982
4893 0.952355029103 0.89506963511
4896 1.06548056742 1.00139052512
4899 1.01401128593 0.953017187878
4902 0.993800999784 0.934022576734
4905 1.00047787098 0.940297825441
4908 0.980852494475 0.921852940865
4911 0.893900954932 0.840131649548
4914 0.987068657034 0.92769519316
4917 0.971436162731 0.913003013726
4920 0.730121549887 0.68620378879
4923 0.910654568559 0.855877511519
4926 0.946484613487 0.889552332631
4929 1.01812400239 0.956882519086
4932 1.00583563208 0.945333310243
4935 0.944089802666 0.887301572796
4938 0.845630458582 0.794764686352
4941 0.971366409318 0.912937456072
4944 1.03217639696 0.970089643847
4947 1.00164004261 0.94139009094
4950 1.03099097003 0.968975521887
4953 1.00818997195 0.947546033504
4956 0.934558078794 0.878343194515
4959 0.918021455107 0.862801270257
4962 1.02487628426 0.963228642418
4965 0.964280855292 0.906278107339
4968 0.941931648724 0.885273234622
4971 0.965191484579 0.907133961089
4974 1.02784703422 0.96602069791
4977 0.974185303219 0.915586789838
4980 0.927006063986 0.871245443223
4983 0.809006295661 0.760343514478
4986 0.898728451575 0.844668765987
4989 0.970006793001 0.911659622445
4992 0.954379334232 0.896972175652
4995 0.957314239298 0.89973054236
4998 0.958001394896 0.900376364655
5001 0.887420288764 0.834040803881
5004 0.887329262094 0.833955252584
5007 0.835830147525 0.785553876755
5010 0.942118835627 0.885449161989
5013 0.813895987879 0.764939085348
5016 0.874148482575 0.821567314101
5019 0.862813328897 0.810913984664
5022 0.866181782414 0.814079821319
5025 0.917375823453 0.862194474187
5028 0.872236128991 0.819769991072
5031 0.959294278941 0.901591480042
5034 1.00987976815 0.949134186266
5037 0.890047756326 0.836510225851
5040 0.786957723901 0.739621192994
5043 0.882159128101 0.829096108876
5046 1.01588921575 0.954782157772
5049 0.862194985994 0.81033283589
5052 0.891542784506 0.837915326141
5055 0.985312124332 0.926044318185
5058 0.983479152291 0.924321601796
5061 1.01614176453 0.955019515417
5064 0.93226202282 0.876185249296
5067 0.914689294262 0.859669543222
5070 0.953260197418 0.895920356373
5073 0.909967782569 0.8552320366
5076 0.938886552425 0.882411304827
5079 0.839380518192 0.788890688008
5082 0.875528629311 0.822864443215
5085 0.928992159509 0.873112072516
5088 0.940444079007 0.883875144158
5091 0.96348347197 0.905528687661
5094 0.998919642077 0.938833326034
5097 0.902816859069 0.848511250452
5100 0.86892248056 0.816655662906
5103 0.953927573627 0.896547589035
5106 0.9134619775 0.85851605116
5109 0.880101225269 0.827161991577
5112 0.936127407508 0.879818126066
5115 0.962127159799 0.904253959432
5118 1.00445025946 0.944031269583
5121 0.933244994535 0.877109093983
5124 0.830780416848 0.780807893948
5127 0.87451601968 0.821912743371
5130 0.881293042995 0.828282119916
5133 0.923722692333 0.868159570647
5136 0.943551694084 0.886795832145
5139 0.834369122279 0.784180734078
5142 0.855087892518 0.803653243333
5145 0.896088979674 0.842188061755
5148 0.867251405166 0.815085104871
5151 0.87871966962 0.825863538298
5154 0.874851172081 0.822227735919
5157 0.952393905932 0.895106173447
5160 0.958510629882 0.900854968494
5163 0.893940483487 0.840168800409
5166 0.69624467597 0.654364652912
5169 0.697675467242 0.655709380227
5172 0.583121765033 0.548046232238
5175 0.86686544434 0.814722360091
5178 0.937991878427 0.881570446634
5181 0.852481364329 0.801203501206
5184 0.541287789894 0.508728625129
5187 0.927269701202 0.871493222318
5190 0.945233931972 0.888376881236
5193 0.821866740508 0.772430386837
5196 0.879671567615 0.82675817839
5199 0.955875926995 0.898378746413
5202 0.949284889682 0.892184168569
5205 0.820146987744 0.770814079439
5208 0.794311253076 0.746532397822
5211 0.923928574804 0.868353069019
5214 0.962831454176 0.904915889586
5217 0.897225250032 0.843255983972
5220 0.983161202586 0.92402277718
5223 0.94216561636 0.8854931288
5226 0.769943366032 0.723630270887
5229 0.916777988392 0.861632599683
5232 0.92638574431 0.870662436583
5235 0.912640199182 0.857743703877
5238 1.00805220836 0.947416556577
5241 1.00054893854 0.9403646182
5244 1.01095374949 0.950143566227
5247 0.915709062749 0.860627971307
5250 0.907587374403 0.852994813082
5253 0.941206577962 0.884591777809
5256 0.936938269447 0.880580213605
5259 1.03180682918 0.969742306048
5262 0.876457276345 0.823737230921
5265 0.750905457885 0.705737517682
5268 0.808564865393 0.759928636815
5271 0.781516440358 0.734507209735
5274 0.902560011196 0.848269852312
5277 0.982152077149 0.923074351951
5280 0.980008067338 0.921059307119
5283 0.887039931651 0.833683325744
5286 1.03240318593 0.970302791161
5289 1.04180959082 0.97914338856
5292 1.04474147789 0.98189891881
5295 0.995430568579 0.935554124846
5298 0.852760685629 0.801466020966
5301 0.949418836784 0.892310058579
5304 1.04128180337 0.978647348215
5307 1.03221091363 0.970122084292
5310 1.06650613911 1.00235440734
5313 1.04552928923 0.982639342273
5316 1.00264854888 0.942337934245
5319 1.01658344475 0.955434627998
5322 1.00495865981 0.944509088994
5325 0.928886018674 0.873012316191
5328 0.729092266 0.685236417667
5331 0.975004100331 0.916356335237
5334 1.01306315572 0.952126088933
5337 1.02407374002 0.96247437226
5340 0.905100891192 0.850657895071
5343 1.01247225495 0.951570731611
5346 0.987176662541 0.927796701995
5349 0.945611512875 0.888731750156
5352 1.03108442763 0.969063357892
5355 1.07562857744 1.01092811914
5358 1.08882970809 1.0233351846
5361 1.05146217741 0.988215359507
5364 1.00635649272 0.945822840432
5367 0.996043058179 0.9361297724
5370 0.88366618292 0.830512512388
5373 0.986952105394 0.927585652252
5376 1.06180158956 0.997932842564
5379 1.03386511598 0.971676784223
5382 1.0080004871 0.947367946413
5385 1.03947570068 0.976949884948
5388 1.0144123402 0.953394118212
5391 0.958930424762 0.901249512166
5394 0.953138509853 0.895805988473
5397 0.87619336699 0.823489196057
5400 0.973262218228 0.91471922961
5403 0.975976001048 0.917269774862
5406 0.831986848233 0.781941756915
5409 0.935642749785 0.879362621136
5412 0.997023066082 0.937050831553
5415 0.999419408687 0.939303031032
5418 1.03729396335 0.974899381957
5421 0.987844289482 0.928424170307
5424 0.959473681667 0.901760091461
5427 1.0578385636 0.994208197771
5430 0.893470655539 0.839727233224
5433 0.934370116746 0.878166538629
5436 0.93323142491 0.877096340589
5439 1.07187601579 1.00740127895
5442 1.06702818316 1.00284504976
5445 0.980403052815 0.921430533706
5448 0.960471015469 0.902697434338
5451 1.06308238233 0.999136593987
5454 0.977587132489 0.918783994651
5457 0.988944895029 0.929458572998
5460 1.04829388456 0.985237643601
5463 0.946888743227 0.889932153441
5466 1.01721489002 0.956028091014
5469 1.02146487104 0.960022430144
5472 0.995517120133 0.935635470212
5475 0.960127808751 0.90237487195
5478 0.939015779264 0.882532758503
5481 0.921657589915 0.866218686826
5484 1.00923093701 0.948524383166
5487 0.984216907817 0.925014980368
5490 0.999871149996 0.939727599514
5493 0.999173465343 0.9390718815
5496 1.01238849248 0.951492007563
5499 1.037512326 0.97510460981
5502 0.977518672139 0.91871965228
5505 0.988828280824 0.929348973289
5508 1.00099515118 0.940783990561
5511 0.979424120621 0.920510485557
5514 0.952685281209 0.895380022122
5517 1.00399198101 0.943600557183
5520 1.04255951667 0.979848205395
5523 1.03149885984 0.969452861465
5526 0.999022847111 0.938930323151
5529 0.939890025246 0.883354417451
5532 1.01532931343 0.95425593431
5535 0.981382188918 0.922350773499
5538 0.99700804204 0.937036711226
5541 1.04698927752 0.984011510371
5544 1.00512929957 0.944669464548
5547 1.01604523553 0.95492879276
5550 1.06400104723 1.0
5553 1.0178667269 0.956640719053
5556 1.0242928554 0.962680307568
5559 1.02545143157 0.963769193874
5562 1.00332072324 0.942969676436
5565 0.983387930139 0.924235866776
5568 0.984339645284 0.925130335017
5571 1.00551501954 0.945031982962
5574 0.995410108024 0.93553489502
5577 1.01185562729 0.950991194905
5580 1.02495210206 0.963299899685
5583 1.01368442468 0.952709987759
5586 0.929260066405 0.873363864464
5589 0.895580469542 0.841710139169
5592 0.967400441082 0.909210045985
5595 0.978900601041 0.920018456361
5598 0.979284152404 0.920378936611
5601 0.933885203585 0.877710793626
5604 0.9928140893 0.9330950302
5607 1.06634762511 1.00220542817
5610 1.06042902305 0.996642837716
5613 1.05673933654 0.993175090654
5616 0.895033033459 0.841195632079
5619 0.997587918151 0.937581707035
5622 1.03236191455 0.97026400231
5625 0.935187755263 0.878934995126
5628 1.01392192945 0.952933206306
5631 1.06487902806 1.00082516914
5634 1.02414423873 0.962540630378
5637 0.979724801997 0.920793080557
5640 1.00451353192 0.944090736123
5643 0.989624850114 0.9300976279
5646 1.01528636188 0.954215566347
5649 1.00523637708 0.944770101207
5652 1.03045941048 0.968475936339
5655 0.977449797727 0.918654920753
5658 0.911907447247 0.857055027924
5661 0.979301825707 0.920395546842
5664 1.0055119914 0.945029136971
5667 0.998418977556 0.938362777136
5670 1.00866198087 0.947989650475
5673 1.06517093846 1.00109952075
5676 1.04710824621 0.984123322938
5679 1.03025136947 0.968280409266
5682 0.983623290256 0.924457069676
5685 0.997760146546 0.937743575668
5688 0.969659326892 0.911333056874
5691 1.02241625783 0.960916589779
5694 1.0258176229 0.964113358321
5697 1.02613857736 0.964415006947
5700 0.973170881267 0.914633386686
5703 0.984309028151 0.925101559543
5706 0.95316856038 0.895834231422
5709 0.902617613835 0.848323990078
5712 0.931512779093 0.875481073553
5715 1.01293921898 0.952009607146
5718 1.02756917842 0.965759555498
5721 1.04852269371 0.98545268958
5724 1.06536268889 1.00127973714
5727 1.01680721126 0.955644934664
5730 1.04036535034 0.977786021022
5733 1.03444019847 0.972217274746
5736 1.05120369846 0.987972428406
5739 1.03446329318 0.972238980286
5742 1.02755246925 0.965743851407
5745 1.0572793466 0.993682618406
5748 0.994817307349 0.934977752077
5751 1.04045825796 0.977873340132
5754 0.948288366236 0.891247587306
5757 1.04346315121 0.980697485139
5760 1.00957123229 0.948844209242
5763 0.973931969998 0.91534869494
5766 1.06259031609 0.99867412617
5769 1.05580358219 0.992295623142
5772 1.03082904646 0.968823338227
5775 1.02386999793 0.962282885526
5778 1.04242951588 0.979726024326
5781 0.924831844879 0.869202006224
5784 0.942147730987 0.885476319255
5787 0.994964173217 0.935115783773
5790 1.01006360816 0.949306968062
5793 1.01990073984 0.95855238347
5796 1.04234509586 0.979646682277
5799 1.03162511634 0.969571523474
5802 1.06548398549 1.00139373759
5805 1.00207240903 0.941796449954
5808 1.02821632524 0.966367775592
5811 1.05450898231 0.991078895129
5814 1.04005227243 0.977491775155
5817 1.01511742499 0.954056791235
5820 1.07460639321 1.00996742062
5823 1.06115274365 0.997323025583
5826 1.06282281286 0.99889263796
5829 1.06697138549 1.00279166855
5832 1.05515435592 0.991685448683
5835 1.04179008259 0.979125053773
5838 1.04141576144 0.978773248529
5841 1.07410339254 1.0094946761
5844 1.06675145031 1.00258496276
5847 1.03134764927 0.969310746404
5850 1.05503081984 0.991569343452
5853 1.00815084133 0.947509256647
5856 1.00439095615 0.943975533452
5859 0.986733383961 0.927380087198
5862 1.02530835803 0.963634726394
5865 1.04491344153 0.982060538614
5868 1.04109327644 0.978470161419
5871 1.06363536758 0.999656316456
5874 1.05794636308 0.994309512974
5877 1.0518283322 0.988559489617
5880 1.02473702503 0.963097759814
5883 1.02526805703 0.963596849549
5886 1.03291808312 0.970786716613
5889 0.777306094334 0.730550121502
5892 0.883159835749 0.830036622658
5895 0.840660596418 0.790093767863
5898 0.951690131661 0.894444732114
5901 1.0179109916 0.956682321177
5904 1.0365650231 0.97421428841
5907 1.03370826221 0.97152936541
5910 1.03660431715 0.974251218876
5913 1.02462245157 0.962990078096
5916 0.99672264953 0.936768485447
5919 1.03118374245 0.969156698799
5922 1.03182973197 0.969763831207
5925 1.04558782969 0.982694361451
5928 1.03358902101 0.971417296724
5931 1.03008939448 0.968128177282
5934 1.0217786676 0.960317351433
5937 1.05699808509 0.993418275137
5940 1.04958620803 0.986452232133
5943 1.00200175483 0.941730045699
5946 1.04156752894 0.978915887021
5949 0.990475571397 0.930897177191
5952 1.01599880766 0.954885157585
5955 1.04696372853 0.983987498183
5958 1.01512173817 0.954060844969
5961 1.05723718802 0.993642995722
5964 1.05073805626 0.987534795193
5967 1.03762198492 0.975207672603
5970 1.0533413218 0.989981470925
5973 1.06207759466 0.998192245602
5976 1.00224106178 0.941954958021
5979 1.02204183188 0.960564686037
5982 1.03760292112 0.975189755519
5985 0.99085600054 0.931254723026
5988 1.02911285738 0.967210380156
5991 1.02901270395 0.967116251081
5994 1.05601310218 0.992492540234
5997 1.00650541696 0.945962806684
6000 1.03423299034 0.972022530456
6003 1.01354721286 0.952581029406
6006 1.01001031166 0.949256877414
6009 0.985422157953 0.92614773314
6012 0.995451861854 0.935574137303
6015 1.01284784569 0.95192373008
6018 1.01482070921 0.953777923289
6021 0.973597854263 0.9150346767
6024 1.00196713005 0.941697503639
6027 1.02260650922 0.961095397299
6030 1.04602146493 0.983101912961
6033 1.05418305032 0.990772568379
6036 1.05166944808 0.988410162581
6039 1.04220232202 0.979512496471
6042 1.02978005961 0.967837449299
6045 1.05793867128 0.994302283852
6048 1.05499334652 0.991534124208
6051 1.05993199472 0.996175706289
6054 1.02992554441 0.967974183005
6057 1.01926259762 0.957952626336
6060 1.05379202395 0.990405062746
6063 1.02267380826 0.961158648222
6066 0.997625873959 0.937617379751
6069 1.06235191393 0.998450064214
6072 1.06251759284 0.998605777316
6075 1.06309810903 0.999151374703
6078 1.0122961569 0.951405226089
6081 1.02039035941 0.959012551789
6084 1.0128645634 0.951939442202
6087 1.01715490153 0.955971710912
6090 0.997176574906 0.937195106621
6093 1.00477325453 0.944334836079
6096 1.03099323641 0.968977651944
6099 1.03861194455 0.976138084874
6102 0.94093041558 0.884332226954
6105 1.02785205041 0.966025412368
6108 1.0204785443 0.959095432245
6111 1.02474365932 0.963103995042
6114 1.04734323995 0.9843441815
6117 1.01993824528 0.958587632913
6120 1.00202032655 0.941747500305
6123 0.97342560986 0.914872793022
6126 1.02021156311 0.958844510313
6129 1.00180131431 0.941541661937
6132 1.03287796674 0.970749013288
6135 0.986913616174 0.927549478209
6138 0.906420288609 0.851897929017
6141 1.00145070498 0.941212142207
6144 1.03184166319 0.969775044749
6147 1.02172942266 0.960271068643
6150 1.00341067084 0.943054213571
6153 1.0231106965 0.961569257059
6156 0.997290480458 0.937302160606
6159 1.01096431019 0.95015349169
6162 0.861962721283 0.810114542204
6165 0.973129412893 0.914594412688
6168 0.988478568272 0.929020296402
6171 0.973451768787 0.914897378455
6174 1.01318725747 0.952242725801
6177 1.00339045334 0.943035212186
6180 1.0142443519 0.953236234625
6183 1.041940117 0.979266063426
6186 1.01561050106 0.954520208136
6189 1.00459773199 0.944169871451
6192 0.947534334635 0.890538911686
6195 1.03858717859 0.976114808616
6198 1.03597547386 0.973660201323
6201 1.0055717663 0.945085316329
6204 1.04284214508 0.980113833338
6207 1.04728100681 0.984285691759
6210 1.04049351543 0.977906476814
6213 0.979897700532 0.920955579021
6216 0.961907345586 0.904047367329
6219 0.979046030059 0.920155137634
6222 1.00633574786 0.945803343407
6225 1.01221904305 0.951332750736
6228 1.01051941161 0.949735354337
6231 0.915673596803 0.860594638685
6234 1.01766080705 0.95644718555
6237 1.01393809983 0.952948404019
6240 0.974466896781 0.91585144518
6243 0.947570168724 0.890572590308
6246 0.950801670595 0.893609713137
6249 1.01881834242 0.957535093668
6252 0.946377408893 0.889451576532
6255 0.942632043141 0.885931499403
6258 0.916771578051 0.861626574932
6261 0.983699810781 0.924528987391
6264 1.00917035376 0.948467444076
6267 1.00791272214 0.947285460628
6270 0.987541694546 0.92813977685
6273 1.01596661138 0.95485489796
6276 1.0191488154 0.957845688267
6279 0.931378820955 0.875355173172
6282 0.947099794628 0.890130509826
6285 0.996457499249 0.936519284301
6288 1.027272199 0.965480439768
6291 0.983580313049 0.924416677603
6294 0.994239208677 0.934434426792
6297 0.955126139652 0.897674059754
6300 0.961465940405 0.903632513244
6303 0.948037273983 0.891011598578
6306 1.00048673161 0.940306153096
6309 1.01222407997 0.951337484682
6312 0.975315362652 0.916648874725
6315 0.929906300986 0.873971227195
6318 0.918456195958 0.86320986088
6321 0.983190690713 0.924050491558
6324 1.0040690977 0.943673035205
6327 1.00033252097 0.940161218425
6330 0.991147980573 0.93152914008
6333 1.01916031644 0.957856497499
6336 0.934012848951 0.877830760957
6339 0.972217613977 0.913737459663
6342 0.99523919562 0.93537426322
6345 0.97765664244 0.918849323488
6348 1.00813071187 0.947490337993
6351 1.02116318199 0.95973888808
6354 0.990305939019 0.930737748421
6357 0.992898301946 0.933174177345
6360 0.95041017743 0.893241768796
6363 0.933571003749 0.877415493319
6366 0.982910837987 0.923787472337
6369 1.01085964934 0.950055126331
6372 1.01982086164 0.958477310045
6375 1.01953562755 0.958209233159
6378 1.0067306237 0.946174466947
6381 0.99622600501 0.936301714741
6384 1.00567662763 0.945183870112
6387 1.02287711059 0.961349721648
6390 1.02304171554 0.961504425395
6393 0.938696275295 0.882232473113
6396 1.01346327826 0.952502143578
6399 0.954453821163 0.897042182097
6402 1.00319729503 0.942853672599
6405 1.01547774694 0.954395439351
6408 0.957419576882 0.899829543751
6411 0.964241964201 0.906241555597
6414 0.993970658361 0.934182030128
6417 0.996687682951 0.936735622153
6420 0.945299080265 0.888438110774
6423 1.00819336086 0.947549218565
6426 1.01553871434 0.954452739476
6429 1.00458160609 0.944154715543
6432 0.964594665385 0.906573041346
6435 1.0190480715 0.95775100424
6438 0.961519623523 0.903682967253
6441 1.00752927304 0.94692507649
6444 1.01839171622 0.95713412958
6447 1.0210014063 0.959586843415
6450 0.884781499884 0.831560741585
6453 1.00364414847 0.943273647225
6456 0.958924633844 0.901244069579
6459 1.02166606864 0.960211525447
6462 0.93026907665 0.874312181431
6465 0.994417827518 0.934602301478
6468 0.99803262931 0.937999668239
6471 0.966269272434 0.908146918602
6474 0.997644206416 0.937634609487
6477 0.992892319662 0.933168554904
6480 1.00202113476 0.941748259899
6483 0.954204741292 0.896808084704
6486 1.0007812057 0.940582914179
6489 1.0025264934 0.942223220557
6492 0.960891692849 0.903092807426
6495 0.829832723835 0.779917205903
6498 0.915665812125 0.860587322265
6501 0.970977192241 0.912571650908
6504 0.993856189569 0.934074446782
6507 1.00568832942 0.945194868031
6510 0.996499993437 0.936559222408
6513 1.00680983922 0.946248917551
6516 0.972681569022 0.914173507209
6519 0.957788628945 0.900176396853
6522 1.00122209215 0.940997280743
6525 0.999023223372 0.938930676779
6528 0.978440477241 0.919586009606
6531 0.99214014258 0.932461622252
6534 0.971260141246 0.912837580163
6537 0.996547134933 0.936603528281
6540 1.00760312681 0.946994487864
6543 0.994604500228 0.934777745581
6546 0.941094172219 0.884486133418
6549 0.990285739628 0.93071876405
6552 0.979843716806 0.920904842485
6555 0.930707526547 0.874724257996
6558 0.953768272532 0.896397870109
6561 0.821534786266 0.772118400074
6564 0.754886500288 0.709479095205
6567 0.970968559 0.912563536968
6570 0.948526179205 0.891471095514
6573 0.930662193444 0.874681651738
6576 0.956196047139 0.898679610914
6579 0.994030715214 0.934238474483
6582 0.965001991354 0.906955866129
6585 0.972116563169 0.913642487192
6588 0.988614076892 0.929147654003
6591 0.973729181493 0.915158104427
6594 0.911826035136 0.856978512857
6597 0.964818672041 0.90678357371
6600 0.983296036606 0.924149500758
6603 0.987219532424 0.927836993198
6606 0.963851757628 0.905874820458
6609 0.927654159025 0.871854554502
6612 0.98033248802 0.921364213475
6615 0.985344894341 0.926075117035
6618 0.983274487468 0.924129247829
6621 0.99120140957 0.931579355254
6624 0.962664698598 0.904759164572
6627 0.970615156649 0.912231392228
6630 0.970897016473 0.912496297817
6633 0.915022918442 0.859983099473
6636 0.965999828412 0.907893681989
6639 0.964620028517 0.906596878853
6642 0.964955533398 0.906912202678
6645 0.953880499864 0.89650334682
6648 0.964975723409 0.906931178235
6651 0.986265400739 0.926940253776
6654 0.976369875462 0.917639957218
6657 0.978383964549 0.919532896226
6660 0.97363742917 0.915071871125
6663 0.9238656128 0.868293894262
6666 0.954001352749 0.896616930247
6669 0.965397252675 0.907327351966
6672 0.973669077883 0.915101616127
6675 0.976351449227 0.917622639344
6678 0.904759432092 0.85033697518
6681 0.972009712881 0.913542064089
6684 0.980051696997 0.921100312397
6687 0.980355407969 0.92138575476
6690 0.984665296797 0.925436398167
6693 0.978398423261 0.919546485228
6696 0.939356274133 0.882852772162
6699 0.954315193671 0.896911893229
6702 0.965427691085 0.907355959467
6705 0.946389806139 0.889463228068
6708 0.967233163336 0.909052830213
6711 0.957156059353 0.899581877144
6714 0.938088799428 0.88166153771
6717 0.898805028936 0.84474073712
6720 0.951655084272 0.894411792871
6723 0.958663900719 0.900999019891
6726 0.938375341213 0.881930843634
6729 0.964779402882 0.906746666642
6732 0.958675031488 0.901009481129
6735 0.960910429499 0.903110417041
6738 0.934999363107 0.878757935003
6741 0.943847221182 0.887073582904
6744 0.939643374158 0.883122602747
6747 0.944840287187 0.888006914697
6750 0.931591618044 0.875555170239
6753 0.945032214327 0.888187297169
6756 0.953836387657 0.896461888019
6759 0.964999365143 0.906953397887
6762 0.965454731694 0.907381373548
6765 0.958054941296 0.900426690169
6768 0.929106970767 0.873219977729
6771 0.924239160847 0.868644972908
6774 0.960893607885 0.90309460727
6777 0.961206563755 0.903388738437
6780 0.968455074752 0.910201242067
6783 0.934351842474 0.878149363578
6786 0.929305381371 0.873406453677
6789 0.956249314614 0.898729674281
6792 0.921334664527 0.865915185821
6795 0.910830439533 0.856042803625
6798 0.924157563309 0.868568283568
6801 0.930532374785 0.87455964184
6804 0.924403534741 0.868799459498
6807 0.925108926423 0.869462420953
6810 0.927970122245 0.872151512124
6813 0.942022761638 0.885358866975
6816 0.94650104823 0.889567778802
6819 0.945207246035 0.888351800492
6822 0.956524112094 0.898987942335
6825 0.961497827589 0.903662482372
6828 0.934020860234 0.877838290351
6831 0.963410282497 0.90545990063
6834 0.95949647724 0.901781515851
6837 0.949700981859 0.892575232261
6840 0.905961445536 0.851466685952
6843 0.905543419853 0.851073805058
6846 0.955275312926 0.897814260062
6849 0.955659372912 0.89817521834
6852 0.961933048102 0.904071523806
6855 0.915676171531 0.86059705854
6858 0.930768430941 0.874781498911
6861 0.922848910496 0.867338347924
6864 0.957705783398 0.900098534573
6867 0.954386701501 0.896979099771
6870 0.944724500696 0.887898092914
6873 0.932160668847 0.876089991896
6876 0.931348382995 0.875326566095
6879 0.932882975851 0.876768851194
6882 0.90480603652 0.850380776291
6885 0.935535483092 0.879261806673
6888 0.941500465808 0.884867987919
6891 0.953263227885 0.895923204554
6894 0.935156245396 0.878905380618
6897 0.935540437204 0.879266462789
6900 0.946662422909 0.889719446585
6903 0.946524937547 0.889590231146
6906 0.923966558269 0.86838876773
6909 0.952221105851 0.894943767516
6912 0.938218275199 0.881783225345
6915 0.902273493707 0.848000569223
6918 0.932558002357 0.876463425278
6921 0.949474762133 0.892362619946
6924 0.911755885606 0.856912582913
6927 0.928890555166 0.873016579807
6930 0.94033993161 0.883777261363
6933 0.91200987481 0.857151294336
6936 0.936060676448 0.879755408966
6939 0.941247073822 0.88462983779
6942 0.937667074331 0.881265179926
6945 0.895955530121 0.842062639367
6948 0.932570404357 0.876475081282
6951 0.906449616723 0.851925493006
6954 0.914420967246 0.859417356425
6957 0.933257329889 0.877120687349
6960 0.927977664085 0.872158600312
6963 0.933118241308 0.876989965127
6966 0.915174458877 0.860125524554
6969 0.934886743972 0.878652090056
6972 0.918434330342 0.86318931051
6975 0.904172333652 0.849785191475
6978 0.836013722547 0.785726409501
6981 0.898346647646 0.844309928061
6984 0.931497568946 0.875466778316
6987 0.920292408386 0.864935622742
6990 0.918547693127 0.863295854375
6993 0.930102586617 0.874155705989
6996 0.927814282288 0.872005046143
6999 0.898323235631 0.84428792431
7002 0.913982930229 0.859005667904
7005 0.893630080384 0.839877068456
7008 0.914812258517 0.859785111017
7011 0.906939792558 0.852386184127
7014 0.905795443525 0.851310669177
7017 0.846331314666 0.795423385031
7020 0.92267443329 0.867174365749
7023 0.872839607378 0.82033716945
7026 0.899905882106 0.84577537254
7029 0.904904767083 0.850473568082
7032 0.909331696019 0.854634211484
7035 0.912458578644 0.857573008051
7038 0.878321358846 0.825489186435
7041 0.937575518564 0.881179131358
7044 0.916742134619 0.861598902561
7047 0.927014144733 0.871253037903
7050 0.93021341705 0.874259869828
7053 0.876985776972 0.824233941548
7056 0.922737757061 0.867233880513
7059 0.914456680386 0.859450921374
7062 0.907990530171 0.853373718506
7065 0.915406144262 0.860343273762
7068 0.867164921387 0.815003823204
7071 0.9199378148 0.864602358422
7074 0.927653335401 0.87185378042
7077 0.929279404754 0.873382039587
7080 0.935471012699 0.879201214258
7083 0.886014578364 0.83271964879
7086 0.881361627273 0.828346578761
7089 0.907403806425 0.852822286957
7092 0.900070728207 0.845930302934
7095 0.906475008112 0.85194935707
7098 0.918474081763 0.863226670831
7101 0.918745162912 0.863481446096
7104 0.920858041432 0.865467232225
7107 0.901139268844 0.846934569461
7110 0.893208321982 0.839480679371
7113 0.895918121679 0.842027481091
7116 0.910469707135 0.85570376975
7119 0.899534652979 0.845426473328
7122 0.876347087108 0.82363366971
7125 0.911933414824 0.857079433517
7128 0.904904402793 0.850473225705
7131 0.857676182821 0.806085844607
7134 0.90707284455 0.852511232869
7137 0.922312132293 0.866833857628
7140 0.897857579781 0.843850278264
7143 0.902232586222 0.847962122377
7146 0.896023902053 0.842126898638
7149 0.863134880533 0.81121619455
7152 0.900758278397 0.846576496085
7155 0.892331025103 0.83865615304
7158 0.910004866741 0.855266890111
7161 0.901669783913 0.847433173358
7164 0.844574802052 0.793772528936
7167 0.886900369331 0.833552158278
7170 0.893640693432 0.839887043116
7173 0.907845720651 0.853237619467
7176 0.876370979171 0.823656124635
7179 0.882634376812 0.82954277076
7182 0.850778799969 0.799603348306
7185 0.883157003003 0.830033960305
7188 0.816881880859 0.76774537298
7191 0.86860595656 0.816358178236
7194 0.846975731905 0.796029039735
7197 0.870320615894 0.81796969858
7200 0.89182439675 0.838179999042
7203 0.881669475353 0.828635909379
7206 0.85831675892 0.806687889221
7209 0.857679295097 0.806088769676
7212 0.890973708643 0.837380480931
7215 0.873021561268 0.820508178577
7218 0.877784881536 0.824984978933
7221 0.861834771983 0.80999428922
7224 0.866915337099 0.814769251735
7227 0.896525529197 0.842598352256
7230 0.897188045285 0.84322101714
7233 0.906739856893 0.852198274853
7236 0.868607532489 0.816359659371
7239 0.882728696066 0.829631416587
7242 0.8909008622 0.837312016296
7245 0.859894127533 0.80817037706
7248 0.902347418467 0.848070047312
7251 0.864788512421 0.812770358328
7254 0.86970338565 0.817389595538
7257 0.906155790921 0.851649341209
7260 0.872887599619 0.820382274895
7263 0.856408016435 0.804893960079
7266 0.875173462119 0.822530639792
7269 0.893059838687 0.839341127539
7272 0.882262835306 0.829193577959
7275 0.872730354813 0.820234488569
7278 0.870225950792 0.817880727708
7281 0.880848040783 0.827863885167
7284 0.851738349085 0.800505179295
7287 0.874068433816 0.821492080379
7290 0.818070651449 0.768862637473
7293 0.816951663213 0.767810957835
7296 0.873998325158 0.821426188848
7299 0.868082086655 0.815865819787
7302 0.872800002245 0.820299946617
7305 0.876729630021 0.82399320217
7308 0.851919896822 0.8006758067
7311 0.845703596205 0.794833424652
7314 0.886605261717 0.833274801771
7317 0.868221125104 0.815996494893
7320 0.867542444566 0.815358637873
7323 0.876353394073 0.823639597304
7326 0.832516102649 0.78243917599
7329 0.870676583692 0.818304254453
7332 0.879390445137 0.826493965794
7335 0.877066730853 0.824310025948
7338 0.895413191351 0.841552922979
7341 0.895245887311 0.841395682495
7344 0.859570545773 0.807866259163
7347 0.881474585842 0.828452742725
7350 0.86259540923 0.810709173148
7353 0.866886158743 0.814741828495
7356 0.825930586032 0.776249786765
7359 0.879957204825 0.82702663415
7362 0.843932371353 0.793168741279
7365 0.861879499372 0.810036326199
7368 0.882079930216 0.829021674847
7371 0.882099662884 0.82904022057
7374 0.868264854198 0.816037593625
7377 0.877592427055 0.824804100839
7380 0.893780544623 0.840018482076
7383 0.868523065617 0.816280273291
7386 0.831609083491 0.781586715214
7389 0.821817382453 0.772383997732
7392 0.878519969975 0.825675850847
7395 0.880118091006 0.827177842818
7398 0.883664614971 0.830511038753
