Wave Flux FluxNorm
3600 0.792254431975 0.771055962666
3603 0.689883897675 0.671424571932
3606 0.707376750933 0.688449366322
3609 0.67274215439 0.654741492813
3612 0.709792277602 0.690800260385
3615 0.720612057203 0.701330533539
3618 0.664474502461 0.646695059673
3621 0.699729095333 0.681006340176
3624 0.731547203996 0.711973086987
3627 0.845347623376 0.822728531672
3630 0.737180261787 0.717455420217
3633 0.66830220615 0.650420344927
3636 0.708404274968 0.689449396743
3639 0.796868216711 0.77554629568
3642 0.76310778936 0.74268920109
3645 0.687255308863 0.66886631666
3648 0.727657770436 0.708187723578
3651 0.740935303512 0.721109987733
3654 0.819427457421 0.797501915441
3657 0.834631016183 0.812298670328
3660 0.837348083041 0.814943036225
3663 0.799989780057 0.778584334893
3666 0.822473769223 0.800466716627
3669 0.768795760442 0.748224978286
3672 0.845123642036 0.822510543434
3675 0.820154076644 0.798209092406
3678 0.744363419258 0.724446376877
3681 0.776712841765 0.75593022109
3684 0.809282901535 0.787628798941
3687 0.739503922487 0.719716906382
3690 0.82554323203 0.803454049363
3693 0.863235564071 0.840137842086
3696 0.834408151413 0.812081768783
3699 0.89202467537 0.868156638865
3702 0.875870371338 0.852434577942
3705 0.710212108915 0.69120885821
3708 0.798396179504 0.777033374546
3711 0.770349475417 0.749737120279
3714 0.910055737473 0.885705241166
3717 0.989802667934 0.963318371184
3720 0.771868501216 0.75121550128
3723 0.713738928068 0.694641309739
3726 0.953624349975 0.928108081843
3729 0.952292520692 0.926811888514
3732 0.81821123584 0.796318236481
3735 0.592703188963 0.576844141852
3738 0.818975581305 0.797062130241
3741 0.996649459641 0.96998196227
3744 0.901154754998 0.877042423599
3747 0.783435671038 0.762473166623
3750 0.569907993412 0.554658880728
3753 0.906644923963 0.882385691298
3756 1.0853166771 1.05627669784
3759 0.868382578308 0.8451471369
3762 0.982187106804 0.955906580752
3765 1.01220800154 0.98512420196
3768 0.855625557307 0.832731457401
3771 0.673171124074 0.655158984492
3774 0.951594170031 0.926132223725
3777 1.02339569841 0.996012547967
3780 1.15157471072 1.12076185544
3783 1.18773816623 1.15595768001
3786 1.08236711231 1.053406055
3789 1.03300815465 1.00536780228
3792 1.01758579493 0.990358100928
3795 0.862690505809 0.839607368029
3798 0.618740171118 0.602184448615
3801 0.944948016876 0.919663902675
3804 1.13697617197 1.10655393195
3807 1.08606642292 1.0570063826
3810 1.2388872842 1.20573819344
3813 1.10480022122 1.07523891788
3816 1.03650097147 1.00876716128
3819 1.14845040946 1.11772115156
3822 1.098403698 1.06901354739
3825 0.956425313693 0.93083409976
3828 0.919942014833 0.895326989937
3831 0.862061141333 0.838994843552
3834 0.62417360543 0.60747249972
3837 0.666614563398 0.648777858682
3840 0.824950748832 0.802877419325
3843 1.0592263023 1.03088442708
3846 1.11064681105 1.08092906964
3849 1.20610732089 1.17383532847
3852 1.26595284683 1.2320795588
3855 1.21331238461 1.18084760523
3858 1.17235227586 1.14098347218
3861 1.17434766639 1.14292547175
3864 1.28998702405 1.25547064998
3867 1.27716165618 1.24298845237
3870 1.26505807494 1.23120872845
3873 1.06817807016 1.03959667115
3876 1.22318761395 1.19045860159
3879 1.07122223212 1.04255938002
3882 1.11997655606 1.09000917728
3885 0.965919703945 0.940074447204
3888 0.684683972378 0.666363781807
3891 0.820866962998 0.798902903954
3894 0.976111541758 0.949993580501
3897 1.09759952945 1.06823089609
3900 1.11267123938 1.08289933004
3903 1.13591235417 1.10551857888
3906 1.06603525166 1.03751118837
3909 1.22836561951 1.19549805849
3912 1.27418158385 1.24008811828
3915 1.20852384448 1.17618719278
3918 1.16901661906 1.13773706805
3921 1.14270948719 1.11213384
3924 1.19993574586 1.16782888719
3927 1.00776644813 0.980801491849
3930 0.639797287055 0.622678136179
3933 0.247781327433 0.241151405715
3936 0.435612550166 0.423956800571
3939 0.89279618429 0.868907504407
3942 1.05369896394 1.02550498453
3945 1.08969130019 1.0605342685
3948 1.12650857748 1.09636642044
3951 1.18820883688 1.15641575685
3954 1.19363038479 1.16169223959
3957 1.10235491837 1.07285904437
3960 1.15929385777 1.12827446013
3963 0.917779167182 0.893222013921
3966 0.588561675302 0.572813443287
3969 0.260550977035 0.253579375909
3972 0.648333470619 0.630985915813
3975 0.948646675309 0.923263595556
3978 1.12148188944 1.09147423223
3981 1.22538309772 1.19259534048
3984 1.20076010224 1.16863118614
3987 1.22514660203 1.19236517274
3990 1.26929157843 1.23532895546
3993 1.34964963585 1.31353686042
3996 1.26259329133 1.22880989542
3999 1.28267848152 1.2483576632
4002 1.36264522756 1.32618472716
4005 1.22155632138 1.18887095776
4008 1.34058733594 1.30471704181
4011 1.37067863091 1.33400317954
4014 1.33226187251 1.29661434404
4017 1.34196104006 1.30605398953
4020 1.4236140877 1.38552223447
4023 1.37435450789 1.33758070054
4026 1.39392309477 1.35662568784
4029 1.36818683409 1.3315780561
4032 1.22104885692 1.1883770716
4035 1.32190945414 1.28653892687
4038 1.45022476154 1.41142088256
4041 1.35844306073 1.32209499833
4044 1.30968001083 1.27463670859
4047 1.30134328854 1.26652305321
4050 1.40624167255 1.36861465561
4053 1.32546680918 1.29000109723
4056 1.2918988324 1.25733130378
4059 1.30143974475 1.26661692853
4062 1.31864646281 1.28336324388
4065 1.29940952315 1.26464102987
4068 1.31251669669 1.27739749282
4071 1.28709178296 1.25265287728
4074 1.33098920035 1.29537572496
4077 1.13960743148 1.10911478646
4080 1.26209515368 1.22832508652
4083 1.28534057059 1.25094852236
4086 1.24669440486 1.21333641782
4089 1.32883764566 1.29328173974
4092 1.25335772958 1.21982145096
4095 1.20229998956 1.17012987046
4098 1.05679273324 1.02851597338
4101 0.725082530031 0.705681389262
4104 0.924400405315 0.899666086603
4107 1.14187855313 1.11132513937
4110 1.18385143167 1.15217494337
4113 1.2704818436 1.23648737253
4116 1.34207762732 1.30616745725
4119 1.24558252701 1.21225429065
4122 1.26808796178 1.23415754416
4125 1.32277885152 1.28738506165
4128 1.25673855777 1.22311181783
4131 1.28400694531 1.24965058109
4134 1.2575305399 1.22388260878
4137 1.36059344313 1.32418784263
4140 1.42258282799 1.38451856832
4143 1.26300226175 1.22920792296
4146 1.37517487353 1.33837911553
4149 1.33690948212 1.30113759688
4152 1.34132914884 1.30543900591
4155 1.26606298537 1.23218675034
4158 1.30652819887 1.27156923013
4161 1.35106089972 1.3149103629
4164 1.40241173567 1.36488719692
4167 1.32704275233 1.29153487264
4170 1.35546302965 1.31919470439
4173 1.1585321224 1.12753310662
4176 1.28051590906 1.24625295501
4179 1.28157235825 1.24728113663
4182 1.28401785257 1.2496611965
4185 1.31466985542 1.27949303917
4188 1.26098664295 1.22724623637
4191 1.34013370477 1.30427554852
4194 1.36815221236 1.33154436075
4197 1.27602400431 1.24188124082
4200 1.27784011345 1.24364875606
4203 1.27744645627 1.24326563203
4206 1.31743944049 1.28218851803
4209 1.34868892469 1.31260185515
4212 1.38631273449 1.3492189591
4215 1.29972088203 1.26494405767
4218 1.32998661036 1.29439996143
4221 1.36151477574 1.325084523
4224 1.26649233143 1.23260460833
4227 1.07437685807 1.04562959717
4230 1.38274031504 1.3457421274
4233 1.29080675554 1.25626844778
4236 1.26194347438 1.22817746572
4239 1.24303288948 1.20977287414
4242 1.33011063178 1.29452066438
4245 1.33278617699 1.29712461963
4248 1.25820388394 1.22453793606
4251 1.27885431706 1.24463582247
4254 1.32150725037 1.28614748493
4257 1.34758386196 1.31152636075
4260 1.20833296425 1.17600141996
4263 1.3503550915 1.31422344009
4266 1.36638191489 1.32982143139
4269 1.30798257648 1.27298469274
4272 1.18735920671 1.15558886036
4275 1.26217968369 1.22840735474
4278 1.36002815053 1.32363767565
4281 1.30064547106 1.26584390733
4284 1.2918628302 1.2572962649
4287 1.24402125961 1.21073479831
4290 1.10549283547 1.07591299975
4293 1.27887545121 1.24465639113
4296 1.23928929707 1.20612944959
4299 1.06875949328 1.04016253704
4302 1.06283421885 1.03439580607
4305 1.14472856634 1.11409889435
4308 1.04830341324 1.02025380337
4311 1.17996876365 1.14839616448
4314 1.16300433054 1.13188565122
4317 1.32623672059 1.29075040801
4320 1.28539204055 1.25099861512
4323 1.25109822042 1.21762239983
4326 1.10281193184 1.07330382946
4329 1.27104950923 1.23703984905
4332 1.22505033244 1.19227147905
4335 1.17460882493 1.14317964244
4338 0.885846158002 0.862143441003
4341 0.677119077831 0.659001302265
4344 1.01098543072 0.983934343641
4347 1.1905664108 1.15871024881
4350 1.21386321724 1.18138369915
4353 1.16140694864 1.1303310107
4356 1.29408529589 1.25945926375
4359 1.26749124907 1.23357679778
4362 1.34809581483 1.31202461522
4365 1.37400833081 1.33724378617
4368 1.28110241745 1.24682377011
4371 1.3132425084 1.27810388388
4374 1.23859784917 1.20545650286
4377 1.31948949783 1.28418372168
4380 1.35077679863 1.31463386354
4383 1.16907586014 1.13779472401
4386 1.23714961441 1.20404701874
4389 1.28911317264 1.25462018033
4392 1.30999940082 1.27494755261
4395 1.24385071543 1.2105688174
4398 1.34051669014 1.3046482863
4401 1.23557143928 1.20251107107
4404 1.27363465208 1.23955582084
4407 1.31344221259 1.27829824456
4410 1.32653530016 1.29104099844
4413 1.36798476631 1.33138139508
4416 1.2330302333 1.20003786052
4419 1.33493545735 1.29921639138
4422 1.32284183261 1.28744635755
4425 1.32619404856 1.29070887776
4428 1.34083927353 1.30496223827
4431 1.30749120468 1.27250646865
4434 1.25918861845 1.22549632188
4437 1.32917887078 1.29361383465
4440 1.36393314962 1.3274381881
4443 1.20916091512 1.17680721723
4446 1.3430964194 1.30715898936
4449 1.32537919707 1.28991582937
4452 1.32082272022 1.28548127085
4455 1.18910098731 1.15728403587
4458 1.24503540469 1.21172180776
4461 1.23888268105 1.20573371346
4464 1.28585352314 1.25144774976
4467 1.28300141046 1.24867195148
4470 1.24758045799 1.21419876269
4473 1.34587456873 1.30986280333
4476 1.33001619452 1.29442875399
4479 1.32424937528 1.28881623839
4482 1.18551339925 1.15379244144
4485 1.34362004049 1.30766859984
4488 1.30082127069 1.26601500307
4491 1.27725468833 1.24307899525
4494 1.30681091574 1.2718443823
4497 1.31766976956 1.28241268416
4500 1.32422159259 1.28878919908
4503 1.36443821994 1.32792974417
4506 1.38637837507 1.34928284332
4509 1.34378656699 1.30783067057
4512 1.35865145739 1.32229781889
4515 1.30870558525 1.27368835585
4518 1.30870719081 1.27368991845
4521 1.31842864604 1.28315125526
4524 1.28766064526 1.25320651844
4527 1.24266650557 1.20941629363
4530 1.22693688105 1.194107549
4533 1.22268027311 1.18996483575
4536 1.24937145591 1.21594183861
4539 1.34129172547 1.30540258389
4542 1.30894302425 1.27391944167
4545 1.28734819769 1.25290243108
4548 1.24700546678 1.2136391566
4551 1.24490887961 1.21159866812
4554 1.22705276567 1.19422033287
4557 1.283876416 1.24952354437
4560 1.33004289136 1.29445473651
4563 1.29675558651 1.26205810501
4566 1.29544669995 1.26078424052
4569 1.33748711854 1.30169977739
4572 1.266648 1.23275611165
4575 1.33019607522 1.2946038216
4578 1.31398435171 1.27882587758
4581 1.24685310513 1.21349087172
4584 1.22569285132 1.19289680596
4587 1.28686544181 1.25243259237
4590 1.28673253079 1.25230323767
4593 1.26716891685 1.23326309025
4596 1.29448449491 1.25984778134
4599 1.28944440001 1.254942545
4602 1.27170447948 1.23767729416
4605 1.29489113901 1.2602435448
4608 1.32393416768 1.28850946485
4611 1.307016662 1.27204462338
4614 1.30092494806 1.26611590633
4617 1.28646072377 1.25203870344
4620 1.27779676678 1.24360656922
4623 1.32680048719 1.29129908982
4626 1.30072064925 1.26591707397
4629 1.28424163464 1.2498789908
4632 1.31141907475 1.27632924011
4635 1.29286715481 1.25827371665
4638 1.27243549586 1.23838875063
4641 1.31259429451 1.27747301435
4644 1.3024059105 1.26755724243
4647 1.23844589135 1.205308611
4650 1.29290309829 1.25830869838
4653 1.29150043967 1.25694357091
4656 1.2579228775 1.22426444854
4659 1.33221462337 1.29656835915
4662 1.31190413144 1.27680131808
4665 1.28091350876 1.24663991608
4668 1.18402490756 1.15234377755
4671 1.27677766349 1.24261473423
4674 1.29499499818 1.260344625
4677 1.31334573931 1.27820435263
4680 1.26553609051 1.23167395369
4683 1.29506172296 1.26040956442
4686 1.2962351935 1.26155163623
4689 1.29565260333 1.26098463451
4692 1.28030660719 1.24604925346
4695 1.31331395194 1.2781734158
4698 1.28183971925 1.24754134381
4701 1.25917436176 1.22548244665
4704 1.23446132146 1.20143065684
4707 1.24321684364 1.20995190621
4710 1.24078525781 1.20758538269
4713 1.2785685447 1.24435769657
4716 1.28064159839 1.24637528126
4719 1.30236734662 1.26751971041
4722 1.29224827931 1.25767140049
4725 1.30860045139 1.27358603508
4728 1.24442068327 1.21112353453
4731 1.23607219933 1.20299843222
4734 1.26844945391 1.23450936379
4737 1.24388941794 1.21060648435
4740 1.27160556041 1.23758102188
4743 1.27434402144 1.2402462095
4746 1.26517380671 1.23132136356
4749 1.26948569408 1.23551787713
4752 1.25592905428 1.22232397435
4755 1.22642410928 1.19360849754
4758 1.25201803141 1.2185175993
4761 1.23770559001 1.20458811801
4764 1.18996782172 1.15812767627
4767 1.20904722468 1.17669656882
4770 1.24340419886 1.21013424834
4773 1.22743422304 1.19459158354
4776 1.2555933983 1.22199729957
4779 1.24954725438 1.21611293321
4782 1.25042685007 1.21696899343
4785 1.22745190086 1.19460878834
4788 1.21121621064 1.1788075189
4791 1.22296099128 1.1902380427
4794 1.25765909625 1.22400772533
4797 1.24665175993 1.21329491394
4800 1.21878021331 1.18616913042
4803 1.23338765083 1.20038571458
4806 1.20809028731 1.17576523636
4809 1.21980372367 1.18716525457
4812 1.22040990494 1.18775521615
4815 1.2394015537 1.20623870255
4818 1.24074166633 1.20754295759
4821 1.23399651082 1.20097828321
4824 1.15943830233 1.12841503976
4827 1.22277697347 1.19005894868
4830 1.19233823561 1.16043466465
4833 1.19395033207 1.162003626
4836 1.19441229426 1.1624532274
4839 1.1687737339 1.1375006818
4842 1.16854724993 1.13728025789
4845 1.17039805499 1.13908154069
4848 1.12548350264 1.09536877368
4851 1.13044920773 1.10020161066
4854 1.06377768337 1.03531402617
4857 0.973760024314 0.947704982958
4860 0.710442854968 0.691433430156
4863 0.7584918708 0.738196791347
4866 0.983128955625 0.956823228385
4869 1.06871362674 1.04011789777
4872 1.02111045119 0.993788447441
4875 1.1110687176 1.08133968718
4878 1.10447304908 1.07492049994
4881 1.15758694546 1.12661321992
4884 1.13004521189 1.0998084246
4887 1.12064538545 1.0906601107
4890 1.10059376843 1.07114501777
4893 1.15748767413 1.12651660481
4896 1.21111318795 1.1787072528
4899 1.1900557931 1.15821329379
4902 1.18115637769 1.14955200136
4905 1.17842534479 1.1468940431
4908 1.18546220632 1.15374261829
4911 1.12179047528 1.0917745612
4914 1.19502877847 1.16305321625
4917 1.17406662407 1.14265194932
4920 1.07319002782 1.04447452311
4923 1.11975176001 1.08979039613
4926 1.16869838086 1.137427345
4929 1.19912965875 1.16704436867
4932 1.17791346525 1.14639586001
4935 1.13739980625 1.10696623099
4938 1.10959586977 1.07990624856
4941 1.17205977356 1.14069879641
4944 1.20014273096 1.16803033395
4947 1.17994201511 1.14837013166
4950 1.19748542018 1.16544412523
4953 1.18841818033 1.15661949887
4956 1.15014091969 1.11936642856
4959 1.14897829631 1.11823491367
4962 1.20475794751 1.17252206047
4965 1.18081873557 1.14922339358
4968 1.16241597269 1.13131303615
4971 1.16838429193 1.13712166019
4974 1.19517482799 1.1631953579
4977 1.18912924118 1.15731153376
4980 1.15355230855 1.12268653839
4983 1.05111208114 1.02298731933
4986 1.12628307913 1.09614695579
4989 1.1693994663 1.13810967139
4992 1.14840329715 1.11767529985
4995 1.16310652676 1.13198511297
4998 1.17029122951 1.13897757356
5001 1.11479405874 1.08496534882
5004 1.13646664559 1.10605803904
5007 1.07674108361 1.04793056278
5010 1.16584158958 1.1346469933
5013 1.0821132705 1.05315900527
5016 1.11352429311 1.08372955849
5019 1.07132151979 1.04265601103
5022 1.12633700317 1.09619943697
5025 1.15668313039 1.12573358836
5028 1.11654661267 1.0866710094
5031 1.15366058773 1.12279192032
5034 1.17288214344 1.14149916202
5037 1.12561256708 1.09549438472
5040 1.06925991163 1.04064956563
5043 1.11558946489 1.08573947216
5046 1.18699326241 1.15523270768
5049 1.11906746512 1.08912441102
5052 1.11479310874 1.08496442423
5055 1.1704524317 1.13913446243
5058 1.17209086902 1.14072905984
5061 1.18582551 1.154096201
5064 1.14172188822 1.11117266637
5067 1.14129453223 1.1107567452
5070 1.15030706314 1.11952812648
5073 1.12480192004 1.09470542828
5076 1.13734748326 1.10691530801
5079 1.08165445754 1.05271246884
5082 1.10093393672 1.07147608413
5085 1.1400524181 1.10954786651
5088 1.14669701019 1.11601466826
5091 1.1495553388 1.11879651614
5094 1.17783131177 1.14631590471
5097 1.11302573919 1.08324434445
5100 1.09215504319 1.06293208876
5103 1.16191127737 1.13082184504
5106 1.13932868113 1.10884349468
5109 1.1083815863 1.07872445585
5112 1.15376056894 1.12288922632
5115 1.15076647281 1.11997524367
5118 1.17084192363 1.13951353267
5121 1.14208785114 1.11152883716
5124 1.09579932511 1.06647886009
5127 1.11251287289 1.08274520099
5130 1.11018825344 1.08048278173
5133 1.10834118685 1.07868513737
5136 1.13067556462 1.10042191088
5139 1.06525845807 1.03675517956
5142 1.07550662635 1.04672913608
5145 1.12804264094 1.09785943673
5148 1.10283599624 1.07332724997
5151 1.10935102671 1.0796679568
5154 1.09807255551 1.06869126532
5157 1.14222373036 1.11166108065
5160 1.13963497901 1.1091415969
5163 1.11617524199 1.08630957553
5166 1.03366718296 1.00600919687
5169 0.966400774288 0.940542645476
5172 0.958163436011 0.932525714881
5175 1.11383047308 1.08402754595
5178 1.14582074974 1.11516185404
5181 1.12558600478 1.09546853316
5184 0.92138703519 0.89673334567
5187 1.10024490801 1.07080549187
5190 1.09022632018 1.06105497287
5193 1.05650227832 1.02823329021
5196 1.05915727976 1.03081725138
5199 1.0967980611 1.06745087275
5202 1.10490874121 1.07534453419
5205 1.05472462925 1.02650320595
5208 1.05558123078 1.02733688727
5211 1.10549689055 1.07591694633
5214 1.11500622081 1.08517183403
5217 1.06184815812 1.0334361295
5220 1.12990761249 1.09967450696
5223 1.13175183286 1.10146938126
5226 1.02128757301 0.993960829985
5229 1.07206008362 1.043374813
5232 1.08433116404 1.0553175543
5235 1.06067549134 1.03229483995
5238 1.11040815536 1.0806967997
5241 1.12156498206 1.09155510153
5244 1.11126575878 1.08153145609
5247 1.10376514645 1.07423153876
5250 1.0824609188 1.0534973515
5253 1.10401832292 1.07447794095
5256 1.10244097072 1.0729427942
5259 1.12937408597 1.09915525609
5262 1.0348082534 1.00711973553
5265 0.981675661288 0.95540882006
5268 1.04660599588 1.01860180406
5271 1.01541947514 0.988249745682
5274 1.04058258284 1.01273956038
5277 1.07686951723 1.04805555988
5280 1.09545427027 1.06614303793
5283 1.04675678437 1.01874855788
5286 1.10511497338 1.07554524818
5289 1.11522280729 1.08538262527
5292 1.11859784906 1.08866736055
5295 1.10635738056 1.07675441208
5298 1.04313778212 1.01522638981
5301 1.08603132928 1.05697222797
5304 1.10363110266 1.0741010816
5307 1.08496629258 1.05593568862
5310 1.10657474817 1.07696596355
5313 1.10016104945 1.07072387712
5316 1.04974328031 1.0216551437
5319 1.09219831576 1.06297420348
5322 1.09070537025 1.06152120493
5325 1.04096124939 1.01310809489
5328 0.97396917383 0.947908536229
5331 1.07747628725 1.04864609447
5334 1.07183980387 1.04316042731
5337 1.05700942171 1.02872686389
5340 1.02526014894 0.997827111112
5343 1.07417821141 1.04543626573
5346 1.05857446614 1.03025003218
5349 1.04555722573 1.01758109601
5352 1.08383892278 1.05483848401
5355 1.092995884 1.06375043107
5358 1.09225848761 1.0630327653
5361 1.08144298545 1.05250665513
5364 1.03812807097 1.01035072425
5367 1.04204471282 1.01416256792
5370 1.0071312035 0.980183244556
5373 1.0510280073 1.02290549507
5376 1.08485626275 1.05582860287
5379 1.06443543804 1.03595418119
5382 1.03968273828 1.01186379309
5385 1.06336804229 1.03491534591
5388 1.07079840915 1.04214689734
5391 1.04938776776 1.02130914366
5394 1.0481940181 1.02014733534
5397 1.01184286401 0.984768834465
5400 1.039336029 1.01152636076
5403 1.02740825837 0.999917743261
5406 0.991270978475 0.964747393922
5409 1.02340551968 0.996022106442
5412 1.03318372956 1.00553867931
5415 1.018964722 0.991700131849
5418 1.04658438892 1.01858077525
5421 1.04476633937 1.01681137152
5424 1.00818342857 0.981207315086
5427 1.05908579826 1.03074768252
5430 0.997294412563 0.970609658091
5433 1.02887248841 1.00134279468
5436 1.02372998936 0.996337894242
5439 1.06417286397 1.03569863285
5442 1.06191327805 1.03349950701
5445 1.01519944284 0.988035600817
5448 1.01847150118 0.991220108212
5451 1.06121696091 1.03282182134
5454 1.02765536964 1.00015824254
5457 1.02220665653 0.99485532145
5460 1.05519486988 1.02696086429
5463 0.997873218342 0.971172976678
5466 1.03247815313 1.00485198209
5469 1.04719288859 1.0191729932
5472 1.04791782224 1.01987852969
5475 1.01262077133 0.985525927202
5478 0.983372198145 0.957059962429
5481 1.01429132601 0.987151782601
5484 1.04614680436 1.0181548992
5487 1.02081789277 0.993503717052
5490 1.0381392313 1.01036158595
5493 1.03148700515 1.00388735441
5496 1.02363300467 0.996243504585
5499 1.02464485824 0.997228283838
5502 0.997178433697 0.970496782489
5505 1.02295366645 0.995582343513
5508 1.01280361979 0.985703883163
5511 1.01559385445 0.988419459096
5514 1.01277466875 0.985675706772
5517 1.03498179679 1.00728863539
5520 1.03261528337 1.00498544312
5523 1.02723596161 0.999750056667
5526 0.991334512704 0.964809228156
5529 0.970249200578 0.944288098853
5532 1.02601435952 0.998561141168
5535 0.990900832403 0.964387151903
5538 1.02297318171 0.995601336607
5541 1.03037442113 1.00280453997
5544 1.00130077072 0.974508817528
5547 1.01603579255 0.988849572197
5550 1.02749277658 1.0
5553 1.01225842271 0.985173273997
5556 1.01208438821 0.985003896167
5559 1.01414064532 0.987005133697
5562 0.999658867717 0.972910847167
5565 0.994016800917 0.967419745986
5568 0.997898876975 0.971197948759
5571 0.988962542791 0.962500725394
5574 0.985078117104 0.958720235861
5577 0.995954775323 0.969305865724
5580 1.00922921519 0.982225119436
5583 1.00210466219 0.975291199152
5586 0.973352451904 0.947308316023
5589 0.94364022292 0.918391101556
5592 0.987619758059 0.961193869752
5595 0.969717289168 0.943770419875
5598 0.957617144531 0.931994040603
5601 0.957310762568 0.931695856547
5604 0.981129194317 0.954876974986
5607 1.00930464993 0.982298535757
5610 1.00412100082 0.977253586315
5613 1.00190375059 0.975095663376
5616 0.937185964841 0.912109541017
5619 0.989387161941 0.962913982946
5622 0.99334694112 0.966767809727
5625 0.961574254928 0.935845270011
5628 0.993892381115 0.967298655303
5631 0.999598243933 0.972851845503
5634 0.983622822761 0.957303881044
5637 0.96984083679 0.943890661715
5640 0.977021767622 0.950879451317
5643 0.989779031429 0.963295367124
5646 0.994911133275 0.96829014856
5649 0.988997338681 0.962534590245
5652 0.988811137836 0.962353371604
5655 0.958172740774 0.932534770675
5658 0.920335855512 0.895710292563
5661 0.964494492201 0.938687370062
5664 0.961199826138 0.935480859867
5667 0.961982196752 0.936242296474
5670 0.975997908342 0.949882987591
5673 0.985538281101 0.959168087182
5676 0.973579099824 0.947528899492
5679 0.975837813483 0.949727176415
5682 0.954461589936 0.92892291965
5685 0.946057760655 0.920743952875
5688 0.939447375677 0.914310442949
5691 0.967255756405 0.94137475071
5694 0.966336783039 0.94048036645
5697 0.973306096836 0.947263201284
5700 0.960948446772 0.935236206696
5703 0.962616624258 0.936859748509
5706 0.940180644341 0.915024091434
5709 0.912833681898 0.88840885572
5712 0.934093000048 0.909099335142
5715 0.955316377594 0.929754835628
5718 0.954504900453 0.928965071301
5721 0.967071901116 0.941195814864
5724 0.965087624591 0.93926463192
5727 0.958311574373 0.932669889483
5730 0.965471747159 0.939638476464
5733 0.955965539064 0.930386627388
5736 0.967423882339 0.941538378073
5739 0.960981849146 0.935268715317
5742 0.953760054243 0.928240155052
5745 0.962297048142 0.936548723339
5748 0.948671686952 0.923287937959
5751 0.950450219017 0.925018881578
5754 0.922577035317 0.897891504787
5757 0.954025396035 0.928498397054
5760 0.949972328443 0.924553777992
5763 0.924192005022 0.899463262508
5766 0.951613660307 0.926151192496
5769 0.950316451171 0.924888692977
5772 0.944331886038 0.919064257742
5775 0.942489641785 0.917271306691
5778 0.954921423744 0.929370449617
5781 0.931829752852 0.906896645987
5784 0.934685682335 0.909676158941
5787 0.930819327115 0.905913256361
5790 0.934650913563 0.909642320482
5793 0.940984224835 0.915806170405
5796 0.946590937606 0.921262863531
5799 0.942174236636 0.916964340885
5802 0.948143000385 0.922773397536
5805 0.93958632879 0.914445678073
5808 0.941795730032 0.916595962038
5811 0.939625913778 0.914484203879
5814 0.941577969182 0.916384027847
5817 0.931983480075 0.907046259908
5820 0.943641162821 0.918392016308
5823 0.938210658291 0.913106816593
5826 0.938757907054 0.91363942254
5829 0.943090918395 0.917856494854
5832 0.949405482042 0.924002098785
5835 0.937619850247 0.912531816888
5838 0.936587391723 0.911526984009
5841 0.936967131039 0.911896562584
5844 0.937834989158 0.912741199294
5847 0.929282145049 0.904417204903
5850 0.931179668775 0.906263956306
5853 0.904370617552 0.880172238842
5856 0.906969406747 0.882701491849
5859 0.901327408007 0.877210456905
5862 0.911273440288 0.886890361726
5865 0.924493650276 0.899756836595
5868 0.921642275109 0.896981756097
5871 0.92483255648 0.900086674635
5874 0.924910611827 0.900162641444
5877 0.918745755345 0.894162738941
5880 0.913044798968 0.888614323899
5883 0.905127271517 0.880908646904
5886 0.901507586621 0.877385814454
5889 0.83233554676 0.81006462112
5892 0.876822104075 0.853360845024
5895 0.841915754462 0.819388489784
5898 0.877480687727 0.854001806856
5901 0.900886193634 0.876781048171
5904 0.906799891397 0.882536512246
5907 0.896659605276 0.872667551264
5910 0.900685244456 0.87658547582
5913 0.887313720131 0.863571735354
5916 0.889488454007 0.865688279554
5919 0.885280279194 0.861592703497
5922 0.889966546762 0.866153579909
5925 0.885311375543 0.861622967797
5928 0.882944859473 0.859319772949
5931 0.879532593897 0.855998809869
5934 0.881725474636 0.858133015372
5937 0.893772600574 0.869857794575
5940 0.879533909383 0.856000090156
5943 0.881775123528 0.858181335801
5946 0.878658374029 0.855147981631
5949 0.861536519284 0.838484258893
5952 0.876697024129 0.853239111861
5955 0.877616549605 0.854134033458
5958 0.871277382287 0.84796448418
5961 0.880949287598 0.857377596886
5964 0.882010124222 0.858410048547
5967 0.87276468254 0.849411988519
5970 0.877262994015 0.853789938007
5973 0.870466585514 0.847175382016
5976 0.858317294736 0.835351171612
5979 0.872068297507 0.848734236764
5982 0.872794050364 0.849440570544
5985 0.850922433272 0.828154175553
5988 0.863224585373 0.840127157147
5991 0.858841318859 0.835861174345
5994 0.867760676414 0.844541875327
5997 0.857343632455 0.834403561758
6000 0.862255374304 0.839183879402
6003 0.854788196041 0.831916501535
6006 0.864663957504 0.841528015784
6009 0.852782076593 0.829964060123
6012 0.870106810492 0.846825233547
6015 0.863880496048 0.840765517522
6018 0.866393501121 0.843211281746
6021 0.838599051756 0.816160532584
6024 0.844614063859 0.822014600116
6027 0.864388926745 0.841260344064
6030 0.876934299944 0.853470038851
6033 0.865390473198 0.84223509199
6036 0.868186120936 0.844955936167
6039 0.874747054129 0.851341317497
6042 0.864891138571 0.841749118133
6045 0.870137887355 0.846855478882
6048 0.865267844791 0.842115744769
6051 0.857603067749 0.834656055303
6054 0.856679200789 0.833756908388
6057 0.851810044334 0.829018036675
6060 0.871240320181 0.84792841375
6063 0.860241305235 0.837223701078
6066 0.84741366002 0.824739287068
6069 0.869276801549 0.846017433277
6072 0.864645427336 0.84150998143
6075 0.86789280947 0.844670472879
6078 0.845160826055 0.822546732516
6081 0.868905336458 0.845655907532
6084 0.85083327721 0.828067405053
6087 0.859148778309 0.836160407056
6090 0.853541126462 0.830702799981
6093 0.854119602035 0.831265797198
6096 0.849676197959 0.826941285943
6099 0.86441059257 0.841281430173
6102 0.812676230315 0.79093133192
6105 0.850951108352 0.82818208337
6108 0.840251927375 0.817769181965
6111 0.857603420327 0.834656398447
6114 0.854204925076 0.831348837238
6117 0.85659196779 0.833672009496
6120 0.863644177328 0.840535522017
6123 0.835666940229 0.813306876
6126 0.847145580632 0.824478380719
6129 0.848307225626 0.825608943406
6132 0.844114594105 0.821528494749
6135 0.844352003053 0.82175955131
6138 0.809451696408 0.787793077344
6141 0.825597253208 0.803506625087
6144 0.84975965551 0.827022510409
6147 0.838826099342 0.816381505024
6150 0.838239937918 0.815811027608
6153 0.851055846219 0.828284018751
6156 0.83152618979 0.809276920234
6159 0.843402831412 0.820835776796
6162 0.782511091232 0.761573325937
6165 0.836518737412 0.814135881519
6168 0.827232498473 0.805098115853
6171 0.824623006152 0.802558446104
6174 0.836511540306 0.814128876987
6177 0.836363468395 0.813984767059
6180 0.839801637336 0.817330940404
6183 0.854475247569 0.831611926671
6186 0.838853610783 0.816408280337
6189 0.837696374466 0.815282008364
6192 0.821321606834 0.799345382818
6195 0.845295442481 0.822677746989
6198 0.846352845653 0.823706857068
6201 0.833708652818 0.811400986775
6204 0.844396998692 0.821803342994
6207 0.840444128784 0.817956240612
6210 0.837492308389 0.815083402513
6213 0.823425210112 0.801392699671
6216 0.830215410797 0.808001213949
6219 0.825667883693 0.803575365702
6222 0.830715173821 0.808487604739
6225 0.846302219949 0.823657585963
6228 0.844521320625 0.821924338427
6231 0.797754606894 0.776408968589
6234 0.819506743606 0.797579080154
6237 0.813393078892 0.791628999673
6240 0.818164665276 0.796272912013
6243 0.827005664877 0.804877351677
6246 0.796437231845 0.77512684274
6249 0.816619589088 0.794769177658
6252 0.80450987423 0.782983484235
6255 0.79503583984 0.773762947988
6258 0.810796937275 0.789102323403
6261 0.830762436144 0.808533602458
6264 0.824747339874 0.802679453011
6267 0.824745432514 0.802677596686
6270 0.815794936046 0.793966589979
6273 0.822355920544 0.800352021242
6276 0.788300923215 0.767208238527
6279 0.765687386879 0.745199775935
6282 0.794982718813 0.773711248329
6285 0.807593046419 0.785984159529
6288 0.807709948581 0.786097933723
6291 0.788697676322 0.767594375652
6294 0.804416067747 0.782892187746
6297 0.793417468479 0.77218787963
6300 0.788765145372 0.767660039422
6303 0.783863505289 0.762889553249
6306 0.801870163824 0.780414404952
6309 0.804741133564 0.783208555729
6312 0.798589245803 0.777221274941
6315 0.788763402264 0.767658342955
6318 0.774453499586 0.753731332465
6321 0.792993476802 0.771775232762
6324 0.791735025957 0.770550454472
6327 0.813685011598 0.791913121093
6330 0.806777514082 0.785190448511
6333 0.802733015795 0.781254169465
6336 0.78149578208 0.760585183561
6339 0.792596387158 0.771388768104
6342 0.797813674023 0.776466455251
6345 0.792412321622 0.771209627637
6348 0.793319458172 0.772092491799
6351 0.799217218599 0.777832444976
6354 0.807111684896 0.785515677868
6357 0.800179005445 0.778768497148
6360 0.791924275044 0.770734639794
6363 0.784629256968 0.763634815597
6366 0.791990894921 0.770799477113
6369 0.793471179583 0.772240153578
6372 0.783595639775 0.762628855053
6375 0.805112845573 0.783570321785
6378 0.800838872933 0.779410708465
6381 0.794312856307 0.773059309433
6384 0.796866942822 0.775545055876
6387 0.795743556208 0.774451727885
6390 0.796373820237 0.775065127845
6393 0.764170398053 0.743723377404
6396 0.797454018434 0.776116423019
6399 0.783848529014 0.762874977697
6402 0.794218851239 0.772967819673
6405 0.790851230579 0.769690306938
6408 0.771552297365 0.750907758141
6411 0.770254460164 0.749644647363
6414 0.788766547919 0.767661404441
6417 0.77472533023 0.753995889696
6420 0.758477094069 0.738182409999
6423 0.788281696633 0.767189526393
6426 0.792226338964 0.771028621344
6429 0.7868793883 0.765824739832
6432 0.764216003779 0.743767762851
6435 0.784438644338 0.763449303218
6438 0.767778859505 0.747235286718
6441 0.782681369695 0.761739048233
6444 0.78478505837 0.763786448199
6447 0.783882293293 0.76290783854
6450 0.753221623873 0.733067561198
6453 0.772992109537 0.752309045046
6456 0.737439276177 0.71770750412
6459 0.773492262467 0.75279581531
6462 0.738788741645 0.71902086174
6465 0.771310796788 0.750672719431
6468 0.76656389522 0.746052831412
6471 0.758213030574 0.73792541209
6474 0.762434663078 0.742034085747
6477 0.762122519558 0.741730294298
6480 0.762925682 0.742511966403
6483 0.756396444939 0.736157433106
6486 0.764683417383 0.7442226698
6489 0.77129868159 0.750660928401
6492 0.748024931404 0.7280099174
6495 0.694372175387 0.675792756131
6498 0.735843533245 0.716154458718
6501 0.759432283709 0.739112041488
6504 0.765564482853 0.74508016047
6507 0.768428125474 0.747867180181
6510 0.763499239863 0.743070177493
6513 0.760915267282 0.740555344649
6516 0.723695742133 0.704331707854
6519 0.751704988523 0.731591506685
6522 0.758557466828 0.738260632212
6525 0.75205284785 0.731930058288
6528 0.759499163679 0.73917713194
6531 0.753711351072 0.733544184694
6534 0.752050887743 0.731928150629
6537 0.750588694611 0.730505081615
6540 0.75406033998 0.733883835654
6543 0.730797301255 0.711243249506
6546 0.717157955514 0.697968853761
6549 0.724587184264 0.705199297535
6552 0.698746381081 0.680049920555
6555 0.682637859295 0.664372416875
6558 0.646009026314 0.628723667009
6561 0.506510873458 0.492958086913
6564 0.458697118714 0.446423691895
6567 0.638619189977 0.621531561619
6570 0.677089531734 0.658972546737
6573 0.697306948634 0.678649003215
6576 0.713951684881 0.694848373787
6579 0.723016922972 0.703671051957
6582 0.725001312272 0.705602344659
6585 0.736003155566 0.716309810001
6588 0.739063459984 0.7192882294
6591 0.733310372244 0.713689077881
6594 0.721867923966 0.702552796889
6597 0.742825013934 0.722949134893
6600 0.743390248276 0.723499245176
6603 0.741457822172 0.721618525284
6606 0.733508286474 0.713881696491
6609 0.735831858632 0.716143096484
6612 0.737221945571 0.717495988661
6615 0.739035654764 0.719261168168
6618 0.742241166879 0.722380909921
6621 0.741679372712 0.721834147763
6624 0.746534595213 0.726559458356
6627 0.735762948624 0.716076030312
6630 0.745426665925 0.725481174096
6633 0.726420670385 0.706983724797
6636 0.732052331301 0.712464698526
6639 0.74130223846 0.721467104549
6642 0.736928902631 0.717210786714
6645 0.726553931366 0.707113420094
6648 0.735690072052 0.716005103709
6651 0.741788779658 0.721940627291
6654 0.735739853827 0.716053553465
6657 0.734428973795 0.714777748845
6660 0.728937668876 0.709433375586
6663 0.720228207784 0.700956954836
6666 0.732597581487 0.712995359372
6669 0.730245536381 0.710706248286
6672 0.724256063534 0.704877036652
6675 0.726033821676 0.706607227056
6678 0.706213797129 0.687317529844
6681 0.725790725171 0.70637063512
6684 0.722237806031 0.702912781964
6687 0.728465249017 0.708973596335
6690 0.727998746506 0.708519576101
6693 0.72953162333 0.710011437512
6696 0.71842687937 0.699203824833
6699 0.717909347317 0.698700140462
6702 0.717838010724 0.698630712633
6705 0.720931709709 0.701641633055
6708 0.724920440777 0.705523637055
6711 0.722931084447 0.703587510227
6714 0.71676755648 0.697588900692
6717 0.700446294552 0.681704349189
6720 0.708814755624 0.689848894108
6723 0.710095755072 0.691095617663
6726 0.713142071689 0.694060423535
6729 0.72086722278 0.701578871613
6732 0.714775579635 0.695650223467
6735 0.708123991321 0.689176612687
6738 0.708045755242 0.689100469982
6741 0.711413692857 0.692378291192
6744 0.7138040291 0.694704668853
6747 0.705229352349 0.686359426
6750 0.701472898009 0.682703483665
6753 0.71032856998 0.691322203108
6756 0.705416833534 0.686541890723
6759 0.700835037945 0.682082690918
6762 0.70579785635 0.686912718454
6765 0.709562395883 0.690576529645
6768 0.700713040611 0.681963957884
6771 0.705735786133 0.68685230906
6774 0.708310892025 0.689358512462
6777 0.704525734415 0.685674634875
6780 0.708778609653 0.6898137153
6783 0.702313971148 0.683522052086
6786 0.697039897822 0.678389097922
6789 0.705645379775 0.686764321718
6792 0.685230512864 0.666895698428
6795 0.695843230667 0.677224450167
6798 0.693800240718 0.675236124803
6801 0.698723385394 0.680027540167
6804 0.695909521998 0.677288967731
6807 0.694099427581 0.675527306279
6810 0.698344537751 0.679658829406
6813 0.700345103288 0.681605865515
6816 0.697899284858 0.679225490211
6819 0.696673415112 0.678032421244
6822 0.705017123538 0.686152875826
6825 0.696153044479 0.677525974245
6828 0.684441984929 0.666128269252
6831 0.691798980469 0.673288412571
6834 0.701100116639 0.682340676861
6837 0.689076988294 0.670639253145
6840 0.686552125242 0.668181948228
6843 0.677551368576 0.659422026143
6846 0.68903668188 0.670600025215
6849 0.695086878014 0.676488335354
6852 0.688182569791 0.66976876673
6855 0.682103182101 0.663852046118
6858 0.685086451155 0.6667554914
6861 0.679595617873 0.661411577158
6864 0.690652617204 0.672172722718
6867 0.672476860532 0.654483297462
6870 0.669572988722 0.651657124981
6873 0.66783813929 0.649968695172
6876 0.668977268681 0.651077344709
6879 0.673761830502 0.655733885301
6882 0.681401705501 0.663169339032
6885 0.675605586163 0.657528307317
6888 0.68834715585 0.669928948936
6891 0.711805019348 0.692759146902
6894 0.693857081118 0.675291444316
6897 0.680365257578 0.662160623499
6900 0.680704461561 0.662490751351
6903 0.677144083029 0.659025638395
6906 0.6714719031 0.653505229825
6909 0.679964504482 0.661770593413
6912 0.686402998197 0.668036811397
6915 0.675329991315 0.657260086602
6918 0.674879298145 0.656821452696
6921 0.677090015809 0.65897301786
6924 0.671618473158 0.653647878087
6927 0.667881136347 0.650010541751
6930 0.678758084669 0.660596453954
6933 0.66550376546 0.647696782529
6936 0.674011308022 0.655976687514
6939 0.667520361194 0.649659419913
6942 0.663800835432 0.646039418053
6945 0.654028007605 0.636528083229
6948 0.671999518055 0.654018727309
6951 0.666335909825 0.648506661084
6954 0.664115821509 0.646345976
6957 0.662697334312 0.644965443476
6960 0.667586021498 0.649723323334
6963 0.666897316846 0.649053046454
6966 0.662923887244 0.645185934498
6969 0.667625205702 0.64976145908
6972 0.666096173316 0.648273339241
6975 0.665743487307 0.647930090103
6978 0.649233696011 0.631862053741
6981 0.665493086026 0.647686388846
6984 0.670167689246 0.652235913015
6987 0.654432954273 0.636922194679
6990 0.658582268786 0.640960485368
6993 0.666198754465 0.648373175611
6996 0.663569890883 0.645814652921
6999 0.658021936888 0.640415146354
7002 0.660312574656 0.642644493187
7005 0.641021907855 0.623869989618
7008 0.66564319624 0.647832482539
7011 0.666283105817 0.648455269961
7014 0.665508053485 0.647700955819
7017 0.639488179034 0.622377299006
7020 0.662155462468 0.644438070576
7023 0.648186804619 0.630843174177
7026 0.653563302544 0.63607581235
7029 0.659751525096 0.642098455714
7032 0.649724714026 0.632339933514
7035 0.650063680891 0.632669830592
7038 0.646879491522 0.629570841051
7041 0.652463995734 0.635005919855
7044 0.659308109244 0.641666904406
7047 0.661362089477 0.643665925985
7050 0.661070212582 0.643381858883
7053 0.664492236766 0.646712319458
7056 0.661377416081 0.643680842492
7059 0.655554637047 0.638013864421
7062 0.655597862641 0.63805593342
7065 0.654276959164 0.636770373554
7068 0.655128455899 0.637599086665
7071 0.661808645443 0.644100533386
7074 0.656541404657 0.638974228943
7077 0.651095557555 0.633674097179
7080 0.655825705979 0.638277680321
7083 0.650954245116 0.633536565858
7086 0.650840784333 0.633426140963
7089 0.650931914035 0.633514832293
7092 0.649471444 0.632093440272
7095 0.651643455062 0.634207334511
7098 0.648195027179 0.630851176725
7101 0.648475975456 0.631124607627
7104 0.653144074208 0.635667801369
7107 0.647583092267 0.630255615446
7110 0.646086444181 0.628799013395
7113 0.648476789701 0.631125400085
7116 0.644231059434 0.626993273453
7119 0.641211908169 0.624054906066
7122 0.626067941593 0.609316148849
7125 0.653983060314 0.636484338599
7128 0.643923031155 0.626693487132
7131 0.633041130882 0.616102755478
7134 0.643410191571 0.626194369673
7137 0.642110832344 0.624929777593
7140 0.645400515914 0.628131438612
7143 0.636046923774 0.619028121924
7146 0.633762974376 0.616805284498
7149 0.617362345895 0.600843490065
7152 0.641976243741 0.624798790197
7155 0.626510932186 0.609747286277
7158 0.635611010119 0.618603872075
7161 0.631132799168 0.614245485278
7164 0.620437755825 0.603836610796
7167 0.638504434382 0.621419876556
7170 0.647693097136 0.630362676898
7173 0.661217632153 0.643525333927
7176 0.659863354253 0.642207292642
7179 0.674193137271 0.65615365153
7182 0.635117008441 0.618123088474
7185 0.641614848028 0.624447064403
7188 0.612661313648 0.596268244036
7191 0.632913620126 0.615978656546
7194 0.623902748774 0.607208890415
7197 0.637496657056 0.620439064477
7200 0.638448170178 0.621365117822
7203 0.620757489372 0.604147789185
7206 0.614187452778 0.597753548035
7209 0.616105568837 0.599620340778
7212 0.639310777721 0.622204644447
7215 0.614688900495 0.59824157844
7218 0.621269818665 0.604646410008
7221 0.613873723036 0.597448212806
7224 0.621194472051 0.604573079454
7227 0.625018780121 0.608295059945
7230 0.624900438306 0.60817988462
7233 0.63087068631 0.613990385813
7236 0.619164441476 0.602597366708
7239 0.621617199941 0.604984496351
7242 0.619648369733 0.603068346425
7245 0.623525544426 0.60684177898
7248 0.620734938111 0.604125841332
7251 0.614468294621 0.59802687535
7254 0.618523868292 0.601973933436
7257 0.622741235247 0.606078455677
7260 0.62198997878 0.605347300692
7263 0.616932230532 0.600424883363
7266 0.622634931616 0.605974996429
7269 0.628558458153 0.611740026288
7272 0.61726939602 0.600753027264
7275 0.611203548504 0.594849484529
7278 0.621491287545 0.604861953012
7281 0.647080001892 0.629765986335
7284 0.617012151747 0.600502666115
7287 0.609663988037 0.59335111831
7290 0.596775200657 0.580807198125
7293 0.602962140857 0.586828593449
7296 0.610677607177 0.594337615893
7299 0.617234582584 0.600719145336
7302 0.606010224091 0.589795118668
7305 0.605116880868 0.588925678762
7308 0.592569566128 0.576714094383
7311 0.598238720576 0.582231558425
7314 0.60902538251 0.592729600046
7317 0.605580652139 0.589377040836
7320 0.608146327005 0.59187406556
7323 0.601971768056 0.5858647202
7326 0.587211094276 0.571498999957
7329 0.607105546144 0.590861133027
7332 0.604328852256 0.588158735549
7335 0.612744992661 0.596349684037
7338 0.599527203685 0.583485565401
7341 0.609677301156 0.593364075209
7344 0.605020420933 0.58883179982
7347 0.603392350701 0.587247292105
7350 0.607219000078 0.590971551257
7353 0.598842663684 0.582819341738
7356 0.597592021889 0.581602163551
7359 0.602798724269 0.586669549424
7362 0.601599869661 0.585502772746
7365 0.595217971478 0.579291635958
7368 0.600325011541 0.584262026193
7371 0.598454859387 0.582441913978
7374 0.587832161402 0.572103449098
7377 0.603135371095 0.58699718854
7380 0.595218536914 0.579292186266
7383 0.603113506199 0.586975908686
7386 0.582734481782 0.567142168847
7389 0.576073930199 0.56065983463
7392 0.588062595083 0.572327717031
7395 0.593506998875 0.577626444104
7398 0.586733833679 0.571034509492
