Wave Flux FluxNorm
3600 1.83924707152 1.82241581374
3603 1.85129432854 1.83435282429
3606 1.85094740378 1.83400907429
3609 1.83831985417 1.82149708151
3612 1.83109068479 1.81433406747
3615 1.83427911871 1.81749332349
3618 1.85844115953 1.84143425344
3621 1.83068177026 1.81392889499
3624 1.84547359426 1.82858535653
3627 1.85714514121 1.8401500952
3630 1.86163391284 1.84459778932
3633 1.83353688679 1.81675788386
3636 1.87147166542 1.85434551499
3639 1.86900606506 1.85190247775
3642 1.87224060932 1.85510742215
3645 1.8810910262 1.86387684738
3648 1.88001243758 1.86280812911
3651 1.85935910593 1.84234379955
3654 1.87060958643 1.85349132503
3657 1.88962524524 1.87233296836
3660 1.88247955212 1.86525266667
3663 1.8902104163 1.87291278442
3666 1.89827342658 1.88090200874
3669 1.89170171726 1.87439043824
3672 1.90128057364 1.88388163689
3675 1.93346964346 1.91577613915
3678 1.92395038187 1.90634398992
3681 1.99115442986 1.97293304242
3684 1.99565649739 1.97739391077
3687 1.91753405087 1.89998637584
3690 2.08454143112 2.0654654436
3693 2.10858931937 2.0892932656
3696 2.03364772987 2.01503747913
3699 2.20289842383 2.18273933166
3702 2.1860243545 2.16601967976
3705 1.95090512697 1.93305206764
3708 2.4316197764 2.40936761685
3711 1.99278530165 1.97454898983
3714 2.262105904 2.24140499426
3717 2.5209825792 2.49791264569
3720 2.23000520806 2.20959805717
3723 2.036175128 2.01754174861
3726 2.50707414979 2.48413149464
3729 2.54497113266 2.52168167588
3732 2.30676611964 2.2856565168
3735 1.90803989932 1.89057910686
3738 2.47604642488 2.45338770963
3741 2.5934386831 2.56970569165
3744 2.5889971322 2.56530478613
3747 2.44595825606 2.42357488269
3750 1.86310225383 1.84605269328
3753 2.43311135625 2.41084554701
3756 2.55513845818 2.5317559585
3759 2.5598377327 2.53641222917
3762 2.59033161861 2.56662706043
3765 2.59699780211 2.57323224057
3768 2.37220714093 2.35049867635
3771 1.863867932 1.8468113646
3774 2.52590917795 2.50279416031
3777 2.61583766597 2.59189969768
3780 2.65396309307 2.62967623261
3783 2.60555914098 2.58171523319
3786 2.60678126974 2.58292617805
3789 2.62286882934 2.59886651769
3792 2.59653121814 2.57276992638
3795 2.45054531923 2.42811996887
3798 1.85403759469 1.83707098635
3801 2.49050573621 2.46771470139
3804 2.56993036013 2.54641249728
3807 2.53763356395 2.51441125449
3810 2.63426488304 2.61015828421
3813 2.63788289946 2.61374319155
3816 2.62867918292 2.60462369976
3819 2.41304583518 2.39096364887
3822 2.58894013395 2.56524830948
3825 2.6244434257 2.60042670466
3828 2.61572803752 2.59179107246
3831 2.55650928917 2.53311424479
3834 2.07698602658 2.05797917983
3837 2.17779758474 2.15786819455
3840 2.56978677993 2.54627023101
3843 2.62214730412 2.59815159527
3846 2.62539923311 2.60137376532
3849 2.60415267342 2.58032163645
3852 2.60542811556 2.58158540681
3855 2.46565885701 2.44309520014
3858 2.60201355524 2.5782020937
3861 2.5546595407 2.53128142368
3864 2.53331289681 2.51013012649
3867 2.534298828 2.51110703527
3870 2.56446380848 2.54099597096
3873 2.53465155283 2.51145653225
3876 2.59139958062 2.56768524934
3879 2.59049184752 2.56678582306
3882 2.5899187959 2.56621801553
3885 2.52402481422 2.5009270407
3888 1.93522133025 1.91751179596
3891 2.2192157923 2.19890737716
3894 2.54069143019 2.51744113769
3897 2.57139837005 2.5478670732
3900 2.5514026988 2.52805438568
3903 2.54724936657 2.52393906129
3906 2.52514945779 2.50204139247
3909 2.54796753743 2.52465066005
3912 2.55038269534 2.52704371645
3915 2.51947250006 2.49641638554
3918 2.48277649164 2.46005618843
3921 2.44122881084 2.4188887174
3924 2.48055380805 2.45785384499
3927 2.39060032902 2.3687235453
3930 2.49189507778 2.46909132886
3933 1.9498745257 1.93203089757
3936 2.35001932147 2.32851390134
3939 2.4765516584 2.45388831967
3942 2.47360807884 2.45097167731
3945 2.47457559306 2.45193033765
3948 2.47991844828 2.4572242995
3951 2.48843080564 2.46565875885
3954 2.46985009236 2.44724808079
3957 2.45014453652 2.42772285379
3960 2.48029203282 2.4575944653
3963 2.3986075627 2.37665750344
3966 2.25584358572 2.23519998351
3969 1.47236260771 1.45888877106
3972 2.09892393797 2.07971633372
3975 2.38528831127 2.36346013872
3978 2.42977284727 2.40753758928
3981 2.41970045912 2.39755737524
3984 2.40327534368 2.38128256878
3987 2.39906527781 2.37711102992
3990 2.3899341554 2.36806346794
3993 2.35855264836 2.33696913833
3996 2.31342958274 2.29225900143
3999 2.34326765334 2.32182401886
4002 2.32809899671 2.30679417314
4005 2.3348117699 2.31344551662
4008 2.27149141496 2.25070461685
4011 2.27167472589 2.25088625027
4014 2.30834146778 2.28721744867
4017 2.3226890246 2.30143370859
4020 2.33283387842 2.31148572515
4023 2.27090844789 2.25012698461
4026 2.04263458405 2.0239420931
4029 2.28843694105 2.26749507159
4032 2.28708511844 2.26615561974
4035 2.28637578944 2.26545278193
4038 2.28550163468 2.2645866267
4041 2.25858120398 2.23791254937
4044 2.27005564982 2.24928199063
4047 2.26539721869 2.24466618959
4050 2.25130387103 2.23070181251
4053 2.26623775129 2.24549903033
4056 2.2455726886 2.22502307709
4059 2.25118306136 2.23058210839
4062 2.25198077032 2.23137251738
4065 2.21788277435 2.19758655788
4068 2.20999770831 2.1897736494
4071 2.19692350419 2.1768190895
4074 2.18425107533 2.16426262817
4077 2.1706326701 2.15076884724
4080 2.19972688792 2.17959681901
4083 2.19164819264 2.17159205322
4086 2.18314098723 2.16316269867
4089 2.19673967257 2.17663694016
4092 2.18800801214 2.16798518462
4095 2.17224893901 2.15237032541
4098 2.09767484661 2.07847867301
4101 1.6055085629 1.59081628533
4104 1.94097539851 1.92321320778
4107 2.12380508663 2.10436979082
4110 2.1599060485 2.14014038676
4113 2.16313202694 2.14333684372
4116 2.14052368795 2.12093539743
4119 2.11035558291 2.09104336576
4122 2.084600564 2.06552403535
4125 2.11611179838 2.09674690514
4128 1.96514518529 1.9471618128
4131 1.94938460094 1.93154545619
4134 2.09636496307 2.07718077643
4137 2.10185729347 2.0826228456
4140 2.09295161785 2.0737986673
4143 1.97733033789 1.95923545703
4146 2.04933364798 2.03057985277
4149 2.08173211227 2.06268183329
4152 2.05766240315 2.03883239011
4155 2.08010175998 2.06106640063
4158 2.07186858159 2.05290856544
4161 2.06794990751 2.04902575179
4164 2.03981515242 2.02114846256
4167 2.04690643059 2.02817484726
4170 2.028475872 2.0099129498
4173 2.00623439376 1.98787500704
4176 2.01522938631 1.99678768491
4179 1.99151231563 1.97328765311
4182 2.03617530117 2.0175419202
4185 2.03029477279 2.01171520551
4188 2.01437666213 1.99594276415
4191 2.01766476446 1.99920077651
4194 2.01042265411 1.99202493992
4197 2.01969173883 2.0012092017
4200 2.00758172996 1.98921001354
4203 2.00869694707 1.99031502511
4206 1.99832104032 1.98003407002
4209 1.99587203002 1.97760747103
4212 1.98977349448 1.97156474421
4215 1.97691047076 1.95881943217
4218 1.98134139978 1.96320981302
4221 1.97617156391 1.95808728718
4224 1.97683875572 1.95874837341
4227 1.97053788375 1.95250516177
4230 1.98464670044 1.96648486631
4233 1.89959986541 1.88221630911
4236 1.96285052517 1.94488815149
4239 1.95463767333 1.93675045684
4242 1.93855601933 1.92081596875
4245 1.96566557112 1.94767743649
4248 1.95858910547 1.94066572876
4251 1.96175494097 1.94380259317
4254 1.93575361855 1.9180392132
4257 1.93585889875 1.91814352997
4260 1.93531602184 1.91760562102
4263 1.93116022766 1.9134878572
4266 1.86343157239 1.84637899819
4269 1.89101635726 1.87371135008
4272 1.9263672434 1.90873873434
4275 1.91764787354 1.9000991569
4278 1.91197316151 1.89447637511
4281 1.90088018003 1.88348490735
4284 1.90378971466 1.88636781634
4287 1.89867592962 1.88130082841
4290 1.89774551568 1.88037892885
4293 1.89845372588 1.88108065809
4296 1.88936144459 1.87207158179
4299 1.88460351337 1.8673571912
4302 1.86790722789 1.85081369622
4305 1.87842689333 1.86123709444
4308 1.88891046742 1.87162473158
4311 1.88302208007 1.86579022986
4314 1.86924753152 1.85214173451
4317 1.86801656646 1.85092203422
4320 1.88051911371 1.86331016856
4323 1.88752592705 1.87025286138
4326 1.87681921945 1.85964413266
4329 1.87971933468 1.86251770844
4332 1.87893989315 1.86174539971
4335 1.85253079292 1.83557797358
4338 1.70524910914 1.68964408914
4341 1.40590324995 1.393037594
4344 1.80723946426 1.79070111345
4347 1.83655451053 1.81974789282
4350 1.83396581902 1.81718289086
4353 1.82867387441 1.81193937372
4356 1.85341956888 1.8364586162
4359 1.85251586021 1.83556317752
4362 1.8306829202 1.8139300344
4365 1.8384651141 1.82164101214
4368 1.82233321029 1.80565673408
4371 1.81518663972 1.79857556297
4374 1.81353419923 1.79693824425
4377 1.8207874475 1.80412511682
4380 1.81452431369 1.797919298
4383 1.80589604482 1.78936998786
4386 1.73959170615 1.72367241129
4389 1.69869355361 1.68314852459
4392 1.78327659857 1.76695753595
4395 1.77493116289 1.75868847075
4398 1.79905038484 1.78258697366
4401 1.79055508944 1.77416942014
4404 1.78096246535 1.76466457975
4407 1.78309069882 1.76677333741
4410 1.77108036149 1.75487290868
4413 1.76078978748 1.74467650543
4416 1.72622533036 1.71042835345
4419 1.72685631032 1.71105355921
4422 1.71767632032 1.70195757683
4425 1.70014204437 1.68458375998
4428 1.69681539747 1.68128755578
4431 1.67655844201 1.6612159751
4434 1.70713154956 1.69150930303
4437 1.68769627771 1.6722518866
4440 1.72321118168 1.70744178775
4443 1.73465243155 1.71877833682
4446 1.74345186391 1.72749724411
4449 1.73434698443 1.7184756849
4452 1.7354622974 1.71958079146
4455 1.74250487234 1.72655891861
4458 1.75330684996 1.73726204552
4461 1.7474944852 1.73150287069
4464 1.74479286179 1.72882597029
4467 1.74434145008 1.72837868952
4470 1.62320391902 1.60834970828
4473 1.62073942426 1.60590776653
4476 1.74901278061 1.73300727192
4479 1.66985600651 1.65457487471
4482 1.53734991392 1.52328136756
4485 1.73425803307 1.71838754755
4488 1.73964710896 1.72372730711
4491 1.73158546553 1.71573943713
4494 1.72459308914 1.70881104914
4497 1.73372558127 1.7178599683
4500 1.70045796878 1.68489679331
4503 1.70866846826 1.69303215713
4506 1.72247100394 1.70670838349
4509 1.70469644221 1.68909647976
4512 1.71334875174 1.69766961056
4515 1.70726237164 1.69163892794
4518 1.72464067482 1.70885819935
4521 1.68527274833 1.66985053535
4524 1.68191204879 1.66652059013
4527 1.70021043493 1.68465152468
4530 1.69548537678 1.67996970633
4533 1.70771844704 1.69209082972
4536 1.70666012898 1.6910421965
4539 1.70039900788 1.68483837197
4542 1.69899920294 1.68345137688
4545 1.71055951898 1.69490590253
4548 1.67218234571 1.65687992519
4551 1.65486476412 1.63972081969
4554 1.66294333856 1.64772546574
4557 1.67963241839 1.66426182101
4560 1.69211114847 1.67662635615
4563 1.68809885228 1.67265077715
4566 1.6759844754 1.66064726096
4569 1.67272194227 1.65741458381
4572 1.67655767177 1.66121521191
4575 1.66402310562 1.64879535167
4578 1.67257092596 1.65726494948
4581 1.65852812026 1.64335065184
4584 1.62114568921 1.60631031368
4587 1.66538174285 1.65014155579
4590 1.6744945078 1.6591709283
4593 1.6588347356 1.6436544613
4596 1.65061799623 1.63551291469
4599 1.66270793413 1.64749221554
4602 1.63865375298 1.62365815823
4605 1.65333739527 1.63820742805
4608 1.65151323003 1.63639995605
4611 1.65710642989 1.6419419716
4614 1.65435040684 1.63921116938
4617 1.65728882764 1.6421227002
4620 1.66041520546 1.64522046801
4623 1.64824266437 1.63315931989
4626 1.64821621413 1.6331331117
4629 1.61214760898 1.59739457639
4632 1.62359730325 1.60873949259
4635 1.63620213099 1.62122897144
4638 1.66351663521 1.64829351606
4641 1.63222308647 1.61728633983
4644 1.6349291862 1.61996767558
4647 1.64370989394 1.6286680296
4650 1.62564452445 1.61076797933
4653 1.64209590519 1.62706881073
4656 1.64028223803 1.62527174074
4659 1.64227018908 1.62724149972
4662 1.62919824785 1.61428918201
4665 1.61662587614 1.60183186218
4668 1.61736177767 1.60256102935
4671 1.63312786026 1.61818283388
4674 1.63814204223 1.62315113023
4677 1.64063217865 1.62561847899
4680 1.65001822606 1.63491863311
4683 1.6412484285 1.62622908943
4686 1.641314279 1.62629433733
4689 1.63875348236 1.62375697497
4692 1.63639846482 1.62142350859
4695 1.62071694852 1.60588549647
4698 1.62371366668 1.60885479116
4701 1.63055898565 1.61563746747
4704 1.62176317188 1.60692214566
4707 1.61720874478 1.60240939688
4710 1.61256442435 1.59780757741
4713 1.51806050638 1.50416848062
4716 1.581075837 1.56660714739
4719 1.5895933568 1.57504672194
4722 1.59617959598 1.58157268935
4725 1.57869233175 1.564245454
4728 1.57154441392 1.55716294796
4731 1.58270890521 1.56822527113
4734 1.58122801144 1.56675792926
4737 1.57670152134 1.56227286183
4740 1.57975074038 1.56529417695
4743 1.57841191467 1.56396760306
4746 1.5663448974 1.55201101309
4749 1.56517398912 1.55085081998
4752 1.55654150512 1.54229733329
4755 1.55484670885 1.54061804639
4758 1.54629689894 1.53214647721
4761 1.53242293353 1.51839947479
4764 1.53352081698 1.51948731132
4767 1.54343481126 1.52931058098
4770 1.54062237567 1.52652388246
4773 1.53366823168 1.519633377
4776 1.53370264594 1.51966747634
4779 1.51409343791 1.50023771545
4782 1.52290710932 1.50897073147
4785 1.53229105438 1.51826880248
4788 1.53434105629 1.52030004449
4791 1.52719785581 1.51322221263
4794 1.52223614365 1.50830590593
4797 1.52615077493 1.51218471376
4800 1.52656927754 1.51259938658
4803 1.5152080108 1.50134208869
4806 1.51892070293 1.50502080536
4809 1.51515244357 1.50128702997
4812 1.50664413272 1.4928565801
4815 1.47531166722 1.46181084323
4818 1.49400629346 1.48033439182
4821 1.50795430944 1.49415476717
4824 1.50171851889 1.48797604138
4827 1.51042764333 1.49660546717
4830 1.50534372805 1.49156807565
4833 1.51297477734 1.49912929193
4836 1.51255125223 1.49870964257
4839 1.50707442646 1.49328293615
4842 1.52276044764 1.50882541192
4845 1.51687879085 1.50299757916
4848 1.51271232861 1.49886924491
4851 1.51973335272 1.50582601845
4854 1.52199489663 1.5080668666
4857 1.48341705743 1.46984205966
4860 1.29464751253 1.28279997646
4863 1.30200282214 1.2900879764
4866 1.47399604772 1.46050726318
4869 1.50484816476 1.49107704734
4872 1.49385119317 1.48018071088
4875 1.47523173771 1.46173164517
4878 1.47400283521 1.46051398856
4881 1.45717317415 1.44383833855
4884 1.45138465805 1.43810279413
4887 1.45221496347 1.43892550128
4890 1.45929968775 1.44594539206
4893 1.45465827196 1.44134645065
4896 1.45470938781 1.44139709874
4899 1.44677595808 1.43353626914
4902 1.44700718762 1.43376538267
4905 1.45924302292 1.44588924578
4908 1.45392756779 1.44062243327
4911 1.45126750306 1.43798671124
4914 1.45370706324 1.4404039466
4917 1.43208071096 1.41897550069
4920 1.3990166147 1.38621397951
4923 1.26562097282 1.25403906347
4926 1.40431330377 1.39146219769
4929 1.44580375678 1.43257296462
4932 1.45570999484 1.44238854904
4935 1.44602785201 1.43279500911
4938 1.44683837209 1.433598112
4941 1.43882204833 1.42565514695
4944 1.42782999081 1.41476367959
4947 1.42856870932 1.41549563796
4950 1.42629686893 1.41324458757
4953 1.42833880215 1.41526783471
4956 1.42313213981 1.41010881941
4959 1.42378389336 1.41075460866
4962 1.41643044703 1.40346845495
4965 1.40951954684 1.39662079756
4968 1.41931915718 1.40633073002
4971 1.41009535037 1.39719133181
4974 1.4067156985 1.3938426077
4977 1.40486761188 1.39201143323
4980 1.4051608431 1.39230198105
4983 1.4004808368 1.38766480227
4986 1.39721447802 1.38442833448
4989 1.39694372216 1.38416005636
4992 1.36964112454 1.35710730937
4995 1.38622584641 1.37354026168
4998 1.39029759283 1.37757474687
5001 1.34442325436 1.33212021215
5004 1.34998114862 1.33762724518
5007 1.36545208439 1.35295660383
5010 1.3485023809 1.33616200992
5013 1.35709753718 1.34467851048
5016 1.25186938542 1.24041331915
5019 1.2997124647 1.28781857841
5022 1.38247911401 1.36982781625
5025 1.37578582988 1.36319578348
5028 1.36144322151 1.34898442672
5031 1.35350484668 1.34111869729
5034 1.35634343188 1.34393130613
5037 1.35997347764 1.34752813273
5040 1.325047894 1.31292215895
5043 1.34045831803 1.32819155961
5046 1.32811514827 1.31596134426
5049 1.3346825757 1.32246867207
5052 1.36064102515 1.3481895714
5055 1.30255111141 1.29063124819
5058 1.33205998235 1.3198700785
5061 1.35900123405 1.3465647863
5064 1.35685546037 1.34443864896
5067 1.35181146133 1.33944080839
5070 1.34989322917 1.3375401303
5073 1.33399333127 1.32178573503
5076 1.33818263891 1.32593670562
5079 1.34738961327 1.33505942541
5082 1.34731559315 1.33498608266
5085 1.33627737355 1.32404887565
5088 1.33964334309 1.32738404264
5091 1.33262002697 1.32042499806
5094 1.32787379554 1.31572220019
5097 1.32529451295 1.31316652105
5100 1.3273198014 1.31517327575
5103 1.30556174832 1.29361433426
5106 1.31943781394 1.30736341767
5109 1.32611129925 1.31397583281
5112 1.326728343 1.31458722988
5115 1.32267846733 1.3105744153
5118 1.31974522917 1.30766801969
5121 1.30649720585 1.29454123126
5124 1.31643632115 1.30438939205
5127 1.28569260445 1.27392701624
5130 1.30692146183 1.29496160479
5133 1.3056161112 1.29366819965
5136 1.30869682444 1.29672072077
5139 1.31226124262 1.30025252036
5142 1.2869579948 1.27518082679
5145 1.29075224644 1.27894035661
5148 1.28612345059 1.27435391964
5151 1.28235939772 1.27062431225
5154 1.29266980239 1.28084036468
5157 1.27759143494 1.26589998189
5160 1.27928046214 1.26757355252
5163 1.28958241098 1.2777812265
5166 1.28248619322 1.27074994742
5169 1.18013920757 1.16933955616
5172 1.27437798044 1.26271593425
5175 1.28223190324 1.27049798449
5178 1.27994452344 1.26823153688
5181 1.28538119831 1.27361845983
5184 1.27944423555 1.26773582721
5187 1.2764410737 1.26476014779
5190 1.26254779169 1.25099400554
5193 1.26113983989 1.24959893814
5196 1.24893658857 1.23750736082
5199 1.24038771662 1.22903672103
5202 1.23445437705 1.22315767844
5205 1.2311711077 1.21990445483
5208 1.22934299986 1.21809307632
5211 1.22925942137 1.21801026267
5214 1.20652424243 1.19548313716
5217 1.21364985561 1.20254354265
5220 1.21979285789 1.20863032929
5223 1.22044697597 1.20927846143
5226 1.20911452096 1.19804971162
5229 1.21511534042 1.20399561657
5232 1.21638832938 1.2052569562
5235 1.18589357515 1.17504126456
5238 1.19505946102 1.18412327188
5241 1.2000297817 1.18904810832
5244 1.20130274534 1.19030942285
5247 1.20674929133 1.19570612659
5250 1.21359645438 1.2024906301
5253 1.2016083377 1.19061221869
5256 1.21007411959 1.19900052879
5259 1.20004638056 1.18906455528
5262 1.18831827789 1.17744377844
5265 1.1972595615 1.18630323887
5268 1.19601017575 1.18506528646
5271 1.19840019674 1.18743343597
5274 1.19125980677 1.1803583889
5277 1.17382808856 1.16308619126
5280 1.1912889775 1.18038729269
5283 1.18527820263 1.17443152342
5286 1.18809032889 1.17721791545
5289 1.18590538633 1.17505296766
5292 1.17533787098 1.16458215741
5295 1.1862392613 1.17538378728
5298 1.17586467604 1.16510414159
5301 1.17557114821 1.16481329988
5304 1.17505927634 1.16430611224
5307 1.17550225148 1.16474503364
5310 1.17085437739 1.16013969302
5313 1.16892497774 1.15822794963
5316 1.13188223834 1.12152419454
5319 1.15530143174 1.14472907497
5322 1.14294424746 1.13248497336
5325 1.15435504126 1.14379134507
5328 1.15634812121 1.14576618601
5331 1.14687679966 1.13638153811
5334 1.14890769444 1.13839384783
5337 1.13914634012 1.12872182131
5340 1.1445506681 1.13407669338
5343 1.14233529617 1.13188159468
5346 1.13225853605 1.12189704869
5349 1.13414150664 1.1237627879
5352 1.13417630583 1.12379726863
5355 1.13455965499 1.1241771097
5358 1.12787074158 1.11754940766
5361 1.12053555899 1.11028135055
5364 1.11284510109 1.10266126932
5367 1.12138162968 1.1111196787
5370 1.12272149761 1.11244728528
5373 1.12517166396 1.11487502975
5376 1.12021996106 1.10996864071
5379 1.11785623154 1.10762654207
5382 1.12491900867 1.11462468655
5385 1.10910619144 1.09895657506
5388 1.07666416509 1.06681143111
5391 1.07630043921 1.06645103375
5394 1.11470185952 1.10450103623
5397 1.11094987473 1.10078338649
5400 1.10421116488 1.0941063437
5403 1.09035827178 1.08038022074
5406 1.09493669679 1.08491674782
5409 1.09621634082 1.08618468161
5412 1.09550785206 1.08548267636
5415 1.0913169239 1.08133010008
5418 1.08413150096 1.07421043215
5421 1.07879440097 1.06892217285
5424 1.07957755565 1.06969816075
5427 1.06127318697 1.05156129841
5430 1.06502433116 1.05527811525
5433 1.02950959237 1.02008837778
5436 1.06980911743 1.06001911514
5439 1.07124751967 1.06144435432
5442 1.06903280353 1.05924990543
5445 1.07220528384 1.06239335383
5448 1.06496127099 1.05521563215
5451 1.05531894304 1.04566154276
5454 0.998098488721 0.988964722401
5457 1.04974265291 1.0401362822
5460 1.04603859436 1.03646612011
5463 1.05156872165 1.04194564028
5466 1.05731599239 1.04764031678
5469 1.06173138842 1.05201530679
5472 1.04811287085 1.03852141454
5475 1.03910497615 1.0295959526
5478 1.04631891715 1.03674387762
5481 1.04353379694 1.03398424451
5484 1.04308521644 1.03353976905
5487 1.02769210723 1.01828752475
5490 1.03780252794 1.02830542331
5493 1.03283305437 1.02338142623
5496 1.03665707571 1.02717045331
5499 1.03454754705 1.0250802293
5502 1.03591467499 1.02643484642
5505 1.02673744897 1.01734160273
5508 1.01013919035 1.00089523755
5511 1.01491857282 1.0056308831
5514 1.03269149853 1.02324116579
5517 1.03126779424 1.02183049006
5520 1.02664885097 1.01725381551
5523 1.02067196608 1.01133162609
5526 1.01130315727 1.00204855282
5529 1.01711353559 1.00780575939
5532 1.01658616797 1.00728321781
5535 1.0035371885 0.994353651731
5538 1.00768165039 0.998460186952
5541 1.01044871468 1.00120192938
5544 1.00574548487 0.996541739604
5547 1.00664363829 0.997431673872
5550 1.00923568466 1.0
5553 1.00514370807 0.99594546977
5556 1.00635477147 0.997145450529
5559 1.00786931651 0.998646135711
5562 1.00338119026 0.994199081057
5565 0.991521384373 0.982447806236
5568 1.00047440082 0.991318892128
5571 0.99696281584 0.987839442252
5574 0.997536687532 0.988408062348
5577 0.990256901794 0.981194895148
5580 0.989328646175 0.980275134151
5583 0.991416239652 0.982343623712
5586 0.986644650128 0.977615699802
5589 0.987450303145 0.978413980154
5592 0.989838946102 0.980780764239
5595 0.987731595795 0.978692698647
5598 0.98254837472 0.973556910096
5601 0.981434393535 0.972453123139
5604 0.978825142758 0.969867750053
5607 0.958417941669 0.949647298676
5610 0.974364642171 0.965448068253
5613 0.978760722578 0.969803919392
5616 0.969710774571 0.960836788974
5619 0.974355989204 0.965439494471
5622 0.973067581364 0.964162877067
5625 0.969289597532 0.960419466197
5628 0.971254685105 0.962366570924
5631 0.968331309722 0.959469947839
5634 0.962573855443 0.953765180988
5637 0.95679609237 0.948040291192
5640 0.904038605516 0.895765596929
5643 0.951817603507 0.943107361313
5646 0.934629916392 0.9260769616
5649 0.947140171806 0.938472733573
5652 0.954325027653 0.945591839601
5655 0.955048658903 0.946308848781
5658 0.945941951332 0.937285478215
5661 0.935947629273 0.92738261587
5664 0.930945388025 0.922426150969
5667 0.921589059671 0.913155443941
5670 0.933044443832 0.924505997964
5673 0.93346860773 0.924926280268
5676 0.923469895353 0.915019067781
5679 0.908657944093 0.900342663166
5682 0.925081564134 0.916615987911
5685 0.924853170864 0.916389684706
5688 0.919339231528 0.910926204352
5691 0.924124491652 0.91566767376
5694 0.921013611257 0.912585261552
5697 0.900806526316 0.892563095027
5700 0.915760297085 0.907380021338
5703 0.909863682348 0.901537367509
5706 0.904649121725 0.896370526202
5709 0.904626422822 0.896348035022
5712 0.901064098858 0.89281831048
5715 0.910307196288 0.901976822779
5718 0.906629790402 0.898333069449
5721 0.895992702227 0.887793323049
5724 0.894988888932 0.886798695817
5727 0.89920777535 0.890978974499
5730 0.898989850554 0.890763043969
5733 0.897080301576 0.888870969593
5736 0.896472215467 0.888268448183
5739 0.882602321803 0.874525480237
5742 0.885288563393 0.87718713958
5745 0.884436312615 0.876342687892
5748 0.880771166236 0.872711081881
5751 0.88759624042 0.879473698669
5754 0.884516876651 0.876422514673
5757 0.885225943226 0.877125092461
5760 0.885119917552 0.877020037045
5763 0.877381702925 0.869352636116
5766 0.873272784724 0.865281319313
5769 0.874424163409 0.866422161539
5772 0.869515165966 0.861558087153
5775 0.866362921489 0.858434689393
5778 0.849953616945 0.842175549141
5781 0.806508270101 0.799127777938
5784 0.854725976599 0.846904236133
5787 0.86200757442 0.854119198834
5790 0.866240064099 0.858312956292
5793 0.862342447575 0.854451007508
5796 0.841941765837 0.834237015824
5799 0.855794646176 0.847963126137
5802 0.862359647894 0.854468050424
5805 0.862364139217 0.854472500646
5808 0.85859983116 0.850742640403
5811 0.855277904896 0.847451113642
5814 0.858748081382 0.850889533962
5817 0.859237054732 0.851374032636
5820 0.857887113437 0.850036444879
5823 0.859582528695 0.851716345109
5826 0.856671343229 0.848831800388
5829 0.851739836553 0.843945422754
5832 0.852095458347 0.844297790194
5835 0.85106054528 0.84327234779
5838 0.853255775501 0.845447489092
5841 0.852785605837 0.844981622029
5844 0.846219513341 0.838475616944
5847 0.844644632232 0.836915147836
5850 0.841242148366 0.833543800669
5853 0.840989993367 0.833293953183
5856 0.84563115925 0.83789264698
5859 0.848658860387 0.840892641117
5862 0.846682747508 0.838934611978
5865 0.844275778221 0.836549669269
5868 0.83223620682 0.824620274002
5871 0.836890065699 0.829231544639
5874 0.765005395563 0.75800470315
5877 0.729802901215 0.723124352721
5880 0.831319410421 0.82371186736
5883 0.822374348087 0.814848662788
5886 0.818761873783 0.811269246842
5889 0.687069046276 0.680781562441
5892 0.754133803998 0.747232599339
5895 0.702422896676 0.695994907186
5898 0.765267695392 0.75826460263
5901 0.798873238966 0.79156261625
5904 0.812654294284 0.805217558825
5907 0.815045301175 0.807586685212
5910 0.806553343091 0.799172438457
5913 0.806255199782 0.798877023507
5916 0.804603041774 0.797239984674
5919 0.790507704192 0.783273635886
5922 0.799287003111 0.791972593971
5925 0.79038746434 0.783154496368
5928 0.803849229721 0.796493070881
5931 0.80025675802 0.79293347449
5934 0.79899756532 0.791685804873
5937 0.803158547405 0.795808709115
5940 0.794673254516 0.787401066561
5943 0.777874630299 0.770756169366
5946 0.778663359969 0.771537681238
5949 0.785742961218 0.778552495872
5952 0.789226837842 0.782004490957
5955 0.791101534589 0.783862032041
5958 0.768631724934 0.761597847375
5961 0.788382621098 0.781167999782
5964 0.79106165631 0.783822518695
5967 0.780308424861 0.773167691866
5970 0.778107518048 0.77098692592
5973 0.7812654847 0.77411599349
5976 0.770479838963 0.763429049003
5979 0.752757286907 0.745868678987
5982 0.777576869887 0.770461133809
5985 0.775727909331 0.7686290934
5988 0.771228676241 0.764171033546
5991 0.768921368538 0.761884840402
5994 0.764890792342 0.757891148683
5997 0.765441182913 0.758436502537
6000 0.762257428187 0.755281882885
6003 0.76939677332 0.762355894674
6006 0.770071039602 0.763023990634
6009 0.764743426808 0.757745131716
6012 0.76632653903 0.759313756612
6015 0.77033885993 0.763289360093
6018 0.768912937561 0.761876486578
6021 0.770006678664 0.762960218673
6024 0.763926379974 0.756935561814
6027 0.763093846657 0.756110647148
6030 0.767008542572 0.759989519026
6033 0.762931325219 0.755949612971
6036 0.761469632554 0.754501296501
6039 0.763340204263 0.756354750295
6042 0.758627771024 0.751685441322
6045 0.757154768829 0.750225918816
6048 0.761732528482 0.754761786625
6051 0.758560793504 0.751619076724
6054 0.761269482792 0.754302978343
6057 0.757295298301 0.750365162279
6060 0.760161595291 0.753205229306
6063 0.761857385944 0.754885501494
6066 0.757476845332 0.750545047943
6069 0.754974065632 0.748065171599
6072 0.7558326473 0.748915896242
6075 0.754481053213 0.747576670819
6078 0.76133960118 0.754372455065
6081 0.749520870669 0.742661879736
6084 0.75639638826 0.749474478315
6087 0.758151353429 0.751213383504
6090 0.752920655128 0.746030552198
6093 0.755334279364 0.748422088955
6096 0.746244695296 0.739415685191
6099 0.754887151036 0.747979052372
6102 0.750223355045 0.74335793556
6105 0.752629650414 0.745742210516
6108 0.750572541524 0.743703926574
6111 0.749373248394 0.742515608377
6114 0.746668390107 0.739835502701
6117 0.751089142407 0.744215799957
6120 0.75159280208 0.744714850556
6123 0.752150394069 0.745267339927
6126 0.748021231806 0.741175964318
6129 0.748742442571 0.741890575163
6132 0.74715148067 0.740314172421
6135 0.746592615352 0.739760421374
6138 0.743787344886 0.736980822407
6141 0.737709969704 0.730959062303
6144 0.731212735586 0.724521285461
6147 0.734716435594 0.727992922524
6150 0.735436659037 0.728706555081
6153 0.734205505898 0.727486668431
6156 0.723151406332 0.71653372678
6159 0.727099115049 0.720445309354
6162 0.728235236753 0.721571034218
6165 0.721842220191 0.715236521221
6168 0.722288036467 0.715678257757
6171 0.725549408211 0.718909784143
6174 0.71917839134 0.712597069513
6177 0.719286401885 0.712704091635
6180 0.71966532471 0.713079546874
6183 0.718301605842 0.711728307626
6186 0.719233479275 0.712651653329
6189 0.720896818796 0.714299771352
6192 0.722008714656 0.715401492067
6195 0.714663166075 0.708123163831
6198 0.717194344171 0.710631178692
6201 0.711355181638 0.704845451312
6204 0.701039896688 0.694624563262
6207 0.712462105953 0.705942245978
6210 0.716422171833 0.709866072632
6213 0.716305989071 0.709750953078
6216 0.710069525745 0.703571560672
6219 0.715777726937 0.70922752516
6222 0.71139699521 0.704886882241
6225 0.710604996593 0.704102131337
6228 0.710839226063 0.704334217334
6231 0.711771731336 0.705258189095
6234 0.70881586213 0.702329369542
6237 0.703609223785 0.697170378017
6240 0.706942751553 0.700473400114
6243 0.705335696516 0.698881051506
6246 0.696976695711 0.690598545317
6249 0.702762029868 0.696330936913
6252 0.702868049002 0.696435985848
6255 0.701823110319 0.695400609574
6258 0.70041838361 0.694008737754
6261 0.696893190211 0.69051580399
6264 0.695353242394 0.688989948493
6267 0.687357111997 0.681066992024
6270 0.678295734102 0.672088536314
6273 0.688059301319 0.681762755494
6276 0.676938789148 0.670744008991
6279 0.629574176479 0.62381283782
6282 0.63434501069 0.628540013328
6285 0.628282654368 0.622533134644
6288 0.66310487618 0.657036692476
6291 0.67306442237 0.666905097191
6294 0.67119616123 0.665053932822
6297 0.671867960812 0.665719584653
6300 0.669811374434 0.663681818442
6303 0.665270827043 0.659182822359
6306 0.660079813669 0.654039312818
6309 0.6711251718 0.664983593028
6312 0.667560074752 0.66145112078
6315 0.667038572041 0.660934390428
6318 0.672132223052 0.665981428586
6321 0.671124596192 0.664983022688
6324 0.671696976537 0.665550165084
6327 0.675122495397 0.668944336448
6330 0.669557016577 0.663429788255
6333 0.666172265765 0.660076011865
6336 0.669510951305 0.663384144535
6339 0.671831837473 0.665683791885
6342 0.669880548208 0.663750359194
6345 0.617764829439 0.612111560091
6348 0.574588730188 0.56933057255
6351 0.671297101203 0.665153949076
6354 0.670566852507 0.664430383008
6357 0.673773296323 0.66760748412
6360 0.670576828942 0.664440268148
6363 0.665851937652 0.659758615128
6366 0.668716481448 0.662596945005
6369 0.637641913264 0.631806745395
6372 0.582006577592 0.576680537991
6375 0.66896884201 0.662846996173
6378 0.663113651414 0.657045387406
6381 0.665283253436 0.659195135037
6384 0.668099668661 0.661985776774
6387 0.671711411607 0.665564468056
6390 0.669904515526 0.663774107184
6393 0.666958904885 0.660855452318
6396 0.666978130901 0.660874502394
6399 0.663587509801 0.657514909436
6402 0.635954726791 0.630134998647
6405 0.666964591595 0.660861086988
6408 0.664474938408 0.658394217034
6411 0.661442668325 0.655389695763
6414 0.657426187814 0.651409970737
6417 0.657381225986 0.651365420362
6420 0.658116419545 0.652093886042
6423 0.659904772765 0.653865873743
6426 0.655667700638 0.649667575772
6429 0.659533408104 0.653497907502
6432 0.65602547419 0.650022075278
6435 0.653797760595 0.647814747863
6438 0.655104375049 0.649109405269
6441 0.654586762979 0.648596529954
6444 0.649876255583 0.6439291292
6447 0.647377753503 0.64145349133
6450 0.648410706603 0.642476991703
6453 0.647425608185 0.641500908086
6456 0.632361382157 0.626574537311
6459 0.640839712581 0.634975281115
6462 0.640206472716 0.634347836134
6465 0.639077676168 0.633229369392
6468 0.636477562264 0.630653049566
6471 0.637971565518 0.632133380946
6474 0.632186409994 0.626401166348
6477 0.625517343703 0.619793129799
6480 0.625351930404 0.619629230225
6483 0.622062965028 0.616370362722
6486 0.627804453005 0.622059309381
6489 0.630829728633 0.625056900206
6492 0.626669023287 0.62093427017
6495 0.623712967261 0.618005265508
6498 0.627917988662 0.622171806055
6501 0.636320762459 0.630497684662
6504 0.628880411575 0.623125421674
6507 0.620446750594 0.614768938536
6510 0.629598587301 0.623837025254
6513 0.628648321394 0.622895455389
6516 0.612558463204 0.606952838185
6519 0.617309830819 0.61166072524
6522 0.623241249984 0.617537864995
6525 0.61909087112 0.613425466943
6528 0.625881550178 0.62015400336
6531 0.621915138237 0.616223888718
6534 0.617638600052 0.61198648585
6537 0.626391354339 0.620659142218
6540 0.631909509222 0.626126799542
6543 0.627408156034 0.62166663899
6546 0.630160198044 0.624393496603
6549 0.632224825789 0.626439230594
6552 0.643267749233 0.637381098397
6555 0.645064990824 0.639161893129
6558 0.65180982556 0.645845004754
6561 0.683117531546 0.676866208683
6564 0.651242903094 0.645283270291
6567 0.655748754428 0.649747887825
6570 0.640852772996 0.634988222012
6573 0.630917131675 0.625143503408
6576 0.611090375553 0.60549818525
6579 0.593208807393 0.587780254312
6582 0.592836365445 0.587411220643
6585 0.610468756593 0.604882254828
6588 0.6117884623 0.606189883687
6591 0.610940954585 0.605350131657
6594 0.610774999294 0.605185695051
6597 0.608441541318 0.60287359094
6600 0.60566477965 0.600122239883
6603 0.608138603909 0.602573425762
6606 0.606486998939 0.600936934905
6609 0.604442475747 0.598911121487
6612 0.590590037649 0.585185449368
6615 0.590046881919 0.584647264148
6618 0.598934445173 0.593453495823
6621 0.598719763602 0.593240778839
6624 0.598541700713 0.593064345433
6627 0.597142427723 0.591677877424
6630 0.595012833845 0.589567771816
6633 0.594697800865 0.589255621756
6636 0.593798150318 0.588364204062
6639 0.597087969576 0.591623917633
6642 0.593951726335 0.588516374679
6645 0.592506305375 0.587084181008
6648 0.594606648891 0.589165303929
6651 0.592753500971 0.587329114476
6654 0.593413527687 0.587983101177
6657 0.593746642643 0.588313167742
6660 0.586007849062 0.580645193156
6663 0.59116592901 0.585756070652
6666 0.588924357617 0.583535012253
6669 0.589420626071 0.584026739272
6672 0.581932036516 0.576606679053
6675 0.579516812927 0.574213557579
6678 0.484310482096 0.479878475816
6681 0.577948035803 0.572659136597
6684 0.588148287863 0.582766044444
6687 0.588815471433 0.583427122505
6690 0.58822839639 0.582845419884
6693 0.587377696762 0.582002505151
6696 0.580080997914 0.574772579615
6699 0.577557427943 0.572272103255
6702 0.578937593651 0.573639638836
6705 0.579885439006 0.574578810299
6708 0.580080844482 0.574772427587
6711 0.579023384533 0.573724644631
6714 0.575533285391 0.570266483971
6717 0.56975772139 0.564543773122
6720 0.575246124767 0.569981951201
6723 0.575289317434 0.570024748605
6726 0.575168159741 0.569904699646
6729 0.561456967725 0.556318981043
6732 0.57262572554 0.567385531686
6735 0.569980726846 0.564764737818
6738 0.570321243623 0.565102138469
6741 0.570848177896 0.565624250679
6744 0.567194006194 0.562003518913
6747 0.567507423886 0.562314068467
6750 0.564645035265 0.559477874044
6753 0.565848266684 0.560670094491
6756 0.56563344534 0.560457239012
6759 0.565262542163 0.560089730033
6762 0.566173068221 0.560991923714
6765 0.559356692686 0.554237925973
6768 0.562554454837 0.557406424867
6771 0.555187025271 0.550106415882
6774 0.55807027987 0.552963285336
6777 0.558184793937 0.553076751465
6780 0.556823369611 0.551727785761
6783 0.556028334162 0.550940025814
6786 0.55655075731 0.551457668181
6789 0.556069466992 0.550980782232
6792 0.554896042764 0.549818096205
6795 0.556141670767 0.551052325258
6798 0.543516949164 0.538543134595
6801 0.557360427232 0.552259928678
6804 0.558264377004 0.553155606254
6807 0.551236443343 0.54619198639
6810 0.556440654577 0.551348573016
6813 0.556505136669 0.551412465022
6816 0.557750708189 0.552646638109
6819 0.556632995742 0.551539154035
6822 0.55456495251 0.549490035813
6825 0.555943714031 0.550856180057
6828 0.553631167914 0.548564796437
6831 0.55158457573 0.546536932959
6834 0.550161486789 0.545126866944
6837 0.549044134169 0.544019739405
6840 0.547936575062 0.542922315757
6843 0.547570304033 0.542559396535
6846 0.548080346572 0.543064771589
6849 0.547697043794 0.542684976479
6852 0.543916916014 0.538939441282
6855 0.543408686894 0.538435863051
6858 0.542040382987 0.537080080722
6861 0.540105341244 0.53516274687
6864 0.535179360626 0.530281844725
6867 0.537091259021 0.532176247018
6870 0.527041034546 0.522217993829
6873 0.532590811375 0.527716983721
6876 0.529664817069 0.524817765679
6879 0.531254501987 0.526392903124
6882 0.532626392983 0.527752239716
6885 0.527696036317 0.522867001569
6888 0.52844645112 0.523610549201
6891 0.53214343567 0.527273702026
6894 0.532280898733 0.527409907142
6897 0.528878611539 0.524038754848
6900 0.525822204013 0.521010317018
6903 0.528552374994 0.523715503748
6906 0.529614625594 0.524768033515
6909 0.528901401767 0.524061336518
6912 0.528466210262 0.523630127524
6915 0.524937448383 0.520133657935
6918 0.521488760075 0.516716529151
6921 0.526049122176 0.521235158615
6924 0.527556269796 0.522728514075
6927 0.522465251542 0.517684084581
6930 0.516988660212 0.512257610455
6933 0.524273419673 0.519475705863
6936 0.516161354085 0.511437875145
6939 0.518903973065 0.51415539596
6942 0.519088686793 0.514338419341
6945 0.512358436638 0.507669758832
6948 0.520093872254 0.515334406182
6951 0.51758642304 0.512849903056
6954 0.519867887221 0.515110489175
6957 0.517409434952 0.512674534615
6960 0.51734407607 0.512609773843
6963 0.515007395944 0.510294477068
6966 0.508261622414 0.503610435241
6969 0.512041503706 0.507355726206
6972 0.507437880088 0.502794231119
6975 0.510689834098 0.506016425953
6978 0.507199101668 0.5025576378
6981 0.506097597956 0.501466214132
6984 0.513930798139 0.50922773139
6987 0.513605347569 0.508905259073
6990 0.511081287646 0.506404297244
6993 0.503074524308 0.498470805137
6996 0.51246853166 0.507778846356
6999 0.510047167647 0.50537964065
7002 0.509820452121 0.505154999836
7005 0.513866276725 0.509163800422
7008 0.50872048051 0.50406509425
7011 0.507982916304 0.503334279617
7014 0.508042740046 0.503393555902
7017 0.509905385304 0.505239155781
7020 0.507998455386 0.503349676498
7023 0.505101234958 0.500478969019
7026 0.506174761683 0.501542671721
7029 0.504548732275 0.499931522381
7032 0.49761549777 0.493061735065
7035 0.504284960825 0.499670164748
7038 0.509350711096 0.50468955749
7041 0.5036898736 0.499080523265
7044 0.505916381832 0.501286656347
7047 0.50335753315 0.498751224118
7050 0.506799140315 0.50216133656
7053 0.504105951914 0.499492793976
7056 0.498582142977 0.49401953434
7059 0.500012382543 0.495436685544
7062 0.489259971968 0.484782672078
7065 0.444977069481 0.440905009843
7068 0.493961365381 0.489441042253
7071 0.499307335573 0.494738090577
7074 0.50007492857 0.495498659202
7077 0.497108911452 0.492559784604
7080 0.498503371464 0.493941483679
7083 0.498523461717 0.493961390082
7086 0.496516587062 0.491972880673
7089 0.495942620788 0.49140416686
7092 0.49503142981 0.490501314344
7095 0.495929055959 0.491390726165
7098 0.496526918201 0.49198311727
7101 0.497013513518 0.492465259671
7104 0.494993663695 0.490463893832
7107 0.494172455542 0.489650200693
7110 0.495624273352 0.491088732675
7113 0.492802542336 0.488292823792
7116 0.491631499902 0.487132497763
7119 0.487461908662 0.48300106315
7122 0.490118212886 0.48563305909
7125 0.49069961343 0.48620913914
7128 0.490871880653 0.486379829917
7131 0.488791440843 0.48431842856
7134 0.48865487168 0.484183109164
7137 0.487314665693 0.482855167627
7140 0.48634454022 0.481893919934
7143 0.486787918211 0.482333240499
7146 0.485965756938 0.481518602961
7149 0.482283990066 0.477870528554
7152 0.48202894687 0.477617819301
7155 0.481643715614 0.47723611336
7158 0.478614844186 0.474234959642
7161 0.479449630044 0.475062106235
7164 0.479249346041 0.474863655065
7167 0.48116434463 0.47676112918
7170 0.4809830272 0.476581471017
7173 0.472792057759 0.468465458508
7176 0.480942498575 0.476541313276
7179 0.474029747976 0.469691822415
7182 0.477359568441 0.472991171135
7185 0.472787135771 0.468460581562
7188 0.476378056485 0.47201864116
7191 0.471201801934 0.46688975538
7194 0.476939519437 0.47257496607
7197 0.47440382285 0.470062474067
7200 0.472220141215 0.467898775669
7203 0.468884577379 0.464593736135
7206 0.469890313773 0.465590268867
7209 0.469419874005 0.465124134172
7212 0.471640007708 0.46732395106
7215 0.46848416398 0.464196986986
7218 0.466937632645 0.462664608218
7221 0.464545374322 0.460294241852
7224 0.45105036573 0.446922728342
7227 0.462817227096 0.45858190919
7230 0.456103550816 0.451929670885
7233 0.460617242983 0.4564020575
7236 0.448512862219 0.44440844595
7239 0.455995557499 0.451822665833
7242 0.462951394333 0.45871484864
7245 0.459170775379 0.454968826763
7248 0.457278296262 0.453093666039
7251 0.461062315387 0.456843056972
7254 0.460647580168 0.456432117064
7257 0.460606819343 0.456391729249
7260 0.454062871068 0.449907665739
7263 0.457988348387 0.453797220359
7266 0.458440974106 0.454245704024
7269 0.455428285103 0.451260584642
7272 0.453707869939 0.449555913285
7275 0.451623602422 0.447490719249
7278 0.451756555282 0.447622455435
7281 0.425196395562 0.421305352182
7284 0.451188093316 0.44705919556
7287 0.452643051519 0.448500839196
7290 0.450227887147 0.446107776398
7293 0.45157343589 0.447441011799
7296 0.455706197122 0.451535953442
7299 0.44683789713 0.442748808747
7302 0.450037065294 0.445918700788
7305 0.450841707099 0.446715979181
7308 0.44681848735 0.442729576589
7311 0.449668885568 0.445553890336
7314 0.442133911548 0.438087870124
7317 0.444495559341 0.440427906083
7320 0.444257646009 0.440192169935
7323 0.441214844244 0.437177213359
7326 0.444672640783 0.440603367023
7329 0.436936113378 0.432937637875
7332 0.443847057132 0.439785338426
7335 0.438414754184 0.434402747391
7338 0.438424718963 0.434412620981
7341 0.439239111232 0.43521956061
7344 0.436897754452 0.432899629978
7347 0.434653103511 0.430675520214
7350 0.43516403311 0.431181774211
7353 0.436589023568 0.432593724342
7356 0.436243693078 0.432251554029
7359 0.435939616943 0.431950260546
7362 0.435151463325 0.431169319453
7365 0.437601558484 0.433596993382
7368 0.435459530475 0.431474567429
7371 0.435650215959 0.431663507919
7374 0.43772892077 0.433723190154
7377 0.434178228001 0.430204990369
7380 0.435618349143 0.431631932721
7383 0.438093400753 0.43408433472
7386 0.436524709527 0.43252999885
7389 0.436909329351 0.432911098953
7392 0.435007313669 0.431026488935
7395 0.433600904146 0.429632949701
7398 0.433964101415 0.429992823291
