Wave Flux FluxNorm
3600 0.655970620491 0.622601745709
3603 0.509754296688 0.48382336813
3606 0.500131906122 0.474690463428
3609 0.422354819109 0.400869855252
3612 0.528862617908 0.501959659265
3615 0.554068081153 0.52588293407
3618 0.422100900696 0.400628853533
3621 0.47647621273 0.452238122513
3624 0.559026099223 0.530588740411
3627 0.700801375108 0.665151983805
3630 0.55912476789 0.530682389856
3633 0.46635967547 0.442636208095
3636 0.533022701691 0.505908121811
3639 0.636785853209 0.604392897283
3642 0.611989183832 0.580857621221
3645 0.517659699844 0.491326627655
3648 0.484892484202 0.460226262755
3651 0.569684688813 0.540705133247
3654 0.663488013863 0.629736733299
3657 0.680251622632 0.645647586251
3660 0.716140591552 0.679710902509
3663 0.648114365094 0.615145133824
3666 0.653220023537 0.619991070151
3669 0.594320563565 0.56408779422
3672 0.695953050926 0.660550291283
3675 0.680821684875 0.646188649733
3678 0.573682175856 0.544499270261
3681 0.585324311059 0.55554917627
3684 0.645988697427 0.613127597735
3687 0.52387465693 0.497225433196
3690 0.650219190896 0.617142888263
3693 0.679760590176 0.645181532354
3696 0.6329945898 0.600794493417
3699 0.745815456966 0.707876223384
3702 0.719653440676 0.683045054876
3705 0.516343726403 0.490077597078
3708 0.539952119037 0.512485043401
3711 0.645466671126 0.612632126632
3714 0.803366285549 0.762499472083
3717 0.763683828647 0.724835640549
3720 0.459498890013 0.436124427127
3723 0.532412633436 0.505329087401
3726 0.720860816345 0.68419101199
3729 0.679212378019 0.644661207457
3732 0.579093655447 0.549635470779
3735 0.355737303637 0.337641137178
3738 0.516140747821 0.489884943909
3741 0.731253316307 0.694054851035
3744 0.552945440726 0.524817401761
3747 0.473983126578 0.449871858321
3750 0.389360881977 0.369554302063
3753 0.685584583549 0.650709262297
3756 0.788597369178 0.748481842593
3759 0.502375248137 0.476819687834
3762 0.627253273439 0.595345234749
3765 0.648827462719 0.615821956554
3768 0.578874492839 0.549427456855
3771 0.568399225262 0.539485060539
3774 0.72127246803 0.684581723174
3777 0.724480804367 0.687626853156
3780 0.796295516834 0.755788389592
3783 0.8154744922 0.773991740735
3786 0.675904189034 0.641521304276
3789 0.590680185537 0.560632600277
3792 0.648651966939 0.615655388151
3795 0.557204758981 0.528860050774
3798 0.468372566319 0.444546704263
3801 0.641423298288 0.608794438009
3804 0.772954303177 0.733634530996
3807 0.649768961591 0.616715561882
3810 0.785239703521 0.745294979593
3813 0.659882132701 0.626314281384
3816 0.51758512356 0.491255845026
3819 0.573863493542 0.544671364413
3822 0.547262433765 0.519423486326
3825 0.427474150083 0.405728768596
3828 0.426769899652 0.405060343009
3831 0.453687625293 0.430608778336
3834 0.354487787423 0.336455183186
3837 0.419735629442 0.398383902363
3840 0.38073503185 0.361367244321
3843 0.593459034751 0.563270090917
3846 0.599381223681 0.568891021262
3849 0.584035791159 0.554326202689
3852 0.613786454831 0.582563466005
3855 0.540603784186 0.513103558692
3858 0.506254793122 0.48050188244
3861 0.460686499012 0.437251623091
3864 0.664343887696 0.630549069288
3867 0.592408722928 0.562273207895
3870 0.474108628064 0.449990975613
3873 0.492848255771 0.467777328477
3876 0.68305997026 0.648313074737
3879 0.515390372592 0.489172739866
3882 0.469536696267 0.445651615543
3885 0.604182490245 0.573448049962
3888 0.516061426205 0.489809657341
3891 0.640349405932 0.607775173984
3894 0.703462028601 0.667677291278
3897 0.759819776391 0.721168150566
3900 0.737327919674 0.699820442576
3903 0.69567879852 0.660289989949
3906 0.619319283761 0.587814842884
3909 0.793451585018 0.753089127068
3912 0.828932714652 0.786765350606
3915 0.798136435686 0.757535661887
3918 0.763698018727 0.724849108788
3921 0.625326727957 0.593516691606
3924 0.692644480641 0.657410026199
3927 0.529585475127 0.502645745124
3930 0.30541239183 0.289876226731
3933 0.148307806403 0.140763467577
3936 0.239035744199 0.226876123681
3939 0.470924593871 0.446968911538
3942 0.569852599258 0.540864502177
3945 0.617073834176 0.58568361812
3948 0.711283814006 0.67510118664
3951 0.820533558027 0.778793454588
3954 0.790075281853 0.74988457464
3957 0.747035200275 0.709033919002
3960 0.766123293874 0.727151011485
3963 0.493763581807 0.468646092367
3966 0.325048048771 0.308513028301
3969 0.166623998099 0.158147924393
3972 0.392622504272 0.372650007376
3975 0.603993743375 0.573268904545
3978 0.785242048697 0.745297205471
3981 0.889851469762 0.844585201211
3984 0.844204560091 0.801260325431
3987 0.878295352221 0.833616937191
3990 0.931340730842 0.883963925759
3993 0.987245663198 0.937025004093
3996 0.909653932117 0.863380322892
3999 0.940785348382 0.892928100654
4002 1.02389620694 0.971811154267
4005 0.866270121041 0.822203423093
4008 0.986490314713 0.936308079782
4011 1.02394492731 0.971857396263
4014 1.03647171398 0.983746951984
4017 1.00362141771 0.952567732726
4020 1.06831760062 1.0139728554
4023 1.03730201491 0.984535015957
4026 1.04088939138 0.987939904499
4029 1.0733368076 1.018736738
4032 0.875705465669 0.831158796783
4035 0.943644508226 0.895641816565
4038 1.12556388938 1.06830705605
4041 1.04231641361 0.989294334872
4044 0.945841407552 0.897726960797
4047 0.907508005914 0.861343558807
4050 1.08479316749 1.02961031899
4053 0.9826681786 0.932680373689
4056 0.93478346804 0.887231532757
4059 0.925459038337 0.878381431808
4062 0.952645367105 0.904184806565
4065 0.906202198635 0.860104177247
4068 0.989781827054 0.93943215465
4071 0.937373083808 0.889689416155
4074 1.03992253375 0.987022230406
4077 0.81524908828 0.773777802992
4080 1.00036955638 0.949481291843
4083 1.01057683257 0.959169329348
4086 0.988081201386 0.9378180389
4089 1.11009018943 1.05362049494
4092 1.02095065654 0.969015442439
4095 0.981261346122 0.931345106028
4098 0.902723036076 0.856801997827
4101 0.680229774071 0.645626849115
4104 0.841202746849 0.798411212824
4107 0.998328689344 0.947544242624
4110 0.968355533041 0.919095804759
4113 1.03802575336 0.985221938214
4116 1.10163929166 1.04559948983
4119 0.980858363543 0.930962622957
4122 1.02326180263 0.971209021763
4125 1.05051236699 0.997073364489
4128 0.968701102331 0.919423795124
4131 0.972183006787 0.922728576961
4134 0.923710796653 0.876722122243
4137 1.07713021304 1.02233717493
4140 1.1209762212 1.0639527601
4143 0.897290138171 0.851645468534
4146 1.04171270636 0.988721337886
4149 1.01656587807 0.964853715307
4152 1.00480985811 0.9536957178
4155 0.950756221182 0.902391760486
4158 0.995578798805 0.944934237546
4161 1.04899175334 0.995630103639
4164 1.10683411728 1.05053005745
4167 1.0023715212 0.951381417782
4170 1.05606780638 1.00234620165
4173 0.854736052661 0.811256086604
4176 0.970621253934 0.921246269642
4179 0.975352801164 0.925737125593
4182 0.950182401712 0.901847130905
4185 1.02012102543 0.968228014219
4188 0.93158076381 0.884191748378
4191 1.02493568631 0.97279775588
4194 1.0954758701 1.03974959823
4197 0.924739675825 0.877698662882
4200 0.94252602172 0.894580226871
4203 0.95170337674 0.903290734747
4206 1.03065850253 0.978229455495
4209 1.07440086448 1.01974666688
4212 1.10009395821 1.04413276666
4215 0.975533294376 0.925908437212
4218 1.04975955386 0.996358846558
4221 1.12455307927 1.06734766532
4224 0.956381468894 0.907730854854
4227 0.703534169065 0.667745761994
4230 1.09138845123 1.03587010417
4233 1.0102053138 0.958816709545
4236 0.922023434373 0.875120595181
4239 0.947966772122 0.899744209208
4242 1.03106418703 0.978614503041
4245 1.08373908887 1.02860986078
4248 0.936278573296 0.888650582808
4251 0.957720461544 0.909001733663
4254 0.984301577004 0.93423068199
4257 1.05563382594 1.00193429756
4260 0.840290897137 0.79754574842
4263 1.05816399464 1.00433575793
4266 1.08824959242 1.03289091744
4269 0.961077706703 0.912188197556
4272 0.788460705198 0.748352130636
4275 0.884030338196 0.839060187495
4278 1.05179895936 0.998294508588
4281 0.939332943744 0.891549579064
4284 0.993498768294 0.942960017076
4287 0.910971163843 0.864630547744
4290 0.798070872584 0.757473433945
4293 0.976897626879 0.92720336685
4296 0.891862067924 0.846493521318
4299 0.668033353834 0.634050854256
4302 0.678655288385 0.644132456674
4305 0.709050342967 0.672981331079
4308 0.608141883528 0.577206031026
4311 0.689687265228 0.654603242753
4314 0.893338030313 0.84789440229
4317 1.1852042216 1.12491351645
4320 1.13253628201 1.07492476679
4323 0.932373792201 0.88494443584
4326 0.775533466856 0.736082493997
4329 1.11594056672 1.05917326667
4332 1.08176801403 1.02673905347
4335 1.1016409608 1.04560107407
4338 0.803204724804 0.762346129847
4341 0.682198645319 0.647495564935
4344 0.934568921505 0.887027900089
4347 1.0545657684 1.00092057154
4350 1.08378676733 1.02865511387
4353 0.938078297359 0.890358755869
4356 1.06869181495 1.01432803365
4359 1.0122579857 0.960764963125
4362 1.15180226182 1.09321069651
4365 1.19134601552 1.13074288061
4368 1.05884643954 1.00498348722
4371 1.0732522352 1.01865646776
4374 0.96680157582 0.91762089651
4377 1.06998579558 1.01555619017
4380 1.09531328962 1.03959528813
4383 0.788167685167 0.748074016378
4386 0.959877336232 0.911048889289
4389 0.996009298517 0.945342837968
4392 1.03231736368 0.97980393127
4395 1.00362398391 0.952570168387
4398 1.13310437172 1.07546395809
4401 0.9993291716 0.948493830883
4404 0.96179433375 0.912868370168
4407 1.04923412832 0.995860149138
4410 1.11921273931 1.0622789856
4413 1.18900008203 1.1285162835
4416 1.02081836463 0.968889880151
4419 1.19442142097 1.13366184183
4422 1.10169320127 1.04565065709
4425 1.13529069466 1.07753906395
4428 1.17369023936 1.11398524434
4431 1.09138278615 1.03586472727
4434 1.05799844361 1.00417862839
4437 1.13430790043 1.07660626393
4440 1.18095430361 1.12087978952
4443 1.03365960879 0.981077897083
4446 1.20140299202 1.14028826408
4449 1.18933320063 1.12883245653
4452 1.16194526113 1.10283772687
4455 0.982646476727 0.932659775779
4458 1.02025289875 0.968353179222
4461 1.01099147353 0.959562877748
4464 1.13190423104 1.07432486793
4467 1.13117655537 1.07363420872
4470 1.07986257494 1.02493054305
4473 1.21347845581 1.15174945549
4476 1.2263221597 1.16393980703
4479 1.18839490192 1.12794188857
4482 1.03627953263 0.983564546802
4485 1.2491462505 1.18560284854
4488 1.16754855627 1.10815598538
4491 1.13634541727 1.07854013339
4494 1.14387786676 1.0856894112
4497 1.18257223849 1.12241542092
4500 1.20616822224 1.14481108959
4503 1.25456480341 1.19074576255
4506 1.2942824898 1.22844303147
4509 1.2493764695 1.18582135642
4512 1.24477770133 1.18145652512
4515 1.17564354459 1.11583918598
4518 1.1805808614 1.12052534412
4521 1.23505454329 1.17222797893
4524 1.17040626312 1.11086832222
4527 1.05268711311 0.999137482431
4530 1.04119403662 0.988229052605
4533 1.08594426175 1.0307028577
4536 1.09612665287 1.04036727603
4539 1.21271333066 1.15102325184
4542 1.16916008131 1.10968553301
4545 1.13416413038 1.0764698074
4548 1.10715608034 1.05083564242
4551 1.1080128914 1.05164886796
4554 1.10325908353 1.04713688376
4557 1.16448927499 1.10525232811
4560 1.21082273117 1.14922882614
4563 1.17510987818 1.11533266689
4566 1.11395968406 1.05729315046
4569 1.21077164445 1.14918033817
4572 1.13625049931 1.07845004385
4575 1.21221987262 1.15055489575
4578 1.19212931994 1.13148633875
4581 1.06630238917 1.01206015668
4584 1.08667640508 1.03139775729
4587 1.13679592147 1.07896772068
4590 1.18205573259 1.1219251894
4593 1.11012431769 1.05365288712
4596 1.09250911108 1.03693375665
4599 1.13072412012 1.07320478861
4602 1.13674313434 1.0789176188
4605 1.13715261119 1.07930626578
4608 1.21626442762 1.15439370641
4611 1.17191257262 1.11229800656
4614 1.16421525113 1.10499224369
4617 1.17723790334 1.11735244055
4620 1.16769226055 1.10829237951
4623 1.19652017413 1.13565383253
4626 1.17945039766 1.11945238647
4629 1.17312745207 1.11345108574
4632 1.19080755953 1.13023181558
4635 1.16193829127 1.10283111156
4638 1.10929044269 1.0528614309
4641 1.1544138054 1.09568939227
4644 1.13284238039 1.07521529412
4647 1.03282079532 0.980281753611
4650 1.12330064543 1.06615894211
4653 1.16410726153 1.10488974747
4656 1.09391386934 1.03826705562
4659 1.20989416182 1.14834749262
4662 1.14455475518 1.08633186666
4665 1.08426816283 1.02911202103
4668 0.942783193912 0.89482431685
4671 1.12776693977 1.07039803845
4674 1.12204700036 1.0649690693
4677 1.16469523737 1.10544781329
4680 1.06430881566 1.01016799519
4683 1.11803197154 1.06115828284
4686 1.14485793752 1.08661962628
4689 1.12252354876 1.06542137593
4692 1.10349976745 1.04736532421
4695 1.13423266055 1.07653485147
4698 1.08366491183 1.0285394571
4701 1.05918762451 1.0053073163
4704 1.04926306992 0.995887618487
4707 1.0716523911 1.01713800687
4710 1.08055970339 1.02559220895
4713 1.10428438138 1.04811002525
4716 1.13516017123 1.07741518018
4719 1.19257321223 1.13190765048
4722 1.17690051428 1.11703221429
4725 1.2075561513 1.14612841545
4728 1.0637485097 1.00963619169
4731 1.06631425008 1.01207141423
4734 1.13233466609 1.07473340698
4737 1.09496405423 1.03926381816
4740 1.14675461333 1.0884198192
4743 1.17685296633 1.11698708507
4746 1.17296334163 1.11329532351
4749 1.17043066647 1.11089148418
4752 1.13606261877 1.07827172069
4755 1.09642819547 1.04065347932
4758 1.14260468788 1.08448099824
4761 1.1277480314 1.07038009194
4764 1.04758264227 0.994292673298
4767 1.07686126323 1.02208190646
4770 1.1691303167 1.1096572825
4773 1.1458250461 1.08753753856
4776 1.19141877175 1.13081193577
4779 1.20240748119 1.14124165543
4782 1.18289717517 1.12272382825
4785 1.1484928056 1.09006959057
4788 1.12063488578 1.06362878823
4791 1.13979411516 1.08181339786
4794 1.21492744205 1.15312473258
4797 1.19994556375 1.13890497441
4800 1.12217369794 1.06508932184
4803 1.18572521021 1.12540800266
4806 1.14177390323 1.08369247516
4809 1.13112350261 1.07358385473
4812 1.16167657438 1.10258270807
4815 1.18706632431 1.126680895
4818 1.20179911002 1.14066423177
4821 1.19177559135 1.13115060414
4824 1.0981888475 1.04232456792
4827 1.18057643331 1.12052114129
4830 1.13964113511 1.08166819982
4833 1.13871703302 1.0807911063
4836 1.15524689006 1.09648009836
4839 1.09736084285 1.04153868343
4842 1.10539929922 1.04916822781
4845 1.13978396975 1.08180376853
4848 1.10317589678 1.04705792867
4851 1.12593016852 1.06865470277
4854 1.04715569125 0.993887441042
4857 0.976176342059 0.926518773403
4860 0.757653753543 0.719112312142
4863 0.814414827946 0.772985981035
4866 1.00120577836 0.950274975658
4869 1.04899670103 0.995634799641
4872 0.937892441838 0.890182354719
4875 1.05690926972 1.00314486019
4878 1.08029993998 1.02534565956
4881 1.12706411559 1.06973096656
4884 1.0891708344 1.03376529633
4887 1.02790224055 0.975613403094
4890 1.00685393824 0.955635816664
4893 1.11197272364 1.05540726565
4896 1.19240970695 1.13175246262
4899 1.15593016534 1.09712861579
4902 1.14449107264 1.08627142362
4905 1.13892167337 1.08098533672
4908 1.1265911702 1.06928207965
4911 1.02521633511 0.973064128224
4914 1.13838184866 1.0804729726
4917 1.1061937698 1.0499222841
4920 0.928896135765 0.881643685927
4923 1.05212946583 0.99860820237
4926 1.1086283587 1.05223302676
4929 1.16163478667 1.10254304608
4932 1.13082392777 1.07329951911
4935 1.0852609273 1.03005428411
4938 1.00817949539 0.95689394343
4941 1.12335782625 1.06621321418
4944 1.17364133256 1.1139388254
4947 1.13475818232 1.07703364023
4950 1.15269002083 1.0940532957
4953 1.13428855401 1.07658790166
4956 1.08513946797 1.02993900335
4959 1.09741582431 1.04159086801
4962 1.16851242529 1.1090708229
4965 1.12412874319 1.06694491498
4968 1.09362095067 1.03798903756
4971 1.1074917273 1.0511542152
4974 1.16152415918 1.10243804615
4977 1.12992819092 1.07244934791
4980 1.07355640068 1.0189451605
4983 0.935828995559 0.888223874849
4986 1.05237146473 0.998837890917
4989 1.12664412258 1.06933233837
4992 1.09347997759 1.03785523571
4995 1.11420647976 1.05752739179
4998 1.10583716531 1.04958381989
5001 1.02971646771 0.977335341481
5004 1.04240352257 0.989377012646
5007 0.986018807416 0.935860557809
5010 1.0909806343 1.03548303267
5013 0.963591539279 0.914574152813
5016 1.0123467453 0.96084920757
5019 0.985800608972 0.935653459004
5022 1.02634090814 0.974131494826
5025 1.06995098011 1.01552314575
5028 1.02698373841 0.974741624665
5031 1.0960736701 1.04031698847
5034 1.1242644917 1.06707375804
5037 1.03120098666 0.978744343751
5040 0.936528463993 0.888887761698
5043 1.04059636691 0.987661786031
5046 1.15373237437 1.09504262527
5049 1.01927600824 0.967425982607
5052 1.03641446342 0.983692613734
5055 1.12296593581 1.06584125899
5058 1.11703193657 1.06020911912
5061 1.15179138759 1.09320037545
5064 1.07871470608 1.02384106566
5067 1.06321994783 1.00913451748
5070 1.10105626475 1.04504612118
5073 1.0471483749 0.993880496873
5076 1.07540209103 1.02069696157
5079 0.973747178075 0.924213179692
5082 1.02304491347 0.971003165645
5085 1.07771261878 1.02288995401
5088 1.07921884661 1.02431956084
5091 1.10186716352 1.04581576997
5094 1.12490068911 1.06767759243
5097 1.01901894376 0.967181994855
5100 0.997532261477 0.946788328617
5103 1.09538627934 1.03966456491
5106 1.05638717098 1.00264932034
5109 1.02805435224 0.975757776942
5112 1.09965276275 1.04371401458
5115 1.09704042559 1.04123456562
5118 1.13580298131 1.07802529085
5121 1.07485289813 1.02017570581
5124 1.00182857775 0.950866093582
5127 1.0215528371 0.969586990403
5130 1.02480732964 0.972675928644
5133 1.04051162799 0.987581357728
5136 1.06339722649 1.00930277807
5139 0.979939270808 0.930090283978
5142 0.98565722824 0.935517371973
5145 1.03847875073 0.985651891849
5148 1.00201754196 0.951045445282
5151 1.02853777451 0.976216607775
5154 1.01387632804 0.962300981251
5157 1.06631031592 1.0120676802
5160 1.07376932436 1.01914725287
5163 1.00841987981 0.957122099624
5166 0.865741670788 0.821701854821
5169 0.860845700754 0.817054940165
5172 0.775385678848 0.735942223886
5175 1.04205819305 0.989049249856
5178 1.09224118932 1.03667946393
5181 1.03203630656 0.979537171371
5184 0.732996570092 0.695709426432
5187 1.04042039439 0.987494765138
5190 1.04961869459 0.996225152719
5193 0.974246197095 0.924686813882
5196 0.985898124072 0.935746013562
5199 1.06043472908 1.00649098132
5202 1.0628480367 1.00878152527
5205 0.987757077211 0.937510402749
5208 0.98049023716 0.930613222966
5211 1.06556396794 1.01135929854
5214 1.05868431018 1.0048296053
5217 0.986867476627 0.936666055671
5220 1.08764799823 1.03231992602
5223 1.0653849583 1.01118939502
5226 0.90087484465 0.855047822911
5229 1.02176614705 0.969789449387
5232 1.02145776659 0.969496756077
5235 1.00244043931 0.951446830072
5238 1.08664772985 1.03137054076
5241 1.0842308787 1.02907663353
5244 1.07356661024 1.01895485071
5247 1.04323217442 0.990163511423
5250 1.01896100646 0.967127004798
5253 1.05356740065 0.99997299022
5256 1.04754068357 0.994252849014
5259 1.10533020631 1.04910264963
5262 0.965567320407 0.91644942701
5265 0.865056195745 0.821051249527
5268 0.939623306067 0.891825170811
5271 0.930427600419 0.883097245793
5274 0.974986289469 0.925389258152
5277 1.04591750074 0.992712236623
5280 1.03976378288 0.986871555105
5283 0.980889075841 0.930991772937
5286 1.09307232492 1.03746832011
5289 1.10677085851 1.05047001662
5292 1.10915293394 1.05273091715
5295 1.07840577196 1.02354784686
5298 0.956960404739 0.908280340541
5301 1.04228368011 0.989263266508
5304 1.09502966013 1.03932608673
5307 1.07338085262 1.01877854248
5310 1.11405066582 1.05737950402
5313 1.09588868775 1.04014141607
5316 1.03492477856 0.982278708342
5319 1.0817934363 1.02676318252
5322 1.05902922282 1.00515697241
5325 0.994024742935 0.943459235668
5328 0.87823900712 0.833563458335
5331 1.05128891473 0.997810409653
5334 1.06050101638 1.00655389662
5337 1.05485546326 1.00119552977
5340 0.978309127253 0.928543064955
5343 1.05787023268 1.00405693948
5346 1.03591926432 0.983222605144
5349 1.00738235362 0.956137351837
5352 1.06989176249 1.0154669405
5355 1.10323620543 1.04711516945
5358 1.11046869608 1.05397974717
5361 1.08192226117 1.02688545414
5364 1.02704891009 0.974803481092
5367 1.02289657952 0.970862377364
5370 0.959854802345 0.911027501689
5373 1.03827751428 0.98546089219
5376 1.08351191029 1.02839423866
5379 1.05335913666 0.999775320506
5382 1.03100318856 0.978556607537
5385 1.07108584057 1.01660027646
5388 1.05536787028 1.00168187092
5391 1.00742617052 0.956178939799
5394 1.0143584224 0.962758551732
5397 0.970727835735 0.921347429683
5400 1.00961546517 0.958256866196
5403 0.9953354538 0.944703271372
5406 0.930624829349 0.883284441792
5409 0.981846389431 0.931900388496
5412 1.02004423347 0.968155128633
5415 1.00510110551 0.953972149602
5418 1.05255581111 0.999012859691
5421 1.00997590613 0.958598971723
5424 0.971269700193 0.921861729785
5427 1.0747654418 1.02009269834
5430 0.966913329405 0.91772696525
5433 1.00533500714 0.954194152782
5436 0.994561502444 0.943968690508
5439 1.08766995255 1.03234076353
5442 1.07873609263 1.02386136429
5445 1.00308938937 0.952062768384
5448 1.01566933509 0.964002778995
5451 1.07826348173 1.02341279486
5454 1.02276058996 0.970733305514
5457 1.03388045998 0.981287513696
5460 1.07033440974 1.01588707051
5463 0.968128986091 0.918880782131
5466 1.02926047514 0.976902545008
5469 1.05251817604 0.9989771391
5472 1.0338942352 0.981300588173
5475 0.995125643571 0.944504134078
5478 0.967449370504 0.918235738226
5481 0.985789401937 0.935642822064
5484 1.03788376065 0.985087168603
5487 1.00777136494 0.956506574363
5490 1.03358525932 0.981007329734
5493 1.01860298333 0.966787194117
5496 1.0326232821 0.980094287777
5499 1.04863216537 0.995288807716
5502 0.990049101973 0.939685833436
5505 1.0226139187 0.970594095346
5508 1.0181696173 0.966375873181
5511 1.00283091572 0.951817443153
5514 0.996562709109 0.94586809686
5517 1.02638721179 0.974175443036
5520 1.04513624623 0.991970724116
5523 1.03958346785 0.986700412601
5526 0.990554118003 0.940165159571
5529 0.956468913895 0.907813851574
5532 1.0297179993 0.977336795165
5535 0.985908248262 0.93575562274
5538 1.02350396234 0.971438862938
5541 1.03954637191 0.986665203711
5544 1.00364333777 0.952588537725
5547 1.01847730527 0.966667909229
5550 1.05359585805 1.0
5553 1.01707703076 0.965338865937
5556 1.02017974331 0.968283745153
5559 1.01911739132 0.96727543444
5562 0.996237036099 0.945558990662
5565 0.988943534345 0.938636505443
5568 0.990260919925 0.939886876323
5571 1.00141904196 0.950477390655
5574 0.987281704462 0.937059211958
5577 1.0031643205 0.952133887812
5580 1.01677335757 0.965050640441
5583 1.00391038233 0.952841997872
5586 0.94333978822 0.895352597504
5589 0.909728531172 0.863451127132
5592 0.971869446803 0.922430967606
5595 0.964617001345 0.915547450171
5598 0.967660017546 0.918435669765
5601 0.937869142644 0.890160240743
5604 0.987533648761 0.937298339985
5607 1.03833990328 0.985520107496
5610 1.03719084717 0.98442950326
5613 1.02662185854 0.974398153426
5616 0.905848009485 0.859768005509
5619 0.990172022642 0.939802501197
5622 1.01151298415 0.960057859399
5625 0.939452857246 0.89166339263
5628 1.00509810118 0.9539692981
5631 1.03003538162 0.977638032418
5634 0.99088277037 0.940477093568
5637 0.962755002076 0.91378016981
5640 0.981105506179 0.93119719358
5643 0.981232539874 0.931317765138
5646 1.00458725601 0.953484439345
5649 0.994534789594 0.943943336526
5652 1.00362828875 0.952574254238
5655 0.949133510894 0.900851596602
5658 0.907791946772 0.861613055746
5661 0.963644143651 0.914624081229
5664 0.976983003141 0.927284400067
5667 0.966595758658 0.917425549158
5670 0.986967496433 0.936760987523
5673 1.02623944103 0.974035189297
5676 0.992791768666 0.942288982141
5679 0.999357015842 0.948520258703
5682 0.951527096514 0.903123421801
5685 0.959316575368 0.91051665403
5688 0.94063527631 0.892785662668
5691 0.983025481013 0.93301950032
5694 0.985948383837 0.93579371664
5697 0.999967099065 0.949099307318
5700 0.968046562489 0.918802551373
5703 0.976335089301 0.926669445258
5706 0.936736332956 0.889085056478
5709 0.894647992128 0.849137727047
5712 0.919857059398 0.873064422542
5715 0.978337958013 0.928570429109
5718 0.984673576765 0.934583758322
5721 1.00311215312 0.952084374156
5724 1.01287225524 0.961347985094
5727 0.99704015681 0.946321257052
5730 1.00156233125 0.950613390896
5733 0.995793473578 0.945137991929
5736 1.00838212948 0.957086269633
5739 1.00181952448 0.950857500842
5742 0.992209492037 0.941736325613
5745 1.00776375268 0.956499349331
5748 0.960141113136 0.911299248003
5751 0.987584792794 0.937346882348
5754 0.915929994852 0.869337125671
5757 0.992928167991 0.942418442905
5760 0.974465285752 0.924894757616
5763 0.939753053052 0.891948317636
5766 1.00709915107 0.955868555653
5769 1.00192349441 0.950956181882
5772 0.975602521841 0.925974143113
5775 0.976786504515 0.927097897221
5778 0.995569859551 0.944925753028
5781 0.922503512344 0.875576251842
5784 0.929894274586 0.882591049959
5787 0.963681650402 0.914659680031
5790 0.970702110644 0.921323013214
5793 0.96397023114 0.914933580821
5796 0.989554594079 0.939216480895
5799 0.979431773053 0.929608602362
5802 1.00120546829 0.950274681365
5805 0.956019674375 0.907387464628
5808 0.974875839811 0.925284427009
5811 0.988951338605 0.938643912704
5814 0.984167913668 0.934103818037
5817 0.966076236876 0.916932455171
5820 1.00114514791 0.950217429445
5823 0.999299297338 0.948465476309
5826 0.999840350468 0.948979006355
5829 1.0015969733 0.950646270721
5832 0.992956741227 0.942445562636
5835 0.989059150815 0.938746240564
5838 0.985940277858 0.935786023008
5841 1.00399126657 0.95291876757
5844 0.999045668385 0.948224749325
5847 0.980090943058 0.930234240742
5850 0.99055447879 0.940165502005
5853 0.956699596285 0.908032799274
5856 0.946504836703 0.898356641662
5859 0.936454871797 0.888817913098
5862 0.958938525358 0.910157835222
5865 0.984538700933 0.934455743551
5868 0.977227638011 0.927516590492
5871 0.990522154517 0.940134822051
5874 0.989071461924 0.938757925414
5877 0.984975660876 0.934870475576
5880 0.977502441 0.927777414399
5883 0.964477908154 0.915415432577
5886 0.968575891468 0.91930495367
5889 0.804994326976 0.764044695913
5892 0.876172802612 0.831602360546
5895 0.838772150455 0.796104259569
5898 0.909703506726 0.863427375667
5901 0.957659858164 0.908944213145
5904 0.969507336125 0.920189016235
5907 0.96352519467 0.914511183118
5910 0.965986315747 0.916847108282
5913 0.952072673412 0.903641245494
5916 0.941179631855 0.893302327138
5919 0.961570852714 0.912656257493
5922 0.967567184795 0.918347559367
5925 0.968337544532 0.919078731316
5928 0.953997175792 0.905467849467
5931 0.947202703692 0.89901900853
5934 0.94933240125 0.901040369512
5937 0.976504740919 0.926830466789
5940 0.964914678934 0.915829985061
5943 0.93791518578 0.89020394169
5946 0.954568962612 0.906010549797
5949 0.916498345054 0.869876564202
5952 0.937365056802 0.889681797479
5955 0.961058121159 0.912169608318
5958 0.940033319975 0.892214327531
5961 0.962525299026 0.913562151631
5964 0.96292196854 0.913938642779
5967 0.951404930554 0.903007470358
5970 0.957131061116 0.90844231572
5973 0.963336144787 0.914331750102
5976 0.920445940619 0.87362334769
5979 0.940516946655 0.892673352379
5982 0.94691126225 0.898742392559
5985 0.904054414483 0.858065649727
5988 0.928696440797 0.881454149335
5991 0.933350510109 0.885871468629
5994 0.957698040866 0.908980453513
5997 0.91409287008 0.867593454454
6000 0.942114330331 0.894189478002
6003 0.919793357614 0.873003961235
6006 0.925287850248 0.878218951965
6009 0.89932973978 0.853581316699
6012 0.914975599377 0.868431279783
6015 0.916308166051 0.869696059503
6018 0.918500762925 0.871777120146
6021 0.882654625487 0.837754456556
6024 0.901343641111 0.855492771947
6027 0.916333136732 0.869719759939
6030 0.931966673907 0.884558027435
6033 0.945537350021 0.89743837051
6036 0.941413986523 0.893524760309
6039 0.944221918299 0.896189854096
6042 0.918584349435 0.871856454655
6045 0.935983423749 0.88837044736
6048 0.940604295457 0.892756257795
6051 0.941921466048 0.894006424621
6054 0.913879524428 0.867390961581
6057 0.914033241257 0.867536858917
6060 0.939802403202 0.89199515737
6063 0.925723939972 0.878632858039
6066 0.901958611566 0.856076459183
6069 0.943371453375 0.895382651868
6072 0.941348308071 0.893462422885
6075 0.938190647944 0.89046539124
6078 0.892547599901 0.84714418065
6081 0.921826179413 0.874933374475
6084 0.90649999016 0.860386820276
6087 0.906240062325 0.860140114831
6090 0.904050542976 0.85806197516
6093 0.904926422712 0.858893299363
6096 0.919875355941 0.873081788351
6099 0.926193788598 0.879078805716
6102 0.849170950603 0.805974078313
6105 0.912295695636 0.865887701313
6108 0.904247441874 0.858248857917
6111 0.915937482941 0.869344232845
6114 0.921483898302 0.874608505022
6117 0.908693608138 0.86246885008
6120 0.908576712739 0.862357901087
6123 0.872875790702 0.828473065869
6126 0.911364016792 0.865003416473
6129 0.895429209335 0.849879204153
6132 0.903544679916 0.857581845084
6135 0.897007413633 0.851377126042
6138 0.824104617415 0.782182856094
6141 0.88338718616 0.838449752259
6144 0.908579880969 0.862360908151
6147 0.899179107943 0.853438347423
6150 0.900794343559 0.854971416868
6153 0.904202848983 0.858206533443
6156 0.876180744945 0.831609898856
6159 0.896038584996 0.8504575812
6162 0.794597364899 0.754176621738
6165 0.870464622781 0.826184552771
6168 0.876750980745 0.832151127067
6171 0.853953947366 0.810513766587
6174 0.888785580089 0.843573532776
6177 0.882542236002 0.837647784264
6180 0.896686503548 0.851072540481
6183 0.913276148484 0.866818279049
6186 0.896103788234 0.850519467585
6189 0.89807857544 0.852393798421
6192 0.853012505755 0.809620215609
6195 0.90164916155 0.855782750724
6198 0.913392179321 0.866928407459
6201 0.891259354528 0.845921467631
6204 0.908855003112 0.862622034978
6207 0.914389559787 0.867875051714
6210 0.911425425351 0.865061701212
6213 0.878841672731 0.834135466669
6216 0.867681851542 0.823543339617
6219 0.867374428504 0.823251555025
6222 0.893269973051 0.847829807065
6225 0.898600482595 0.852889156438
6228 0.889598136471 0.844344754848
6231 0.834704750169 0.792243765762
6234 0.892011482039 0.846635334817
6237 0.868965429859 0.824761622991
6240 0.865604384178 0.821571551908
6243 0.86272192479 0.818835721688
6246 0.826925751966 0.784860481039
6249 0.885077519828 0.840054099558
6252 0.852561997945 0.809192624889
6255 0.833873996803 0.791455272375
6258 0.843054765484 0.800169020262
6261 0.874141985635 0.829674850142
6264 0.883125217094 0.83820110942
6267 0.889849461398 0.844583295011
6270 0.869732916547 0.825490068042
6273 0.887444766373 0.842300925536
6276 0.888442502045 0.843247906927
6279 0.807044378473 0.765990462386
6282 0.840844692674 0.798071372674
6285 0.871986947504 0.827629437649
6288 0.879707872928 0.834957603725
6291 0.853602843887 0.810180523555
6294 0.869541034587 0.825307947015
6297 0.848971313961 0.80578459708
6300 0.831944493498 0.789623921872
6303 0.828747759581 0.786589804101
6306 0.878704449592 0.834005223997
6309 0.867530445678 0.823399635688
6312 0.85709763742 0.81349753881
6315 0.814962058924 0.773505374666
6318 0.808040153646 0.766935583009
6321 0.851039940407 0.807747993605
6324 0.86803477973 0.823878314537
6327 0.872578866542 0.828191246083
6330 0.861982887102 0.818134278451
6333 0.875598094477 0.831056887506
6336 0.821879796401 0.780071210536
6339 0.843058005243 0.800172095215
6342 0.861895976969 0.81805178939
6345 0.847174065517 0.804078773704
6348 0.861326577087 0.817511354576
6351 0.877665091683 0.833018737669
6354 0.860744628074 0.816959008998
6357 0.862196183122 0.818336724217
6360 0.835153122916 0.792669330027
6363 0.821471617955 0.779683795909
6366 0.856559534082 0.8129868085
6369 0.864431645408 0.820458469732
6372 0.866759196838 0.822667619865
6375 0.8755297844 0.830992052327
6378 0.865746227303 0.821706179548
6381 0.85800128315 0.814355216564
6384 0.860890414401 0.817097379253
6387 0.875271758249 0.830747151828
6390 0.877216860233 0.832593307514
6393 0.828526927524 0.786380205652
6396 0.872235629571 0.827865469393
6399 0.828636025115 0.786483753507
6402 0.858765224909 0.815080297014
6405 0.866121743685 0.822062593612
6408 0.821650013234 0.779853116315
6411 0.833267492447 0.790879620572
6414 0.848917641103 0.805733654532
6417 0.849316690019 0.806112404043
6420 0.8219760183 0.780162537678
6423 0.859995286253 0.816247785795
6426 0.870100996977 0.825839424417
6429 0.860812337306 0.817023273898
6432 0.831548954027 0.789248503282
6435 0.869442050671 0.825213998357
6438 0.830645027423 0.788390558942
6441 0.860779157208 0.816991781654
6444 0.870937140116 0.826633033402
6447 0.865219668678 0.821206406679
6450 0.800786587724 0.760051002107
6453 0.857652463347 0.814024141039
6456 0.809746805789 0.768555418669
6459 0.858909783473 0.815217501961
6462 0.80015637282 0.759452845899
6465 0.855840358995 0.812304217466
6468 0.854324072881 0.810865064015
6471 0.831838025143 0.789522869505
6474 0.852689616311 0.809313751378
6477 0.848920467306 0.805736336968
6480 0.857579893617 0.813955262892
6483 0.83085761013 0.78859232768
6486 0.857304444528 0.81369382575
6489 0.857444681188 0.813826928647
6492 0.826777964364 0.784720211313
6495 0.744183916471 0.706327678481
6498 0.803483763225 0.762610973733
6501 0.833203679747 0.790819053989
6504 0.854821222687 0.811336924076
6507 0.85897498703 0.815279388649
6510 0.856295862367 0.812736549625
6513 0.855808101812 0.812273601188
6516 0.826042244945 0.784021917547
6519 0.821775034687 0.779971777994
6522 0.851618758828 0.808297367842
6525 0.847205257125 0.804108378611
6528 0.828844177155 0.786681316964
6531 0.847767266329 0.804641798708
6534 0.832496952087 0.790148277188
6537 0.843917817074 0.800988168878
6540 0.84589896757 0.802868539308
6543 0.838707990957 0.796043363831
6546 0.800855091366 0.760116021006
6549 0.826279359233 0.784246969959
6552 0.816672678825 0.775128976247
6555 0.774212241183 0.734828478368
6558 0.757124360698 0.718609849229
6561 0.603605893762 0.572900784635
6564 0.552499265625 0.524393923349
6567 0.756193488164 0.717726329683
6570 0.772982353875 0.73366115477
6573 0.789283314025 0.749132893792
6576 0.804622714225 0.763691986904
6579 0.824847397287 0.782887851151
6582 0.816260854219 0.774738100939
6585 0.818070499127 0.776455690178
6588 0.822854709068 0.780996529917
6591 0.820843041894 0.779087195176
6594 0.784765218161 0.74484463105
6597 0.81336762532 0.771992049047
6600 0.834465195113 0.792016396743
6603 0.829473108656 0.787278255055
6606 0.817587460319 0.775997223296
6609 0.802091431316 0.761289469004
6612 0.825643272296 0.783643240424
6615 0.829557643381 0.787358489544
6618 0.827355349538 0.785268225212
6621 0.830944989538 0.788675262144
6624 0.823900735247 0.781989345303
6627 0.81797802672 0.776367921792
6630 0.824517646971 0.782574875057
6633 0.781343412485 0.741596890799
6636 0.808781843115 0.767639543131
6639 0.815152456564 0.77368608688
6642 0.812107863273 0.770796370422
6645 0.80664684233 0.765613148695
6648 0.820525102387 0.778785429082
6651 0.827937123475 0.78582040462
6654 0.818282210334 0.776656631748
6657 0.819806222165 0.778103117912
6660 0.816226464686 0.774705460782
6663 0.782997848875 0.743167166893
6666 0.810604790898 0.769369758535
6669 0.810576607048 0.769343008382
6672 0.810134014945 0.768922930703
6675 0.814717926884 0.773273661492
6678 0.774830311624 0.735415107896
6681 0.812722605725 0.771379841253
6684 0.81404796016 0.772637775618
6687 0.811448618611 0.770170661183
6690 0.806072661673 0.765068176301
6693 0.815544674799 0.774058353182
6696 0.787637449456 0.747570753474
6699 0.794120779601 0.75372428008
6702 0.808101307733 0.76699362622
6705 0.791147402264 0.750902156859
6708 0.783710486488 0.743843553012
6711 0.804685531016 0.763751608238
6714 0.790005918945 0.749818740186
6717 0.759962595602 0.721303704641
6720 0.782959484093 0.743130753708
6723 0.780238531155 0.740548214191
6726 0.780087723381 0.740405077928
6729 0.804568141885 0.76364019063
6732 0.798843747538 0.758206993164
6735 0.794762824792 0.754333664775
6738 0.780174354325 0.740487302002
6741 0.785513701872 0.745555039794
6744 0.782426743291 0.742625113146
6747 0.786222931089 0.7462281909
6750 0.773147672978 0.733818064179
6753 0.78798354192 0.747899240399
6756 0.787635308992 0.747568721894
6759 0.788651422547 0.748533146295
6762 0.79436863767 0.753959529742
6765 0.790164331566 0.749969094442
6768 0.769052608947 0.729931313866
6771 0.782217811219 0.742426809337
6774 0.792851406567 0.752519479374
6777 0.789875740266 0.749695183626
6780 0.79518710575 0.754736362788
6783 0.771799366689 0.73253834551
6786 0.767961681619 0.728895881428
6789 0.786180287634 0.746187716695
6792 0.769017394611 0.729897890865
6795 0.769084317174 0.729961409112
6798 0.77770790925 0.738146323669
6801 0.784401315371 0.7444992398
6804 0.775851674544 0.736384514631
6807 0.778116818348 0.73853443178
6810 0.773526487611 0.734177608714
6813 0.782691144252 0.742876064171
6816 0.784797095515 0.744874886819
6819 0.783249190577 0.743405722978
6822 0.787817576801 0.747741717837
6825 0.794615385406 0.754193725552
6828 0.767792463852 0.728735271679
6831 0.787383254813 0.747329489576
6834 0.784874689039 0.744948533202
6837 0.772922595104 0.733604435896
6840 0.751523179937 0.713293597538
6843 0.743397073065 0.705580861379
6846 0.782613569084 0.742802435211
6849 0.779234487288 0.739595245499
6852 0.787613321329 0.747547852732
6855 0.750968950088 0.712767561066
6858 0.762292455566 0.723515045873
6861 0.768128402609 0.72905412141
6864 0.780361740054 0.740665155519
6867 0.762296838243 0.723519205606
6870 0.710963760953 0.674797414515
6873 0.722341070085 0.685595966014
6876 0.725661921642 0.688747887628
6879 0.733909971952 0.696576364027
6882 0.736934617669 0.699447147634
6885 0.748695642801 0.710609895705
6888 0.747031285601 0.709030203466
6891 0.757683650621 0.719140688372
6894 0.751069362268 0.712862865332
6897 0.749717788599 0.711580045493
6900 0.758306174165 0.719731544476
6903 0.754002696716 0.715646982625
6906 0.736127445231 0.698681035626
6909 0.758573903466 0.71998565453
6912 0.760737395375 0.722039090763
6915 0.735678580688 0.698255004583
6918 0.751921504868 0.713671659893
6921 0.759477993521 0.720843754008
6924 0.7422549276 0.704496816243
6927 0.75956790374 0.720929090542
6930 0.75973261956 0.721085427356
6933 0.751656663364 0.713420290735
6936 0.762732970618 0.72393315216
6939 0.764227259874 0.725351427721
6942 0.761381953499 0.72265086056
6945 0.738555605823 0.700985676987
6948 0.756028403995 0.717569643257
6951 0.743743729672 0.705909883749
6954 0.750413232136 0.712240112189
6957 0.758828209232 0.720227023899
6960 0.755758324406 0.717313302472
6963 0.759572318887 0.720933281093
6966 0.747940369046 0.709893042322
6969 0.76044689281 0.721763365908
6972 0.755084811205 0.716674050528
6975 0.745558581305 0.70763241485
6978 0.700630269731 0.664989582467
6981 0.741231427215 0.703525380776
6984 0.759781233724 0.721131568544
6987 0.750079168267 0.71192304197
6990 0.753388968813 0.715064474732
6993 0.749769792248 0.711629403744
6996 0.756377017656 0.717900523128
6999 0.737851779628 0.700317654054
7002 0.745369362269 0.707452821285
7005 0.72062124605 0.683963628508
7008 0.747461193337 0.709438242026
7011 0.738862509771 0.701276968895
7014 0.74362530518 0.705797483448
7017 0.697522225464 0.662039642751
7020 0.748445807754 0.710372769633
7023 0.716758742756 0.680297608692
7026 0.737310748021 0.699804144436
7029 0.740888486938 0.703199885687
7032 0.748544147022 0.710466106435
7035 0.732331541821 0.695078227794
7038 0.726179441973 0.689239081976
7041 0.7540250199 0.71566817024
7044 0.748049072583 0.709996216168
7047 0.753588511157 0.715253866463
7050 0.752164243168 0.713902050226
7053 0.734812914142 0.697433374031
7056 0.738748013733 0.701168297209
7059 0.745144573407 0.707239467313
7062 0.742239919534 0.704482571629
7065 0.747490785433 0.709466328787
7068 0.726482527323 0.689526749536
7071 0.747472617056 0.709449084626
7074 0.752160170182 0.71389818443
7077 0.753409227278 0.71508370266
7080 0.757241147649 0.718720695289
7083 0.728295885501 0.691247863153
7086 0.727837613027 0.690812902755
7089 0.739304871384 0.701696827809
7092 0.736377628911 0.698918492597
7095 0.739733199103 0.702103366727
7098 0.745106660307 0.707203482832
7101 0.749849730463 0.711705275544
7104 0.752146995587 0.71388568002
7107 0.741089808247 0.703390965888
7110 0.733695334041 0.696372644632
7113 0.729340149557 0.692239006054
7116 0.737557529779 0.700038372538
7119 0.734685122781 0.697312083348
7122 0.714513530472 0.678166609157
7125 0.749216430897 0.711104191588
7128 0.741759219662 0.704026324703
7131 0.705100358501 0.669232280211
7134 0.732734771856 0.695460945732
7137 0.746279356191 0.708316524303
7140 0.734416837696 0.697057445783
7143 0.732065416406 0.694825640036
7146 0.726267908265 0.689323048035
7149 0.704864548381 0.669008465626
7152 0.730917658053 0.693736267537
7155 0.728733887158 0.6916635839
7158 0.734196329304 0.696848154535
7161 0.728590582191 0.69152756878
7164 0.67989972547 0.64531358991
7167 0.715423099287 0.679029908692
7170 0.728006150547 0.690972866861
7173 0.730450690664 0.69329305453
7176 0.712020304962 0.675800212695
7179 0.729531622597 0.692420738963
7182 0.701615744238 0.665924926412
7185 0.704003827618 0.668191529268
7188 0.669898780647 0.635821387804
7191 0.710580711238 0.674433850335
7194 0.674030477348 0.639742907303
7197 0.703908798903 0.668101334613
7200 0.715900196432 0.67948273616
7203 0.695032595449 0.659676658883
7206 0.687259479618 0.652298957299
7209 0.694415681058 0.659091126598
7212 0.717609164991 0.681104770402
7215 0.712911352189 0.676645932826
7218 0.693831740068 0.658536890374
7221 0.693185654578 0.657923670907
7224 0.688277803899 0.653265479969
7227 0.708063100593 0.672044309197
7230 0.716229185325 0.679794989564
7233 0.722863577086 0.686091893363
7236 0.681364694244 0.646704036506
7239 0.70018784918 0.664569667613
7242 0.700092133838 0.66447882126
7245 0.692762570587 0.657522108973
7248 0.711494458638 0.675301115892
7251 0.690041355246 0.654939320402
7254 0.697366923005 0.661892240444
7257 0.720524757082 0.683872047883
7260 0.705333209344 0.669453286056
7263 0.691209038663 0.656047604387
7266 0.695451609667 0.660074358072
7269 0.708256465345 0.672227837587
7272 0.706674250208 0.670726108889
7275 0.687758610482 0.652772697643
7278 0.695594379143 0.660209864941
7281 0.712455126054 0.676212914671
7284 0.692465873653 0.657240504853
7287 0.692899899212 0.657652451764
7290 0.651084844287 0.617964506328
7293 0.660801424174 0.627186808991
7296 0.696695038819 0.661254534648
7299 0.698301655664 0.662779423753
7302 0.694964912781 0.659612419196
7305 0.699134255974 0.663569670131
7308 0.677275641183 0.642822991388
7311 0.666674736777 0.632761349322
7314 0.709045679859 0.672976905181
7317 0.701061482562 0.665398859732
7320 0.690966237834 0.655817154706
7323 0.707828716328 0.671821847934
7326 0.668031140014 0.634048753051
7329 0.6908889498 0.655743798273
7332 0.692486249143 0.657259843853
7335 0.699914789495 0.664310498328
7338 0.706289520156 0.670360949848
7341 0.706641884051 0.67069538918
7344 0.695612353083 0.660226924557
7347 0.69991490349 0.664310606525
7350 0.694978317355 0.659625141887
7353 0.692038335772 0.656834715595
7356 0.67011270374 0.636024428744
7359 0.690511977278 0.655386002142
7362 0.678108737686 0.643613708718
7365 0.685680938005 0.650800715254
7368 0.698647062544 0.66310725997
7371 0.693625275512 0.658340928559
7374 0.680552429266 0.645933091013
7377 0.688061250052 0.6530599421
7380 0.703586162493 0.667795110544
7383 0.695295394678 0.659926089656
7386 0.652737481703 0.619533074963
7389 0.647824139334 0.614869671693
7392 0.691193993691 0.656033324745
7395 0.68795093024 0.652955234198
7398 0.700047562207 0.664436516963
