Wave Flux FluxNorm
3600 0.458034067272 0.431197214524
3605 0.333812922006 0.314254358848
3610 0.288621073786 0.27171036384
3615 0.377199880831 0.35509921544
3620 0.283367130015 0.266764255938
3625 0.453895556277 0.427301184642
3630 0.388267970948 0.365518810771
3635 0.351892061964 0.331274216862
3640 0.471660014901 0.444024798939
3645 0.373364285139 0.351488352632
3650 0.362071679446 0.340857396405
3655 0.502752981911 0.473295985787
3660 0.55353982173 0.521107154059
3665 0.494815284338 0.465823368949
3670 0.461086014457 0.434070343881
3675 0.511559989377 0.481586978443
3680 0.408611832061 0.38467069678
3685 0.42553348381 0.400600885429
3690 0.474220718785 0.446435467623
3695 0.487739254243 0.459161933295
3700 0.576292231292 0.542526468315
3705 0.380217265107 0.357939806976
3710 0.420628638769 0.395983422077
3715 0.585176282107 0.550889990242
3720 0.302398893446 0.284680921893
3725 0.439708973122 0.413945813115
3730 0.419736262432 0.39514333131
3735 0.224523194662 0.211368068561
3740 0.411104845695 0.387017641279
3745 0.294801307362 0.277528488939
3750 0.292753302567 0.275600479591
3755 0.510752442937 0.480826747271
3760 0.350646480042 0.330101615317
3765 0.381621392674 0.359261664757
3770 0.472696878412 0.445000911175
3775 0.5234568012 0.492786739522
3780 0.55144190606 0.519132158184
3785 0.516842558586 0.486560034578
3790 0.375117034485 0.353138405957
3795 0.365122688579 0.343729642671
3800 0.380095972753 0.35782562131
3805 0.474598910032 0.446791500119
3810 0.459369508475 0.432454410371
3815 0.326874071457 0.307722065199
3820 0.270343329416 0.254503537921
3825 0.238659365289 0.224675981299
3830 0.259565832989 0.244357509992
3835 0.258009397682 0.242892268394
3840 0.246443175758 0.232003727491
3845 0.344685127772 0.324489546964
3850 0.303432532999 0.285653999067
3855 0.291911827033 0.274808307279
3860 0.244768660842 0.230427324732
3865 0.333917683711 0.314352982419
3870 0.256533122674 0.241502490391
3875 0.374098472005 0.352179522468
3880 0.303797833949 0.285997896527
3885 0.387675787992 0.364961324637
3890 0.468278961406 0.440841846068
3895 0.542471351988 0.510687201346
3900 0.521978211761 0.491394782694
3905 0.473010705723 0.445296350908
3910 0.583309854081 0.549132918829
3915 0.587385274046 0.552969554272
3920 0.457444810401 0.430642483033
3925 0.427641985508 0.402585847081
3930 0.222099224764 0.209086122429
3935 0.170333309064 0.160353243693
3940 0.351651763687 0.331047997996
3945 0.433745429027 0.408331681359
3950 0.556417902532 0.523816604106
3955 0.584772914247 0.550510256266
3960 0.509171195027 0.479338146874
3965 0.278017546779 0.261728112221
3970 0.201669226977 0.189853146614
3975 0.441817223579 0.415930538247
3980 0.655035189911 0.616655767522
3985 0.673284609812 0.633835928541
3990 0.732444525541 0.689529582565
3995 0.725596215789 0.683082524801
4000 0.792146183142 0.745733237051
4005 0.723663053714 0.68126262938
4010 0.806409385142 0.759160738218
4015 0.839404495837 0.790222619508
4020 0.841117174978 0.791834950397
4025 0.823624097696 0.775366816832
4030 0.76792786164 0.722933900674
4035 0.728303205735 0.685630908444
4040 0.854536921053 0.804468414894
4045 0.628272851566 0.591461471785
4050 0.829869243755 0.781246051101
4055 0.73580797785 0.692695965527
4060 0.73092820395 0.688102104364
4065 0.649424015765 0.611373359869
4070 0.759000279652 0.714529398125
4075 0.727946185146 0.685294806187
4080 0.786276918113 0.74020786042
4085 0.813380981474 0.76572385903
4090 0.902682016084 0.849792621878
4095 0.811622459257 0.764068371074
4100 0.699859367429 0.658853634166
4105 0.786900680402 0.740795075609
4110 0.792549019367 0.746112470542
4115 0.852328111862 0.802389022905
4120 0.777814725091 0.732241479051
4125 0.796835204037 0.750147521694
4130 0.728568637207 0.685880787916
4135 0.736670200628 0.693507669474
4140 0.805050670149 0.757881632226
4145 0.676656878027 0.637010610874
4150 0.708495187395 0.666983469435
4155 0.681402784319 0.641478447918
4160 0.777911671817 0.732332745534
4165 0.777384152321 0.731836134139
4170 0.747728890846 0.703918415659
4175 0.665743663747 0.626736816989
4180 0.681807293724 0.641859256554
4185 0.7612320231 0.716630380623
4190 0.760450097497 0.715894269128
4195 0.712733700856 0.6709736425
4200 0.668845355949 0.629656776733
4205 0.775025581231 0.729615755007
4210 0.814762358734 0.767024299475
4215 0.71656550377 0.674580934754
4220 0.918365339795 0.86455703785
4225 0.633546922874 0.596426527923
4230 0.834906532365 0.785988197969
4235 0.780434738339 0.734707982081
4240 0.816779792721 0.768923529201
4245 0.904497832412 0.851502047003
4250 0.744655463394 0.701025064594
4255 0.785114774398 0.739113808321
4260 0.7338511866 0.690853825397
4265 0.931570284419 0.876988286412
4270 0.711943997704 0.670230209153
4275 0.714431913257 0.672572354275
4280 0.818530244728 0.770571419791
4285 0.782740846597 0.736878972249
4290 0.686217148964 0.646010732246
4295 0.749978925328 0.706036617493
4300 0.537666207644 0.506163597089
4305 0.545686923308 0.513714367873
4310 0.520180661313 0.489702553225
4315 0.85267159561 0.802712381462
4320 0.973207466829 0.916185888421
4325 0.660509695521 0.621809514238
4330 0.944397959538 0.889064370212
4335 0.964096242595 0.907608503481
4340 0.692702755479 0.652116338059
4345 0.910570780762 0.857219172866
4350 0.908827773749 0.855578291057
4355 0.879779567759 0.828232059839
4360 0.924104230133 0.869959678625
4365 0.999442658749 0.940883923975
4370 0.900641734557 0.847871883282
4375 0.805115447624 0.757942614298
4380 0.867688647872 0.816849563756
4385 0.644615350002 0.606846440519
4390 0.79752038698 0.750792558816
4395 0.857809130148 0.80754890071
4400 0.869304210481 0.818370468306
4405 0.7375435274 0.694329826817
4410 0.908477004737 0.85524807409
4415 0.853827995876 0.803801026629
4420 0.960815076966 0.904519585908
4425 0.903734099843 0.850783062586
4430 0.911240823201 0.857849956588
4435 0.851104248742 0.801236867626
4440 0.950651589546 0.894951591345
4445 0.95034373392 0.894661773408
4450 0.98239726774 0.924837246121
4455 0.842556364942 0.793189816221
4460 0.812368526659 0.764770725349
4465 0.919671522451 0.865786689448
4470 0.925240353387 0.871029234838
4475 1.04705598251 0.985707516905
4480 0.948931162365 0.893331966383
4485 1.04245065804 0.9813720248
4490 0.949386196523 0.893760339458
4495 0.934747390783 0.879979241696
4500 1.02412748389 0.964122430897
4505 1.12107994635 1.0553943138
4510 1.09396285563 1.02986605112
4515 1.01045196374 0.951248178482
4520 1.05523202539 0.993404514067
4525 0.957458700476 0.901359864182
4530 0.874047365376 0.822835715161
4535 0.924586917558 0.870414084723
4540 1.01655484903 0.956993487238
4545 0.990991129626 0.932927581693
4550 0.958520065937 0.902359042765
4555 0.970569618496 0.913702595289
4560 1.0804090037 1.01710633821
4565 0.984788389672 0.927088268895
4570 1.05086920801 0.989297320225
4575 1.07938903673 1.01614613253
4580 0.965780374338 0.909193959604
4585 0.977639505922 0.920358248182
4590 1.0572321898 0.995287486062
4595 0.977170685212 0.91991689633
4600 0.993415841372 0.935210226206
4605 1.0182589494 0.958597741999
4610 1.1046032769 1.03988303531
4615 1.07554296882 1.01252541108
4620 1.08173473924 1.01835439707
4625 1.08435775209 1.02082372395
4630 1.08389007102 1.02038344496
4635 1.04293578433 0.981828726865
4640 1.00407084025 0.945240933884
4645 0.9588744515 0.902692664386
4650 0.983479869924 0.925856417138
4655 0.997712378617 0.939255023362
4660 1.08206295396 1.01866338123
4665 0.928330628755 0.873938446676
4670 0.95182214247 0.896053559946
4675 1.01806363128 0.95841386784
4680 0.971168154777 0.914266062497
4685 1.01508237355 0.955607286139
4690 0.983686152469 0.926050613302
4695 1.01637598824 0.956825106152
4700 0.935770783776 0.880942672672
4705 0.951733280632 0.895969904646
4710 0.959736766624 0.903504455268
4715 0.990087266724 0.932076677374
4720 1.08503076109 1.02145730042
4725 1.05947688407 0.997400660575
4730 0.939583702784 0.884532187454
4735 1.00726222405 0.948245330071
4740 1.03096670029 0.9705609281
4745 1.06290050233 1.00062368429
4750 1.06814322609 1.00555922957
4755 1.01478767405 0.955329853496
4760 1.05876425352 0.996729784044
4765 0.969756368 0.91293699427
4770 1.04498165876 0.983754730672
4775 1.09255051883 1.0285364651
4780 1.09581410624 1.03160883439
4785 1.03080466551 0.970408387164
4790 1.02626844346 0.966137948668
4795 1.12226731991 1.05651211749
4800 1.04173557041 0.980698835145
4805 1.06506409378 1.0026605079
4810 1.04961991781 0.988121227671
4815 1.08890773515 1.02510711718
4820 1.11359744699 1.04835022448
4825 1.04449100598 0.983292825913
4830 1.04860917819 0.987169708692
4835 1.06422082577 1.00186664814
4840 1.01215097271 0.952847640152
4845 1.05614396473 0.994263021613
4850 1.04381519642 0.982656612983
4855 0.968758167729 0.911997279941
4860 0.810664665539 0.763166695821
4865 0.94154022749 0.886374076657
4870 0.927136991661 0.872814746439
4875 0.966027876608 0.909426960372
4880 1.04268701376 0.981594532106
4885 0.961790325491 0.905437693266
4890 0.909123436026 0.855856630071
4895 1.09314984397 1.02910067495
4900 1.06367550125 1.00135327494
4905 1.06168547365 0.999479845825
4910 0.976029314675 0.918842400279
4915 1.05282268434 0.991136339656
4920 0.853843363062 0.80381549343
4925 0.979620013748 0.922222715301
4930 1.07615091413 1.01309773604
4935 0.99395034414 0.935713411714
4940 0.97369547547 0.916645303958
4945 1.07124133723 1.00847581807
4950 1.08677335157 1.0230977901
4955 1.01998814132 0.96022561816
4960 1.03749664226 0.976708271688
4965 1.03910483392 0.978222237169
4970 1.02332219811 0.963364327924
4975 1.07315213881 1.01027466313
4980 0.972405166347 0.91543059584
4985 0.920442106052 0.866512123485
4990 1.02008085197 0.960312896768
4995 1.02007251959 0.960305052588
5000 0.963266254954 0.90682714597
5005 0.90500658719 0.851980993131
5010 0.968205380646 0.911476881421
5015 0.887333356832 0.835343261909
5020 0.91987495636 0.865978203882
5025 0.961024793378 0.904717014743
5030 1.00366068018 0.944854805666
5035 1.00752651529 0.948494136119
5040 0.864928444681 0.814251084707
5045 1.02668894959 0.966533816754
5050 0.941241229322 0.886092597208
5055 1.02458672509 0.964554764513
5060 1.06392353865 1.00158677948
5065 0.976624493259 0.919402706522
5070 0.986663754193 0.928853753202
5075 0.98317963768 0.925573775919
5080 0.889106307878 0.837012333288
5085 0.975795280321 0.918622078322
5090 1.02057216137 0.960775419659
5095 1.02141365569 0.961567609664
5100 0.932884640022 0.878225632093
5105 0.981525745618 0.924016787692
5110 0.94373500171 0.888440256005
5115 1.01921000035 0.959493069555
5120 1.00952513668 0.950375655505
5125 0.90249288871 0.849614575739
5130 0.934608533006 0.87984851979
5135 0.972375230534 0.915402414007
5140 0.906271995435 0.853172259347
5145 0.91965905868 0.865774955947
5150 0.925409576098 0.871188542555
5155 0.946048724007 0.890618414096
5160 0.987607037401 0.929741768136
5165 0.816835291971 0.768975776673
5170 0.740743930229 0.697342713594
5175 0.867153679832 0.816345940237
5180 0.930430631192 0.875915407051
5185 0.772145182738 0.726904123066
5190 0.934571802315 0.879813941201
5195 0.898119623887 0.845497546582
5200 0.980326252707 0.922887574738
5205 0.89262169497 0.840321748963
5210 0.919042037285 0.865194086693
5215 0.950844459563 0.895133160839
5220 0.997521074676 0.939074928184
5225 0.868606995829 0.817714104429
5230 0.939776307081 0.884713506798
5235 0.944168263892 0.888848132754
5240 1.02250004971 0.962590350346
5245 1.00688816778 0.947893190286
5250 0.937841956795 0.882892492784
5255 0.965306597256 0.90874794178
5260 1.00513093592 0.946238917081
5265 0.79846308509 0.751680022932
5270 0.792878350288 0.746422505507
5275 0.922718318672 0.868654969643
5280 0.981641950377 0.924126183852
5285 0.984323194794 0.926650330431
5290 1.07296015553 1.01009392842
5295 0.99519957749 0.936889450745
5300 0.950873924432 0.895160899321
5305 1.04841439503 0.986986338145
5310 1.06916093534 1.00651730982
5315 1.03083556783 0.970437478874
5320 1.02198608126 0.962106496022
5325 0.92996858041 0.875480428467
5330 0.900453701729 0.847694867558
5335 1.03173613316 0.971285278827
5340 0.962081317147 0.905711635316
5345 1.00730428664 0.948284928159
5350 0.99463053881 0.936353752833
5355 1.07189496202 1.00909114608
5360 1.07018191252 1.00747846653
5365 0.996336294452 0.93795956588
5370 0.91716663548 0.863428567287
5375 1.04177043796 0.980731659755
5380 1.02712009545 0.966939701185
5385 1.03232152957 0.971836376051
5390 0.983458555556 0.925836351608
5395 0.94399333024 0.888683448707
5400 0.96618753945 0.909577268345
5405 0.880377854423 0.828795292055
5410 0.941071941418 0.885933228118
5415 1.00966683393 0.950509050518
5420 1.0058733426 0.946937825116
5425 0.992150092928 0.934018639723
5430 0.954602616805 0.898671122424
5435 0.944613464279 0.889267248231
5440 1.06742928217 1.00488711662
5445 0.985277710672 0.927548919898
5450 1.04502585874 0.983796340907
5455 0.973216449832 0.916194345097
5460 1.04825516648 0.98683643902
5465 1.01114179956 0.951897595864
5470 1.02558875774 0.965498086683
5475 0.958048382221 0.901914995654
5480 0.973874115179 0.916813476918
5485 1.02356166949 0.963589768345
5490 1.00374221351 0.944931561849
5495 1.00967430635 0.950516085117
5500 1.02510030993 0.965038257705
5505 0.99280955106 0.934639459286
5510 1.00192065038 0.943216726633
5515 0.990102526572 0.932091043127
5520 1.04918422502 0.987711062731
5525 1.01581151174 0.956293703115
5530 0.991763638557 0.933654828251
5535 0.996697694938 0.938299791409
5540 1.03057907159 0.970196011099
5545 1.01763600441 0.95801129622
5550 1.06223800118 1.0
5555 1.02500994986 0.964953191954
5560 1.0257274332 0.965628636954
5565 0.991233415782 0.933155671965
5570 0.99701937183 0.938602620805
5575 1.00917620098 0.950047164433
5580 1.0272121287 0.96702634208
5585 0.973501926533 0.916463095322
5590 0.935196417916 0.880401959706
5595 0.991625611334 0.933524888235
5600 0.959411926863 0.90319864832
5605 1.03260192449 0.972100342236
5610 1.06407959369 1.00173369104
5615 0.956779219222 0.900720194679
5620 1.01007037805 0.950888950428
5625 0.972181216111 0.915219767159
5630 1.04710552254 0.985754154316
5635 1.01033154704 0.951134817168
5640 0.992289396624 0.934149781422
5645 1.00566363234 0.946740402076
5650 1.01014775456 0.950961793341
5655 0.982506957122 0.92494050865
5660 0.943838381554 0.88853757868
5665 1.0019389492 0.943233953299
5670 1.0102831894 0.951089292868
5675 1.0493672795 0.98788339179
5680 1.01930946393 0.959586705421
5685 0.980860485345 0.923390505943
5690 0.999890711667 0.941305724849
5695 1.02189400909 0.962019818486
5700 0.975826318255 0.918651297701
5705 0.965048327485 0.908504804394
5710 0.9089433544 0.855687099677
5715 0.99919218085 0.940648121924
5720 1.03371336003 0.973146657222
5725 1.03990953244 0.978979787277
5730 1.01945659931 0.95972521994
5735 1.03362082962 0.973059548297
5740 1.02627893616 0.966147826589
5745 1.0278949469 0.967669153012
5750 1.00851998786 0.949429399757
5755 0.977812641519 0.920521239524
5760 0.991428230324 0.933339072053
5765 1.01971045785 0.959964204552
5770 1.02965075075 0.969322081868
5775 1.0118353554 0.952550515301
5780 0.9596582633 0.903430551562
5785 0.932341169353 0.877714004125
5790 0.988255421143 0.930352162172
5795 1.00665979062 0.947678194057
5800 1.02534510328 0.965268708271
5805 0.991784923496 0.933674866076
5810 1.01066629505 0.951449951818
5815 0.999124718071 0.940584611883
5820 1.03958601154 0.978675221921
5825 1.03891945962 0.978047724204
5830 1.03759938373 0.976804993393
5835 1.0198700797 0.960114473933
5840 1.0352279694 0.974572523526
5845 1.02429245944 0.964277740296
5850 1.01223320085 0.952925050434
5855 0.974674567907 0.917567030007
5860 0.976343187336 0.919137882704
5865 1.00145558488 0.942778909966
5870 1.02058094914 0.96078369255
5875 1.01295942303 0.953608722244
5880 0.999933193645 0.941345717749
5885 0.987638103028 0.929771013584
5890 0.785257749761 0.739248406559
5895 0.837079121343 0.788033491939
5900 0.96746860585 0.910783275284
5905 0.993157854071 0.934967354739
5910 1.00524403492 0.946345389448
5915 0.967556478748 0.910865999587
5920 0.998926829433 0.940398317815
5925 1.00697855698 0.947978283451
5930 0.977915707774 0.920618266984
5935 0.989418767644 0.931447346584
5940 0.994174789334 0.935924706352
5945 0.997301639789 0.938868350292
5950 0.977037032308 0.919791074335
5955 0.983469427132 0.925846586204
5960 0.997864126808 0.939397880415
5965 1.00293098536 0.944167864679
5970 1.01713178756 0.957536622134
5975 0.982902950484 0.92531330021
5980 0.99473532104 0.936452395726
5985 0.964638587557 0.908119071698
5990 0.996828315615 0.938422758839
5995 1.00086452745 0.942222483417
6000 0.989005599743 0.931058386765
6005 0.629146602876 0.592284028791
6010 0.00627408426006 0.0059064769412
6015 9.99973424932e-05 9.41383591829e-05
6020 9.99973424934e-05 9.41383591831e-05
6025 9.99973424932e-05 9.41383591829e-05
6030 9.99973424932e-05 9.41383591829e-05
6035 9.99973424932e-05 9.41383591829e-05
6040 9.99973424932e-05 9.41383591829e-05
6045 9.99973424932e-05 9.41383591829e-05
6050 9.99973424932e-05 9.41383591829e-05
6055 9.99973424932e-05 9.41383591829e-05
6060 9.99973424932e-05 9.41383591829e-05
6065 9.99973424932e-05 9.41383591829e-05
6070 9.99973424932e-05 9.41383591829e-05
6075 9.99973424932e-05 9.41383591829e-05
6080 9.99973424932e-05 9.41383591829e-05
6085 9.99973424932e-05 9.41383591829e-05
6090 9.99973424932e-05 9.41383591829e-05
6095 9.99973424932e-05 9.41383591829e-05
6100 9.99973424932e-05 9.41383591829e-05
6105 9.99973424932e-05 9.41383591829e-05
6110 9.99973424932e-05 9.41383591829e-05
6115 9.99973424932e-05 9.41383591829e-05
6120 9.99973424932e-05 9.41383591829e-05
6125 9.99973424932e-05 9.41383591829e-05
6130 9.99973424932e-05 9.41383591829e-05
6135 9.99973424932e-05 9.41383591829e-05
6140 9.99973424932e-05 9.41383591829e-05
6145 9.99973424932e-05 9.41383591829e-05
6150 9.99973424932e-05 9.41383591829e-05
6155 9.99973424932e-05 9.41383591829e-05
6160 9.99973424932e-05 9.41383591829e-05
6165 9.99973424932e-05 9.41383591829e-05
6170 9.99973424932e-05 9.41383591829e-05
6175 9.99973424932e-05 9.41383591829e-05
6180 9.99973424932e-05 9.41383591829e-05
6185 9.99973424932e-05 9.41383591829e-05
6190 9.99973424932e-05 9.41383591829e-05
6195 9.99973424932e-05 9.41383591829e-05
6200 9.99973424932e-05 9.41383591829e-05
6205 9.99973424932e-05 9.41383591829e-05
6210 9.99973424932e-05 9.41383591829e-05
6215 9.99973424932e-05 9.41383591829e-05
6220 9.99973424932e-05 9.41383591829e-05
6225 9.99973424932e-05 9.41383591829e-05
6230 9.99973424932e-05 9.41383591829e-05
6235 9.99973424932e-05 9.41383591829e-05
6240 9.99973424932e-05 9.41383591829e-05
6245 9.99973424932e-05 9.41383591829e-05
6250 9.99973424932e-05 9.41383591829e-05
6255 9.99973424932e-05 9.41383591829e-05
6260 9.99973424932e-05 9.41383591829e-05
6265 9.99973424932e-05 9.41383591829e-05
6270 9.99973424932e-05 9.41383591829e-05
6275 9.99973424932e-05 9.41383591829e-05
6280 9.99973424932e-05 9.41383591829e-05
6285 9.99973424932e-05 9.41383591829e-05
6290 9.99973424932e-05 9.41383591829e-05
6295 9.99973424932e-05 9.41383591829e-05
6300 9.99973424932e-05 9.41383591829e-05
6305 9.99973424932e-05 9.41383591829e-05
6310 9.99973424932e-05 9.41383591829e-05
6315 9.99973424932e-05 9.41383591829e-05
6320 9.99973424932e-05 9.41383591829e-05
6325 9.99973424932e-05 9.41383591829e-05
6330 9.99973424932e-05 9.41383591829e-05
6335 9.99973424932e-05 9.41383591829e-05
6340 9.99973424932e-05 9.41383591829e-05
6345 9.99973424932e-05 9.41383591829e-05
6350 9.99973424932e-05 9.41383591829e-05
6355 9.99973424932e-05 9.41383591829e-05
6360 9.99973424932e-05 9.41383591829e-05
6365 9.99973424932e-05 9.41383591829e-05
6370 9.99973424932e-05 9.41383591829e-05
6375 9.99973424932e-05 9.41383591829e-05
6380 9.99973424932e-05 9.41383591829e-05
6385 9.99973424932e-05 9.41383591829e-05
6390 9.99973424932e-05 9.41383591829e-05
6395 9.99973424932e-05 9.41383591829e-05
6400 9.99973424932e-05 9.41383591829e-05
6405 9.99973424932e-05 9.41383591829e-05
6410 9.99973424932e-05 9.41383591829e-05
6415 9.99973424932e-05 9.41383591829e-05
6420 9.99973424932e-05 9.41383591829e-05
6425 9.99973424932e-05 9.41383591829e-05
6430 9.99973424932e-05 9.41383591829e-05
6435 9.99973424932e-05 9.41383591829e-05
6440 9.99973424932e-05 9.41383591829e-05
6445 9.99973424932e-05 9.41383591829e-05
6450 9.99973424932e-05 9.41383591829e-05
6455 9.99973424932e-05 9.41383591829e-05
6460 9.99973424932e-05 9.41383591829e-05
6465 9.99973424932e-05 9.41383591829e-05
6470 9.99973424932e-05 9.41383591829e-05
6475 9.99973424932e-05 9.41383591829e-05
6480 9.99973424932e-05 9.41383591829e-05
6485 9.99973424932e-05 9.41383591829e-05
6490 9.99973424932e-05 9.41383591829e-05
6495 9.99973424932e-05 9.41383591829e-05
6500 9.99973424932e-05 9.41383591829e-05
6505 9.99973424932e-05 9.41383591829e-05
6510 9.99973424932e-05 9.41383591829e-05
6515 9.99973424932e-05 9.41383591829e-05
6520 9.99973424932e-05 9.41383591829e-05
6525 9.99973424932e-05 9.41383591829e-05
6530 9.99973424932e-05 9.41383591829e-05
6535 9.99973424932e-05 9.41383591829e-05
6540 9.99973424932e-05 9.41383591829e-05
6545 9.99973424932e-05 9.41383591829e-05
6550 9.99973424932e-05 9.41383591829e-05
6555 9.99973424932e-05 9.41383591829e-05
6560 9.99973424932e-05 9.41383591829e-05
6565 9.99973424932e-05 9.41383591829e-05
6570 9.99973424932e-05 9.41383591829e-05
6575 9.99973424932e-05 9.41383591829e-05
6580 9.99973424932e-05 9.41383591829e-05
6585 9.99973424932e-05 9.41383591829e-05
6590 9.99973424932e-05 9.41383591829e-05
6595 9.99973424932e-05 9.41383591829e-05
6600 9.99973424932e-05 9.41383591829e-05
6605 9.99973424932e-05 9.41383591829e-05
6610 9.99973424932e-05 9.41383591829e-05
6615 9.99973424932e-05 9.41383591829e-05
6620 9.99973424932e-05 9.41383591829e-05
6625 9.99973424932e-05 9.41383591829e-05
6630 9.99973424932e-05 9.41383591829e-05
6635 9.99973424932e-05 9.41383591829e-05
6640 9.99973424932e-05 9.41383591829e-05
6645 9.99973424932e-05 9.41383591829e-05
6650 9.99973424932e-05 9.41383591829e-05
6655 9.99973424932e-05 9.41383591829e-05
6660 9.99973424932e-05 9.41383591829e-05
6665 9.99973424932e-05 9.41383591829e-05
6670 9.99973424932e-05 9.41383591829e-05
6675 9.99973424932e-05 9.41383591829e-05
6680 9.99973424932e-05 9.41383591829e-05
6685 9.99973424932e-05 9.41383591829e-05
6690 9.99973424932e-05 9.41383591829e-05
6695 9.99973424932e-05 9.41383591829e-05
6700 9.99973424932e-05 9.41383591829e-05
6705 9.99973424932e-05 9.41383591829e-05
6710 9.99973424932e-05 9.41383591829e-05
6715 9.99973424932e-05 9.41383591829e-05
6720 9.99973424932e-05 9.41383591829e-05
6725 9.99973424932e-05 9.41383591829e-05
6730 9.99973424932e-05 9.41383591829e-05
6735 9.99973424932e-05 9.41383591829e-05
6740 9.99973424932e-05 9.41383591829e-05
6745 9.99973424932e-05 9.41383591829e-05
6750 9.99973424932e-05 9.41383591829e-05
6755 9.99973424932e-05 9.41383591829e-05
6760 9.99973424932e-05 9.41383591829e-05
6765 9.99973424932e-05 9.41383591829e-05
6770 9.99973424932e-05 9.41383591829e-05
6775 9.99973424932e-05 9.41383591829e-05
6780 9.99973424932e-05 9.41383591829e-05
6785 9.99973424932e-05 9.41383591829e-05
6790 9.99973424932e-05 9.41383591829e-05
6795 9.99973424932e-05 9.41383591829e-05
6800 9.99973424932e-05 9.41383591829e-05
6805 9.99973424932e-05 9.41383591829e-05
6810 9.99973424932e-05 9.41383591829e-05
6815 9.99973424932e-05 9.41383591829e-05
6820 9.99973424932e-05 9.41383591829e-05
6825 9.99973424932e-05 9.41383591829e-05
6830 9.99973424932e-05 9.41383591829e-05
6835 9.99973424932e-05 9.41383591829e-05
6840 9.99973424932e-05 9.41383591829e-05
6845 9.99973424932e-05 9.41383591829e-05
6850 9.99973424932e-05 9.41383591829e-05
6855 9.99973424932e-05 9.41383591829e-05
6860 9.99973424932e-05 9.41383591829e-05
6865 9.99973424932e-05 9.41383591829e-05
6870 9.99973424932e-05 9.41383591829e-05
6875 9.99973424932e-05 9.41383591829e-05
6880 9.99973424932e-05 9.41383591829e-05
6885 9.99973424932e-05 9.41383591829e-05
6890 9.99973424932e-05 9.41383591829e-05
6895 9.99973424932e-05 9.41383591829e-05
6900 9.99973424932e-05 9.41383591829e-05
6905 9.99973424932e-05 9.41383591829e-05
6910 9.99973424932e-05 9.41383591829e-05
6915 9.99973424932e-05 9.41383591829e-05
6920 9.99973424932e-05 9.41383591829e-05
6925 9.99973424932e-05 9.41383591829e-05
6930 9.99973424932e-05 9.41383591829e-05
6935 9.99973424932e-05 9.41383591829e-05
6940 9.99973424932e-05 9.41383591829e-05
6945 9.99973424932e-05 9.41383591829e-05
6950 9.99973424932e-05 9.41383591829e-05
6955 9.99973424932e-05 9.41383591829e-05
6960 9.99973424932e-05 9.41383591829e-05
6965 9.99973424932e-05 9.41383591829e-05
6970 9.99973424932e-05 9.41383591829e-05
6975 9.99973424932e-05 9.41383591829e-05
6980 9.99973424932e-05 9.41383591829e-05
6985 9.99973424932e-05 9.41383591829e-05
6990 9.99973424932e-05 9.41383591829e-05
6995 9.99973424932e-05 9.41383591829e-05
7000 9.99973424932e-05 9.41383591829e-05
7005 9.99973424932e-05 9.41383591829e-05
7010 9.99973424932e-05 9.41383591829e-05
7015 9.99973424932e-05 9.41383591829e-05
7020 9.99973424932e-05 9.41383591829e-05
7025 9.99973424932e-05 9.41383591829e-05
7030 9.99973424932e-05 9.41383591829e-05
7035 9.99973424932e-05 9.41383591829e-05
7040 9.99973424932e-05 9.41383591829e-05
7045 9.99973424932e-05 9.41383591829e-05
7050 9.99973424932e-05 9.41383591829e-05
7055 9.99973424932e-05 9.41383591829e-05
7060 9.99973424932e-05 9.41383591829e-05
7065 9.99973424932e-05 9.41383591829e-05
7070 9.99973424932e-05 9.41383591829e-05
7075 9.99973424932e-05 9.41383591829e-05
7080 9.99973424932e-05 9.41383591829e-05
7085 9.99973424932e-05 9.41383591829e-05
7090 9.99973424932e-05 9.41383591829e-05
7095 9.99973424932e-05 9.41383591829e-05
7100 9.99973424932e-05 9.41383591829e-05
7105 9.99973424932e-05 9.41383591829e-05
7110 9.99973424932e-05 9.41383591829e-05
7115 9.99973424932e-05 9.41383591829e-05
7120 9.99973424932e-05 9.41383591829e-05
7125 9.99973424932e-05 9.41383591829e-05
7130 9.99973424932e-05 9.41383591829e-05
7135 9.99973424932e-05 9.41383591829e-05
7140 9.99973424932e-05 9.41383591829e-05
7145 9.99973424932e-05 9.41383591829e-05
7150 9.99973424932e-05 9.41383591829e-05
7155 9.99973424932e-05 9.41383591829e-05
7160 9.99973424932e-05 9.41383591829e-05
7165 9.99973424932e-05 9.41383591829e-05
7170 9.99973424932e-05 9.41383591829e-05
7175 9.99973424932e-05 9.41383591829e-05
7180 9.99973424932e-05 9.41383591829e-05
7185 9.99973424932e-05 9.41383591829e-05
7190 9.99973424932e-05 9.41383591829e-05
7195 9.99973424932e-05 9.41383591829e-05
7200 9.99973424932e-05 9.41383591829e-05
7205 9.99973424932e-05 9.41383591829e-05
7210 9.99973424932e-05 9.41383591829e-05
7215 9.99973424932e-05 9.41383591829e-05
7220 9.99973424932e-05 9.41383591829e-05
7225 9.99973424932e-05 9.41383591829e-05
7230 9.99973424932e-05 9.41383591829e-05
7235 9.99973424932e-05 9.41383591829e-05
7240 9.99973424932e-05 9.41383591829e-05
7245 9.99973424932e-05 9.41383591829e-05
7250 9.99973424932e-05 9.41383591829e-05
7255 9.99973424932e-05 9.41383591829e-05
7260 9.99973424932e-05 9.41383591829e-05
7265 9.99973424932e-05 9.41383591829e-05
7270 9.99973424932e-05 9.41383591829e-05
7275 9.99973424932e-05 9.41383591829e-05
7280 9.99973424932e-05 9.41383591829e-05
7285 9.99973424932e-05 9.41383591829e-05
7290 9.99973424932e-05 9.41383591829e-05
7295 9.99973424932e-05 9.41383591829e-05
7300 9.99973424932e-05 9.41383591829e-05
7305 9.99973424932e-05 9.41383591829e-05
7310 9.99973424932e-05 9.41383591829e-05
7315 9.99973424932e-05 9.41383591829e-05
7320 9.99973424932e-05 9.41383591829e-05
7325 9.99973424932e-05 9.41383591829e-05
7330 9.99973424932e-05 9.41383591829e-05
7335 9.99973424932e-05 9.41383591829e-05
7340 9.99973424932e-05 9.41383591829e-05
7345 9.99973424932e-05 9.41383591829e-05
7350 9.99973424932e-05 9.41383591829e-05
7355 9.99973424932e-05 9.41383591829e-05
7360 9.99973424932e-05 9.41383591829e-05
7365 9.99973424932e-05 9.41383591829e-05
7370 9.99973424932e-05 9.41383591829e-05
7375 9.99973424932e-05 9.41383591829e-05
7380 9.99973424932e-05 9.41383591829e-05
7385 9.99973424932e-05 9.41383591829e-05
7390 9.99973424932e-05 9.41383591829e-05
7395 9.99973424932e-05 9.41383591829e-05
7400 9.99973424932e-05 9.41383591829e-05
