Wave Flux FluxNorm
3600 0.786138847855 0.769611826559
3605 0.712285167549 0.697310774457
3610 0.695006568388 0.68039542382
3615 0.730223902088 0.714872382425
3620 0.686811833495 0.672372967092
3625 0.777009768756 0.760674668372
3630 0.728944450784 0.713619829066
3635 0.717573914265 0.702488335687
3640 0.784547766575 0.76805419463
3645 0.717807383623 0.702716896812
3650 0.745316410573 0.729647600638
3655 0.817310855952 0.800128504566
3660 0.828428158215 0.811012087441
3665 0.813965539705 0.796853517007
3670 0.794345684618 0.777646130739
3675 0.812125674542 0.795052331386
3680 0.770189037247 0.753997329312
3685 0.768438429624 0.752283524768
3690 0.814205174796 0.797088114241
3695 0.83549899691 0.817934275675
3700 0.871693791854 0.853368146326
3705 0.731436842689 0.716059823338
3710 0.77952948215 0.763141409753
3715 0.896438155024 0.877592307984
3720 0.745439836395 0.729768431675
3725 0.849763333872 0.83189873304
3730 0.862958175409 0.844816179016
3735 0.641496081981 0.628009890023
3740 0.887063819595 0.868415049499
3745 0.80425532492 0.787347440366
3750 0.658848593512 0.644997599167
3755 0.943274576691 0.923444086111
3760 0.868647964833 0.850386351821
3765 0.911239929135 0.892082903941
3770 0.732612338453 0.717210606618
3775 0.92632079323 0.906846722564
3780 1.06658673388 1.04416384801
3785 1.04866795496 1.02662177613
3790 0.97094914707 0.950536853142
3795 0.805972067888 0.789028092194
3800 0.794911615395 0.778200163936
3805 1.02124866523 0.999778922981
3810 1.08935937661 1.06645774076
3815 0.969301215349 0.94892356594
3820 0.98355155243 0.962874317745
3825 0.904445619738 0.885431431521
3830 0.767919937372 0.751775932794
3835 0.585262925267 0.5729589247
3840 0.761147310892 0.74514568745
3845 1.01869948624 0.997283335451
3850 1.09118480116 1.06824478936
3855 1.08897806787 1.0660844483
3860 1.01954784969 0.998113863732
3865 1.14172546166 1.11772293199
3870 1.09823865258 1.07515034744
3875 1.043935415 1.02198872851
3880 1.01704681827 0.995665411572
3885 0.86508201345 0.846895367544
3890 0.716144868131 0.701089332434
3895 0.944990399145 0.925123836777
3900 1.01702757469 0.995646572554
3905 0.976052582303 0.955532998698
3910 1.1120219152 1.08864384411
3915 1.09158544592 1.06863701135
3920 1.03752383314 1.01571193753
3925 0.996500865881 0.975551397378
3930 0.576327208027 0.56421106332
3935 0.379071540306 0.371102307598
3940 0.875310454512 0.856908775773
3945 1.00623793311 0.985083761938
3950 1.06146498483 1.03914977365
3955 1.05859030189 1.03633552526
3960 0.989708929064 0.968902247659
3965 0.654107262487 0.640355945291
3970 0.423020735512 0.414127557515
3975 0.880353125548 0.86184543458
3980 1.09004284936 1.06712684484
3985 1.1061852816 1.08292991423
3990 1.17273091293 1.1480765547
3995 1.17399341055 1.14931251079
4000 1.19020521961 1.16518349849
4005 1.15364258332 1.12938951964
4010 1.2113114399 1.18584600206
4015 1.21633103397 1.19076006905
4020 1.24222620808 1.21611084811
4025 1.2285254643 1.20269813549
4030 1.1811009441 1.15627062244
4035 1.20115197956 1.17590012437
4040 1.25237038054 1.22604175932
4045 1.13823936682 1.11431012543
4050 1.24686654093 1.2206536271
4055 1.18355075614 1.15866893201
4060 1.20426632698 1.17894899877
4065 1.16342399321 1.13896529465
4070 1.19674217172 1.17158302405
4075 1.17064693082 1.14603638421
4080 1.17200229198 1.14736325157
4085 1.16913099194 1.14455231496
4090 1.199457559 1.17424132567
4095 1.10423596573 1.08102157889
4100 0.823368489129 0.806058787934
4105 0.96301691604 0.94277138165
4110 1.12895776098 1.10522364708
4115 1.2054524855 1.18011022064
4120 1.18267558558 1.15781216019
4125 1.21364483355 1.1881303407
4130 1.19894783215 1.17374231482
4135 1.20678111773 1.181410921
4140 1.26875454496 1.24208147894
4145 1.22502719123 1.19927340672
4150 1.24331173385 1.21717355284
4155 1.19762010605 1.17244250155
4160 1.24382718021 1.21767816296
4165 1.2609228358 1.23441441605
4170 1.21234026852 1.18685320159
4175 1.17331937006 1.14865264068
4180 1.22331899673 1.19760112366
4185 1.20832380357 1.1829211749
4190 1.22544459505 1.19968203545
4195 1.23813822693 1.21210880872
4200 1.18204934987 1.15719908985
4205 1.22683642705 1.20104460692
4210 1.24778808736 1.22155579983
4215 1.21639266037 1.19082039988
4220 1.24152319535 1.21542261484
4225 1.10979144887 1.08646026894
4230 1.22785753943 1.20204425243
4235 1.19576943468 1.1706307369
4240 1.20941293223 1.18398740677
4245 1.21487774449 1.18933733212
4250 1.18233040652 1.15747423785
4255 1.22879376743 1.20296079807
4260 1.18341716406 1.15853814844
4265 1.25821107849 1.2317596681
4270 1.16973307068 1.14514173618
4275 1.18481638011 1.15990794873
4280 1.21360247917 1.18808887674
4285 1.17479527174 1.15009751443
4290 1.09446158215 1.07145268248
4295 1.14501020601 1.12093862106
4300 0.989258646589 0.968461431487
4305 1.02576088038 1.00419627769
4310 1.02149777212 1.00002279288
4315 1.15295260644 1.12871404816
4320 1.2094144061 1.18398884966
4325 1.08682919667 1.06398075288
4330 1.17600211063 1.15127898191
4335 1.08960362972 1.06669685894
4340 0.755311418431 0.739432483137
4345 1.04564325099 1.0236606606
4350 1.12836137468 1.10463979863
4355 1.17734865472 1.15259721756
4360 1.22623550048 1.20045631365
4365 1.25256310554 1.22623043266
4370 1.21980948624 1.19416539371
4375 1.18558397621 1.16065940763
4380 1.23065861321 1.20478643914
4385 1.13197894211 1.10818131382
4390 1.21202237091 1.18654198714
4395 1.19867565339 1.17347585808
4400 1.19914058366 1.1739310141
4405 1.19597403683 1.17083103769
4410 1.24129583831 1.21520003754
4415 1.20155544016 1.176295103
4420 1.2545927482 1.22821740608
4425 1.23488529678 1.20892426502
4430 1.24388302537 1.21773283408
4435 1.20152138864 1.17626176735
4440 1.25137214029 1.22506450511
4445 1.2172188149 1.19162918613
4450 1.23545298358 1.20948001732
4455 1.17196728125 1.14732897687
4460 1.20269201261 1.17740778126
4465 1.22305722648 1.19734485661
4470 1.20823173542 1.1828310423
4475 1.25781572267 1.23137262386
4480 1.20183612862 1.17656989054
4485 1.2488417423 1.22258730375
4490 1.22658339201 1.20079689145
4495 1.24629810462 1.22009714104
4500 1.25834408288 1.23188987633
4505 1.2870901836 1.26003164689
4510 1.2803337361 1.2534172404
4515 1.25863937827 1.23217896372
4520 1.25000591144 1.22372699853
4525 1.22135350091 1.19567694851
4530 1.18997806429 1.16496111867
4535 1.17959834922 1.15479961667
4540 1.26312341602 1.2365687334
4545 1.23961508152 1.21355461534
4550 1.18357020287 1.15868796992
4555 1.20513507118 1.17979947933
4560 1.26483368925 1.23824305151
4565 1.24285075114 1.21672226138
4570 1.24254103984 1.21641906116
4575 1.26081429222 1.23430815439
4580 1.22701100345 1.2012155132
4585 1.21408880969 1.18856498312
4590 1.23209029688 1.20618802449
4595 1.24395048645 1.21779887692
4600 1.23316490699 1.20724004303
4605 1.23933169118 1.21327718274
4610 1.2549774593 1.22859402939
4615 1.24329126825 1.21715351749
4620 1.24294134172 1.21681094747
4625 1.24953570287 1.22326667517
4630 1.2379204713 1.21189563097
4635 1.23637592376 1.21038355451
4640 1.24123437662 1.21513986796
4645 1.2260696204 1.20029392088
4650 1.22520582819 1.1994482882
4655 1.21588400922 1.19032244212
4660 1.25197181499 1.22565157283
4665 1.215433015 1.18988092916
4670 1.20398774958 1.17867627791
4675 1.23604962612 1.21006411662
4680 1.21227453357 1.18678884858
4685 1.22825239289 1.20243080487
4690 1.22292467314 1.19721508994
4695 1.23222959105 1.20632439027
4700 1.19463688668 1.16952199848
4705 1.16244553593 1.1380074075
4710 1.19845194033 1.17325684814
4715 1.20032446099 1.17509000274
4720 1.21412047952 1.18859598716
4725 1.20973724597 1.18430490246
4730 1.18006010226 1.15525166226
4735 1.18835406323 1.16337125903
4740 1.20075119123 1.17550776182
4745 1.20286004613 1.1775722822
4750 1.20053785724 1.17529891276
4755 1.18263206671 1.15776955622
4760 1.19497866081 1.16985658749
4765 1.1765206486 1.15178661864
4770 1.19699571331 1.17183123544
4775 1.20824432117 1.18284336346
4780 1.19883658846 1.1736334098
4785 1.18285484527 1.1579876513
4790 1.18328866262 1.1584123485
4795 1.20606183599 1.18070676074
4800 1.18987771587 1.16486287987
4805 1.17908089168 1.15429303765
4810 1.18518229096 1.16026616703
4815 1.19937304881 1.17415859213
4820 1.19533277749 1.17020325957
4825 1.17535035302 1.15064092622
4830 1.17440488096 1.14971533085
4835 1.17654574771 1.15181119009
4840 1.15307431715 1.12883320014
4845 1.14966645602 1.12549698258
4850 1.11904308279 1.09551740548
4855 1.0334789724 1.01175211202
4860 0.760192795963 0.744211239318
4865 0.945744080475 0.92586167344
4870 1.05921094131 1.03694311695
4875 1.10665718812 1.08339189985
4880 1.13703351233 1.11312962165
4885 1.1315641917 1.10777528272
4890 1.10248378274 1.0793062321
4895 1.17268739815 1.14803395473
4900 1.16719634929 1.14265834437
4905 1.16384841075 1.13938078964
4910 1.14657044703 1.12246606109
4915 1.16684949621 1.14231878319
4920 1.09694165374 1.07388061545
4925 1.13835039656 1.11441882099
4930 1.17062387122 1.14601380939
4935 1.13239494935 1.10858857533
4940 1.13898649325 1.115041545
4945 1.17079746997 1.14618375858
4950 1.17695930339 1.15221605158
4955 1.14429386495 1.12023733966
4960 1.1523093506 1.12808431551
4965 1.15818052693 1.13383206192
4970 1.15124830592 1.1270455772
4975 1.16844517934 1.14388092022
4980 1.12368042666 1.10005725832
4985 1.10277074562 1.07958716215
4990 1.13844950539 1.11451584625
4995 1.15086216756 1.12666755664
5000 1.12489069687 1.10124208499
5005 1.10267681833 1.0794952095
5010 1.12630493689 1.10262659339
5015 1.08830288013 1.06542345504
5020 1.10181880787 1.07865523702
5025 1.12337863906 1.09976181521
5030 1.13028725801 1.10652519405
5035 1.10980268323 1.08647126712
5040 1.06867439875 1.04620762383
5045 1.12958922358 1.10584183442
5050 1.1015172203 1.07835998974
5055 1.13647175281 1.11257967202
5060 1.14570792458 1.12162167147
5065 1.11131714868 1.08795389392
5070 1.11861472277 1.09509805088
5075 1.11365787517 1.09024541124
5080 1.07509820238 1.05249637965
5085 1.11470342085 1.09126897638
5090 1.12970312958 1.10595334577
5095 1.12727210638 1.10357343005
5100 1.10194419231 1.0787779855
5105 1.11954031767 1.09600418697
5110 1.10175589363 1.07859364543
5115 1.1302386029 1.10647756182
5120 1.12803511859 1.10432040142
5125 1.09062669323 1.06769841455
5130 1.09911120102 1.07600455227
5135 1.09755190381 1.07447803622
5140 1.06460747753 1.04222620163
5145 1.09596934856 1.07292875107
5150 1.09303622666 1.07005729229
5155 1.09790353801 1.07482227799
5160 1.10908172955 1.08576547007
5165 1.03502705841 1.01326765257
5170 0.965569270328 0.945270077714
5175 1.04604521529 1.0240541744
5180 1.07500813277 1.05240820357
5185 0.970512573319 0.950109457494
5190 1.05354234577 1.03139369247
5195 1.05635617435 1.03414836584
5200 1.08425411549 1.06145980771
5205 1.04692002063 1.02491058868
5210 1.06828103396 1.04582252876
5215 1.07197361271 1.04943747831
5220 1.1011528425 1.07800327226
5225 1.05097769479 1.02888295823
5230 1.0669615321 1.04453076684
5235 1.06452170473 1.04214223203
5240 1.09310927733 1.07012880721
5245 1.09249336739 1.06952584556
5250 1.08104210769 1.05831532605
5255 1.08529368536 1.06247752267
5260 1.07312138327 1.05056111927
5265 1.0037395978 0.982637949214
5270 0.9994174833 0.978406698659
5275 1.04845599254 1.0264142698
5280 1.07338740939 1.0508215527
5285 1.06531852931 1.04292230495
5290 1.09235213612 1.0693875834
5295 1.07584449641 1.05322698431
5300 1.063193522 1.04084197172
5305 1.07935069456 1.05665947155
5310 1.08670452819 1.0638587053
5315 1.06543067043 1.04303208851
5320 1.07493253151 1.05233419168
5325 1.0368675665 1.0150694676
5330 1.03449215163 1.01274399116
5335 1.06277958237 1.04043673437
5340 1.04004644732 1.01818151871
5345 1.05837529573 1.03612503918
5350 1.05219447444 1.03007415749
5355 1.07313571636 1.05057515103
5360 1.07060447905 1.048097128
5365 1.03678702866 1.01499062291
5370 1.0212241522 0.999754925284
5375 1.06682426875 1.04439638917
5380 1.05563512502 1.03344247516
5385 1.05666529123 1.03445098415
5390 1.05254411337 1.03041644594
5395 1.03973036874 1.01787208506
5400 1.03870772061 1.0168709361
5405 1.00893512249 0.987724248227
5410 1.02097491125 0.999510924136
5415 1.0318751564 1.01018201309
5420 1.04074443157 1.01886482921
5425 1.02547397231 1.0039154013
5430 1.0191063454 0.997681641204
5435 1.02075883326 0.999299388763
5440 1.05216600028 1.03004628193
5445 1.01893675281 0.997515613958
5450 1.04509612369 1.02312503558
5455 1.01053676747 0.98929222177
5460 1.02885342825 1.00722381083
5465 1.02021280445 0.998764839134
5470 1.03900479376 1.01716176386
5475 1.00545002907 0.984312422032
5480 1.01998391319 0.998540759856
5485 1.03076813471 1.00909826436
5490 1.02664157315 1.00505845562
5495 1.02384387033 1.002319569
5500 1.01913826254 0.99771288735
5505 1.01900771674 0.997585086019
5510 1.02082478876 0.999363957674
5515 1.02150613384 1.00003097882
5520 1.03076855046 1.00909867136
5525 1.00901261143 0.987800108113
5530 0.997905630434 0.976926629522
5535 1.013527522 0.99222010158
5540 1.02323355321 1.0017220826
5545 1.01515374329 0.993812134767
5550 1.02147448977 1.0
5555 1.01210972473 0.990832110704
5560 1.01451503517 0.993186854229
5565 1.00099324332 0.979949331427
5570 0.991379414875 0.970537614795
5575 0.992147845495 0.971289890674
5580 1.00216837537 0.981099758638
5585 0.985460275273 0.964742913448
5590 0.969262866294 0.948886023099
5595 0.978663609575 0.958089134263
5600 0.967777335187 0.947431722358
5605 0.991418273927 0.970575656912
5610 1.00501020071 0.983881840195
5615 0.968411092825 0.94805215649
5620 0.994005755884 0.973108742156
5625 0.98118295984 0.96055552015
5630 0.997427009975 0.976458071117
5635 0.986741840797 0.96599753658
5640 0.982887528502 0.962224253612
5645 0.987966145917 0.967196103096
5650 0.988167581606 0.967393303996
5655 0.972055984663 0.951620421653
5660 0.960995237971 0.940792205381
5665 0.97642064104 0.955893319725
5670 0.982071036059 0.961424926314
5675 0.98202391464 0.96137879553
5680 0.975746130528 0.955232989468
5685 0.958912243397 0.938753001666
5690 0.963331889218 0.943079733137
5695 0.973349748529 0.952886986682
5700 0.965920390746 0.945613816518
5705 0.962702170607 0.94246325312
5710 0.933375400543 0.913753020649
5715 0.960148051803 0.939962829634
5720 0.964607543781 0.944328569575
5725 0.967912096247 0.947563650332
5730 0.964680724771 0.944400212078
5735 0.963989337415 0.94372335978
5740 0.962205762334 0.941977280853
5745 0.959331751811 0.939163690742
5750 0.953950472337 0.933895542073
5755 0.947745440826 0.927820959131
5760 0.953396311817 0.933353031686
5765 0.952544625108 0.932519250014
5770 0.955065056776 0.934986694569
5775 0.951077662371 0.93108312728
5780 0.949079474423 0.929126947298
5785 0.947353044718 0.927436812379
5790 0.949373831304 0.929415115906
5795 0.954432511138 0.934367446957
5800 0.957838285093 0.937701621221
5805 0.95597122808 0.935873815406
5810 0.959928777332 0.939748164977
5815 0.958540857356 0.938389423286
5820 0.963073939191 0.942827206001
5825 0.962101747475 0.941875452701
5830 0.961314161673 0.94110442434
5835 0.961624440842 0.941408180501
5840 0.961316538795 0.941106751488
5845 0.961476477241 0.941263327543
5850 0.958181062135 0.938037192051
5855 0.940929337144 0.921148150607
5860 0.937813608731 0.918097924249
5865 0.948554167618 0.928612684034
5870 0.950323761838 0.93034507602
5875 0.946730882741 0.926827730132
5880 0.940524515192 0.92075183924
5885 0.926451221149 0.906974408493
5890 0.856835513525 0.838822234042
5895 0.876679606347 0.858249143887
5900 0.913616834974 0.894409840015
5905 0.930478247614 0.910916774656
5910 0.926337701658 0.906863275525
5915 0.915609413071 0.896360528081
5920 0.915469874085 0.896223922627
5925 0.922287419146 0.902898142227
5930 0.915922380015 0.896666915511
5935 0.924559046067 0.905122012666
5940 0.908987085881 0.88987742228
5945 0.902359824462 0.883389485983
5950 0.904101727041 0.88509476849
5955 0.911119478891 0.891964985926
5960 0.915598892937 0.896350229112
5965 0.908010992639 0.888921849476
5970 0.908264598867 0.889170124133
5975 0.900134993475 0.881211427687
5980 0.906167265897 0.887116883458
5985 0.894316178125 0.875514941472
5990 0.898097226796 0.87921650104
5995 0.900863732706 0.88192484661
6000 0.893247177224 0.874468414209
6005 0.890261801595 0.871545800224
6010 0.890314562345 0.871597451783
6015 0.886586915556 0.867948171428
6020 0.877114586518 0.858674979456
6025 0.878335348452 0.859870077274
6030 0.886553930815 0.867915880126
6035 0.889669259609 0.870965715267
6040 0.887549116415 0.868890143908
6045 0.886999691363 0.868352269436
6050 0.886929677422 0.868283727401
6055 0.882045474562 0.863502205289
6060 0.88963240603 0.870929636462
6065 0.880337175677 0.861829820024
6070 0.887926221642 0.869259321241
6075 0.881908570669 0.863368179531
6080 0.875212190341 0.856812577413
6085 0.878073751724 0.859613980102
6090 0.876074061733 0.857656329656
6095 0.876495443577 0.858068852777
6100 0.870530107437 0.852228926082
6105 0.863796098597 0.845636486518
6110 0.8739085496 0.855536343152
6115 0.874495657401 0.856111108167
6120 0.864112870431 0.845946598848
6125 0.866787508538 0.848565007955
6130 0.872807844478 0.854458778187
6135 0.855881151835 0.837887935927
6140 0.856851921941 0.838838297503
6145 0.868915428518 0.850648192608
6150 0.869600490215 0.851318852232
6155 0.861602606676 0.843489108446
6160 0.84903967056 0.831190283324
6165 0.854059872534 0.836104945437
6170 0.847901963487 0.830076494302
6175 0.864361054578 0.846189565412
6180 0.868408208002 0.850151635405
6185 0.869084630887 0.850813837831
6190 0.854856130808 0.836884463948
6195 0.863107976342 0.844962830679
6200 0.861385196232 0.843276268629
6205 0.864335422026 0.846164471734
6210 0.860981244156 0.842880808849
6215 0.853850872827 0.835900339537
6220 0.849720670231 0.831856966318
6225 0.855175165783 0.837196791841
6230 0.83954959887 0.821899721704
6235 0.848153331917 0.830322578206
6240 0.846015159205 0.828229356365
6245 0.829617559224 0.812176483635
6250 0.839892516685 0.822235430348
6255 0.823751159577 0.806433413489
6260 0.839194287654 0.821551880207
6265 0.839682744523 0.822030068233
6270 0.840097424011 0.822436029901
6275 0.805952448196 0.789008884968
6280 0.787895161353 0.771331217024
6285 0.824373310444 0.807042484859
6290 0.811422072397 0.79436352109
6295 0.810557935372 0.793517550844
6300 0.80023023276 0.783406967844
6305 0.811800764151 0.794734251596
6310 0.814501875078 0.797378576984
6315 0.810044446235 0.793014856805
6320 0.807894165235 0.79090978123
6325 0.821224198271 0.803959576569
6330 0.81750434714 0.800317927984
6335 0.809041291254 0.792032791182
6340 0.814870691945 0.797739640202
6345 0.811130107143 0.794077693831
6350 0.816428527075 0.799264724916
6355 0.815842144963 0.798690670334
6360 0.814462027124 0.797339566755
6365 0.818465738762 0.801259108239
6370 0.815435571671 0.798292644445
6375 0.822442703706 0.805152465326
6380 0.819277219421 0.802053529115
6385 0.819840131539 0.802604607114
6390 0.819650158719 0.802418628099
6395 0.808774569015 0.791771676253
6400 0.802221516277 0.785356388545
6405 0.81451364717 0.797390101591
6410 0.802436618396 0.785566968566
6415 0.806757469138 0.789796981929
6420 0.799986987853 0.783168836682
6425 0.813172877138 0.796077518609
6430 0.804247901339 0.787340172852
6435 0.809187326893 0.79217575671
6440 0.795215622313 0.778497779707
6445 0.811125641726 0.79407332229
6450 0.79528370314 0.778564429268
6455 0.794352968489 0.777653261481
6460 0.791259634793 0.774624959035
6465 0.791397967361 0.774760383434
6470 0.791524392394 0.774884150628
6475 0.78582395148 0.76930355026
6480 0.78662791029 0.770090607419
6485 0.791615844492 0.774973680126
6490 0.785096344788 0.768591240066
6495 0.753664951746 0.737820630172
6500 0.78419312234 0.767707006091
6505 0.794458858064 0.777756924936
6510 0.79210621317 0.775453739768
6515 0.767458982303 0.751324668398
6520 0.777258172563 0.760917849978
6525 0.777235910281 0.760896055717
6530 0.775484207797 0.759181179328
6535 0.773958402422 0.757687451007
6540 0.767164650039 0.75103652389
6545 0.751849499229 0.736043343969
6550 0.743983756765 0.728342963252
6555 0.711433208313 0.696476725986
6560 0.574784335457 0.562700626607
6565 0.568178508259 0.556233673919
6570 0.706188696054 0.69134246927
6575 0.740452840368 0.72488627742
6580 0.754953506044 0.739082095153
6585 0.756036806464 0.740142621315
6590 0.760699582247 0.744707371418
6595 0.75857851039 0.74263089092
6600 0.765207944304 0.74912095404
6605 0.763968144123 0.747907218217
6610 0.762953640663 0.746914042694
6615 0.766590717187 0.750474656846
6620 0.766706786775 0.750588286299
6625 0.764765633751 0.748687942196
6630 0.761879621551 0.745862602719
6635 0.760169210685 0.744188149874
6640 0.760393120302 0.744407352232
6645 0.756268831632 0.74036976861
6650 0.757743712695 0.741813643203
6655 0.759804916861 0.74383151461
6660 0.75680768349 0.740897292169
6665 0.754467095786 0.738605910713
6670 0.756261379721 0.740362473361
6675 0.749707138967 0.733946022613
6680 0.74836133502 0.732628511544
6685 0.752604730526 0.736782698015
6690 0.751223938732 0.735430934649
6695 0.744831908587 0.729173284352
6700 0.744699303642 0.729043467165
6705 0.741516354732 0.725927433488
6710 0.742950262717 0.727331196382
6715 0.735788739902 0.720320230482
6720 0.734881155566 0.719431726319
6725 0.73713769235 0.721640823861
6730 0.727337711682 0.712046868489
6735 0.735090808313 0.719636971531
6740 0.733824285651 0.718397075013
6745 0.731234732451 0.71586196207
6750 0.728636110243 0.713317970777
6755 0.731476372632 0.716098522242
6760 0.732909413178 0.717501435932
6765 0.731513625162 0.716134991611
6770 0.728945627922 0.713620981456
6775 0.733239174346 0.717824264522
6780 0.733971346809 0.7185410445
6785 0.734148946868 0.718714910867
6790 0.737899712589 0.722386824125
6795 0.732649897776 0.717247376331
6800 0.721343356605 0.706178532924
6805 0.732765193262 0.717360247956
6810 0.729150517785 0.713821563914
6815 0.72983807763 0.714494669167
6820 0.725325035971 0.710076505322
6825 0.722174270893 0.706991978875
6830 0.71882767697 0.7037157405
6835 0.715773875953 0.700726139636
6840 0.706341300069 0.691491865086
6845 0.709881149174 0.694957295834
6850 0.70607430938 0.691230487351
6855 0.697636670912 0.682970233618
6860 0.698944192371 0.684250267013
6865 0.702247485615 0.68748411502
6870 0.707611590964 0.692735450616
6875 0.698835584313 0.684143942225
6880 0.691495793422 0.676958455984
6885 0.690840487302 0.676316926385
6890 0.691608380834 0.677068676467
6895 0.690201311459 0.675691187956
6900 0.691130171034 0.676600520087
6905 0.684765233443 0.670369392776
6910 0.683045183816 0.668685503805
6915 0.678021575196 0.663767506665
6920 0.683374960309 0.669008347397
6925 0.680860518702 0.666546766974
6930 0.680843784656 0.666530384728
6935 0.676460561747 0.66223931045
6940 0.673766120364 0.659601514391
6945 0.672312593285 0.658178544857
6950 0.67668259694 0.66245667779
6955 0.674535010466 0.660354240093
6960 0.673973326906 0.659804364824
6965 0.6733589901 0.65920294324
6970 0.672684044095 0.658542186645
6975 0.670417037373 0.656322839275
6980 0.667218346455 0.653191394536
6985 0.675084098871 0.660891784996
6990 0.675701316337 0.661496026679
6995 0.672197785254 0.658066150439
7000 0.673064679326 0.65891481977
7005 0.669898936712 0.65581563066
7010 0.676272299832 0.66205500637
7015 0.667080368985 0.65305631777
7020 0.671472142581 0.657355762974
7025 0.669297437086 0.655226776379
7030 0.674863834928 0.660676151668
7035 0.669092192557 0.655025846713
7040 0.670149402912 0.656060831302
7045 0.674681943233 0.660498083888
7050 0.676566633358 0.662343152114
7055 0.672806588458 0.658662154754
7060 0.671930086286 0.657804079315
7065 0.670538485857 0.656441734544
7070 0.671488080674 0.657371366
7075 0.671739811363 0.657617804547
7080 0.66995823035 0.655873677767
7085 0.667761514054 0.653723143105
7090 0.670365255081 0.656272145604
7095 0.667449458439 0.653417647845
7100 0.668852307688 0.654791004951
7105 0.67022816452 0.656137937102
7110 0.667432563789 0.653401108372
7115 0.668179709558 0.654132546872
7120 0.663879086206 0.649922335658
7125 0.66786416419 0.653823635224
7130 0.661057382513 0.647159952729
7135 0.665993895483 0.651992685234
7140 0.664859627667 0.650882263165
7145 0.657353949923 0.643534377516
7150 0.654838415469 0.641071727221
7155 0.66465554342 0.650682469388
7160 0.659286031227 0.645425840616
7165 0.646194847981 0.63260987372
7170 0.651464574792 0.637768814901
7175 0.651627915349 0.637928721545
7180 0.649432482153 0.635779443008
7185 0.643755219767 0.630221533885
7190 0.64258410621 0.629075040684
7195 0.643151602336 0.629630606322
7200 0.642765948128 0.629253059734
7205 0.639388884168 0.625946991894
7210 0.642065281365 0.62856712311
7215 0.642071167352 0.628572885356
7220 0.641763340745 0.628271530197
7225 0.642617627431 0.629107857188
7230 0.642195395775 0.628694502121
7235 0.631940321993 0.618655021072
7240 0.636781515535 0.623394438052
7245 0.635761786753 0.622396147061
7250 0.632934389453 0.619628190221
7255 0.633050588901 0.619741946805
7260 0.635608538071 0.62224612013
7265 0.633133552366 0.619823166126
7270 0.629705676148 0.616467354255
7275 0.622106627615 0.609028060755
7280 0.628612261627 0.615396926622
7285 0.625114515255 0.61197271348
7290 0.614019507518 0.601110956433
7295 0.619899337077 0.606867174154
7300 0.621797185344 0.608725123899
7305 0.61925710601 0.606238444731
7310 0.618439681178 0.605438204646
7315 0.621125390996 0.608067452704
7320 0.618121214469 0.605126433072
7325 0.614880309216 0.601953661471
7330 0.616214589461 0.603259891101
7335 0.616683438027 0.603718883049
7340 0.617510593153 0.604528648867
7345 0.615379881092 0.602442730832
7350 0.611380808391 0.59852773076
7355 0.609535472651 0.59672118957
7360 0.613362399396 0.600467662716
7365 0.61118297383 0.598334055281
7370 0.609355112838 0.596544621467
7375 0.607388169414 0.594619029156
7380 0.611344903087 0.598492580295
7385 0.601575285385 0.588928349567
7390 0.599943938064 0.587331298112
7395 0.604835912228 0.592120428152
7400 0.603772952811 0.591079815363
