Wave Flux FluxNorm
3600 0.565373633036 0.53941006665
3605 0.452082774561 0.431321846843
3610 0.400136738387 0.381761320498
3615 0.469906735933 0.448327281179
3620 0.39318674483 0.375130490426
3625 0.5537817253 0.52835049231
3630 0.484616126287 0.462361174462
3635 0.436781549333 0.416723297427
3640 0.559798789564 0.534091235858
3645 0.457664407415 0.43664715523
3650 0.470787598937 0.449167692446
3655 0.58303490968 0.556260287204
3660 0.62173997249 0.593187903367
3665 0.582271796783 0.555532218623
3670 0.55109788942 0.525789905813
3675 0.607775407608 0.57986463105
3680 0.53370322788 0.509194056639
3685 0.536320957545 0.511691572707
3690 0.586778464173 0.559831927019
3695 0.601267648714 0.573655726967
3700 0.698575102313 0.666494545342
3705 0.504862788515 0.481678052335
3710 0.5563410023 0.530792240026
3715 0.752758236776 0.718189436056
3720 0.471631744271 0.449973072224
3725 0.604755176455 0.576983097508
3730 0.592307845035 0.565107382974
3735 0.360065788181 0.343530542375
3740 0.587473657616 0.560495195201
3745 0.480475192947 0.458410404567
3750 0.430181332684 0.410426181513
3755 0.695056238724 0.663137277985
3760 0.495805121792 0.473036339448
3765 0.595891029514 0.568526017424
3770 0.634549814336 0.605409480817
3775 0.706828210964 0.674368647754
3780 0.746622238475 0.712335220261
3785 0.710803996489 0.678161853891
3790 0.554046355063 0.528602969521
3795 0.537690261054 0.512997993902
3800 0.560427992825 0.534691544314
3805 0.690054518954 0.658365251422
3810 0.663289655109 0.632829506302
3815 0.51426935273 0.490652640347
3820 0.436677869982 0.416624379328
3825 0.389836859324 0.371934441197
3830 0.40245298612 0.383971199542
3835 0.375906437604 0.358643744091
3840 0.367319030892 0.350450695536
3845 0.53472994484 0.510173623834
3850 0.472802580969 0.451090140769
3855 0.459356159613 0.438261217352
3860 0.375461132782 0.358218888934
3865 0.504756734844 0.48157686895
3870 0.367085923188 0.350228292801
3875 0.484945121272 0.462675061061
3880 0.407013925186 0.388322687306
3885 0.518181188734 0.494384833709
3890 0.581985574394 0.555259140381
3895 0.65273021269 0.622754983534
3900 0.666189698555 0.635596371499
3905 0.601273570045 0.573661376374
3910 0.6859784513 0.654476368396
3915 0.680660457134 0.649402591658
3920 0.572083100783 0.545811416541
3925 0.512039954718 0.488525622638
3930 0.218026960946 0.208014542354
3935 0.134096271462 0.127938189014
3940 0.381114267718 0.363612415823
3945 0.521761629524 0.497800850467
3950 0.657597684536 0.627398927219
3955 0.689300235127 0.657645606455
3960 0.599683220469 0.572144060176
3965 0.285325958218 0.272222978127
3970 0.178491592555 0.170294750605
3975 0.4974877409 0.474641687896
3980 0.75400903529 0.719382794341
3985 0.774364172304 0.73880316553
3990 0.843427615833 0.804695019165
3995 0.822523093025 0.784750491542
4000 0.873049329468 0.832956419401
4005 0.820231188458 0.782563837756
4010 0.905171096975 0.86360306392
4015 0.919043671152 0.876838570006
4020 0.8998059887 0.858484336686
4025 0.901591446945 0.860187801607
4030 0.890321732226 0.849435624263
4035 0.863855988844 0.824185263144
4040 0.959246890738 0.915195543323
4045 0.781743967892 0.7458440599
4050 0.923435400539 0.88102861868
4055 0.84523289989 0.806417399439
4060 0.878269225049 0.837936602519
4065 0.783737147259 0.747745706797
4070 0.903267736763 0.861787111426
4075 0.831179474377 0.793009347224
4080 0.863292181707 0.823647347635
4085 0.88625129303 0.845552111221
4090 1.01103696445 0.964607269441
4095 0.928791567309 0.886138815027
4100 0.810690003823 0.773460811475
4105 0.888990605067 0.848165626252
4110 0.904707053184 0.86316033034
4115 0.966739255927 0.922343837778
4120 0.901506118358 0.860106391551
4125 0.912350127168 0.870452412613
4130 0.849880494998 0.810851563752
4135 0.863599679412 0.823940724171
4140 0.947037983197 0.903547303565
4145 0.84020168952 0.801617236569
4150 0.878105410687 0.837780310979
4155 0.851658926321 0.812548324447
4160 0.92689078933 0.884325326183
4165 0.932580146577 0.889753411953
4170 0.878437439235 0.838097091831
4175 0.799193036263 0.762491817388
4180 0.857412982963 0.818038138431
4185 0.878940555791 0.838577103843
4190 0.87258997958 0.832518164166
4195 0.87485681655 0.834680901531
4200 0.799882753284 0.76314986064
4205 0.847276825341 0.808367462016
4210 0.934197812482 0.891296790035
4215 0.866275679269 0.826493834498
4220 0.98584634518 0.94057347511
4225 0.745289129976 0.711063331898
4230 0.910649424115 0.868829810685
4235 0.867814267994 0.82796176685
4240 0.88072830811 0.840282757488
4245 0.933469366498 0.890601796364
4250 0.832569310492 0.794335358109
4255 0.876679825645 0.83642019286
4260 0.821494530481 0.783769163517
4265 0.958376625087 0.914365242748
4270 0.808168235963 0.771054850372
4275 0.7950712101 0.758559277214
4280 0.847749411903 0.808818346059
4285 0.816043091479 0.778568070111
4290 0.739711356484 0.70574170564
4295 0.79529613083 0.758773868944
4300 0.55754944028 0.531945183094
4305 0.570161379555 0.543977946222
4310 0.521114479141 0.497183419072
4315 0.879740967409 0.839340758281
4320 1.04572056366 0.997698099066
4325 0.741581530193 0.707525995649
4330 0.998309606786 0.952464388271
4335 1.03270896412 0.985284029211
4340 0.762845451363 0.727813417038
4345 0.97947708121 0.934496705869
4350 0.959298730015 0.915245001993
4355 0.926047435402 0.883520701468
4360 0.960438546571 0.916332474928
4365 1.02796242416 0.980755463872
4370 0.942963819653 0.899660237207
4375 0.858413912719 0.818993102644
4380 0.949794477952 0.906177212235
4385 0.758677488677 0.723836859062
4390 0.873337930799 0.833231767337
4395 0.919841405926 0.877599670529
4400 0.925057980942 0.882576685572
4405 0.889281578488 0.848443237346
4410 0.982507799828 0.937388245263
4415 0.970240154511 0.925683965135
4420 1.03897340491 0.99126078905
4425 1.00893117944 0.962598188078
4430 1.00277772135 0.956727314297
4435 0.944954829432 0.90155981415
4440 1.04105282888 0.993244719948
4445 1.01537724663 0.968748233513
4450 1.04656902114 0.998507592961
4455 0.942748655471 0.899454953976
4460 0.928132029153 0.885509564741
4465 1.00911034784 0.962769128552
4470 0.994606540756 0.948931377573
4475 1.13281065903 1.08078876938
4480 1.03977682042 0.992027309432
4485 1.11384970212 1.06269855357
4490 1.03825334159 0.990573793089
4495 1.03789007699 0.990227210634
4500 1.10267970788 1.05204151726
4505 1.18147053587 1.12721404618
4510 1.16665888466 1.11308258815
4515 1.09200479486 1.04185682664
4520 1.10543377941 1.05466911399
4525 1.02473594595 0.977677154726
4530 0.973325684536 0.928627798839
4535 0.976187796821 0.931358474782
4540 1.0947120456 1.04443975272
4545 1.04799614172 0.999869176104
4550 1.00873539935 0.962411398766
4555 1.03195105813 0.984560928423
4560 1.13001235068 1.07811896732
4565 1.04815812507 1.00002372072
4570 1.09767914943 1.04727059869
4575 1.1295723372 1.07769916051
4580 1.03612389961 0.988542141143
4585 1.04267325938 0.994790735674
4590 1.10515746265 1.05440548648
4595 1.04992286266 1.00170741653
4600 1.05603695392 1.00754073132
4605 1.09006629391 1.04000734717
4610 1.14469504536 1.09212739086
4615 1.11871954378 1.06734475825
4620 1.11888709943 1.06750461927
4625 1.1335445967 1.08148900255
4630 1.12356020106 1.07196311877
4635 1.09604126035 1.04570792614
4640 1.09216574148 1.04201038212
4645 1.07816572318 1.02865328452
4650 1.07356825981 1.02426694974
4655 1.05546809982 1.00699800062
4660 1.14076558871 1.08837838604
4665 1.0391171368 0.991397920361
4670 1.01719523188 0.970482731706
4675 1.08929919772 1.03927547821
4680 1.03080964411 0.98347193138
4685 1.07373651157 1.02442747491
4690 1.06205798264 1.01328525727
4695 1.09867545855 1.04822115446
4700 1.02626577869 0.979136733192
4705 1.02441119841 0.977367320522
4710 1.0229458202 0.975969236646
4715 1.05916434393 1.01052450268
4720 1.1054164335 1.05465256465
4725 1.10165396504 1.05106287946
4730 1.01262016517 0.966117765083
4735 1.05936782365 1.01071863803
4740 1.07142390991 1.0222210745
4745 1.09647099415 1.04611792534
4750 1.10570746833 1.05493023434
4755 1.06048348866 1.01178306853
4760 1.07533593433 1.02595344762
4765 1.01378241362 0.96722663978
4770 1.09002349523 1.03996651392
4775 1.12473903589 1.07308781815
4780 1.11776641088 1.06643539592
4785 1.07475847219 1.02540250418
4790 1.0556773701 1.00719766061
4795 1.1267566355 1.07501276384
4800 1.07225744671 1.02301633292
4805 1.08497013905 1.03514522224
4810 1.0845806203 1.0347735913
4815 1.11193996945 1.06087652127
4820 1.12588247773 1.07417874988
4825 1.08533177836 1.03549025404
4830 1.08266601231 1.03294690756
4835 1.09373760903 1.04351006505
4840 1.04877001853 1.00060751429
4845 1.08747893707 1.03753880912
4850 1.07928597552 1.02972209167
4855 1.02307314231 0.976090711762
4860 0.87562715219 0.835415861166
4865 0.981785908348 0.936699505094
4870 1.00019265808 0.954260964488
4875 1.01209460634 0.965616341409
4880 1.06874121389 1.01966157551
4885 1.02185545148 0.974928940764
4890 0.99420138462 0.948544827359
4895 1.1313435128 1.07938899868
4900 1.09303647564 1.0428411297
4905 1.09169052972 1.04155699345
4910 1.02658050598 0.979437007312
4915 1.08522973567 1.03539289745
4920 0.953794876715 0.909993901301
4925 1.03004664357 0.98274397
4930 1.10258470052 1.05195087291
4935 1.02917534578 0.981912684684
4940 1.01935668644 0.972544926119
4945 1.10002773173 1.04951132741
4950 1.11283684576 1.06173221046
4955 1.07669660438 1.02725163183
4960 1.08318149549 1.03343871828
4965 1.07995280835 1.03035830165
4970 1.05658855863 1.00806700477
4975 1.1024404519 1.0518132486
4980 1.0213398938 0.974437058957
4985 0.984440955671 0.939232625088
4990 1.05319999831 1.00483405679
4995 1.05485127125 1.00640949857
5000 1.01241893254 0.965925773629
5005 0.988915542155 0.943501725825
5010 1.02519850879 0.978118475361
5015 0.949783890506 0.906167110995
5020 0.998095814461 0.952260413897
5025 1.02273195488 0.975765192626
5030 1.05782412771 1.00924583301
5035 1.04248725222 0.994613270489
5040 0.91593615313 0.873873758056
5045 1.06753364222 1.01850945897
5050 1.0128065146 0.966295556815
5055 1.09279036455 1.04260632073
5060 1.09979990518 1.0492939633
5065 1.02476055421 0.977700632905
5070 1.04725174976 0.999158968743
5075 1.04893297249 1.00076298494
5080 0.956148555571 0.912239492526
5085 1.03476726288 0.987247805034
5090 1.07522537946 1.02584796975
5095 1.07663845409 1.02719615197
5100 1.00275543684 0.956706053151
5105 1.02963174699 0.982348126646
5110 1.0147094676 0.968111120797
5115 1.07204504038 1.02281368089
5120 1.06722523449 1.0182152142
5125 0.976795974056 0.931938722787
5130 0.992841557577 0.947247447444
5135 1.04411645407 0.996167654753
5140 0.985327273316 0.940078240504
5145 0.989619981758 0.944173815556
5150 0.99690181768 0.951121248847
5155 1.01073053666 0.964314913693
5160 1.05692013004 1.00838334948
5165 0.922689806447 0.880317264391
5170 0.846635321134 0.807755417508
5175 0.948446738365 0.904891364686
5180 1.0242812619 0.977243351061
5185 0.863925958854 0.824252019932
5190 1.00328075139 0.957207243763
5195 0.966613438712 0.922223798448
5200 1.02816970843 0.980953229055
5205 0.962696825638 0.918487047394
5210 0.976222335306 0.931391427161
5215 1.00891545032 0.962583181281
5220 1.03774638181 0.990090114337
5225 0.94202786154 0.898767260954
5230 0.996197732401 0.950449497168
5235 0.988901134299 0.943487979618
5240 1.04932574592 1.00113772109
5245 1.05003445644 1.00181388561
5250 0.990917514742 0.945411762132
5255 1.01903205191 0.972235199733
5260 1.04665290739 0.998587626913
5265 0.88997406758 0.849103925368
5270 0.908848361597 0.867111458084
5275 0.987745713927 0.942385619438
5280 1.04643800684 0.998382595216
5285 1.03683135795 0.989217110982
5290 1.09794182948 1.04752121573
5295 1.04369649943 0.995766985628
5300 0.997827126457 0.952004064812
5305 1.07603329331 1.02661878189
5310 1.08945876179 1.03942771465
5315 1.06020577098 1.01151810443
5320 1.05446382123 1.00603984136
5325 0.997529606521 0.951720207838
5330 0.953797719601 0.909996613634
5335 1.04539263179 0.997385226762
5340 0.998422741078 0.952572327114
5345 1.03285562107 0.985423951255
5350 1.02022165106 0.973370169109
5355 1.08190272618 1.0322186737
5360 1.08106712562 1.0314214463
5365 1.0243361514 0.977295719881
5370 0.983498229153 0.938333191254
5375 1.06966414133 1.0205421195
5380 1.04458396077 0.996613692211
5385 1.0525680972 1.00423117437
5390 0.956033459159 0.912129681668
5395 0.985487527681 0.940231135532
5400 1.01188194761 0.965413448571
5405 0.952655617794 0.908906960393
5410 0.983797749032 0.938618956328
5415 1.03248691674 0.985072178876
5420 1.02145007922 0.974542184349
5425 1.01225299067 0.965767452283
5430 0.987540152734 0.9421894982
5435 0.977828153444 0.932923501559
5440 1.06721205566 1.01820264058
5445 1.0064116182 0.960194332261
5450 1.04716516364 0.999076358905
5455 0.997187325277 0.951393645123
5460 1.04680953134 0.998737058248
5465 1.01509697535 0.968480833092
5470 1.0386421417 0.990944738387
5475 0.974702096975 0.929941002501
5480 0.991117426987 0.945602493838
5485 1.02324689272 0.976256483056
5490 1.00861756115 0.962298972033
5495 1.01881529904 0.972028400777
5500 1.01776131799 0.971022821529
5505 1.00507906262 0.958922971423
5510 0.999977475664 0.954055663862
5515 0.989865180272 0.944407753856
5520 1.03924132634 0.991516406767
5525 1.00686034605 0.960622453249
5530 0.987685996738 0.942328644633
5535 1.00499698323 0.958844661351
5540 1.03581448385 0.988246934633
5545 1.01681269665 0.970117763585
5550 1.0481332626 1.0
5555 1.01796455077 0.971216721285
5560 1.02921937574 0.98195469266
5565 0.992705959051 0.947118075989
5570 0.996884523698 0.951104749054
5575 1.00095955672 0.954992644963
5580 1.01119471886 0.964757779324
5585 0.989472977336 0.944033561996
5590 0.943485834587 0.900158279729
5595 0.980574993493 0.935544198896
5600 0.963511542714 0.919264350342
5605 1.00815468452 0.961857352018
5610 1.0365310802 0.98893062284
5615 0.967859383713 0.923412526108
5620 1.00636718433 0.960151938916
5625 0.970226419596 0.925670860966
5630 1.02851117267 0.981279012286
5635 0.999431051409 0.953534332965
5640 0.980521100063 0.935492780405
5645 0.997875593536 0.952050306144
5650 1.00093225799 0.954966599866
5655 0.974749459284 0.929986189798
5660 0.933691665161 0.890813886439
5665 0.974424484407 0.929676138693
5670 0.981646399485 0.936566402875
5675 1.00783737466 0.961554613925
5680 0.993720340285 0.948085873949
5685 0.950765191711 0.907103348056
5690 0.968018093864 0.923563947837
5695 0.991454044313 0.945923652739
5700 0.953685039554 0.909889108175
5705 0.952178402824 0.908451660492
5710 0.894149370334 0.853087486335
5715 0.971714542638 0.927090645162
5720 0.993315257753 0.94769939396
5725 0.995612618505 0.949891253368
5730 0.986558614909 0.941253035385
5735 1.00010245095 0.954174899926
5740 0.994463198442 0.948794617945
5745 0.99229304669 0.946724125738
5750 0.980193875823 0.935180583234
5755 0.952501756629 0.90876016497
5760 0.974260243075 0.92951943979
5765 0.988528550102 0.943132505548
5770 0.994809905863 0.949125403574
5775 0.977816279515 0.932912172916
5780 0.946614001327 0.903142792149
5785 0.939811317077 0.896652506522
5790 0.973916235986 0.929191230486
5795 0.980008177229 0.935003412448
5800 0.99242135794 0.94684654457
5805 0.972160207213 0.927515843552
5810 0.9909238935 0.94541784796
5815 0.986280953392 0.940988124876
5820 1.00740773873 0.961144708101
5825 1.01059709089 0.964187596133
5830 1.00443770393 0.958311065752
5835 0.99981841241 0.953903905246
5840 1.00709536961 0.96084668386
5845 1.00252975373 0.956490734056
5850 0.989991536269 0.944528307227
5855 0.961343685814 0.917196047601
5860 0.963367242155 0.919126676476
5865 0.984757832304 0.939534949844
5870 0.996500362573 0.950738229701
5875 1.00048674737 0.954541548359
5880 0.979789399023 0.93479468116
5885 0.969785548888 0.925250236296
5890 0.850780929892 0.811710648113
5895 0.882196890075 0.841683897989
5900 0.940075589951 0.896904643233
5905 0.969692307911 0.92516127721
5910 0.969939751267 0.925397357263
5915 0.939178691343 0.896048932762
5920 0.958776291574 0.914746555412
5925 0.969175146131 0.924667864971
5930 0.952259412296 0.908528949779
5935 0.958273887445 0.91426722311
5940 0.954485128344 0.910652454611
5945 0.946746941932 0.903269627743
5950 0.936914859201 0.893889062235
5955 0.949332019731 0.905735991412
5960 0.964209221108 0.919929989359
5965 0.962916657442 0.918696783895
5970 0.968192641699 0.923730479938
5975 0.948935189654 0.905357384902
5980 0.953462875997 0.909677147001
5985 0.929050306678 0.886385672348
5990 0.946437926552 0.902974803229
5995 0.951714494463 0.908009056123
6000 0.942024093259 0.898763665723
6005 0.93259704377 0.889769533178
6010 0.932025285583 0.889224031754
6015 0.925695319884 0.883184756096
6020 0.91090092105 0.869069758165
6025 0.924059174584 0.881623747246
6030 0.946463439235 0.902999144298
6035 0.948830219077 0.905257234873
6040 0.942878800373 0.899579122254
6045 0.94940006642 0.905800913203
6050 0.951032622518 0.907358497679
6055 0.933041247134 0.890193337459
6060 0.943785427364 0.900444114354
6065 0.912326859417 0.870430213383
6070 0.950927313148 0.907258024415
6075 0.947515509915 0.904002900897
6080 0.921628896315 0.879305074272
6085 0.918560797751 0.876377871526
6090 0.919068003208 0.876861784665
6095 0.935385260859 0.892429707403
6100 0.927953002305 0.885338759315
6105 0.917700413815 0.875556998869
6110 0.93394592969 0.891056474418
6115 0.936837244852 0.893815012158
6120 0.915372251252 0.873335752158
6125 0.921079476035 0.878780884935
6130 0.923154703284 0.880760811842
6135 0.893209938024 0.852191195431
6140 0.896290408814 0.855130202235
6145 0.923261567178 0.880862768242
6150 0.91372974415 0.871768673657
6155 0.912836433984 0.870916386836
6160 0.885297954438 0.84464255265
6165 0.879977648307 0.839566570119
6170 0.879800704855 0.839397752414
6175 0.911356257803 0.869504184558
6180 0.92256073472 0.880194120005
6185 0.93062591498 0.887888924233
6190 0.890233394427 0.849351343188
6195 0.929564758316 0.886876498903
6200 0.913600327102 0.871645199807
6205 0.939298139595 0.89616289561
6210 0.932869166719 0.890029159467
6215 0.892457501081 0.851473312534
6220 0.894761562432 0.85367156483
6225 0.921914397349 0.879577464285
6230 0.878306421638 0.837972090935
6235 0.917878839428 0.87572723067
6240 0.893904228396 0.852853602013
6245 0.867243230803 0.827416953312
6250 0.903236962208 0.861757750125
6255 0.856375150059 0.817047965768
6260 0.878118081875 0.83779240027
6265 0.902711034235 0.861255974262
6270 0.903927093798 0.862416188909
6275 0.89888303 0.857603762877
6280 0.837763760032 0.799291263742
6285 0.897474527288 0.856259942618
6290 0.898828861978 0.857552082404
6295 0.88817224383 0.847384846493
6300 0.85614647343 0.816829790621
6305 0.88824910145 0.847458174592
6310 0.888290356567 0.847497535156
6315 0.859738463254 0.820256826048
6320 0.865604961279 0.825853917787
6325 0.901249478636 0.859861537456
6330 0.899571182302 0.858260313267
6335 0.874586777508 0.834423263451
6340 0.890494506535 0.849600464284
6345 0.887288860584 0.846542030719
6350 0.906450279993 0.864823503213
6355 0.886401980494 0.845695878687
6360 0.872191037639 0.832137542776
6365 0.882948999157 0.842401468082
6370 0.897199655307 0.855997693541
6375 0.908533593584 0.866811145114
6380 0.893879090103 0.852829618142
6385 0.903429141664 0.861941104154
6390 0.899761975484 0.858442344682
6395 0.878410199859 0.838071103365
6400 0.8598499576 0.820363200257
6405 0.894838990291 0.853745436981
6410 0.875175052515 0.834984523195
6415 0.880557661376 0.840119947337
6420 0.861007272734 0.821467368186
6425 0.89723876547 0.856035007653
6430 0.868535909842 0.828650268849
6435 0.88780967129 0.847038924316
6440 0.867997330058 0.828136422182
6445 0.895607168309 0.854478338078
6450 0.840873929001 0.802258604901
6455 0.862497107615 0.822888785608
6460 0.870458114152 0.830484200067
6465 0.858958028898 0.819512231459
6470 0.856982691295 0.817627606981
6475 0.849369396161 0.810363936028
6480 0.856400195259 0.817071860821
6485 0.855394382903 0.816112238231
6490 0.856409282694 0.817080530935
6495 0.776778105394 0.741106243942
6500 0.826420564734 0.788468980258
6505 0.87714280727 0.836861913051
6510 0.876031278192 0.835801428552
6515 0.839756569277 0.801192557515
6520 0.849867547025 0.810839210387
6525 0.865122701741 0.825393804979
6530 0.865661592135 0.825907947993
6535 0.858441461991 0.819019386775
6540 0.871165938807 0.8311595194
6545 0.841889402887 0.803227445335
6550 0.851068983424 0.811985473407
6555 0.826971249971 0.788994376461
6560 0.747855127172 0.7135114912
6565 0.724709387843 0.691428670098
6570 0.834192273637 0.795883790167
6575 0.826918508621 0.788944057144
6580 0.855630426385 0.816337441924
6585 0.846655235229 0.807774417092
6590 0.84966426464 0.810645263308
6595 0.822114346576 0.784360515893
6600 0.846612215487 0.807733372939
6605 0.839654421235 0.801095100402
6610 0.833508685293 0.795231594146
6615 0.852019969971 0.812892787945
6620 0.857638331965 0.818253138766
6625 0.84601995376 0.807168309556
6630 0.843358345723 0.804628930135
6635 0.82864977621 0.790595819997
6640 0.840489077388 0.801891426769
6645 0.82551149792 0.787601660379
6650 0.846502801471 0.807628983526
6655 0.849242878175 0.810243228108
6660 0.844124157546 0.8053595737
6665 0.827693908868 0.789683848804
6670 0.844132647293 0.805367673573
6675 0.838176238699 0.799684800215
6680 0.823946365954 0.786108403727
6685 0.843875725118 0.805122549996
6690 0.842820502766 0.804115786458
6695 0.831974829627 0.793768177498
6700 0.83358654405 0.795305877408
6705 0.824486749142 0.786623970981
6710 0.828756091834 0.790697253306
6715 0.815643194237 0.778186537288
6720 0.818968920744 0.781359536968
6725 0.828549815104 0.79050044939
6730 0.831821492453 0.793621882004
6735 0.827716729693 0.789705621632
6740 0.816567910552 0.779068787998
6745 0.816927722119 0.779412075993
6750 0.805961888327 0.7689498245
6755 0.820148567674 0.782485011154
6760 0.827591416423 0.789586063104
6765 0.819781597348 0.78213489315
6770 0.805872140061 0.76886419773
6775 0.823909684087 0.786073406396
6780 0.826923249688 0.788948580487
6785 0.814748115725 0.777332563329
6790 0.825773077416 0.7878512274
6795 0.816847240298 0.779335290126
6800 0.817088699451 0.779565660788
6805 0.812573578025 0.775257886589
6810 0.810375535577 0.773160784506
6815 0.808839945583 0.771695713175
6820 0.809089955911 0.771934242318
6825 0.811336033939 0.77407717405
6830 0.807133701909 0.770067825067
6835 0.810546038499 0.773323457448
6840 0.778955006975 0.743183176006
6845 0.795466297625 0.758936221196
6850 0.806983984244 0.769924982864
6855 0.786118034481 0.750017256901
6860 0.789388159128 0.753137208118
6865 0.805475579871 0.768485848713
6870 0.808522813583 0.77139314478
6875 0.801104642595 0.764315637316
6880 0.798115864941 0.761464112839
6885 0.797326475067 0.760710973995
6890 0.808022793892 0.770916087416
6895 0.800502654128 0.763741293873
6900 0.801434574182 0.764630417506
6905 0.798268254504 0.76160950424
6910 0.798827399718 0.762142971914
6915 0.773474008407 0.737953880493
6920 0.796905369918 0.760309207193
6925 0.787749858989 0.751574143384
6930 0.796421605515 0.759847658628
6935 0.789837547215 0.753565959024
6940 0.794190889968 0.757719383888
6945 0.776038350495 0.740400460693
6950 0.785661830178 0.749582002798
6955 0.786950551439 0.750811542312
6960 0.793261047351 0.75683224229
6965 0.784466392168 0.748441462705
6970 0.785331499488 0.749266841835
6975 0.770385785485 0.735007477557
6980 0.752780251092 0.718210439411
6985 0.789955928365 0.753678903776
6990 0.78650689687 0.750388261623
6995 0.791815918444 0.755453477816
7000 0.774266034674 0.738709534659
7005 0.767656112017 0.732403158464
7010 0.781378696149 0.745495562475
7015 0.759410643728 0.724536345547
7020 0.777172751597 0.741482766868
7025 0.769547419581 0.734207611801
7030 0.784556352114 0.748527291434
7035 0.776953496744 0.741273580822
7040 0.780518673895 0.744675034891
7045 0.791684322303 0.755327924944
7050 0.788918756584 0.752689361874
7055 0.78222933244 0.746307135126
7060 0.773088800833 0.737586362746
7065 0.770169306828 0.734800940215
7070 0.774110592118 0.738561230467
7075 0.78524267742 0.749182098728
7080 0.781194599278 0.745319919857
7085 0.759183987373 0.724320097896
7090 0.768136384803 0.732861375756
7095 0.776338236244 0.740686574835
7100 0.779626818798 0.743824136318
7105 0.780737175323 0.744883502111
7110 0.768253628245 0.732973235046
7115 0.775831090565 0.740202718729
7120 0.768851657419 0.733543801018
7125 0.775521457041 0.739907304458
7130 0.759410680187 0.724536380331
7135 0.778499102192 0.742748207669
7140 0.775851801726 0.740222478775
7145 0.76713703579 0.731907919694
7150 0.751326219283 0.716823180882
7155 0.770601545981 0.735213329716
7160 0.766428783516 0.73123219238
7165 0.743575100765 0.709428015787
7170 0.776976835279 0.741295847584
7175 0.769882481142 0.734527286382
7180 0.755161890993 0.720482707629
7185 0.76471275076 0.729594964733
7190 0.751749927919 0.717227431611
7195 0.750417280279 0.715955982944
7200 0.752556995493 0.717997436345
7205 0.754656590121 0.720000611612
7210 0.749178676103 0.714774258997
7215 0.755271090514 0.720586892397
7220 0.752807358752 0.71823630221
7225 0.754174079728 0.71954025947
7230 0.768190058862 0.73291258495
7235 0.769866718655 0.734512247753
7240 0.766575397183 0.73137207313
7245 0.760301804075 0.725386581273
7250 0.752922735204 0.718346380247
7255 0.75899645438 0.724141176952
7260 0.750242742677 0.715789460605
7265 0.762365043628 0.727355070994
7270 0.763875045743 0.728795729514
7275 0.763388071119 0.728331118151
7280 0.766153673845 0.730969716528
7285 0.746853045149 0.712555427635
7290 0.716559531215 0.683653078082
7295 0.743349708593 0.709212974265
7300 0.750405918812 0.715945143228
7305 0.755096846206 0.720420649884
7310 0.738670099571 0.704748266209
7315 0.753314854374 0.718720492189
7320 0.748952195521 0.714558179047
7325 0.734447886497 0.700719949176
7330 0.744827833697 0.710623219657
7335 0.753082277505 0.718498595912
7340 0.753176787233 0.718588765484
7345 0.735279563762 0.701513433453
7350 0.741262777441 0.707221880931
7355 0.721587462152 0.68845011212
7360 0.735845186617 0.702053081298
7365 0.736659423579 0.70282992618
7370 0.749677493814 0.715250169579
7375 0.744203990536 0.71002802515
7380 0.75081735847 0.716337688406
7385 0.719442455055 0.686403609854
7390 0.719034444254 0.68601433607
7395 0.72727305557 0.693874606906
7400 0.724145394322 0.690890576765
