Wave Flux FluxNorm
3600 0.0707733233804 0.0648581129249
3605 0.0412361459803 0.037789642832
3610 0.0400176441802 0.0366729830007
3615 0.0614642160793 0.0563270576667
3620 0.0476437707078 0.0436617204498
3625 0.0816574309569 0.0748325304677
3630 0.0646361581775 0.0592338899161
3635 0.0577559676423 0.0529287433811
3640 0.0853412893772 0.0782084932459
3645 0.0648023924993 0.0593862304294
3650 0.0585808595237 0.0536846910778
3655 0.0877998478584 0.0804615662399
3660 0.104383574322 0.095659230449
3665 0.0959345402618 0.0879163638007
3670 0.0842174688407 0.0771786012501
3675 0.0960744631988 0.088044592026
3680 0.0716088595863 0.065623815297
3685 0.0728578985777 0.0667684600315
3690 0.0792512638381 0.0726274699837
3695 0.0871726158626 0.0798867580824
3700 0.105387561945 0.0965793051252
3705 0.0602369973659 0.0552024094787
3710 0.0667408771866 0.0611626972215
3715 0.0953184468523 0.0873517632702
3720 0.043635217111 0.0399882004082
3725 0.0647525723773 0.0593405742564
3730 0.058706323139 0.0537996684866
3735 0.0327616785003 0.0300234684806
3740 0.0569162390759 0.0521591990446
3745 0.0429484498697 0.0393588329408
3750 0.0417090013568 0.0382229771159
3755 0.0755659323907 0.0692501572934
3760 0.0549939643349 0.0503975873769
3765 0.0575269175104 0.0527188371819
3770 0.084383809563 0.0773310392711
3775 0.094703809782 0.0867884973587
3780 0.102243954573 0.093698439396
3785 0.0957738952631 0.0877691454567
3790 0.0641873561165 0.0588225985797
3795 0.064579816838 0.0591822575667
3800 0.0641082615682 0.058750114727
3805 0.0903883841744 0.0828337535653
3810 0.089214600717 0.0817580745326
3815 0.0619659643802 0.0567868700142
3820 0.045703224058 0.0418833640332
3825 0.0414013617015 0.037941049879
3830 0.0542199636343 0.0496882773934
3835 0.0509808614971 0.0467198983184
3840 0.0500187818798 0.0458382289904
3845 0.0757736652462 0.0694405279071
3850 0.0674310181292 0.0617951564173
3855 0.0674800894258 0.0618401263516
3860 0.0528694354995 0.0484506259438
3865 0.070763394869 0.0648490142351
3870 0.069601345477 0.0637840885387
3875 0.0692996639377 0.0635076214406
3880 0.0681912606583 0.0624918581327
3885 0.0681482172227 0.0624524122529
3890 0.0812772526268 0.0744841273139
3895 0.09259178156 0.0848529917418
3900 0.0885520194695 0.0811508716018
3905 0.0881331772042 0.0807670360316
3910 0.110054059215 0.100855778131
3915 0.106614485923 0.0977036832121
3920 0.0790592796019 0.072451531725
3925 0.0718113068572 0.0658093420935
3930 0.0375884840421 0.0344468512461
3935 0.0272391215937 0.0249624850144
3940 0.0598862638438 0.0548809901459
3945 0.0717483887444 0.0657516826553
3950 0.105219815746 0.0964255790968
3955 0.116980599378 0.107203400407
3960 0.080695876754 0.0739513426401
3965 0.0482640813363 0.0442301857255
3970 0.0372657411425 0.0341510830891
3975 0.0883035642525 0.080923182188
3980 0.134541269204 0.123296355383
3985 0.155119337025 0.142154515247
3990 0.163963622836 0.150259598639
3995 0.1762554805 0.161524106993
4000 0.197344409867 0.180850430769
4005 0.184801977546 0.169356290703
4010 0.212884496629 0.195091682329
4015 0.241650125496 0.221453089655
4020 0.242681312316 0.222398090229
4025 0.219867392154 0.201490949806
4030 0.197141682417 0.18066464721
4035 0.177135987894 0.162331021876
4040 0.247203225972 0.226542063869
4045 0.157845020722 0.144652387222
4050 0.24363910007 0.223275826406
4055 0.228449125623 0.209355424891
4060 0.21539107434 0.197388761122
4065 0.183022523486 0.167725562812
4070 0.227317400078 0.208318288585
4075 0.21631410231 0.198234642726
4080 0.246362182511 0.225771314537
4085 0.271895242304 0.249170329819
4090 0.317388400526 0.290861185248
4095 0.25992384828 0.238199500863
4100 0.208723044319 0.191278042797
4105 0.258620858304 0.237005414349
4110 0.254618212856 0.233337308655
4115 0.250370773077 0.229444868457
4120 0.231847324268 0.212469603241
4125 0.275531480327 0.252502652297
4130 0.223130193421 0.204481047246
4135 0.229294955618 0.210130560701
4140 0.246428616422 0.225832195924
4145 0.194847605395 0.178562308371
4150 0.225791459058 0.2069198852
4155 0.230966774258 0.211662649303
4160 0.277612544441 0.254409781775
4165 0.262525546877 0.24058375037
4170 0.240823024907 0.220695117854
4175 0.212450390597 0.194693858733
4180 0.25524610406 0.233912720924
4185 0.28321094947 0.259540274004
4190 0.270131308668 0.24755382516
4195 0.271082507334 0.248425522964
4200 0.214269476465 0.196360906019
4205 0.255837467115 0.234454658055
4210 0.300538649229 0.275419730472
4215 0.253231261341 0.232066278079
4220 0.314635796974 0.288338643371
4225 0.131151462584 0.120189867654
4230 0.193273790294 0.177120032204
4235 0.261240928143 0.239406499636
4240 0.306526398228 0.280907025432
4245 0.404076192647 0.370303640993
4250 0.277271222717 0.254096987606
4255 0.242611876799 0.222334458109
4260 0.281523967815 0.257994289705
4265 0.403441146389 0.369721671687
4270 0.264569876825 0.242457215912
4275 0.224985828302 0.20618158879
4280 0.346786871432 0.317802541889
4285 0.32232770517 0.295387664479
4290 0.224521323528 0.205755907168
4295 0.314985378174 0.288659006692
4300 0.242288112368 0.2220377538
4305 0.239291774556 0.21929184889
4310 0.249313509396 0.228475970518
4315 0.413783465671 0.379199583418
4320 0.447534683354 0.410129885731
4325 0.290227467974 0.265970354262
4330 0.46225088444 0.423616111702
4335 0.508643636169 0.466131372917
4340 0.349672565754 0.320447050854
4345 0.45800241526 0.419722728141
4350 0.475219686932 0.435500986064
4355 0.450010061964 0.412398373033
4360 0.458837368975 0.420487896707
4365 0.539041648559 0.493988729702
4370 0.469609224363 0.430359444061
4375 0.399443124284 0.366057802919
4380 0.415137120748 0.380440100461
4385 0.269564127254 0.247034048578
4390 0.392335846101 0.359544548645
4395 0.441043299349 0.404181049408
4400 0.47050588069 0.431181158154
4405 0.298022298004 0.273113695031
4410 0.445733587977 0.408479325297
4415 0.401703223784 0.368129004067
4420 0.503467936023 0.46138825604
4425 0.466368191355 0.427389295497
4430 0.464843774936 0.425992289287
4435 0.412881466213 0.37837297277
4440 0.528854864413 0.484653353533
4445 0.524662096494 0.48081101574
4450 0.550221159033 0.504233860468
4455 0.437551920067 0.400981478426
4460 0.393728331519 0.360820650602
4465 0.494764844999 0.453412566423
4470 0.497903989161 0.456289341977
4475 0.593576401656 0.543965486561
4480 0.554175586837 0.507857778532
4485 0.640399585189 0.586875204234
4490 0.540255571513 0.495101193386
4495 0.489197225849 0.448310287001
4500 0.612596799641 0.561396166109
4505 0.69145354697 0.63366209314
4510 0.657033179177 0.602118568057
4515 0.596587429557 0.546724853768
4520 0.640044066201 0.586549399404
4525 0.538529350275 0.493519249135
4530 0.452590892626 0.41476349874
4535 0.496313208124 0.454831517882
4540 0.578183900296 0.529859485264
4545 0.576713397874 0.528511886938
4550 0.594573207562 0.544878979766
4555 0.574159484031 0.526171428351
4560 0.691337551654 0.633555792674
4565 0.615853767318 0.564380917528
4570 0.66417428183 0.608662819764
4575 0.668706125261 0.612815893252
4580 0.589864664154 0.540563974825
4585 0.630242401402 0.577566954437
4590 0.685461040179 0.628170438042
4595 0.589193896262 0.539949269487
4600 0.627600331553 0.575145707893
4605 0.618339688099 0.56665906589
4610 0.757520448087 0.694207144985
4615 0.753302989605 0.690342180257
4620 0.763044169182 0.699269195337
4625 0.739302639775 0.677511974936
4630 0.745214314899 0.68292955425
4635 0.68159542833 0.624627912725
4640 0.607788341704 0.556989597462
4645 0.582770516702 0.534062753821
4650 0.640962615207 0.587391176394
4655 0.658529633595 0.603489949321
4660 0.789383854078 0.723407418269
4665 0.638520461976 0.585153137505
4670 0.64074472605 0.587191498339
4675 0.695284665398 0.637173007984
4680 0.661498695568 0.606210858097
4685 0.688879948647 0.631303595295
4690 0.667372099291 0.611593364722
4695 0.713684097332 0.654034621614
4700 0.641079887995 0.587498647562
4705 0.672107482823 0.615932966498
4710 0.661567837382 0.606274221062
4715 0.66738638648 0.611606457792
4720 0.779095390471 0.713978860974
4725 0.753850963751 0.690844354909
4730 0.598020639383 0.5480382764
4735 0.705018275556 0.646093086294
4740 0.733175875875 0.671897283892
4745 0.726191837718 0.665496969285
4750 0.747808484998 0.685306904489
4755 0.702745834331 0.644010574939
4760 0.6901848204 0.632499406308
4765 0.612923134219 0.561695225754
4770 0.689297651154 0.631686386368
4775 0.723021043927 0.662591189368
4780 0.697246512003 0.638970884113
4785 0.635958644543 0.582805435908
4790 0.663898195576 0.608409808705
4795 0.785105637105 0.719486773225
4800 0.718577358807 0.658518905948
4805 0.749069730399 0.686462735426
4810 0.723373034101 0.662913760322
4815 0.735463387762 0.673993606309
4820 0.800205477721 0.733324574264
4825 0.719352406823 0.659229175713
4830 0.724821762747 0.664241404717
4835 0.743170196718 0.681056282776
4840 0.712485899929 0.652936569145
4845 0.738552909133 0.676824906527
4850 0.741158692835 0.679212899708
4855 0.696572118234 0.638352855948
4860 0.653009421885 0.59843111504
4865 0.681807325525 0.624822099624
4870 0.682728200992 0.625666008631
4875 0.703237038121 0.644460724082
4880 0.759654342476 0.696162689201
4885 0.683680053375 0.626538305514
4890 0.657530814895 0.60257461155
4895 0.83506781192 0.76527312635
4900 0.800746894475 0.733820739589
4905 0.800469945887 0.73356693827
4910 0.752085830883 0.68922675125
4915 0.825216076246 0.756244795415
4920 0.640423670724 0.586897276709
4925 0.756031858315 0.692842971042
4930 0.882590421287 0.808823812082
4935 0.78615988205 0.720452904733
4940 0.724801042413 0.664222416181
4945 0.853187844384 0.781878692622
4950 0.900199200937 0.824960855879
4955 0.804105673394 0.736898792901
4960 0.759920364358 0.696406477064
4965 0.748435011012 0.68588106567
4970 0.779146460866 0.714025662922
4975 0.849599465763 0.778590229474
4980 0.720561674907 0.660337373579
4985 0.690692723026 0.632964858604
4990 0.764779482074 0.700859471364
4995 0.773422724746 0.708780314733
5000 0.703173327594 0.64440233846
5005 0.667683968325 0.611879167847
5010 0.718810142235 0.658732233416
5015 0.623588436424 0.571469125604
5020 0.690383245125 0.632681246761
5025 0.718615508689 0.658553867276
5030 0.763446974186 0.699638334034
5035 0.7836348729 0.718138934995
5040 0.614579839577 0.563213464237
5045 0.803855248958 0.736669298854
5050 0.705998935413 0.646991782932
5055 0.786585474436 0.720842926251
5060 0.856276105726 0.784708838125
5065 0.715906232341 0.65607103133
5070 0.728015504884 0.667168214965
5075 0.762198257692 0.698493984843
5080 0.639110986999 0.585694306646
5085 0.693083399994 0.635155723599
5090 0.767679677494 0.70351726943
5095 0.765532337694 0.701549403565
5100 0.683450122923 0.626327592571
5105 0.707079884596 0.647982386747
5110 0.668370442354 0.612508266609
5115 0.759191273587 0.695738323454
5120 0.757320038759 0.6940234858
5125 0.626977035468 0.574574506684
5130 0.657713354431 0.602741894494
5135 0.762933083679 0.699167394322
5140 0.710452634683 0.651073243522
5145 0.678712063386 0.621985538449
5150 0.657838666028 0.60285673259
5155 0.684013436098 0.626843824221
5160 0.795407457713 0.728927571147
5165 0.622503192637 0.570474586125
5170 0.482596328371 0.442261090304
5175 0.551141670531 0.505077435926
5180 0.593210882556 0.543630517424
5185 0.552921454155 0.506708465836
5190 0.756815109975 0.693560758793
5195 0.679909082328 0.623082510953
5200 0.787132361335 0.721344104528
5205 0.56012357683 0.513308637531
5210 0.560192613531 0.513371904168
5215 0.804374170149 0.737144848787
5220 0.878997105965 0.805530824841
5225 0.685981910307 0.62864777402
5230 0.841526759209 0.771192237006
5235 0.835922579522 0.766056452764
5240 0.899645255881 0.824453209363
5245 0.864264757182 0.792029800792
5250 0.742793431857 0.680711007795
5255 0.821243877702 0.752604591883
5260 0.899675738021 0.824481143817
5265 0.652699060246 0.598146693322
5270 0.610171953146 0.559173987464
5275 0.838834311701 0.768724823352
5280 0.917319935998 0.840650645688
5285 0.916930418492 0.840293683924
5290 0.992394904092 0.909450873314
5295 0.907677553327 0.831814170103
5300 0.82075305652 0.752154793369
5305 1.01307945623 0.928406617576
5310 1.03785510688 0.951111527712
5315 0.986108211746 0.903689620591
5320 0.962986055162 0.882500006042
5325 0.871321635012 0.798496867157
5330 0.751681829308 0.68885651599
5335 0.980045287021 0.898133433067
5340 0.883435454531 0.809598217734
5345 0.916037783255 0.839475654838
5350 0.911482929499 0.835301494221
5355 1.08858361521 0.997600164454
5360 1.08302939744 0.992510166328
5365 0.999668782153 0.916116803105
5370 0.857742254424 0.78605244661
5375 1.01834470196 0.933231795848
5380 1.04623053595 0.958786941248
5385 1.00186493755 0.918129404577
5390 0.914149107901 0.837744834332
5395 0.878734197746 0.805289890402
5400 0.924713956057 0.847426676049
5405 0.808845028823 0.741242034603
5410 0.853205291454 0.781894681472
5415 1.04443062632 0.957137467456
5420 1.02652098 0.940724703333
5425 1.02088609452 0.935560779675
5430 0.908393341451 0.832470132897
5435 0.864963545527 0.792670184643
5440 1.06378544956 0.974874621112
5445 0.979371128706 0.897515620675
5450 0.946268643445 0.867179829948
5455 0.869200247271 0.796552784287
5460 0.979957611913 0.898053085814
5465 0.968942578104 0.887958684809
5470 0.954091944031 0.874349261714
5475 0.884314655106 0.810403935021
5480 0.922908348782 0.84577198082
5485 0.982001192747 0.899925864853
5490 0.961460937212 0.881102356935
5495 0.969351694584 0.888333607471
5500 0.998510289291 0.915055136685
5505 0.929028197971 0.851380335081
5510 0.963778352101 0.88322608307
5515 0.869914601928 0.797207433422
5520 1.04118736147 0.95416527359
5525 1.02527224973 0.939580341509
5530 0.980111568738 0.898194174979
5535 0.995426214403 0.912228827734
5540 1.04581266092 0.958403992073
5545 1.02227885435 0.936837133107
5550 1.09120232132 1.0
5555 1.03725646518 0.950562920286
5560 1.01732881254 0.932300814122
5565 0.991099043152 0.908263319995
5570 1.01150686272 0.926965460898
5575 1.04070426496 0.953722554129
5580 1.04974708817 0.962009581222
5585 0.972053838567 0.890809907174
5590 0.888821089897 0.814533723515
5595 0.993624196126 0.910577421537
5600 0.93259807761 0.854651845387
5605 1.01373866968 0.929010734187
5610 1.08595385885 0.995190202249
5615 0.987608572434 0.90506458164
5620 0.986620598695 0.904159182412
5625 0.937874207003 0.859486997667
5630 1.03875886586 0.951939750825
5635 1.03221734677 0.945944969688
5640 0.983672200818 0.901457210633
5645 0.995846481381 0.912613968941
5650 1.03190491445 0.945658650355
5655 1.05007405322 0.962309218647
5660 0.956873761294 0.87689857563
5665 1.02346601536 0.937925071598
5670 1.01169187194 0.927135007108
5675 1.10853908878 1.01588776629
5680 1.07084595648 0.981345013255
5685 1.05494349595 0.966771675004
5690 1.06356793566 0.974675286951
5695 1.10844134289 1.01579818996
5700 0.997854937793 0.914454559244
5705 1.00371855951 0.919828101435
5710 0.92357715615 0.846384889494
5715 1.06304195065 0.974193263594
5720 1.1113235535 1.01843950639
5725 1.11002989426 1.01725397075
5730 1.07228271269 0.982661685863
5735 1.09857070376 1.00675253552
5740 1.08031144124 0.990019375992
5745 1.10957934867 1.01684108161
5750 1.08280752176 0.992306834948
5755 1.06076864133 0.972109956692
5760 1.07204738856 0.982446030048
5765 1.12037027657 1.0267301074
5770 1.13885708268 1.04367179251
5775 1.09866659331 1.00684041065
5780 1.02460771719 0.938971350378
5785 0.938490012992 0.8600513348
5790 1.04556804592 0.958179821919
5795 1.13788095282 1.04277724725
5800 1.15245152691 1.05613001768
5805 1.13070600471 1.03620197888
5810 1.14985132423 1.05374713905
5815 1.11126165065 1.01838277736
5820 1.18263350501 1.08378939624
5825 1.15997563497 1.06302526333
5830 1.18538665041 1.08631243469
5835 1.14551291387 1.04977133157
5840 1.1646782289 1.06733481604
5845 1.16553910343 1.06812373897
5850 1.1208129917 1.02713582055
5855 1.07635511603 0.986393719106
5860 1.08140156354 0.99101838624
5865 1.07879739924 0.988631877116
5870 1.13533811649 1.04044694032
5875 1.12705982293 1.03286054374
5880 1.03755734883 0.950838656183
5885 1.02068612685 0.935377525238
5890 0.609096778106 0.558188675192
5895 0.694856100153 0.636780262078
5900 0.958961941727 0.878812226648
5905 1.05566820239 0.967435810716
5910 1.09770330312 1.00595763193
5915 1.02313663488 0.937623220626
5920 1.07502846645 0.985177950453
5925 1.08176535755 0.99135177447
5930 1.10251583482 1.01036793386
5935 1.07607538585 0.986137368686
5940 1.08651944175 0.995708513914
5945 1.11030868957 1.01750946444
5950 1.09789280574 1.00613129599
5955 1.08055423821 0.990241880073
5960 1.12165066504 1.02790348143
5965 1.12445418614 1.03047268518
5970 1.16226190918 1.06512045151
5975 1.13691271025 1.04188993006
5980 1.1022562277 1.01013002462
5985 1.07229938689 0.98267696644
5990 1.1374077245 1.04234357119
5995 1.16540251926 1.06799857046
6000 1.11618501123 1.02289464513
6005 1.11874337745 1.02523918396
6010 1.10885079283 1.01617341822
6015 1.09028533365 0.999159653842
6020 1.09083302347 0.999661567932
6025 1.14735657459 1.05146089975
6030 1.18047818902 1.08181422084
6035 1.20759169988 1.10666159362
6040 1.18517810013 1.08612131496
6045 1.23822187763 1.13473171147
6050 1.23390346757 1.13077423265
6055 1.18010919825 1.08147607019
6060 1.18440348119 1.08541143841
6065 1.14107109349 1.04570075704
6070 1.27266132573 1.16629272213
6075 1.25815435067 1.15299823514
6080 1.18191718629 1.0831329472
6085 1.1821885909 1.08338166791
6090 1.15179240801 1.05552598771
6095 1.2027781397 1.10225034918
6100 1.20294456456 1.1024028643
6105 1.15699267873 1.06029162156
6110 1.20882623424 1.10779294601
6115 1.24711955309 1.14288572222
6120 1.13395623335 1.03918055451
6125 1.18444569851 1.08545012722
6130 1.21236048607 1.11103180627
6135 1.08611628144 0.995339049611
6140 1.13916175425 1.04395099972
6145 1.219880452 1.11792325599
6150 1.15587251904 1.05926508444
6155 1.16490634861 1.06754386959
6160 1.02623494679 0.940462576681
6165 1.03436794878 0.947915825113
6170 1.02870677695 0.942727812108
6175 1.10807793246 1.01546515326
6180 1.15394983371 1.0575030965
6185 1.13019314782 1.03573198639
6190 0.995356809764 0.912165223912
6195 1.12774063229 1.03348445128
6200 1.0930348506 1.0016793671
6205 1.17093106756 1.07306504456
6210 1.1348315108 1.03998267656
6215 0.966607443244 0.885818719731
6220 1.00484483978 0.920860247587
6225 1.023827059 0.938255939336
6230 0.955124957381 0.875295936157
6235 1.08427258363 0.993649447439
6240 0.967395308272 0.886540735267
6245 0.984194569404 0.901935919829
6250 1.0668105782 0.977646910523
6255 0.968606978403 0.887651134418
6260 0.951682422717 0.872141127377
6265 1.06658995766 0.977444729371
6270 1.06813257373 0.978858414118
6275 1.03594764225 0.94936348833
6280 1.00450308911 0.920547060317
6285 1.11434660986 1.02120989672
6290 1.15042756931 1.05427522177
6295 1.04780313148 0.960228099775
6300 1.08289723096 0.992389046284
6305 1.09134068116 1.00012679576
6310 1.15253221407 1.05620396103
6315 1.10182337546 1.00973335002
6320 1.10425998272 1.01196630646
6325 1.17764830129 1.07922085417
6330 1.21101453512 1.10979834945
6335 1.15885051603 1.06199418145
6340 1.18524441704 1.08618208913
6345 1.11824586066 1.02478324945
6350 1.21881644773 1.11694818084
6355 1.15520446582 1.05865286689
6360 1.01922814748 0.934041403289
6365 1.08847861933 0.997503944096
6370 1.24009390928 1.13644727934
6375 1.25709107227 1.15202382519
6380 1.18888425114 1.08951770713
6385 1.23842736203 1.13492002155
6390 1.24316658724 1.13926314392
6395 1.1792233088 1.08066422308
6400 1.17880172859 1.08027787841
6405 1.25646035485 1.15144582292
6410 1.21467716329 1.11315485639
6415 1.21275298036 1.11139149602
6420 1.17477667037 1.07658923319
6425 1.26740275797 1.16147366368
6430 1.17515211379 1.07693329717
6435 1.23716413387 1.13376237357
6440 1.23200481748 1.1290342711
6445 1.29557045203 1.18728711139
6450 1.08854450022 0.997564318686
6455 1.23562441968 1.13235134817
6460 1.28509535426 1.17768751875
6465 1.22231393349 1.12015334792
6470 1.24334777186 1.13942918518
6475 1.22244171055 1.12027044542
6480 1.23522131284 1.13198193286
6485 1.20938217709 1.10830242335
6490 1.19170191197 1.09209986882
6495 0.996924675819 0.913602048252
6500 1.105173165 1.01280316528
6505 1.21428480151 1.11279528808
6510 1.2133096632 1.1119016515
6515 1.21330586875 1.11189817418
6520 1.22475640657 1.12239167993
6525 1.2542338067 1.14940536891
6530 1.23340691549 1.13031918223
6535 1.25503972766 1.15014393127
6540 1.28663239965 1.17909609841
6545 1.1930110744 1.09329961189
6550 1.21356672956 1.11213723234
6555 1.14886706586 1.05284514467
6560 1.1502694042 1.05413027605
6565 1.08476519097 0.994100882824
6570 1.20478079193 1.10408562041
6575 1.15760688319 1.06085449102
6580 1.22083943938 1.11880209153
6585 1.25141665216 1.14682367119
6590 1.26100737418 1.15561280391
6595 1.17499690551 1.07679106115
6600 1.24250816127 1.13865974896
6605 1.21705226348 1.11533144652
6610 1.1872562061 1.08802573354
6615 1.26686306385 1.16097907702
6620 1.28831576321 1.18063876701
6625 1.19422837448 1.09441517045
6630 1.22231677378 1.12015595082
6635 1.2106801635 1.10949192449
6640 1.24697273364 1.14275117388
6645 1.22114220129 1.1190795487
6650 1.23814900636 1.13466493075
6655 1.23870708669 1.13517636692
6660 1.22118887316 1.11912231976
6665 1.1612261317 1.06417124397
6670 1.23987545942 1.13624708745
6675 1.2413279919 1.13757821775
6680 1.17233520237 1.07435182226
6685 1.24031917732 1.13665371955
6690 1.23469742205 1.13150182869
6695 1.21112543556 1.10989998087
6700 1.23378587634 1.13066646966
6705 1.21877847971 1.11691338617
6710 1.20943772021 1.1083533242
6715 1.1480482619 1.05209477607
6720 1.19660470033 1.09659288378
6725 1.21268983654 1.11133362974
6730 1.23688038188 1.13350233748
6735 1.22535676388 1.12294185957
6740 1.18627044787 1.08712236465
6745 1.17725093577 1.07885670033
6750 1.16889490415 1.071199063
6755 1.18685362464 1.0876567997
6760 1.26997801498 1.16383368158
6765 1.21780122617 1.11601781115
6770 1.19625113331 1.09626886777
6775 1.27623928139 1.16957163346
6780 1.28744732132 1.17984290921
6785 1.15338656575 1.05698690629
6790 1.22864766364 1.12595770705
6795 1.20856294815 1.10755166529
6800 1.25154525856 1.14694152872
6805 1.25077614456 1.146236697
6810 1.25682341292 1.15177853672
6815 1.23312766523 1.13006327161
6820 1.26322202083 1.15764235115
6825 1.28590373837 1.1784283384
6830 1.24433186038 1.14033102392
6835 1.27329973661 1.16687777484
6840 1.20987278876 1.10875202987
6845 1.25271521207 1.14801369791
6850 1.25704324021 1.15197999092
6855 1.21815912916 1.11634580073
6860 1.20658048478 1.10573489554
6865 1.25652727011 1.15150714542
6870 1.23508453378 1.13185658575
6875 1.19747866133 1.09739379941
6880 1.23589098228 1.13259563156
6885 1.22971494966 1.12693578966
6890 1.26766807144 1.16171680235
6895 1.27042104039 1.16423967908
6900 1.26904403509 1.16297776341
6905 1.28504563971 1.17764195933
6910 1.2916752508 1.18371746977
6915 1.23321181203 1.13014038546
6920 1.29601654044 1.18769591589
6925 1.21947350671 1.11755032305
6930 1.25841053652 1.15323300907
6935 1.25186420341 1.14723381627
6940 1.26893825598 1.16288082529
6945 1.2067369324 1.10587826731
6950 1.25312210905 1.14838658658
6955 1.22569200842 1.12324908449
6960 1.29169773451 1.18373807429
6965 1.28523459607 1.17781512278
6970 1.28311862645 1.17587600519
6975 1.23965945334 1.13604913508
6980 1.16033492533 1.06335452432
6985 1.28696559466 1.17940144509
6990 1.261674328 1.15622401395
6995 1.28108786151 1.17401497089
7000 1.25382227757 1.14902823525
7005 1.25500968622 1.15011640068
7010 1.26590197087 1.16009831186
7015 1.22007628748 1.1181027236
7020 1.29113160285 1.18321925972
7025 1.22542901896 1.1230080756
7030 1.26764509679 1.16169574791
7035 1.28030856384 1.17330080666
7040 1.28899553755 1.18126172604
7045 1.33981921494 1.22783757765
7050 1.33992222258 1.22793197594
7055 1.21770329851 1.11592806825
7060 1.21545986554 1.11387214065
7065 1.1838609711 1.08491427113
7070 1.20388652224 1.10326609348
7075 1.274624632 1.16809193593
7080 1.29602096176 1.18769996767
7085 1.1609440665 1.06391275368
7090 1.13790790161 1.04280194366
7095 1.15720952416 1.06049034312
7100 1.18543423911 1.08635604594
7105 1.18021264295 1.08157086901
7110 1.14962006706 1.05353521028
7115 1.19673958216 1.09671649224
7120 1.19790450669 1.09778405276
7125 1.13408592302 1.03929940476
7130 1.07368655642 0.983948196805
7135 1.13957827087 1.04433270403
7140 1.1375207518 1.0424471517
7145 1.16005086549 1.06309420611
7150 1.12960904694 1.03519670447
7155 1.18220844851 1.08339986582
7160 1.17198613638 1.07403193109
7165 1.14197949048 1.04653323051
7170 1.18757327597 1.08831630282
7175 1.18689618174 1.0876957999
7180 1.17452290493 1.07635667738
7185 1.16714419098 1.06959467385
7190 1.10417692186 1.01189018781
7195 1.16995812284 1.07217341824
7200 1.16605583356 1.06859728097
7205 1.18774391289 1.08847267796
7210 1.1743006815 1.0761530273
7215 1.20152975434 1.10110630344
7220 1.25145081984 1.14685498316
7225 1.26094684757 1.15555733609
7230 1.26174560616 1.15628933471
7235 1.25612292157 1.1511365922
7240 1.23386845785 1.13074214904
7245 1.22577621294 1.12332625122
7250 1.27571805064 1.169093967
7255 1.24652185732 1.14233798166
7260 1.23573903854 1.13245638723
7265 1.22755547281 1.12495680116
7270 1.26407665559 1.15842555582
7275 1.257635377 1.15252263711
7280 1.23988447117 1.136255346
7285 1.24702136822 1.14279574361
7290 1.18456341629 1.08555800619
7295 1.27740787257 1.17064255419
7300 1.27592374845 1.16928247266
7305 1.30485635318 1.19579690006
7310 1.28500651828 1.17760610766
7315 1.29004151812 1.18222028391
7320 1.2887145412 1.18100421527
7325 1.24974833578 1.14529479213
7330 1.30131384172 1.19255047051
7335 1.30676936203 1.19755002028
7340 1.34054629766 1.22850389104
7345 1.28553847346 1.1780936022
7350 1.31450228831 1.2046366312
7355 1.22738378715 1.12479946493
7360 1.29541951234 1.18714878719
7365 1.2722736877 1.16593748276
7370 1.35242503958 1.23938981173
7375 1.3678210116 1.2534989936
7380 1.37528291075 1.26033722974
7385 1.29916136286 1.1905778951
7390 1.28759144792 1.17997498975
7395 1.35606457387 1.24272515497
7400 1.3101555371 1.20065317998
