Wave Flux FluxNorm
3600 0.305497518985 0.29261920068
3605 0.243375757047 0.233116195931
3610 0.20404405118 0.195442527187
3615 0.270703395062 0.259291831069
3620 0.214551604436 0.205507132115
3625 0.325911840493 0.312172951761
3630 0.277546359259 0.265846328533
3635 0.248891641524 0.238399557027
3640 0.330457391876 0.316526884379
3645 0.265542551799 0.254348544343
3650 0.260694889369 0.249705236239
3655 0.338745786245 0.324465879573
3660 0.366960021396 0.35149073714
3665 0.333459812206 0.319402736988
3670 0.318160183724 0.30474806787
3675 0.355393867274 0.34041215691
3680 0.30362492642 0.290825547687
3685 0.310865329675 0.297760730074
3690 0.337712419426 0.323476074571
3695 0.341998985399 0.327581939367
3700 0.396477639135 0.379764032902
3705 0.281250616273 0.26939443174
3710 0.299684551734 0.287051280403
3715 0.405980340459 0.388866145662
3720 0.234475804929 0.224591423345
3725 0.32499684251 0.311296525729
3730 0.309657624627 0.296603936111
3735 0.175045639802 0.167666550523
3740 0.304707315185 0.291862308104
3745 0.239289205096 0.229201913519
3750 0.210664352196 0.201783747888
3755 0.352785712569 0.337913949568
3760 0.245981935301 0.23561251014
3765 0.277981490479 0.266263116696
3770 0.312176047513 0.2990161943
3775 0.343204058922 0.328736212738
3780 0.358994173427 0.343860691328
3785 0.336449449693 0.322266345618
3790 0.254578292912 0.243846486315
3795 0.243415134813 0.233153913718
3800 0.255925485838 0.245136888013
3805 0.323456792268 0.30982139666
3810 0.297054465811 0.284532066359
3815 0.231639534822 0.221874716858
3820 0.185169505117 0.177363641962
3825 0.165834230771 0.158843450561
3830 0.18207348771 0.174398137883
3835 0.175354812663 0.167962690131
3840 0.169586832235 0.162437860246
3845 0.233212376471 0.223381255005
3850 0.187043260647 0.179158408897
3855 0.187045820521 0.179160860858
3860 0.154646821282 0.148127648898
3865 0.211308236437 0.202400489041
3870 0.15608549839 0.149505678241
3875 0.223206007041 0.213796706384
3880 0.183819152545 0.176070213814
3885 0.260878903867 0.249881493564
3890 0.295527116703 0.283069103004
3895 0.345769430583 0.331193440566
3900 0.350907541286 0.336114953028
3905 0.319137960399 0.305684626143
3910 0.363820206577 0.348483281939
3915 0.362391418176 0.347114724442
3920 0.295566442426 0.283106770942
3925 0.287499926252 0.275380300616
3930 0.131051091813 0.125526602842
3935 0.08309448368 0.0795916165741
3940 0.219979088477 0.210705819315
3945 0.298071899058 0.285506609473
3950 0.369035344419 0.353478574443
3955 0.394215623752 0.377597373299
3960 0.353037376466 0.338155004515
3965 0.175510295784 0.168111618825
3970 0.111935790972 0.107217111912
3975 0.298884136339 0.286284606704
3980 0.449621949868 0.43066803297
3985 0.469021682703 0.449249965598
3990 0.504595502287 0.483324162621
3995 0.490093190221 0.469433198861
4000 0.529553342621 0.507229899445
4005 0.4977731283 0.476789387381
4010 0.564410272576 0.540617427486
4015 0.59225713173 0.567290395876
4020 0.569315832044 0.545316191964
4025 0.574977132488 0.550738838984
4030 0.563120206726 0.539381744659
4035 0.53732541847 0.514674341646
4040 0.601744117324 0.576377455407
4045 0.46943004164 0.449641110071
4050 0.586505748653 0.561781463678
4055 0.548988915277 0.525846161057
4060 0.562199363971 0.538499720243
4065 0.493108116662 0.472321030384
4070 0.581971065515 0.557437941153
4075 0.513982582222 0.492315528039
4080 0.529066719136 0.506763789685
4085 0.568781773022 0.544804646323
4090 0.669484596519 0.641262319093
4095 0.625837391094 0.599455071669
4100 0.543178943903 0.520281110365
4105 0.591999941911 0.567044047953
4110 0.585554857781 0.560870657829
4115 0.634037867327 0.607309854937
4120 0.56762061748 0.543692439561
4125 0.590335883537 0.565450138343
4130 0.540975227362 0.518170292003
4135 0.546908969636 0.523853896004
4140 0.598693641519 0.573455573112
4145 0.507127349679 0.485749279402
4150 0.543461220383 0.520551487415
4155 0.535802724489 0.51321583718
4160 0.603119389688 0.577694752847
4165 0.585552583064 0.560868479004
4170 0.572013632561 0.547900266079
4175 0.512058389482 0.490472450087
4180 0.534116434695 0.511600633321
4185 0.594248954151 0.569198252564
4190 0.569529385828 0.54552074334
4195 0.548621814914 0.525494535895
4200 0.529773369529 0.507440651068
4205 0.570564318886 0.546512048555
4210 0.625846108099 0.599463421207
4215 0.539128905583 0.516401802344
4220 0.69819774064 0.668765054007
4225 0.505218789818 0.483921175322
4230 0.643631602631 0.616499164118
4235 0.598810612181 0.573567612848
4240 0.608034364567 0.582402535827
4245 0.657917023445 0.630182379726
4250 0.577479021553 0.553135260339
4255 0.598790150874 0.573548014093
4260 0.564365248406 0.54057430132
4265 0.680120640059 0.651449997766
4270 0.551429112775 0.528183491467
4275 0.553431649331 0.530101610634
4280 0.604891635218 0.579392288959
4285 0.588927647541 0.564101266861
4290 0.534040311168 0.511527718799
4295 0.565780539731 0.541929930714
4300 0.385723273243 0.369463019782
4305 0.396122838881 0.379424189335
4310 0.359424837132 0.344273200306
4315 0.645135242602 0.6179394178
4320 0.795654890253 0.762113875022
4325 0.530325667282 0.507969666582
4330 0.744045116696 0.712679723361
4335 0.754313110584 0.722514867601
4340 0.569595773532 0.545584332454
4345 0.737521231375 0.70643085393
4350 0.712623236165 0.682582439445
4355 0.686757794735 0.657807361658
4360 0.705538144018 0.675796020989
4365 0.768401372162 0.736009235266
4370 0.704784142535 0.675073804613
4375 0.642364214978 0.615285203484
4380 0.727562527956 0.696891961947
4385 0.546954335452 0.523897349414
4390 0.656629698415 0.62894932218
4395 0.712423329034 0.682390959444
4400 0.709083422834 0.67919184776
4405 0.666098605651 0.63801906545
4410 0.743997771524 0.712634374036
4415 0.750270177543 0.718642365334
4420 0.816606628607 0.782182388018
4425 0.804775909657 0.770850395752
4430 0.773121409583 0.740530298422
4435 0.756514543764 0.724623498858
4440 0.842525578691 0.807008718789
4445 0.811215020309 0.777018064211
4450 0.83361415321 0.798472956503
4455 0.760158459302 0.728113804297
4460 0.741442771531 0.710187080656
4465 0.809037612868 0.774932445882
4470 0.795956955978 0.762403207097
4475 0.938138871734 0.898591411433
4480 0.857362535264 0.82122022004
4485 0.918268692248 0.879558863942
4490 0.866746119359 0.830208236985
4495 0.829416492538 0.794452249184
4500 0.912279132757 0.873821795711
4505 1.00535498155 0.962974010652
4510 0.961917504296 0.921367650261
4515 0.902754225739 0.864698413343
4520 0.921800275389 0.882941572382
4525 0.835984388759 0.800743274226
4530 0.791885251672 0.758503146425
4535 0.81762110744 0.783154101262
4540 0.881781891511 0.844610172697
4545 0.867611275983 0.831036922732
4550 0.833156641238 0.798034731053
4555 0.787578428099 0.754377877991
4560 0.903564492896 0.865474523501
4565 0.844731792944 0.809121929572
4570 0.911018335704 0.872614147849
4575 0.917217099708 0.878551601528
4580 0.842678174892 0.807154882262
4585 0.864366543522 0.827928972716
4590 0.918522242691 0.879801725908
4595 0.845168942664 0.809540651145
4600 0.875649926183 0.838736701781
4605 0.882889884133 0.845671457635
4610 0.958293487087 0.917896404332
4615 0.930033280463 0.89082751323
4620 0.948258734791 0.908284669331
4625 0.954877671207 0.914624582957
4630 0.941426204035 0.901740165484
4635 0.924682161269 0.885701971699
4640 0.911657562466 0.873226427859
4645 0.883481247843 0.846237892271
4650 0.894890580725 0.857166262097
4655 0.885023289366 0.847714928678
4660 0.96847439586 0.92764813455
4665 0.864938060363 0.828476397132
4670 0.83412778003 0.798964931266
4675 0.922530673599 0.883641180487
4680 0.869172947623 0.832532761744
4685 0.905122469501 0.866966823243
4690 0.894228589051 0.856532176834
4695 0.935538247637 0.896100417245
4700 0.877724675642 0.840723989698
4705 0.872465671611 0.835686680193
4710 0.872407960343 0.835631401757
4715 0.889782656795 0.852273663877
4720 0.967827880111 0.927028872821
4725 0.957319043839 0.916963038964
4730 0.874363181351 0.837504199973
4735 0.917576338831 0.878895696843
4740 0.922502499969 0.883614194523
4745 0.955618946933 0.915334610034
4750 0.967837977115 0.927038544184
4755 0.922997854281 0.884088667059
4760 0.938858500924 0.899280704489
4765 0.875982443935 0.83905520217
4770 0.959948586544 0.919481732691
4775 0.995678400708 0.953705348305
4780 0.997775475995 0.9557140209
4785 0.939385774098 0.899785750341
4790 0.935296969868 0.895869310595
4795 1.01107016261 0.968448266939
4800 0.952773840572 0.912609439788
4805 0.971136499532 0.930198016628
4810 0.964039417631 0.92340011385
4815 0.992658774506 0.950813015141
4820 1.00953584912 0.966978632789
4825 0.961345422145 0.920819684364
4830 0.96769242102 0.926899124039
4835 0.976525048204 0.935359409789
4840 0.941649934374 0.901954464418
4845 0.974896561424 0.933799572245
4850 0.963129199023 0.922528265717
4855 0.918823576222 0.880090356654
4860 0.793726051286 0.760266346707
4865 0.882052176466 0.844869063728
4870 0.907174067647 0.868931935797
4875 0.915132057637 0.876554454886
4880 0.974439750263 0.933362018064
4885 0.9155936041 0.876996544751
4890 0.89134166193 0.853766948791
4895 1.02789501963 0.984563868232
4900 0.987665826351 0.946030545866
4905 0.997858891345 0.955793919857
4910 0.932753555533 0.893433114478
4915 0.985382326625 0.943843307597
4920 0.839605726818 0.804211953945
4925 0.933810041054 0.894445063608
4930 1.0075442501 0.965070990082
4935 0.904110922386 0.865997918131
4940 0.929010719321 0.889848058389
4945 0.991077392071 0.949298296248
4950 1.02750705252 0.984192255964
4955 0.979692657387 0.938393487678
4960 0.968920381264 0.928075319337
4965 0.990664658402 0.948902961462
4970 0.954805436888 0.914555393693
4975 1.01281174108 0.970116428767
4980 0.935883985252 0.896431580211
4985 0.876809648778 0.839847536002
4990 0.944638423994 0.90481697357
4995 0.965674765752 0.924966523494
5000 0.911275961949 0.872860913799
5005 0.899102460084 0.861200588711
5010 0.938178693923 0.898629554909
5015 0.862408836451 0.826053793237
5020 0.905232283735 0.867072008233
5025 0.927387957336 0.888293704309
5030 0.957158266802 0.91680903952
5035 0.953045991848 0.912870118464
5040 0.833096551991 0.797977174883
5045 0.971806728973 0.930839992393
5050 0.924281029379 0.885317749616
5055 0.990892241402 0.949120950647
5060 1.00652766987 0.964097264029
5065 0.929848732925 0.890650745336
5070 0.953800331056 0.913592658329
5075 0.927153278172 0.888068918099
5080 0.856040965776 0.819954361618
5085 0.937119347822 0.897614865787
5090 0.964840427545 0.924167357006
5095 0.973174256727 0.932149871699
5100 0.901986696436 0.863963239415
5105 0.919005891331 0.880264986228
5110 0.900599550278 0.862634568723
5115 0.953594357987 0.913395368102
5120 0.956504617606 0.916182945056
5125 0.868636405318 0.832018837504
5130 0.884358849384 0.847078498317
5135 0.945244644927 0.90539763912
5140 0.889301586819 0.851812873517
5145 0.889040232884 0.851562537017
5150 0.90440657225 0.866281104806
5155 0.904266626786 0.866147058776
5160 0.955815877222 0.915523238682
5165 0.81616126717 0.781755800896
5170 0.779370200443 0.746515670064
5175 0.871026024279 0.834307721527
5180 0.943607182894 0.903829204676
5185 0.792612887936 0.759200109014
5190 0.921263718787 0.882427634447
5195 0.885862188447 0.848518463775
5200 0.956454829136 0.91613525543
5205 0.892184290189 0.854574055862
5210 0.913172316486 0.874677327074
5215 0.945387831674 0.905534789796
5220 0.967294671764 0.926518141995
5225 0.878072412238 0.841057067378
5230 0.940691479212 0.901036413155
5235 0.929818569837 0.89062185378
5240 1.00572192308 0.963325483678
5245 0.998543013328 0.956449202521
5250 0.913001253765 0.874513475542
5255 0.939790394536 0.900173313911
5260 0.982517646647 0.941099388864
5265 0.826402840928 0.791565638752
5270 0.82333614012 0.788628215423
5275 0.908980739123 0.870662446621
5280 0.983219299367 0.941771463252
5285 0.97258356004 0.931584075967
5290 1.03160592164 0.988118336318
5295 0.976144721178 0.934995115537
5300 0.934371431242 0.894982788264
5305 1.01289651489 0.970197628918
5310 1.0416745622 0.997762531007
5315 1.01342064473 0.970699663947
5320 0.996691417423 0.954675661067
5325 0.950153110838 0.910099187519
5330 0.901478968914 0.863476915264
5335 1.00922086039 0.966676922477
5340 0.964130438874 0.923487298072
5345 0.997469193477 0.955420649793
5350 0.984258391907 0.942766752607
5355 1.04555821774 1.00148247016
5360 1.05039874238 1.00611894136
5365 0.999792027575 0.957645564284
5370 0.945791537292 0.905921477111
5375 1.03887318329 0.995079244879
5380 1.01850605363 0.975570696259
5385 1.01611459754 0.973280052548
5390 0.992474807558 0.950636803363
5395 0.953573993822 0.913375862393
5400 0.975215377105 0.934104948178
5405 0.920781591984 0.88196583181
5410 0.950368877701 0.910305858681
5415 1.01550260305 0.972693856826
5420 1.00771927804 0.965238639675
5425 1.00265877854 0.960391466704
5430 0.968312315027 0.927492886272
5435 0.955327292957 0.915055250799
5440 1.05859855047 1.01397308466
5445 0.995991490959 0.954005240165
5450 1.03946243128 0.99564365298
5455 0.98835252059 0.946688292352
5460 1.04131273187 0.997415953722
5465 1.00818689075 0.96568654007
5470 1.01225355333 0.969581771553
5475 0.95424292266 0.914016592382
5480 0.970533538929 0.929620473968
5485 1.00869431069 0.966172569608
5490 1.01254862617 0.969864405523
5495 1.01262481167 0.96993737941
5500 1.02451594334 0.98132723768
5505 0.999968887025 0.957814968183
5510 0.990606600068 0.94884735059
5515 0.989486004717 0.947773994194
5520 1.03770003933 0.993955555071
5525 1.01022835984 0.967641950557
5530 0.993754870929 0.951862905367
5535 0.986578919739 0.944989458053
5540 1.0317071161 0.988215264899
5545 1.00416413707 0.961833366491
5550 1.04401050333 1.0
5555 1.01851966916 0.975583737825
5560 1.0227742056 0.979658923297
5565 0.992229030759 0.950401387342
5570 0.993701410565 0.951811698637
5575 1.00624770297 0.963829099193
5580 1.01603498303 0.973203794211
5585 0.983161224356 0.941715836407
5590 0.939297059284 0.89970077532
5595 0.978963484236 0.937695052989
5600 0.961062307236 0.92054850423
5605 1.01399993266 0.971254531852
5610 1.04288705008 0.998923906187
5615 0.965798570697 0.925085109414
5620 0.998955612075 0.956844408072
5625 0.975200395779 0.934090598392
5630 1.03783712369 0.994086860605
5635 1.00676020794 0.9643199994
5640 0.99409400677 0.952187744859
5645 1.01000828197 0.967431150117
5650 1.01131481234 0.968682603404
5655 0.991190558801 0.949406692408
5660 0.946597153305 0.906693132196
5665 0.995377658448 0.953417283905
5670 0.999145896587 0.957026671096
5675 1.03833755635 0.99456619741
5680 1.01695639442 0.974086363286
5685 0.975971446258 0.934829145061
5690 0.991718154795 0.949912047471
5695 1.01884820665 0.975898425739
5700 0.977828556492 0.936607968385
5705 0.97162785164 0.930668655675
5710 0.917755375144 0.879067185839
5715 1.0025414384 0.960279073063
5720 1.03510971245 0.991474424018
5725 1.04000908642 0.996167263743
5730 1.02107624756 0.978032543071
5735 1.03790572712 0.994152572038
5740 1.02153886095 0.978475654884
5745 1.02444746187 0.981261643062
5750 1.01279383418 0.970099276737
5755 0.988699903465 0.947021031221
5760 1.0139372848 0.971194524927
5765 1.02931036097 0.98591954553
5770 1.02805734737 0.984719353014
5775 1.0275233652 0.984207880984
5780 0.991975023143 0.950158087474
5785 0.96670038786 0.925948910266
5790 1.01385922405 0.971119754852
5795 1.02604189045 0.98278885814
5800 1.03626731421 0.99258322681
5805 1.007406457 0.964939005681
5810 1.03288471151 0.989343218502
5815 1.02940163019 0.986006967282
5820 1.0586831033 1.01405407314
5825 1.0537711198 1.00934915544
5830 1.06133903202 1.01659804058
5835 1.05046543082 1.00618281854
5840 1.06162945745 1.01687622306
5845 1.0522801921 1.00792107814
5850 1.04137238537 0.997473092514
5855 0.997999807832 0.955928895977
5860 1.01132633886 0.968693644018
5865 1.03303442834 0.989486623989
5870 1.054357453 1.00991077163
5875 1.05187171864 1.00752982397
5880 1.02408939789 0.980918673352
5885 1.01984818395 0.976856248764
5890 0.876519670411 0.83956978174
5895 0.913634211169 0.87511975048
5900 0.994416014723 0.952496178492
5905 1.02793086634 0.984598203816
5910 1.02948527501 0.986087086027
5915 0.996752188485 0.954733870311
5920 1.01871474481 0.975770590014
5925 1.02998899318 0.986569569846
5930 1.00850219035 0.965988548138
5935 1.01124806129 0.968618666256
5940 1.0170650674 0.974190455134
5945 1.01427503895 0.971518040976
5950 0.995689074184 0.953715571838
5955 1.00464038012 0.962289533407
5960 1.02163933263 0.978571891157
5965 1.02532070742 0.982098076748
5970 1.03371896119 0.990142300195
5975 1.00732065423 0.964856819943
5980 1.01742190357 0.974532248796
5985 0.988203302608 0.946545364688
5990 1.01101135721 0.968391940491
5995 1.01796913176 0.975056408458
6000 1.01211036811 0.969444622337
6005 1.00046515628 0.958290317094
6010 0.988018595576 0.946368444024
6015 0.990414771827 0.948663608913
6020 0.976486992538 0.935322958369
6025 0.99414321527 0.952234878963
6030 1.01820917976 0.975286337175
6035 1.01837633511 0.975446446055
6040 1.02144989929 0.978390443428
6045 1.02300471301 0.979879713619
6050 1.02749826308 0.98418383705
6055 1.00784701705 0.965360993819
6060 1.02100821927 0.977967382528
6065 0.989696834169 0.947975936082
6070 1.03089731305 0.987439599283
6075 1.02568983287 0.982451641632
6080 0.991926794962 0.950111892364
6085 0.987049576879 0.945440274533
6090 0.984664038497 0.943155299071
6095 1.00241557345 0.960158513978
6100 0.989730524543 0.948008206231
6105 0.981930194429 0.94053670083
6110 0.998690697638 0.956590661164
6115 0.998380612255 0.956293647502
6120 0.97862685619 0.937372615576
6125 0.98332532494 0.941873019293
6130 0.983676931856 0.942209804138
6135 0.949136323956 0.909125263523
6140 0.942570914966 0.902836620861
6145 0.987808795291 0.946167487918
6150 0.981825928553 0.940436830306
6155 0.982433130263 0.941018435288
6160 0.945285219928 0.905436503672
6165 0.939411823343 0.899810701474
6170 0.940889954687 0.901226521851
6175 0.976716287327 0.935542587183
6180 0.995686605096 0.953713206835
6185 1.0053351337 0.962954999491
6190 0.95377206027 0.913565579305
6195 0.999533454962 0.957397891859
6200 0.976776206856 0.935599980791
6205 1.00405824385 0.961731937229
6210 1.00348117272 0.961179192666
6215 0.950112124943 0.910059929394
6220 0.959015421879 0.918587905797
6225 0.985150305938 0.943621067796
6230 0.930886472989 0.891644739229
6235 0.986208928257 0.944635063648
6240 0.95610483979 0.915800019966
6245 0.927461640511 0.888364281353
6250 0.964828216382 0.924155660608
6255 0.917571279965 0.878890851235
6260 0.936696768654 0.897210100541
6265 0.962588808125 0.922010655122
6270 0.968010398326 0.927203696939
6275 0.968179312143 0.927365490155
6280 0.902305147901 0.864268266485
6285 0.967457148574 0.926673769558
6290 0.968038628548 0.92723073711
6295 0.952421187315 0.91227165271
6300 0.927977260558 0.888858165317
6305 0.961706821231 0.921165848589
6310 0.962507453059 0.921932729597
6315 0.922621961779 0.883728620392
6320 0.921242743008 0.882407542907
6325 0.977895107019 0.936671713459
6330 0.96767883476 0.926886110511
6335 0.947576380094 0.907631079454
6340 0.960497541285 0.920007546118
6345 0.959270323082 0.91883206158
6350 0.989562767941 0.947847521447
6355 0.961443796804 0.920913912017
6360 0.939810948298 0.900193001224
6365 0.956482825882 0.916162071967
6370 0.977568972434 0.936359327153
6375 0.991247673131 0.94946139907
6380 0.978084624789 0.936853242064
6385 0.984270474737 0.942778326082
6390 0.971924112138 0.930952427243
6395 0.961847505959 0.92130060272
6400 0.937641619264 0.898115120755
6405 0.98284799894 0.94141581508
6410 0.952479074197 0.912327099357
6415 0.967115197419 0.926346233432
6420 0.939974007866 0.900349186979
6425 0.980481963454 0.939149520365
6430 0.949011231677 0.909005444538
6435 0.96753425652 0.926747627
6440 0.957112522969 0.916765224028
6445 0.984692381455 0.943182447226
6450 0.921773987318 0.882916392491
6455 0.950738720842 0.910660110998
6460 0.957894544997 0.917514279738
6465 0.943132978642 0.903374990613
6470 0.942230288273 0.902510353366
6475 0.936559342183 0.897078467315
6480 0.943551543503 0.903775910777
6485 0.944696308878 0.904872418304
6490 0.944951660365 0.90511700539
6495 0.831338563049 0.79629329437
6500 0.909467215431 0.871128415408
6505 0.968565584885 0.927735479481
6510 0.962154118192 0.921594289643
6515 0.924204889398 0.885244819334
6520 0.941383549758 0.901699309307
6525 0.951739494719 0.911618697023
6530 0.953463546071 0.913270070592
6535 0.952478191046 0.912326253435
6540 0.96524244669 0.924552428942
6545 0.930185238352 0.890973065299
6550 0.94234262498 0.902617954492
6555 0.921785052284 0.882926991011
6560 0.834895061873 0.799699868166
6565 0.805268816377 0.771322523876
6570 0.917710880441 0.87902456682
6575 0.91228143776 0.873824003546
6580 0.947206948946 0.907277221761
6585 0.939109113939 0.899520752855
6590 0.94454945473 0.904731754826
6595 0.917472628285 0.878796358239
6600 0.948329367882 0.908352324868
6605 0.934402137812 0.89501220039
6610 0.929144229769 0.889975940673
6615 0.950377091557 0.91031372628
6620 0.958414858314 0.918012659127
6625 0.943982817117 0.904189003953
6630 0.945410847063 0.905556834967
6635 0.922358382674 0.883476152525
6640 0.944158402943 0.904357187917
6645 0.927516110794 0.888416455429
6650 0.946587549722 0.906683933454
6655 0.950033601363 0.909984715994
6660 0.942779173239 0.903036099959
6665 0.9229871972 0.884078459231
6670 0.93856532412 0.898999886621
6675 0.93129667502 0.892037649098
6680 0.921715325955 0.882860204011
6685 0.948143511998 0.908174303782
6690 0.947526189817 0.90758300496
6695 0.932185100414 0.892888622715
6700 0.934741311748 0.895337076371
6705 0.921817159171 0.882957744425
6710 0.926425469776 0.887371790634
6715 0.908373601247 0.870080902782
6720 0.917402456261 0.878729144332
6725 0.927587334948 0.888484677112
6730 0.92471317711 0.885731680059
6735 0.917523847861 0.878845418641
6740 0.910192797253 0.871823410161
6745 0.917879952716 0.879186511814
6750 0.908611981066 0.870309233645
6755 0.920806662713 0.881989845677
6760 0.930370058482 0.891150094293
6765 0.922851600386 0.883948578531
6770 0.903854783444 0.865752576785
6775 0.919242667399 0.880491780946
6780 0.936065063769 0.896605025321
6785 0.918484597983 0.87976566812
6790 0.928481246089 0.889340905223
6795 0.918182931242 0.87947671821
6800 0.934191166935 0.894810123039
6805 0.923028931128 0.884118433855
6810 0.918634737801 0.879909478761
6815 0.922344819298 0.883463160917
6820 0.929577074081 0.890390538333
6825 0.937690068179 0.898161527296
6830 0.923803378353 0.884860234079
6835 0.928128140627 0.889002685003
6840 0.889849736569 0.852337915888
6845 0.906196522576 0.867995599364
6850 0.924281739967 0.885318430249
6855 0.901327190403 0.863331535011
6860 0.902953971571 0.864889738844
6865 0.92711626951 0.888033469545
6870 0.909100968458 0.870777607661
6875 0.907327858807 0.869079243856
6880 0.899800703108 0.86186939714
6885 0.910868176735 0.872470318865
6890 0.938774319316 0.899200071576
6895 0.935187689017 0.895764636503
6900 0.909309280425 0.870977138189
6905 0.908548484241 0.870248413543
6910 0.908591057516 0.870289192132
6915 0.885507650416 0.848178871377
6920 0.913694511992 0.875177509309
6925 0.898667219248 0.860783695553
6930 0.907894752877 0.869622240376
6935 0.902679922378 0.864627242258
6940 0.905277990472 0.867115788192
6945 0.879932959547 0.842839182886
6950 0.891251709606 0.853680788428
6955 0.889088480129 0.851608750388
6960 0.900341499884 0.862387396502
6965 0.899558075174 0.861636997242
6970 0.899773869451 0.861843694661
6975 0.882977843908 0.845755709445
6980 0.858609232497 0.822414362463
6985 0.900045545233 0.862103917889
6990 0.894659658112 0.85694507408
6995 0.901998648027 0.863974687184
7000 0.879790729476 0.842702948556
7005 0.878301974593 0.841276952478
7010 0.894267650061 0.856569591219
7015 0.863691852676 0.827282723618
7020 0.883672684528 0.846421258899
7025 0.866962775623 0.830415760054
7030 0.890690543079 0.853143278006
7035 0.887196992367 0.849796998728
7040 0.884111541981 0.846841616215
7045 0.898562549022 0.860683437724
7050 0.902401600597 0.864360653195
7055 0.892690299702 0.855058734427
7060 0.88875154212 0.851286016079
7065 0.875363165349 0.838462029416
7070 0.883296029831 0.846060482167
7075 0.901068821037 0.863084057265
7080 0.904575126145 0.866442553274
7085 0.859721388258 0.823479635042
7090 0.875319089937 0.838419812012
7095 0.884193250803 0.846919880582
7100 0.893871261626 0.856189912629
7105 0.889138128444 0.851656305767
7110 0.869191059126 0.832550109753
7115 0.879306071794 0.842238721731
7120 0.868566220207 0.831951611062
7125 0.878496362039 0.841463145477
7130 0.854821633195 0.818786430282
7135 0.880652774279 0.843528653662
7140 0.878163860153 0.841144660285
7145 0.868205403745 0.831606004901
7150 0.849482521135 0.813672389721
7155 0.869640020329 0.832980144893
7160 0.871739112785 0.834990749622
7165 0.837613568039 0.802303775078
7170 0.882634287804 0.845426636028
7175 0.885302743386 0.84798260225
7180 0.881166620835 0.844020838899
7185 0.860030528092 0.823775743015
7190 0.839935710386 0.804528026979
7195 0.842643341202 0.807121516995
7200 0.860933206894 0.824640369184
7205 0.855147859632 0.819098904569
7210 0.84855072739 0.812779875957
7215 0.852989716673 0.817031738624
7220 0.84430886957 0.808716834631
7225 0.852889465237 0.81693571331
7230 0.868223412663 0.831623254649
7235 0.859347657551 0.823121659039
7240 0.853756335844 0.817766040786
7245 0.854193324773 0.818184608347
7250 0.846481482088 0.810797860167
7255 0.856270276474 0.82017400567
7260 0.84396181112 0.808384406509
7265 0.848350235257 0.812587835615
7270 0.866466584317 0.829940485807
7275 0.856023796983 0.819937916579
7280 0.848545181299 0.812774563663
7285 0.852762007761 0.816813628833
7290 0.808671975118 0.774582221675
7295 0.837718456927 0.802404242351
7300 0.842171496419 0.806669562937
7305 0.839539797268 0.80414880367
7310 0.821188957045 0.786571547345
7315 0.84755702743 0.811828065647
7320 0.838456104871 0.803110794576
7325 0.8261063715 0.791281667061
7330 0.832958383324 0.797844830748
7335 0.846768544237 0.811072821145
7340 0.854307967138 0.818294417937
7345 0.833437354323 0.798303610613
7350 0.840481089592 0.8050504156
7355 0.819695530256 0.785141076307
7360 0.825956060169 0.791137692138
7365 0.829531554407 0.794562460593
7370 0.843998433256 0.808419484831
7375 0.837679471217 0.802366900093
7380 0.851452348225 0.815559178297
7385 0.815650370867 0.781266441544
7390 0.808095636394 0.774030178643
7395 0.830947717852 0.795918925342
7400 0.822362470017 0.787695590607
