Wave Flux FluxNorm
3600 0.686776098888 0.680656626773
3605 0.627357082778 0.621767059798
3610 0.61965060296 0.614129248049
3615 0.638180412204 0.632493948678
3620 0.614018565764 0.608547394741
3625 0.681021455644 0.674953259889
3630 0.64827385714 0.642497456653
3635 0.633532943104 0.627887890537
3640 0.690097987244 0.683948915666
3645 0.631999317031 0.626367929736
3650 0.649694955015 0.643905891932
3655 0.704697219606 0.698418062553
3660 0.718798034816 0.7123932334
3665 0.701603645222 0.695352053254
3670 0.684175869771 0.678079566821
3675 0.694647691503 0.688458080093
3680 0.662647235279 0.656742761776
3685 0.660125257763 0.65424325617
3690 0.690334964162 0.684183781017
3695 0.703671138513 0.697401124286
3700 0.732589806925 0.726062114854
3705 0.617956018122 0.612449762696
3710 0.649479508695 0.643692365331
3715 0.744950083298 0.738312255818
3720 0.630534457808 0.624916123043
3725 0.710202917332 0.703874702131
3730 0.722902880463 0.716461503097
3735 0.531459186565 0.526723655323
3740 0.738803801521 0.73222074007
3745 0.674012925314 0.668007178596
3750 0.531277378992 0.526543467733
3755 0.756279050721 0.74954027724
3760 0.727617980316 0.721134589371
3765 0.752599658658 0.745893670152
3770 0.574786140466 0.569664547323
3775 0.740652814546 0.734053277588
3780 0.859465611355 0.851807400985
3785 0.851186940404 0.843602496573
3790 0.780545773282 0.773590772806
3795 0.633847861109 0.628200002487
3800 0.621004430172 0.615471012076
3805 0.815150151941 0.807886811483
3810 0.872654717879 0.864878986864
3815 0.790615585292 0.783570858436
3820 0.805390928196 0.798214546642
3825 0.737426361875 0.730855574007
3830 0.651588034667 0.645782103425
3835 0.469446910834 0.465263935793
3840 0.630810121785 0.625189330735
3845 0.813998208487 0.806745132344
3850 0.871941619686 0.864172242684
3855 0.877698419831 0.86987774725
3860 0.838357442396 0.830887314941
3865 0.918661111682 0.910475443797
3870 0.89445615194 0.886486160717
3875 0.846026343027 0.838487882351
3880 0.816468179765 0.809193095109
3885 0.687289866995 0.681165816983
3890 0.551534505919 0.546620094897
3895 0.749403162901 0.742725656555
3900 0.821878882766 0.814555586406
3905 0.815539503678 0.808272693927
3910 0.907427773752 0.899342199768
3915 0.897468673046 0.889471838957
3920 0.866340694035 0.858621223704
3925 0.856214834755 0.84858559021
3930 0.522437863545 0.517782716194
3935 0.321709346278 0.318842776843
3940 0.772137810466 0.765257728576
3945 0.86194128996 0.854261020222
3950 0.888907874368 0.880987320698
3955 0.885354072965 0.877465185203
3960 0.851121782111 0.843537918868
3965 0.575984760475 0.570852487109
3970 0.347248127013 0.344153995994
3975 0.745118649784 0.738479320304
3980 0.919442224983 0.911249597041
3985 0.938165462121 0.929806002037
3990 0.990658400937 0.981831206061
3995 0.993481727666 0.984629375729
4000 1.0138106609 1.00477716937
4005 0.987614609001 0.978814535628
4010 1.05428186059 1.04488775317
4015 1.04793388229 1.0385963381
4020 1.07496287654 1.06538449232
4025 1.06617640921 1.05667631622
4030 1.01870830916 1.00963117747
4035 1.04230006878 1.03301272431
4040 1.093292033 1.08355032807
4045 1.00220365039 0.993273582346
4050 1.09487894026 1.0851230953
4055 1.04201710973 1.03273228654
4060 1.06206764197 1.05260415987
4065 1.02446823428 1.01533977916
4070 1.04712444894 1.03779411715
4075 1.02348417179 1.0143644851
4080 1.01922850299 1.01014673615
4085 1.01719053746 1.00812692977
4090 1.04184658786 1.0325632841
4095 0.954066080987 0.945564939511
4100 0.698623966143 0.692398924405
4105 0.815758751783 0.808489988437
4110 0.971887261771 0.963227325865
4115 1.0495706542 1.04021852566
4120 1.02831173013 1.0191490278
4125 1.05969200255 1.05024968843
4130 1.05214697718 1.04277189249
4135 1.0580623703 1.0486345769
4140 1.11526981813 1.10533228162
4145 1.07574305366 1.06615771773
4150 1.09020459509 1.08049040056
4155 1.04759772444 1.03826317557
4160 1.09204251549 1.0823119443
4165 1.11142092009 1.10151767894
4170 1.06602885362 1.05653007541
4175 1.01842642442 1.00935180444
4180 1.06075419422 1.05130241551
4185 1.05697818218 1.04756004936
4190 1.07238914116 1.06283369003
4195 1.08358709339 1.07393186366
4200 1.03461645236 1.02539757223
4205 1.07129436075 1.0617486646
4210 1.09692242323 1.08714836995
4215 1.06557012392 1.05607543319
4220 1.08524231684 1.07557233836
4225 0.986865509165 0.978072110596
4230 1.08448655836 1.07482331402
4235 1.04367507486 1.03437547849
4240 1.06449909917 1.05501395173
4245 1.06386385357 1.05438436644
4250 1.04203265836 1.03274769662
4255 1.07849438135 1.06888452989
4260 1.03876535822 1.02950950954
4265 1.09769553326 1.08791459123
4270 1.03503951542 1.02581686562
4275 1.04655563431 1.03723037091
4280 1.07315155996 1.06358931536
4285 1.04229486342 1.03300756533
4290 0.975405808992 0.966714521308
4295 1.01888043529 1.00980176988
4300 0.898328753921 0.890324256139
4305 0.933639703574 0.925320569957
4310 0.928116166807 0.919846250292
4315 1.00346867119 0.994527331261
4320 1.04826488209 1.03892438855
4325 0.959238375807 0.950691146947
4330 1.014425746 1.0053867738
4335 0.930189594585 0.921901202931
4340 0.633208461373 0.627566300079
4345 0.895235492339 0.887258556856
4350 0.982043848832 0.973293413343
4355 1.03407246773 1.02485843474
4360 1.07390703939 1.06433806314
4365 1.10010726273 1.09030483115
4370 1.07364587638 1.0640792272
4375 1.04803936215 1.03870087809
4380 1.09617131776 1.08640395715
4385 1.0097938592 1.00079615912
4390 1.07873739993 1.06912538307
4395 1.06839249087 1.05887265163
4400 1.07072923726 1.06118857659
4405 1.07468552345 1.06510961057
4410 1.10969579959 1.09980793
4415 1.0751101315 1.06553043517
4420 1.12257007369 1.11256748875
4425 1.11432981999 1.10440065927
4430 1.12307802978 1.11307091873
4435 1.09088035438 1.08116013854
4440 1.13213258628 1.12204479521
4445 1.10774285504 1.09787238703
4450 1.12525803316 1.11523149734
4455 1.07526678029 1.06568568815
4460 1.09231777522 1.08258475134
4465 1.11544477043 1.10550567502
4470 1.10801338188 1.09814050336
4475 1.15715882442 1.14684803875
4480 1.1113362912 1.10143380412
4485 1.15163839658 1.14137680031
4490 1.12926168594 1.11919947584
4495 1.14824900467 1.13801760935
4500 1.16129937713 1.15095169734
4505 1.19591823481 1.18526208603
4510 1.18490220013 1.17434420898
4515 1.16826588305 1.15785612869
4520 1.16564477063 1.15525837151
4525 1.14217546938 1.13199819189
4530 1.11401739836 1.10409102145
4535 1.11546975754 1.10553043949
4540 1.18439850994 1.17384500689
4545 1.16680264867 1.15640593235
4550 1.11765483092 1.10769604292
4555 1.12991151193 1.1198435116
4560 1.18601889813 1.17545095672
4565 1.17002304763 1.15959763617
4570 1.17631849574 1.16583698911
4575 1.1835655789 1.17301949762
4580 1.15633466147 1.14603121945
4585 1.13929549918 1.12914388347
4590 1.15877487423 1.14844968886
4595 1.16851322316 1.15810126488
4600 1.16128742408 1.1509398508
4605 1.1671085347 1.15670909281
4610 1.17628528392 1.16580407322
4615 1.16391516475 1.15354417716
4620 1.15760851549 1.14729372288
4625 1.16547814004 1.15509322567
4630 1.15857917984 1.14825573819
4635 1.15347798642 1.14319999861
4640 1.1557888834 1.1454903045
4645 1.13801911433 1.12787887176
4650 1.13741822166 1.1272833333
4655 1.12852345672 1.11846782456
4660 1.16051700475 1.15017629624
4665 1.12245410713 1.1124525555
4670 1.11034982251 1.1004561253
4675 1.14182535361 1.13165119579
4680 1.12435055153 1.11433210176
4685 1.14100417723 1.13083733646
4690 1.13044899611 1.12037620656
4695 1.14045789063 1.13029591751
4700 1.1139624851 1.1040365975
4705 1.10106562747 1.09125465645
4710 1.11557859162 1.10563830381
4715 1.12713147915 1.11708825012
4720 1.14307331054 1.13288803289
4725 1.14442700728 1.13422966761
4730 1.11583510355 1.10589253011
4735 1.12348592711 1.11347518152
4740 1.13672774739 1.12659901145
4745 1.1423947694 1.13221553784
4750 1.14514424226 1.13494051171
4755 1.12669710076 1.11665774223
4760 1.14140945813 1.13123900613
4765 1.12231995465 1.11231959838
4770 1.14491009251 1.13470844834
4775 1.1494559503 1.13921380057
4780 1.14441677133 1.13421952286
4785 1.13026741668 1.12019624508
4790 1.12784018973 1.11779064578
4795 1.15323848538 1.14296263163
4800 1.13962730796 1.12947273569
4805 1.13154705645 1.12146448271
4810 1.13942660918 1.12927382522
4815 1.15323787507 1.14296202675
4820 1.1437128319 1.13352185584
4825 1.11994482563 1.10996563278
4830 1.12916439239 1.11910304922
4835 1.12630411692 1.11626826004
4840 1.10402059555 1.09418329448
4845 1.09988369153 1.09008325206
4850 1.06553422294 1.0560398521
4855 0.980668134398 0.971929957119
4860 0.713603826099 0.707245307329
4865 0.881089697282 0.873238806952
4870 1.00160833716 0.992683573615
4875 1.05339461686 1.04400841516
4880 1.08050166534 1.07087392811
4885 1.08309153362 1.07344071954
4890 1.0578035108 1.04837802395
4895 1.12494030553 1.1149166008
4900 1.11681132435 1.10686005235
4905 1.11690699915 1.10695487465
4910 1.09737336643 1.08759529505
4915 1.12174267518 1.11174746272
4920 1.05320108315 1.04381660592
4925 1.0884874677 1.07878857352
4930 1.12043864682 1.11045505382
4935 1.08268542367 1.07303822822
4940 1.09136476106 1.08164022895
4945 1.12023662331 1.11025483043
4950 1.12413422493 1.11411770272
4955 1.09459045756 1.0848371831
4960 1.10141954767 1.09160542306
4965 1.10812780828 1.09825391017
4970 1.1012788436 1.09146597273
4975 1.11620446878 1.10625860413
4980 1.07402618126 1.0644561434
4985 1.04785790981 1.03852104257
4990 1.08618992712 1.07651150502
4995 1.09187651691 1.08214742484
5000 1.07433290714 1.06476013622
5005 1.05038423862 1.0410248607
5010 1.07498641993 1.06540782593
5015 1.04493405723 1.03562324278
5020 1.05229465032 1.04291824981
5025 1.07416153878 1.06459029483
5030 1.07719009568 1.06759186597
5035 1.0703499479 1.06081266687
5040 1.0250607208 1.01592698638
5045 1.0808946722 1.07126343311
5050 1.04914764502 1.03979928568
5055 1.08568220967 1.07600831156
5060 1.09305520835 1.08331561362
5065 1.0614625179 1.05200442772
5070 1.0638430397 1.05436373804
5075 1.05846426862 1.04903289414
5080 1.01958347493 1.01049854514
5085 1.05937085172 1.04993139918
5090 1.07487165143 1.06529408007
5095 1.07318902581 1.06362644736
5100 1.04302308255 1.03372929571
5105 1.0665387415 1.05703541997
5110 1.04322782449 1.03393221331
5115 1.07288787843 1.06332798334
5120 1.07215973619 1.06260632916
5125 1.03495178685 1.02572991875
5130 1.04391654309 1.03461479513
5135 1.04438371972 1.03507780902
5140 1.01240546909 1.00338449843
5145 1.04167178983 1.0323900436
5150 1.03950397569 1.03024154562
5155 1.04197126969 1.03268685496
5160 1.05657839271 1.04716382219
5165 1.00165588454 0.992730697325
5170 0.943273607696 0.934868631826
5175 1.01743008631 1.00836434414
5180 1.04251148765 1.03322225934
5185 0.961651611018 0.953082879188
5190 1.00958050111 1.00058470214
5195 1.00578483034 0.996822852431
5200 1.03167677255 1.02248408625
5205 1.00129550055 0.992373524513
5210 1.02544485392 1.0163076967
5215 1.02799430374 1.01883442982
5220 1.05640252301 1.04698951957
5225 1.01024883302 1.00124707892
5230 1.0196509587 1.0105654276
5235 1.01499657052 1.00595251202
5240 1.04608435722 1.0367632931
5245 1.0461349852 1.03681346996
5250 1.03519119029 1.025967189
5255 1.03809536371 1.02884548498
5260 1.03188914199 1.02269456338
5265 0.969388423485 0.960750753309
5270 0.966250320036 0.95764061172
5275 1.00186820877 0.992941129662
5280 1.02815200485 1.01899072574
5285 1.02690659144 1.0177564095
5290 1.05641208527 1.04699899663
5295 1.03683727985 1.02759861119
5300 1.02483247072 1.0157007701
5305 1.0399946132 1.03072781134
5310 1.03934586519 1.03008484395
5315 1.01923500104 1.0101531763
5320 1.03254513475 1.02334471096
5325 1.00084054846 0.991922626245
5330 0.995370097259 0.986500919132
5335 1.02724979059 1.0180965506
5340 1.00207922326 0.993150263913
5345 1.02365854018 1.01453729979
5350 1.02191207805 1.0128063994
5355 1.03562248756 1.02639464322
5360 1.03527580159 1.02605104638
5365 1.00120405913 0.99228289788
5370 0.99165977866 0.982823661076
5375 1.0326883984 1.02348669807
5380 1.02111296228 1.01201440409
5385 1.02370031625 1.01457870362
5390 1.02430714876 1.01518012898
5395 1.0092837552 1.00029060037
5400 1.00612954495 0.997164495485
5405 0.981196765131 0.972453877524
5410 0.998016250122 0.989123493628
5415 1.00988791307 1.00088937492
5420 1.0226995152 1.01358682014
5425 1.01197067928 1.00295358278
5430 1.00225943223 0.993328867149
5435 1.0046510307 0.99569915544
5440 1.03312456181 1.02391897507
5445 0.999431797488 0.990526427855
5450 1.02699144789 1.01784050985
5455 0.999892213959 0.990982741815
5460 1.02395915703 1.01483523802
5465 1.01127254995 1.00226167409
5470 1.02808341273 1.01892274481
5475 0.995221544123 0.986353689668
5480 1.00784313633 0.998862818028
5485 1.02255447022 1.01344306757
5490 1.01747829913 1.00841212736
5495 1.01170333143 1.00268861712
5500 1.00929652902 1.00030326036
5505 1.00779073234 0.998810880981
5510 1.00879704677 0.999808228716
5515 1.01135837883 1.00234673819
5520 1.02245186354 1.01334137516
5525 1.00421167734 0.995263716908
5530 0.993992963108 0.985136055841
5535 0.999624246276 0.990717161841
5540 1.01218704265 1.00316801826
5545 1.00491866308 0.995964403099
5550 1.00899054218 1.0
5555 1.00118068777 0.992259734765
5560 1.0070098847 0.998036991035
5565 0.994859539834 0.985994910994
5570 0.987580667581 0.978780896641
5575 0.989353329548 0.980537763424
5580 1.00066512953 0.991748770372
5585 0.9808171017 0.972077597057
5590 0.962258508673 0.953684369123
5595 0.975527480275 0.966835108448
5600 0.963540237616 0.954954677307
5605 0.987512095835 0.978712935899
5610 0.995514260033 0.986643797353
5615 0.965309524374 0.956708198954
5620 0.989982947961 0.981161771664
5625 0.975925605406 0.967229686112
5630 0.993637994063 0.984784249725
5635 0.98154664381 0.972800638632
5640 0.979331232486 0.970604967581
5645 0.986022363929 0.977236478149
5650 0.984168007997 0.97539864533
5655 0.97272270947 0.964055329364
5660 0.958562106236 0.95002090323
5665 0.972341277233 0.963677295853
5670 0.977826340788 0.969113485119
5675 0.97616808707 0.967470007159
5680 0.970152350569 0.961507873473
5685 0.952830258982 0.944340129215
5690 0.964559387223 0.955964745849
5695 0.972914740496 0.964245649311
5700 0.966289664495 0.957679605603
5705 0.963856750683 0.955268370105
5710 0.937342607062 0.928990478973
5715 0.962847784816 0.954268394561
5720 0.966925134147 0.958309412945
5725 0.969869185086 0.961227231117
5730 0.965700862137 0.957096049728
5735 0.964432854178 0.955839340268
5740 0.967024217003 0.958407612929
5745 0.963791074546 0.95520327917
5750 0.959207957252 0.950660999435
5755 0.951268455087 0.942792241668
5760 0.956696272808 0.948171695185
5765 0.957911819449 0.949376410779
5770 0.963299948565 0.954716529335
5775 0.960954801372 0.952392278417
5780 0.956595073006 0.948071397118
5785 0.950063414816 0.941597938827
5790 0.951826150088 0.943344967366
5795 0.957327262419 0.948797062405
5800 0.961311596729 0.952745894573
5805 0.95991137569 0.95135815011
5810 0.960533056696 0.951974291669
5815 0.960656097381 0.952096236008
5820 0.96590985101 0.95730317642
5825 0.970458283605 0.961811080513
5830 0.96749801999 0.958877194127
5835 0.964898570981 0.956300907334
5840 0.970910971751 0.962259735012
5845 0.965037324148 0.956438424149
5850 0.960623614865 0.952064042926
5855 0.946783229622 0.938346981502
5860 0.946055348919 0.937625586531
5865 0.95791903608 0.949383563108
5870 0.963077282332 0.954495847154
5875 0.960407212213 0.951849568515
5880 0.956734263958 0.948209347817
5885 0.944586233665 0.936169561729
5890 0.880117242955 0.872275017614
5895 0.898259570172 0.890255688847
5900 0.938736953486 0.930372401166
5905 0.948018700808 0.939571444105
5910 0.946617816618 0.9381830424
5915 0.933509081356 0.925191111639
5920 0.941228144819 0.932841394908
5925 0.941183821902 0.932797466927
5930 0.934158917667 0.925835157628
5935 0.941366368314 0.932978386771
5940 0.934540276158 0.926213118049
5945 0.92693751795 0.918678103706
5950 0.922974295872 0.914750195651
5955 0.934326828785 0.926001572585
5960 0.933086910864 0.924772702868
5965 0.934001952268 0.925679590858
5970 0.927187934338 0.918926288775
5975 0.922408637702 0.91418957774
5980 0.922154311066 0.913937517264
5985 0.914581397688 0.90643208182
5990 0.918247597023 0.910065613733
5995 0.919290262073 0.911098988187
6000 0.913397501076 0.905258734239
6005 0.908680721058 0.900583982772
6010 0.912967800037 0.904832862022
6015 0.904120966961 0.896064858055
6020 0.894109828239 0.88614292291
6025 0.893787321525 0.88582328987
6030 0.903409029216 0.895359263984
6035 0.902890565186 0.894845419692
6040 0.900785740534 0.892759349939
6045 0.902647218774 0.894604241603
6050 0.899860674052 0.891842526199
6055 0.896199450703 0.888213925934
6060 0.898000324641 0.889998753306
6065 0.885560959269 0.87767022806
6070 0.89612285786 0.888138015566
6075 0.901255477772 0.893224901614
6080 0.893053037807 0.885095548938
6085 0.889930855523 0.882001186648
6090 0.896433472076 0.888445862076
6095 0.897653229773 0.889654751203
6100 0.889304182373 0.881380097428
6105 0.885381827994 0.877492692923
6110 0.893278170722 0.885318675821
6115 0.88990988271 0.881980400713
6120 0.884474233109 0.8765931851
6125 0.881768674915 0.8739117346
6130 0.885291280937 0.877402952679
6135 0.867763681539 0.860031531773
6140 0.86319626976 0.855504817609
6145 0.87845370615 0.870626303641
6150 0.876083189541 0.86827690936
6155 0.868901210065 0.861158924429
6160 0.855331072378 0.847709702538
6165 0.856824702556 0.849190023825
6170 0.852101013645 0.844508425026
6175 0.86968140814 0.8619321706
6180 0.874809859172 0.867014924915
6185 0.874921192848 0.86712526656
6190 0.858069797252 0.850424024189
6195 0.86849751224 0.860758823725
6200 0.864733156587 0.85702801011
6205 0.867663759219 0.859932499804
6210 0.863949690961 0.856251525502
6215 0.859713002948 0.852052588211
6220 0.855787071451 0.848161638462
6225 0.864447860746 0.856745256378
6230 0.841367650115 0.833870700408
6235 0.853569044164 0.845963374757
6240 0.849047073586 0.841481696893
6245 0.83662665621 0.829171950809
6250 0.846460050641 0.838917725442
6255 0.836688424236 0.829233168455
6260 0.852064582443 0.844472318441
6265 0.844308866329 0.836785709112
6270 0.853229871361 0.845627224131
6275 0.840907621358 0.833414770705
6280 0.799366372876 0.792243672716
6285 0.83548182467 0.828037320213
6290 0.834754785325 0.827316759103
6295 0.829122410361 0.821734571036
6300 0.820582273792 0.813270530778
6305 0.832711328258 0.825291510123
6310 0.836850197772 0.829393500519
6315 0.836067592049 0.828617868152
6320 0.834759786561 0.827321715776
6325 0.845294446364 0.837762507204
6330 0.843447552946 0.835932070404
6335 0.835395935859 0.827952196708
6340 0.843083493036 0.835571254426
6345 0.833853357818 0.826423363705
6350 0.842420699779 0.834914366943
6355 0.846963997774 0.839417182188
6360 0.836691361105 0.829236079155
6365 0.835299615067 0.827856734176
6370 0.83761099729 0.830147520984
6375 0.843037511879 0.835525682981
6380 0.844304773669 0.83678165292
6385 0.847297515101 0.839747727732
6390 0.844334898981 0.836811509802
6395 0.834679878435 0.827242519666
6400 0.831271855921 0.823864864107
6405 0.844146177865 0.836624470273
6410 0.831685846321 0.824275165673
6415 0.834340111247 0.82690577995
6420 0.823504652191 0.816166869521
6425 0.841180345149 0.83368506441
6430 0.82968552456 0.822292667645
6435 0.834288446847 0.826854575903
6440 0.824404420823 0.817058620826
6445 0.83720503796 0.829745178927
6450 0.823681369605 0.816342012307
6455 0.824427998262 0.81708198818
6460 0.821842848327 0.814519873049
6465 0.82849699367 0.821114727078
6470 0.820022968829 0.812716209465
6475 0.819435666019 0.812134139777
6480 0.822302191702 0.814975123476
6485 0.823060712082 0.815726885111
6490 0.826825580936 0.819458207355
6495 0.780199198499 0.773247286155
6500 0.812652928164 0.805411839049
6505 0.825403546821 0.818048844179
6510 0.825089240513 0.817737338476
6515 0.807404644975 0.800210320334
6520 0.818463789395 0.811170922994
6525 0.816813931853 0.809535766396
6530 0.817869491542 0.810581920592
6535 0.808006721948 0.800807032541
6540 0.810246483277 0.803026836628
6545 0.787641302327 0.780623077618
6550 0.781723430261 0.774757936353
6555 0.741509008668 0.734901842651
6560 0.596586493683 0.591270649962
6565 0.591111681212 0.585844620439
6570 0.740516084381 0.733917765749
6575 0.775426108996 0.768516726944
6580 0.796800297922 0.789700462601
6585 0.802003859109 0.794857657806
6590 0.797750391917 0.790642090847
6595 0.796068629182 0.788975313345
6600 0.806970270614 0.799779816437
6605 0.805334766242 0.798158885116
6610 0.803525623771 0.796365862888
6615 0.805331955938 0.798156099853
6620 0.808249142837 0.801047293355
6625 0.804554198595 0.797385272664
6630 0.797957073101 0.790846930413
6635 0.793632159115 0.786560553281
6640 0.798458354633 0.791343745309
6645 0.799142271386 0.792021568068
6650 0.802179461511 0.795031695515
6655 0.798544582175 0.791429204527
6660 0.799847455787 0.792720468971
6665 0.795765003514 0.788674393114
6670 0.796932279521 0.789831268186
6675 0.792237505226 0.785178326362
6680 0.787890779421 0.780870331764
6685 0.793786398406 0.786713418233
6690 0.794937617743 0.787854379708
6695 0.789507627883 0.782472773407
6700 0.788905150468 0.781875664326
6705 0.785686730577 0.778685921948
6710 0.787704703286 0.780685913647
6715 0.786388357468 0.77938129704
6720 0.779828300177 0.772879692697
6725 0.779458997492 0.772513680659
6730 0.782806379231 0.775831235778
6735 0.777675448442 0.770746023802
6740 0.782322234695 0.77535140518
6745 0.780637209024 0.773681393816
6750 0.776633359245 0.76971322007
6755 0.774679494996 0.767776765597
6760 0.77246356176 0.765580577285
6765 0.770995826091 0.764125919776
6770 0.772345747502 0.765463812803
6775 0.769233574742 0.762379370849
6780 0.769764225551 0.76290529333
6785 0.766218040719 0.759390706538
6790 0.769251564876 0.762397200683
6795 0.763470550927 0.756667698069
6800 0.759336167023 0.752570153313
6805 0.758337700474 0.751580583533
6810 0.762015291606 0.755225405738
6815 0.761989002056 0.755199350439
6820 0.75815124344 0.751395787912
6825 0.75665928325 0.749917121733
6830 0.756827664014 0.750084002151
6835 0.753648960069 0.746933621834
6840 0.747353620412 0.740694376376
6845 0.749577604567 0.74289854387
6850 0.748662238146 0.74199133376
6855 0.743147888079 0.736526118937
6860 0.745555751378 0.738912527133
6865 0.741522968997 0.734915678587
6870 0.69519430829 0.688999826287
6875 0.703465137768 0.697196959097
6880 0.726726975349 0.720251523643
6885 0.739495881269 0.732906653087
6890 0.745365962066 0.738724428926
6895 0.727684591432 0.721200606952
6900 0.727081500592 0.720602889913
6905 0.723533463413 0.71708646728
6910 0.726599784819 0.720125466435
6915 0.725401758357 0.718938114907
6920 0.729133762723 0.7226368655
6925 0.726442457526 0.719969540996
6930 0.727921135818 0.721435043625
6935 0.730728554543 0.724217447035
6940 0.734904822208 0.728356502349
6945 0.724816997856 0.718358564876
6950 0.725952097514 0.719483550304
6955 0.726126480124 0.71965637909
6960 0.726115090848 0.719645091297
6965 0.725026400174 0.718566101329
6970 0.72684521147 0.720368706229
6975 0.718962767682 0.712556498425
6980 0.719283544218 0.712874416703
6985 0.72630738501 0.719835672036
6990 0.72622295336 0.719751992708
6995 0.7295191984 0.723018866778
7000 0.720582197542 0.714161498465
7005 0.721602322711 0.715172533877
7010 0.725114878526 0.7186537913
7015 0.717489831219 0.711096686463
7020 0.719706213163 0.713293319485
7025 0.715581356478 0.709205217057
7030 0.723774762742 0.717325616527
7035 0.713881028496 0.707520039733
7040 0.715268519625 0.708895167716
7045 0.723875435593 0.71742539234
7050 0.720245806101 0.713828104416
7055 0.715600427881 0.709224118525
7060 0.713345999414 0.706989777992
7065 0.715175523921 0.708803000644
7070 0.71883983549 0.712434661611
7075 0.718241678782 0.711841834738
7080 0.712189668825 0.705843750808
7085 0.714528306281 0.708161549993
7090 0.713201895824 0.706846958427
7095 0.71091168727 0.704577156622
7100 0.713694303578 0.707334978615
7105 0.712780594309 0.70642941089
7110 0.710115845374 0.703788406021
7115 0.712336915718 0.705989685668
7120 0.705635145629 0.699347631249
7125 0.710739881953 0.704406882164
7130 0.707163905772 0.700862769478
7135 0.711585407342 0.705244873557
7140 0.705868529739 0.699578935806
7145 0.706779479514 0.700481768624
7150 0.699210392722 0.692980125669
7155 0.704502591136 0.698225168307
7160 0.703008865552 0.696744752464
7165 0.694437638418 0.688249898672
7170 0.717084202485 0.710694672057
7175 0.741403696925 0.734797469281
7180 0.724905423369 0.718446202479
7185 0.702933671712 0.696670228633
7190 0.699913015883 0.693676488155
7195 0.699051823348 0.692822969217
7200 0.69402930629 0.687845204959
7205 0.690909647059 0.684753343242
7210 0.6895687879 0.683424431718
7215 0.692263647945 0.686095279393
7220 0.690532295754 0.6843793543
7225 0.697325358569 0.691111887987
7230 0.692925183175 0.686750920059
7235 0.686261526322 0.68014663927
7240 0.676287705405 0.670261689412
7245 0.681370521489 0.675299215407
7250 0.678194343362 0.6721513384
7255 0.67957284951 0.673517561463
7260 0.676825992186 0.670795179826
7265 0.604956026218 0.599565606343
7270 0.037976244447 0.0376378596819
7275 9.99973424932e-05 9.91063229163e-05
7280 9.99973425256e-05 9.91063229485e-05
7285 9.99973424932e-05 9.91063229163e-05
7290 9.99973424932e-05 9.91063229163e-05
7295 9.99973424932e-05 9.91063229163e-05
7300 9.99973424932e-05 9.91063229163e-05
7305 9.99973424932e-05 9.91063229163e-05
7310 9.99973424932e-05 9.91063229163e-05
7315 9.99973424932e-05 9.91063229163e-05
7320 9.99973424932e-05 9.91063229163e-05
7325 9.99973424932e-05 9.91063229163e-05
7330 9.99973424932e-05 9.91063229163e-05
7335 9.99973424932e-05 9.91063229163e-05
7340 9.99973424932e-05 9.91063229163e-05
7345 9.99973424932e-05 9.91063229163e-05
7350 9.99973424932e-05 9.91063229163e-05
7355 9.99973424932e-05 9.91063229163e-05
7360 9.99973424932e-05 9.91063229163e-05
7365 9.99973424932e-05 9.91063229163e-05
7370 9.99973424932e-05 9.91063229163e-05
7375 9.99973424932e-05 9.91063229163e-05
7380 9.99973424932e-05 9.91063229163e-05
7385 9.99973424932e-05 9.91063229163e-05
7390 9.99973424932e-05 9.91063229163e-05
7395 9.99973424932e-05 9.91063229163e-05
7400 9.99973424932e-05 9.91063229163e-05
