Wave Flux FluxNorm
3600 1.17326502139 1.16801945925
3605 1.16829326736 1.16306993348
3610 1.16795244315 1.16273063306
3615 1.16870912799 1.16348393483
3620 1.16432733101 1.15912172847
3625 1.16326949958 1.15806862651
3630 1.15286250376 1.14770815944
3635 1.15726332608 1.15208930607
3640 1.15994420397 1.154758198
3645 1.15282083266 1.14766667464
3650 1.14813882734 1.14300560214
3655 1.14954377613 1.14440426954
3660 1.14363087447 1.13851780392
3665 1.14036719347 1.13526871455
3670 1.14158546176 1.13648153607
3675 1.13044245545 1.12538834913
3680 1.11943565611 1.1144307602
3685 1.11054337109 1.10557823179
3690 1.1197445562 1.11473827923
3695 1.12117167365 1.11615901617
3700 1.13971768772 1.13462211268
3705 1.09024215813 1.08536778373
3710 1.09950056369 1.09458479578
3715 1.19427824771 1.18893873732
3720 1.08261458705 1.07777431483
3725 1.21317030059 1.20774632553
3730 1.33260519928 1.32664724156
3735 0.940454049648 0.93624936437
3740 1.50807450054 1.50133203539
3745 1.46105179454 1.45451956368
3750 0.896893016211 0.892883088388
3755 1.44416827358 1.43771152742
3760 1.82494791002 1.81678873243
3765 1.54978921111 1.54286024326
3770 0.878635288221 0.874706989054
3775 1.36042913232 1.3543467763
3780 2.02101148553 2.01197572536
3785 2.2037499271 2.19389715983
3790 1.88506815706 1.87664018727
3795 1.11994561955 1.11493844364
3800 0.973007587631 0.96865735842
3805 1.75311023927 1.74527224143
3810 2.25668499875 2.24659556356
3815 2.3918545713 2.38116080513
3820 2.33907238638 2.3286146046
3825 2.07956729386 2.07026973596
3830 1.4611877681 1.45465492931
3835 0.80014596246 0.796568581993
3840 1.30714540167 1.30130127241
3845 1.98805767037 1.97916924375
3850 2.32649917727 2.31609760917
3855 2.42478227723 2.41394129425
3860 2.51614518711 2.5048957288
3865 2.50187057519 2.49068493739
3870 2.46643095256 2.45540376211
3875 2.29417762933 2.28392056796
3880 1.90954330729 1.9010059113
3885 1.23113152231 1.22562724426
3890 0.802124430271 0.798538204252
3895 1.48094821375 1.47432702779
3900 2.01982723942 2.01079677391
3905 2.30014548625 2.28986174313
3910 2.47051978289 2.45947431165
3915 2.50335261533 2.49216035146
3920 2.53885407802 2.5275030903
3925 2.55811234369 2.54667525401
3930 2.50381638469 2.49262204734
3935 2.34872698612 2.33822603949
3940 2.52142513696 2.51015207247
3945 2.47249737509 2.46144306221
3950 2.40938624217 2.39861409348
3955 2.25995017793 2.24984614441
3960 1.93152170789 1.92288604845
3965 1.34602597005 1.34000800928
3970 0.750712550494 0.747356182355
3975 1.30242975326 1.29660670724
3980 1.89476148798 1.88629018017
3985 2.22096306862 2.21103334295
3990 2.38069141883 2.37004756211
3995 2.4555322565 2.44455379314
4000 2.48407962122 2.47297352516
4005 2.48220828656 2.47111055708
4010 2.49412359467 2.48297259291
4015 2.47581188203 2.46474275029
4020 2.51556929842 2.50432241485
4025 2.4056059907 2.39485074317
4030 2.47987262563 2.46878533867
4035 2.51017723484 2.4989544587
4040 2.51246682004 2.50123380737
4045 2.4826380992 2.47153844806
4050 2.49124944254 2.48011129086
4055 2.47417141573 2.46310961837
4060 2.47152634253 2.46047637105
4065 2.43616076439 2.42526890922
4070 2.41092069502 2.40014168592
4075 2.37295943691 2.36235014918
4080 2.31813821677 2.30777402977
4085 2.20147317896 2.19163059083
4090 1.96566682693 1.95687850775
4095 1.507746984 1.50100598315
4100 0.864276769036 0.860412665513
4105 1.03012424904 1.02551865639
4110 1.64158682849 1.63424744176
4115 2.01807285354 2.00905023173
4120 2.19382037148 2.18401199837
4125 2.26729100797 2.25715415426
4130 2.23145562076 2.22147898384
4135 2.3355021361 2.32506031659
4140 2.34977130757 2.33926569188
4145 2.33160553042 2.32118113228
4150 2.36707516253 2.35649218286
4155 2.36436912694 2.35379824572
4160 2.36282078979 2.35225683104
4165 2.34211516673 2.33164378096
4170 2.33228883315 2.32186138003
4175 2.30551225629 2.29520451883
4180 2.29893919666 2.28866084676
4185 2.31264110296 2.30230149307
4190 2.31101746105 2.30068511032
4195 2.28371945965 2.27350915582
4200 2.28292904164 2.27272227169
4205 2.29407229535 2.28381570492
4210 2.29244802504 2.28219869657
4215 2.28089767238 2.2706999845
4220 2.27276657635 2.26260524187
4225 2.25318370979 2.24310992854
4230 2.25104827389 2.24098403998
4235 2.21712319454 2.2072106366
4240 2.2097333278 2.19985380929
4245 2.21898562925 2.20906474453
4250 2.20988274254 2.20000255601
4255 2.20781425026 2.19794331177
4260 2.18483930272 2.17507108316
4265 2.19223173922 2.18243046873
4270 2.16533815984 2.15565712813
4275 2.15809825495 2.1484495922
4280 2.16264339313 2.15297440947
4285 2.14438709907 2.13479973766
4290 2.12617444463 2.11666851035
4295 2.1065418573 2.09712369855
4300 2.07475163423 2.06547560671
4305 2.06664958358 2.05740977959
4310 2.04787673834 2.03872086605
4315 1.99173897494 1.98283408953
4320 1.94443761279 1.93574420751
4325 1.81256815162 1.80446432281
4330 1.59004329385 1.58293435362
4335 1.17646676613 1.17120688927
4340 0.702024762507 0.698886073079
4345 1.06273427116 1.05798288203
4350 1.48519332666 1.47855316118
4355 1.74105253435 1.73326844542
4360 1.87274348791 1.8643706206
4365 1.93671654342 1.92805765834
4370 1.9573067043 1.94855576247
4375 1.97684437477 1.96800608177
4380 1.98935811212 1.98046387133
4385 1.91818484572 1.90960881419
4390 1.93939978178 1.93072890019
4395 1.95503093855 1.94629017146
4400 1.9692679287 1.96046350931
4405 1.96061764999 1.95185190522
4410 1.96523492859 1.95644854039
4415 1.94293946182 1.93425275464
4420 1.94920663094 1.94049190381
4425 1.9516928653 1.94296702243
4430 1.94125385395 1.93257468296
4435 1.92138647949 1.91279613374
4440 1.93081323367 1.92218074175
4445 1.90902275681 1.90048768815
4450 1.90706571888 1.89853939996
4455 1.90751989119 1.89899154172
4460 1.90354232228 1.89503175616
4465 1.89014395838 1.88169329513
4470 1.82228324636 1.81413598224
4475 1.8633394542 1.85500863147
4480 1.75247818612 1.74464301413
4485 1.85465613622 1.84636413583
4490 1.84792358851 1.83966168873
4495 1.8688021604 1.8604469144
4500 1.85388675662 1.84559819606
4505 1.85667775276 1.8483767139
4510 1.84385465316 1.83561094522
4515 1.83260496839 1.82441155677
4520 1.81570203424 1.80758419412
4525 1.82574228598 1.8175795568
4530 1.82791348412 1.81974104772
4535 1.80537964875 1.79730795909
4540 1.8147130225 1.80659960416
4545 1.81470564409 1.80659225874
4550 1.75603106743 1.74818001083
4555 1.77582193647 1.76788239668
4560 1.78336126547 1.77538801801
4565 1.78673293892 1.77874461701
4570 1.78236165867 1.77439288037
4575 1.77457851999 1.7666445394
4580 1.76774624782 1.7598428137
4585 1.7431607361 1.73536722159
4590 1.75143700825 1.74360649127
4595 1.76102737586 1.75315398121
4600 1.75822368191 1.75036282232
4605 1.75472545737 1.74688023803
4610 1.75084890419 1.74302101657
4615 1.73856050549 1.73078755819
4620 1.71539022143 1.70772086639
4625 1.72741452028 1.71969140568
4630 1.70814132907 1.70050438317
4635 1.70180766942 1.69419904074
4640 1.71631056946 1.70863709963
4645 1.71462609457 1.70696015587
4650 1.71284071505 1.70518275862
4655 1.70501039446 1.69738744669
4660 1.7000977736 1.69249678971
4665 1.68428646641 1.67675617345
4670 1.68527285021 1.67773814721
4675 1.68661686862 1.67907615664
4680 1.69121550236 1.6836542303
4685 1.68039064694 1.67287777184
4690 1.67468623808 1.66719886687
4695 1.67416145625 1.6666764313
4700 1.66864383729 1.66118348112
4705 1.66210790607 1.65467677145
4710 1.65273484271 1.64534561422
4715 1.64515282423 1.63779749425
4720 1.64650122355 1.639139865
4725 1.64254138283 1.63519772838
4730 1.62859052825 1.62130924681
4735 1.62440085351 1.61713830373
4740 1.61289585386 1.60568474189
4745 1.61608056225 1.60885521174
4750 1.60909568664 1.60190156488
4755 1.60327056488 1.59610248671
4760 1.59536745709 1.588234713
4765 1.5854430413 1.57835466839
4770 1.57906589487 1.5720060336
4775 1.56838884777 1.56137672262
4780 1.56655009941 1.55954619513
4785 1.56362592763 1.55663509706
4790 1.55393303294 1.54698553843
4795 1.54801394276 1.54109291197
4800 1.54161109754 1.53471869329
4805 1.52595340724 1.51913100711
4810 1.52825135276 1.52141867873
4815 1.52000511073 1.51320930491
4820 1.50859013574 1.50184536523
4825 1.48225000866 1.47562300249
4830 1.47818600612 1.47157716974
4835 1.44681103175 1.44034247005
4840 1.40213375436 1.39586494074
4845 1.3213648866 1.31545718331
4850 1.17518636593 1.16993221362
4855 0.943653649252 0.939434658853
4860 0.615032443321 0.61228268871
4865 0.754513655266 0.75114029273
4870 1.04863288153 1.04394453844
4875 1.22351752997 1.21804729339
4880 1.32933847703 1.32339512453
4885 1.38025483624 1.37408384129
4890 1.40866439554 1.40236638401
4895 1.42709758927 1.4207171646
4900 1.43537080315 1.42895338968
4905 1.44212018596 1.43567259661
4910 1.43773140275 1.43130343525
4915 1.43817140488 1.43174147018
4920 1.4197247707 1.41337730923
4925 1.40551543963 1.3992315068
4930 1.43834195797 1.43191126073
4935 1.43013493637 1.42374093199
4940 1.42785853522 1.42147470843
4945 1.42793587563 1.42155170306
4950 1.41714648732 1.41081055313
4955 1.41272769204 1.40641151388
4960 1.41186155555 1.40554924981
4965 1.41288516557 1.40656828336
4970 1.40491622236 1.39863496858
4975 1.40188957708 1.39562185515
4980 1.39828934833 1.39203772271
4985 1.39297151732 1.38674366724
4990 1.38448221575 1.37829232057
4995 1.38257874139 1.37639735647
5000 1.37163288661 1.36550043962
5005 1.36417171764 1.35807262887
5010 1.36991050053 1.36378575417
5015 1.35344264818 1.34739152811
5020 1.3273637959 1.32142927202
5025 1.35409414056 1.34804010772
5030 1.34485626735 1.33884353621
5035 1.3367202606 1.33074390482
5040 1.32472483591 1.31880211059
5045 1.33575400035 1.32978196463
5050 1.33463068204 1.32866366858
5055 1.30021479514 1.294401652
5060 1.31989924524 1.3139980947
5065 1.32226021578 1.31634850955
5070 1.31446935955 1.30859248554
5075 1.31195688293 1.30609124197
5080 1.31280902838 1.30693957756
5085 1.3044241945 1.29859223151
5090 1.30459482478 1.29876209892
5095 1.29731266813 1.29151250014
5100 1.28651925168 1.28076734009
5105 1.29282106604 1.28704097959
5110 1.29382609472 1.28804151488
5115 1.28685254807 1.28109914633
5120 1.28563972043 1.27989174114
5125 1.27801606126 1.27230216666
5130 1.27310114003 1.2674092196
5135 1.26914111168 1.26346689618
5140 1.26582459893 1.26016521126
5145 1.25710617485 1.25148576646
5150 1.25027167013 1.2446818182
5155 1.25086029311 1.2452678095
5160 1.25301272516 1.24741061823
5165 1.23773821635 1.23220440036
5170 1.20747175474 1.20207325737
5175 1.23364062499 1.22812512896
5180 1.23300961089 1.22749693607
5185 1.21311689524 1.20769315896
5190 1.22347834114 1.21800827977
5195 1.21947285768 1.21402070447
5200 1.21793720677 1.21249191931
5205 1.21926910256 1.21381786031
5210 1.21630523307 1.21086724202
5215 1.20040199633 1.19503510722
5220 1.20401008398 1.19862706343
5225 1.18871404153 1.18339940821
5230 1.19286655757 1.18753335872
5235 1.17614888915 1.17089043349
5240 1.18900303517 1.18368710978
5245 1.18885012507 1.18353488334
5250 1.17932830273 1.1740556322
5255 1.17815853597 1.17289109536
5260 1.16575469803 1.16054271386
5265 1.15345259467 1.14829561209
5270 1.1654648948 1.16025420632
5275 1.14583246883 1.14070955515
5280 1.1564348275 1.15126451163
5285 1.14988778317 1.14474673855
5290 1.15003198489 1.14489029556
5295 1.15166921007 1.14652020085
5300 1.14408731694 1.13897220568
5305 1.13643790739 1.13135699595
5310 1.13606614037 1.13098689107
5315 1.11193788871 1.10696651465
5320 1.12562176523 1.12058921179
5325 1.12150612639 1.1164919736
5330 1.1113913071 1.10642237676
5335 1.11637682783 1.11138560767
5340 1.11164902028 1.10667893772
5345 1.1145447146 1.10956168566
5350 1.11445457556 1.10947194961
5355 1.1101075983 1.1051444073
5360 1.10215470318 1.09722706885
5365 1.09649518296 1.09159285184
5370 1.09704387902 1.09213909473
5375 1.09658980647 1.0916870523
5380 1.09698899536 1.09208445645
5385 1.09204943492 1.08716698034
5390 1.08877727571 1.08390945066
5395 1.08335400863 1.07851043052
5400 1.0766848196 1.07187105883
5405 1.07416047791 1.06935800324
5410 1.07413603944 1.06933367404
5415 1.07122728348 1.06643792286
5420 1.07192335893 1.06713088622
5425 1.06267820055 1.05792706211
5430 1.05996804264 1.05522902107
5435 1.0603269088 1.05558628277
5440 1.06471604094 1.0599557915
5445 1.05681866892 1.05209372792
5450 1.05971599467 1.05497809999
5455 1.05375328015 1.04904204423
5460 1.05415736153 1.049444319
5465 1.04261297343 1.03795154481
5470 1.04556021388 1.04088560842
5475 1.04311076602 1.03844711182
5480 1.03269235292 1.02807527851
5485 1.03792178134 1.03328132662
5490 1.03404250365 1.02941939283
5495 1.03172548957 1.02711273791
5500 1.0285951623 1.02399640605
5505 1.01974283305 1.01518365477
5510 1.02250984537 1.01793829602
5515 1.02582099222 1.02123463904
5520 1.0215653478 1.01699802122
5525 1.01720993918 1.01266208524
5530 1.00961269837 1.005098811
5535 1.0053714116 1.00087648665
5540 1.00973801132 1.0052235637
5545 1.00495049235 1.00045744929
5550 1.00449098866 1.0
5555 1.00156032635 0.997082440417
5560 0.999355608131 0.994887579295
5565 0.995529360726 0.991078438698
5570 0.993928073791 0.989484310972
5575 0.991131084549 0.986699826817
5580 0.989701814386 0.985276946792
5585 0.984851194371 0.980448013462
5590 0.983149934092 0.978754359364
5595 0.980860760072 0.976475420035
5600 0.976766423043 0.972399388418
5605 0.974361624036 0.97000534105
5610 0.97536408939 0.971003324472
5615 0.971689662783 0.967345325895
5620 0.969550972582 0.965216197585
5625 0.967072844389 0.96274914888
5630 0.964865669019 0.960551841592
5635 0.962951873205 0.958646602187
5640 0.957658058324 0.953376455474
5645 0.954304256992 0.950037648686
5650 0.955774840187 0.951501657036
5655 0.95300046301 0.948739683849
5660 0.948559984722 0.94431905854
5665 0.948511625625 0.944270915652
5670 0.944983028246 0.940758094313
5675 0.941847984564 0.937637067129
5680 0.9368216566 0.932633211424
5685 0.932637158038 0.928467421378
5690 0.929102257486 0.924948325048
5695 0.929018722573 0.924865163612
5700 0.92854099274 0.924389569666
5705 0.925160382088 0.92102407342
5710 0.922734341897 0.918608879836
5715 0.919912179102 0.915799334676
5720 0.915991379439 0.911896064555
5725 0.914904943267 0.910814485741
5730 0.910360485588 0.906290345923
5735 0.910404200865 0.906333865753
5740 0.908842459776 0.904779107067
5745 0.905884348643 0.901834221382
5750 0.904563043427 0.900518823603
5755 0.900903023536 0.896875167331
5760 0.900183915689 0.89615927455
5765 0.897260710912 0.893249139159
5770 0.895800843786 0.891795798966
5775 0.894150091528 0.890152427073
5780 0.890090567875 0.886111053185
5785 0.888534149564 0.884561593479
5790 0.889156638221 0.885181299046
5795 0.888003593045 0.884033409031
5800 0.887480908582 0.883513061443
5805 0.884395909313 0.880441854927
5810 0.884153859013 0.880200886813
5815 0.88097494683 0.877036187259
5820 0.880691677278 0.87675418418
5825 0.878386739928 0.874459551997
5830 0.876726545004 0.872806779655
5835 0.874700040511 0.870789335481
5840 0.871799259891 0.867901523989
5845 0.870533602078 0.866641524819
5850 0.867688263242 0.863808907236
5855 0.864922724083 0.861055732553
5860 0.863068749353 0.859210046777
5865 0.859178560758 0.855337250865
5870 0.856214015868 0.852385960187
5875 0.840843140231 0.83708380635
5880 0.848019018151 0.844227601567
5885 0.841299686677 0.837538311618
5890 0.822528632373 0.818851181006
5895 0.828478314884 0.824774263023
5900 0.830345193992 0.826632795482
5905 0.837119796684 0.833377109536
5910 0.833424199494 0.829698035028
5915 0.829079583797 0.825372843717
5920 0.823272797962 0.819592019497
5925 0.825600072478 0.821908888979
5930 0.826460185983 0.822765156994
5935 0.823887611355 0.820204084115
5940 0.814112452147 0.810472628763
5945 0.809227337345 0.805609354869
5950 0.8133285752 0.809692256459
5955 0.810642463978 0.807018154599
5960 0.805471364723 0.801870174861
5965 0.808842166778 0.805225906365
5970 0.807064577802 0.803456264828
5975 0.802184075098 0.798597582413
5980 0.798236556188 0.794667712504
5985 0.803263132593 0.799671815539
5990 0.802579658887 0.798991397582
5995 0.801750019573 0.798165467511
6000 0.8004301648 0.796851513689
6005 0.799238324738 0.795665002236
6010 0.795276753558 0.791721142885
6015 0.793925670412 0.790376100309
6020 0.792135742369 0.788594174873
6025 0.790594613986 0.787059936736
6030 0.790077766395 0.786545399925
6035 0.786777208687 0.783259598713
6040 0.78474014704 0.781231644584
6045 0.783497424005 0.779994477651
6050 0.781824383991 0.778328917649
6055 0.780042585598 0.776555085516
6060 0.778698667321 0.775217175777
6065 0.779218861114 0.77573504383
6070 0.775930005126 0.77246089202
6075 0.7767510068 0.77327822307
6080 0.77295945126 0.769503619233
6085 0.771601478058 0.768151717407
6090 0.770274832859 0.766831003518
6095 0.769882899105 0.766440822066
6100 0.769458123509 0.766017945602
6105 0.767502728744 0.764071293231
6110 0.765913676157 0.762489345155
6115 0.764723900573 0.761304888951
6120 0.762944321755 0.75953326647
6125 0.76108366944 0.757680932963
6130 0.759065248441 0.755671536142
6135 0.759077886927 0.755684118123
6140 0.756505449973 0.753123182302
6145 0.753731032732 0.750361169231
6150 0.74980406541 0.746451759026
6155 0.741353134253 0.73803861122
6160 0.740767554314 0.737455649356
6165 0.747257596087 0.743916674738
6170 0.745478342949 0.74214537648
6175 0.743478550384 0.740154524807
6180 0.741747480872 0.738431194751
6185 0.740334680151 0.737024710535
6190 0.739932654579 0.736624482383
6195 0.738368677427 0.735067497631
6200 0.736053832286 0.732763001954
6205 0.73346129472 0.73018205539
6210 0.730869631901 0.727601979662
6215 0.730097178928 0.726832980257
6220 0.72699898375 0.72374863683
6225 0.725933986771 0.722688401357
6230 0.720391851844 0.717171044815
6235 0.718577529434 0.715364834078
6240 0.711418328678 0.708237641462
6245 0.712259863332 0.709075413691
6250 0.710896412984 0.707718059206
6255 0.712101792942 0.708918050019
6260 0.709819177037 0.706645639484
6265 0.707103236657 0.703941841829
6270 0.704183068771 0.701034729751
6275 0.687861455238 0.68478608868
6280 0.6711609344 0.668160234365
6285 0.692843755711 0.689746113737
6290 0.686359634804 0.683290982749
6295 0.685401254851 0.682336887627
6300 0.686180930131 0.683113077049
6305 0.685230465641 0.682166862
6310 0.685957185891 0.682890333149
6315 0.68406992617 0.681011511197
6320 0.682996245575 0.679942630931
6325 0.684732098034 0.68167072255
6330 0.684069400031 0.68101098741
6335 0.682048677999 0.678999299844
6340 0.680563014688 0.6775202788
6345 0.665931478689 0.662954159079
6350 0.668342762352 0.66535466211
6355 0.676239177035 0.673215772635
6360 0.673368927446 0.670358355674
6365 0.673825981462 0.670813366242
6370 0.659114709781 0.65616786733
6375 0.668716379759 0.665726609107
6380 0.671003116546 0.6680031221
6385 0.666321073608 0.663342012154
6390 0.666132680001 0.663154460838
6395 0.665240970507 0.662266738097
6400 0.66333827534 0.660372549709
6405 0.661481126344 0.658523703858
6410 0.660051822355 0.657100790159
6415 0.657742695373 0.654801987075
6420 0.655825568868 0.65289343187
6425 0.656247690045 0.653313665781
6430 0.65407208028 0.651147782972
6435 0.650942222747 0.64803191875
6440 0.65015887039 0.64725206869
6445 0.647266285563 0.644372416349
6450 0.645158056288 0.642273612777
6455 0.631095411484 0.62827384079
6460 0.638410280142 0.63555600533
6465 0.636992206641 0.634144271907
6470 0.634404638157 0.631568272209
6475 0.624183620129 0.621392951431
6480 0.626338376035 0.623538073618
6485 0.624906704315 0.622112802773
6490 0.624561063279 0.621768707067
6495 0.621071712356 0.618294956718
6500 0.625945306378 0.62314676134
6505 0.6224912173 0.619708115182
6510 0.617542378306 0.614781402001
6515 0.602967469957 0.600271656754
6520 0.609628586808 0.606902992352
6525 0.609130986149 0.606407616421
6530 0.603963563586 0.601263296938
6535 0.593387086426 0.590734106255
6540 0.581303372886 0.578704417908
6545 0.552366803424 0.549897221239
6550 0.524295486561 0.521951408704
6555 0.468007874592 0.465915453574
6560 0.372205138319 0.370541042699
6565 0.357075638588 0.355479185597
6570 0.458875076739 0.456823487637
6575 0.514078141261 0.511779744234
6580 0.549444466556 0.546987949876
6585 0.568899741672 0.566356242211
6590 0.579675252024 0.577083576228
6595 0.587805082301 0.585177058766
6600 0.589627174376 0.586991004432
6605 0.589896046765 0.587258674717
6610 0.591078654061 0.588435994682
6615 0.590985214595 0.588342972976
6620 0.590926046091 0.588284069009
6625 0.590090386485 0.587452145561
6630 0.590718793743 0.588077743268
6635 0.590927700236 0.588285715759
6640 0.590208884942 0.587570114222
6645 0.58824401962 0.585614033636
6650 0.588415183266 0.585784432025
6655 0.587777326478 0.585149427037
6660 0.585410335277 0.58279301844
6665 0.586166324524 0.583545627728
6670 0.582631135767 0.580026244481
6675 0.581228345688 0.57862972615
6680 0.578327602871 0.575741952293
6685 0.580111020066 0.57751739599
6690 0.579969888311 0.577376895222
6695 0.577859045592 0.575275489891
6700 0.575364375163 0.572791972909
6705 0.577048976413 0.574469042459
6710 0.574542690611 0.571973962035
6715 0.571266698078 0.568712616169
6720 0.568063619423 0.565523858189
6725 0.566515584625 0.563982744516
6730 0.567984517614 0.565445110038
6735 0.565020079253 0.562493925414
6740 0.564477488259 0.561953760295
6745 0.562231679415 0.559717992259
6750 0.56080522877 0.558297919147
6755 0.559473229432 0.556971875058
6760 0.557287725191 0.554796142009
6765 0.556613869064 0.554125298632
6770 0.552970021668 0.550497742549
6775 0.550161708258 0.547701984855
6780 0.548321464386 0.545869968547
6785 0.546216464403 0.54377437983
6790 0.54516736329 0.542729969154
6795 0.553833017537 0.551356880042
6800 0.548525757241 0.546073348029
6805 0.550370073823 0.547909418837
6810 0.547913053296 0.545463383427
6815 0.54557162678 0.543132425218
6820 0.544212116986 0.54177899367
6825 0.543955307173 0.541523332031
6830 0.540385097253 0.537969084197
6835 0.537702536671 0.535298517101
6840 0.537708290245 0.535304244952
6845 0.536562474763 0.534163552307
6850 0.53451917043 0.532129383404
6855 0.532047724099 0.529668986686
6860 0.53143591564 0.529059913568
6865 0.520678639139 0.518350731881
6870 0.501739735461 0.499496502334
6875 0.510345608504 0.508063899294
6880 0.519913555742 0.517589069103
6885 0.514301061994 0.512001668308
6890 0.511047852065 0.508763003187
6895 0.51034631106 0.508064598709
6900 0.51317646049 0.510882094796
6905 0.512328929278 0.51003835282
6910 0.513872311472 0.511574834691
6915 0.51206552963 0.509776130807
6920 0.513038926378 0.510745175587
6925 0.511753593107 0.509465588925
6930 0.509702598115 0.507423763747
6935 0.509134826932 0.506858531017
6940 0.507770851114 0.505500653412
6945 0.506639378717 0.504374239727
6950 0.506063153725 0.503800590985
6955 0.505349074762 0.503089704604
6960 0.503844474724 0.501591831498
6965 0.50262152555 0.500374350019
6970 0.501776308056 0.499532911416
6975 0.499722641402 0.49748842652
6980 0.498826328417 0.49659612087
6985 0.499550587767 0.497317142122
6990 0.498196112343 0.495968722436
6995 0.498220437098 0.495992938436
7000 0.49596899219 0.493751559536
7005 0.496026900822 0.493809209264
7010 0.495382100279 0.493167291565
7015 0.493821757748 0.491613925185
7020 0.491999680458 0.489799994239
7025 0.491658328555 0.489460168489
7030 0.491022063257 0.488826747876
7035 0.491017705233 0.488822409336
7040 0.487912464935 0.485731052288
7045 0.488824743341 0.48663925198
7050 0.488143488898 0.485961043364
7055 0.485063224375 0.482894550426
7060 0.482929023932 0.4807698918
7065 0.481657661905 0.479504213919
7070 0.482168801201 0.480013067957
7075 0.481558860389 0.479405854135
7080 0.479741905478 0.477597022665
7085 0.479933064428 0.477787326961
7090 0.479329243063 0.477186205227
7095 0.480762505986 0.478613060161
7100 0.478553608249 0.476414038207
7105 0.477416408444 0.47528192272
7110 0.477397581428 0.475263179877
7115 0.472442789098 0.470330539977
7120 0.474859794106 0.472736738774
7125 0.475362273201 0.47323697133
7130 0.474750683647 0.472628116137
7135 0.474442436636 0.472321247271
7140 0.473495411619 0.471378456318
7145 0.471037651124 0.468931684248
7150 0.469859141843 0.467758443976
7155 0.467767723286 0.465676375963
7160 0.469163246486 0.467065659904
7165 0.467334842497 0.465245430545
7170 0.460665213306 0.458605620665
7175 0.460140771329 0.45808352342
7180 0.458322618814 0.456273499702
7185 0.455316918624 0.453281237726
7190 0.45674320873 0.454701151018
7195 0.457201624483 0.455157517235
7200 0.454640264511 0.452607608872
7205 0.453724071039 0.451695511619
7210 0.455783735166 0.453745967174
7215 0.455345588465 0.453309779387
7220 0.455250005958 0.45321462422
7225 0.454659159844 0.452626419726
7230 0.451477203393 0.449458689516
7235 0.44636014615 0.444364510174
7240 0.447617295523 0.445616038945
7245 0.447875764303 0.445873352135
7250 0.445917675201 0.443924017473
7255 0.444574618426 0.442586965384
7260 0.445324024568 0.443333020999
7265 0.442469900582 0.440491657544
7270 0.442176482128 0.440199550937
7275 0.438897491241 0.436935220123
7280 0.442164858533 0.44018797931
7285 0.441697659029 0.439722868613
7290 0.439674460953 0.437708716073
7295 0.439258974394 0.437295087117
7300 0.436644080458 0.434691884136
7305 0.435989596402 0.434040326219
7310 0.435609647326 0.433662075861
7315 0.434130323367 0.432189365826
7320 0.435139558946 0.433194089205
7325 0.434796871687 0.432852934069
7330 0.431460632879 0.429531611284
7335 0.431409566233 0.429480772952
7340 0.430995770206 0.42906882697
7345 0.429480362812 0.427560194826
7350 0.42817194746 0.426257629281
7355 0.42779089479 0.425878280264
7360 0.428107968585 0.426193936449
7365 0.425299409007 0.423397933689
7370 0.423578849171 0.421685066321
7375 0.422821618399 0.420931221059
7380 0.422791639165 0.420901375859
7385 0.421985032321 0.420098375282
7390 0.422320662358 0.420432504747
7395 0.417720463395 0.415852872859
7400 0.422730463246 0.420840473453
