Wave Flux FluxNorm
3600 0.234178814798 0.220119009861
3605 0.159967229927 0.150362996295
3610 0.133658040664 0.12563337805
3615 0.196529761905 0.184730359303
3620 0.141965585488 0.13344214821
3625 0.250943820233 0.235877465209
3630 0.204242918978 0.191980428013
3635 0.188500366351 0.177183038677
3640 0.26297678067 0.24718798166
3645 0.199293909065 0.187328550503
3650 0.18635456 0.175166063872
3655 0.279548573329 0.262764824488
3660 0.318192321911 0.299088450442
3665 0.27668657347 0.260074655543
3670 0.25457717122 0.23929267432
3675 0.287544555976 0.270280738276
3680 0.221890403881 0.20856837986
3685 0.227424921033 0.213770611482
3690 0.259329899584 0.243760054781
3695 0.259162024616 0.243602258817
3700 0.32188331675 0.30255784254
3705 0.193906138512 0.182264254997
3710 0.21563120039 0.202684971166
3715 0.315389422598 0.29645383372
3720 0.134030668507 0.12598363378
3725 0.214973985108 0.202067214273
3730 0.198526294596 0.186607022653
3735 0.0883575068651 0.0830526319884
3740 0.193874800624 0.182234798597
3745 0.124454051364 0.116981984827
3750 0.125287957728 0.117765824489
3755 0.243424407803 0.228809508955
3760 0.156159433815 0.146783815528
3765 0.166554840791 0.156555095191
3770 0.239212877261 0.224850833472
3775 0.255075940383 0.239761498002
3780 0.266787129326 0.250769561719
3785 0.242858625073 0.228277695116
3790 0.163333770668 0.153527414114
3795 0.158550748217 0.149031558385
3800 0.167654343135 0.157588584781
3805 0.210812780798 0.198155843496
3810 0.195096970232 0.18338359066
3815 0.138063701061 0.129774528074
3820 0.09727160896 0.0914315424746
3825 0.0873716071413 0.0821259244585
3830 0.106033602137 0.0996674764734
3835 0.106326249248 0.0999425534153
3840 0.0989450779297 0.0930045384476
3845 0.140642951886 0.132198923886
3850 0.116614672715 0.109613272727
3855 0.117230294878 0.110191933701
3860 0.0946937329927 0.0890084389758
3865 0.128295934076 0.120593205676
3870 0.0985427226781 0.0926263401051
3875 0.150744136477 0.14169364591
3880 0.122779693673 0.11540815349
3885 0.184026911061 0.172978164081
3890 0.244433556499 0.229758069618
3895 0.284237430029 0.26717216806
3900 0.265905757082 0.24994110597
3905 0.247750340691 0.23287571821
3910 0.308547658638 0.290022840763
3915 0.31165021544 0.292939123911
3920 0.228407338987 0.214694046283
3925 0.21312661368 0.200330756729
3930 0.0951540459165 0.0894411152839
3935 0.0618935750484 0.0581775617413
3940 0.170664392604 0.160417914622
3945 0.224602297299 0.211117454568
3950 0.31424000176 0.29537342268
3955 0.333105363149 0.313106131222
3960 0.274327829416 0.25785752755
3965 0.129980722374 0.122176841379
3970 0.0851019051884 0.0799924925895
3975 0.243134556941 0.228537060378
3980 0.385638377702 0.362485128885
3985 0.406723909287 0.382304711364
3990 0.445985460118 0.419209047489
3995 0.443357651288 0.416739009034
4000 0.497206537727 0.46735487527
4005 0.44839107314 0.421470230495
4010 0.510056686085 0.479433516694
4015 0.540080768044 0.507654990095
4020 0.542238990708 0.509683635753
4025 0.527511877926 0.495840720515
4030 0.490514592859 0.461064706454
4035 0.445747606047 0.418985473881
4040 0.550503025638 0.517451508299
4045 0.377941894584 0.355250733046
4050 0.530192963037 0.498360836609
4055 0.465364482782 0.437424577721
4060 0.460238619791 0.432606465173
4065 0.401274664333 0.377182632304
4070 0.485867042021 0.456696188791
4075 0.455803131997 0.428437278552
4080 0.508254901737 0.477739909239
4085 0.529186369658 0.497414677846
4090 0.600266378018 0.564227130861
4095 0.520849065681 0.489577935235
4100 0.459566986232 0.431975155658
4105 0.515842628783 0.484872078585
4110 0.495145168478 0.465417268068
4115 0.528289384236 0.496571546313
4120 0.477218879052 0.448567250776
4125 0.49544941495 0.465703247961
4130 0.44201463631 0.415476627006
4135 0.443269411614 0.416656067161
4140 0.476317430286 0.447719923873
4145 0.382848697124 0.35986293726
4150 0.392874129637 0.369286455268
4155 0.386612878215 0.363401121598
4160 0.466563789754 0.438551879794
4165 0.449316146298 0.42233976341
4170 0.448572674799 0.421640929016
4175 0.388704687987 0.365367341711
4180 0.398475271567 0.374551311599
4185 0.488792965787 0.459446443731
4190 0.467775564353 0.439690900952
4195 0.439906502768 0.413495063182
4200 0.421293177768 0.395999259076
4205 0.473163153178 0.444755025641
4210 0.508063992552 0.477560462004
4215 0.441088520583 0.414606114116
4220 0.669559987543 0.629360438209
4225 0.407307599086 0.382853357153
4230 0.576330791221 0.541728606942
4235 0.544591215215 0.511894635624
4240 0.580807643006 0.545936674111
4245 0.672853384884 0.632456104067
4250 0.518001302504 0.486901148219
4255 0.546292428864 0.51349371052
4260 0.518768056602 0.487621867354
4265 0.688712424764 0.647362986907
4270 0.48681920351 0.457591183687
4275 0.495666983844 0.465907754288
4280 0.591497619193 0.555984837416
4285 0.560314554652 0.526673965307
4290 0.487328980254 0.458070354069
4295 0.535273768474 0.503136596804
4300 0.375965659955 0.353393149087
4305 0.365561841138 0.343613962619
4310 0.346013868661 0.32523962611
4315 0.659067805484 0.619498193718
4320 0.758089743519 0.712574977685
4325 0.467173943468 0.439125400637
4330 0.72613139153 0.682535365423
4335 0.770068125572 0.72383419257
4340 0.562454930597 0.528685835741
4345 0.733024457077 0.689014579883
4350 0.717328471119 0.674260961411
4355 0.675260009878 0.634718238288
4360 0.705808261874 0.663432411208
4365 0.786271640212 0.739064868333
4370 0.697754021667 0.655861737571
4375 0.608975112954 0.572413004178
4380 0.666610526816 0.626588059437
4385 0.468665183782 0.440527108737
4390 0.603102201518 0.566892695044
4395 0.671494881998 0.631179164005
4400 0.685445067566 0.644291797773
4405 0.551561111311 0.518446067824
4410 0.712785604774 0.669990843113
4415 0.669257501083 0.62907611266
4420 0.766357509557 0.720346357327
4425 0.724891767919 0.681370167273
4430 0.720397761422 0.677145975339
4435 0.675261104525 0.634719267214
4440 0.770295475412 0.724047892608
4445 0.782898422673 0.735894174582
4450 0.810583739124 0.761917299049
4455 0.694397120178 0.652706380275
4460 0.642554865419 0.603976670047
4465 0.74804396273 0.703132333088
4470 0.751132383679 0.706035329082
4475 0.875149140847 0.822606274312
4480 0.786820123731 0.739580421584
4485 0.877847356058 0.825142492036
4490 0.78084934528 0.733968121249
4495 0.745952517499 0.701166455628
4500 0.85690041314 0.805453177532
4505 0.955763807509 0.898380936598
4510 0.924910916278 0.869380414604
4515 0.838392045275 0.788056029066
4520 0.892265457102 0.838694948216
4525 0.788039487032 0.740726575828
4530 0.706775930274 0.664341982
4535 0.769172379591 0.722992226064
4540 0.831504532257 0.781582033768
4545 0.819963803612 0.770734196124
4550 0.801227500061 0.753122796948
4555 0.814286264395 0.765397529305
4560 0.912768532594 0.857967044543
4565 0.81855444647 0.769409455034
4570 0.883925718401 0.830855917059
4575 0.90452326776 0.85021681516
4580 0.799149935958 0.751169967211
4585 0.823833377312 0.77437144543
4590 0.910276835807 0.855624946134
4595 0.811229511983 0.762524300508
4600 0.834215026705 0.784129793499
4605 0.851944956378 0.800795240234
4610 0.966758580401 0.908715596993
4615 0.940600644445 0.884128150995
4620 0.947126944946 0.890262620527
4625 0.945265972927 0.888513378955
4630 0.944007159282 0.887330142916
4635 0.889262516781 0.835872300699
4640 0.856998193386 0.805545087173
4645 0.81497186417 0.766041966521
4650 0.844081785326 0.793404164197
4655 0.856567732534 0.805140470656
4660 0.960937941283 0.903244421813
4665 0.798915567359 0.750949669812
4670 0.822221330814 0.7728561842
4675 0.889224430962 0.835836501506
4680 0.837982952097 0.787671497334
4685 0.88252618786 0.829540412592
4690 0.849773584071 0.798754234422
4695 0.88574588613 0.83256680418
4700 0.812487545311 0.763706803078
4705 0.837081120286 0.786823810384
4710 0.842957133257 0.792347034841
4715 0.865917410704 0.813928805771
4720 0.982152468979 0.923185255637
4725 0.950258632911 0.89320628584
4730 0.809817717272 0.761197268196
4735 0.896360016357 0.842543675223
4740 0.929922338266 0.874090957046
4745 0.94804555218 0.891126075725
4750 0.965903250773 0.907911620293
4755 0.913910888259 0.859040814594
4760 0.943498051965 0.88685160177
4765 0.854097513733 0.802818560721
4770 0.953350090971 0.896112136601
4775 1.00750973616 0.947020104019
4780 1.00467734615 0.944357767181
4785 0.614174620669 0.577300339913
4790 0.00632697541663 0.00594711167756
4795 9.99973424932e-05 9.39936263547e-05
4800 9.99973424934e-05 9.39936263549e-05
4805 9.99973424932e-05 9.39936263547e-05
4810 9.99973424932e-05 9.39936263547e-05
4815 9.99973424932e-05 9.39936263547e-05
4820 9.99973424932e-05 9.39936263547e-05
4825 9.99973424932e-05 9.39936263547e-05
4830 9.99973424932e-05 9.39936263547e-05
4835 9.99973424932e-05 9.39936263547e-05
4840 9.99973424932e-05 9.39936263547e-05
4845 9.99973424932e-05 9.39936263547e-05
4850 9.99973424932e-05 9.39936263547e-05
4855 9.99973424932e-05 9.39936263547e-05
4860 9.99973424932e-05 9.39936263547e-05
4865 9.99973424932e-05 9.39936263547e-05
4870 9.99973424932e-05 9.39936263547e-05
4875 9.99973424932e-05 9.39936263547e-05
4880 9.99973424932e-05 9.39936263547e-05
4885 9.99973424932e-05 9.39936263547e-05
4890 9.99973424932e-05 9.39936263547e-05
4895 9.99973424932e-05 9.39936263547e-05
4900 9.99973424932e-05 9.39936263547e-05
4905 9.99973424932e-05 9.39936263547e-05
4910 9.99973424932e-05 9.39936263547e-05
4915 9.99973424932e-05 9.39936263547e-05
4920 9.99973424932e-05 9.39936263547e-05
4925 9.99973424932e-05 9.39936263547e-05
4930 9.99973424932e-05 9.39936263547e-05
4935 9.99973424932e-05 9.39936263547e-05
4940 9.99973424932e-05 9.39936263547e-05
4945 9.99973424932e-05 9.39936263547e-05
4950 9.99973424932e-05 9.39936263547e-05
4955 9.99973424932e-05 9.39936263547e-05
4960 9.99973424932e-05 9.39936263547e-05
4965 9.99973424932e-05 9.39936263547e-05
4970 9.99973424932e-05 9.39936263547e-05
4975 9.99973424932e-05 9.39936263547e-05
4980 9.99973424932e-05 9.39936263547e-05
4985 9.99973424932e-05 9.39936263547e-05
4990 9.99973424932e-05 9.39936263547e-05
4995 9.99973424932e-05 9.39936263547e-05
5000 9.99973424932e-05 9.39936263547e-05
5005 9.99973424932e-05 9.39936263547e-05
5010 9.99973424932e-05 9.39936263547e-05
5015 9.99973424932e-05 9.39936263547e-05
5020 9.99973424932e-05 9.39936263547e-05
5025 9.99973424932e-05 9.39936263547e-05
5030 9.99973424932e-05 9.39936263547e-05
5035 9.99973424932e-05 9.39936263547e-05
5040 9.99973424932e-05 9.39936263547e-05
5045 9.99973424932e-05 9.39936263547e-05
5050 9.99973424932e-05 9.39936263547e-05
5055 9.99973424932e-05 9.39936263547e-05
5060 9.99973424932e-05 9.39936263547e-05
5065 9.99973424932e-05 9.39936263547e-05
5070 9.99973424932e-05 9.39936263547e-05
5075 9.99973424932e-05 9.39936263547e-05
5080 9.99973424932e-05 9.39936263547e-05
5085 9.99973424932e-05 9.39936263547e-05
5090 9.99973424932e-05 9.39936263547e-05
5095 9.99973424932e-05 9.39936263547e-05
5100 9.99973424932e-05 9.39936263547e-05
5105 9.99973424932e-05 9.39936263547e-05
5110 9.99973424932e-05 9.39936263547e-05
5115 9.99973424932e-05 9.39936263547e-05
5120 9.99973424932e-05 9.39936263547e-05
5125 9.99973424932e-05 9.39936263547e-05
5130 9.99973424932e-05 9.39936263547e-05
5135 9.99973424932e-05 9.39936263547e-05
5140 9.99973424932e-05 9.39936263547e-05
5145 9.99973424932e-05 9.39936263547e-05
5150 9.99973424932e-05 9.39936263547e-05
5155 9.99973424932e-05 9.39936263547e-05
5160 9.99973424932e-05 9.39936263547e-05
5165 9.99973424932e-05 9.39936263547e-05
5170 9.99973424932e-05 9.39936263547e-05
5175 9.99973424932e-05 9.39936263547e-05
5180 9.99973424932e-05 9.39936263547e-05
5185 9.99973424932e-05 9.39936263547e-05
5190 9.99973424932e-05 9.39936263547e-05
5195 9.99973424932e-05 9.39936263547e-05
5200 9.99973424932e-05 9.39936263547e-05
5205 9.99973424932e-05 9.39936263547e-05
5210 9.99973424932e-05 9.39936263547e-05
5215 9.99973424932e-05 9.39936263547e-05
5220 9.99973424932e-05 9.39936263547e-05
5225 9.99973424932e-05 9.39936263547e-05
5230 9.99973424932e-05 9.39936263547e-05
5235 9.99973424932e-05 9.39936263547e-05
5240 9.99973424932e-05 9.39936263547e-05
5245 9.99973424932e-05 9.39936263547e-05
5250 9.99973424932e-05 9.39936263547e-05
5255 9.99973424932e-05 9.39936263547e-05
5260 9.99973424932e-05 9.39936263547e-05
5265 9.99973424932e-05 9.39936263547e-05
5270 9.99973424932e-05 9.39936263547e-05
5275 9.99973424932e-05 9.39936263547e-05
5280 9.99973424932e-05 9.39936263547e-05
5285 9.99973424932e-05 9.39936263547e-05
5290 9.99973424932e-05 9.39936263547e-05
5295 9.99973424932e-05 9.39936263547e-05
5300 9.99973424932e-05 9.39936263547e-05
5305 9.99973424932e-05 9.39936263547e-05
5310 9.99973424932e-05 9.39936263547e-05
5315 9.99973424932e-05 9.39936263547e-05
5320 9.99973424932e-05 9.39936263547e-05
5325 9.99973424932e-05 9.39936263547e-05
5330 9.99973424932e-05 9.39936263547e-05
5335 9.99973424932e-05 9.39936263547e-05
5340 9.99973424932e-05 9.39936263547e-05
5345 9.99973424932e-05 9.39936263547e-05
5350 9.99973424932e-05 9.39936263547e-05
5355 9.99973424932e-05 9.39936263547e-05
5360 9.99973424932e-05 9.39936263547e-05
5365 9.99973424932e-05 9.39936263547e-05
5370 9.99973424932e-05 9.39936263547e-05
5375 9.99973424932e-05 9.39936263547e-05
5380 9.99973424932e-05 9.39936263547e-05
5385 9.99973424932e-05 9.39936263547e-05
5390 9.99973424932e-05 9.39936263547e-05
5395 9.99973424932e-05 9.39936263547e-05
5400 9.99973424932e-05 9.39936263547e-05
5405 9.99973424932e-05 9.39936263547e-05
5410 9.99973424932e-05 9.39936263547e-05
5415 9.99973424932e-05 9.39936263547e-05
5420 9.99973424932e-05 9.39936263547e-05
5425 9.99973424932e-05 9.39936263547e-05
5430 9.99973424932e-05 9.39936263547e-05
5435 9.99973424932e-05 9.39936263547e-05
5440 9.99973424932e-05 9.39936263547e-05
5445 9.99973424932e-05 9.39936263547e-05
5450 9.99973424959e-05 9.39936263573e-05
5455 9.99973424932e-05 9.39936263547e-05
5460 0.0176232017138 0.01656512659
5465 0.761440415853 0.715724479817
5470 0.994609635782 0.93489450963
5475 0.926019133983 0.870422096296
5480 0.942864970561 0.886256529787
5485 1.00655293862 0.946120751416
5490 0.985500662286 0.92633242758
5495 0.992634365367 0.933037831996
5500 1.01335364748 0.952513154165
5505 0.971273969316 0.912959887571
5510 0.981971990894 0.923015613232
5515 0.96161339614 0.9038793232
5520 1.03751149328 0.975220592931
5525 1.00029059363 0.94023438983
5530 0.977258564683 0.918585175271
5535 0.981444348073 0.92251964943
5540 1.0287802818 0.967013592536
5545 1.01650276184 0.955473199615
5550 1.06387365156 1.0
5555 1.02111609081 0.959809550045
5560 1.025028448 0.963487014177
5565 0.987623991282 0.928328274543
5570 0.997751422162 0.937847667062
5575 1.01660786814 0.955571995462
5580 1.02887261115 0.967100378547
5585 0.967506352398 0.909418473689
5590 0.925005607063 0.869469420272
5595 1.00125558881 0.941141447896
5600 0.963108672439 0.905284824968
5605 1.04872016098 0.98575630616
5610 1.08166480076 1.01672299072
5615 0.968486299161 0.910339585666
5620 1.01119276507 0.950482008452
5625 0.963141787897 0.905315952215
5630 1.06875237303 1.0045858091
5635 1.01521321824 0.954261078608
5640 0.999520057741 0.939510115959
5645 1.01726504504 0.956189716278
5650 1.02594444182 0.964348012863
5655 1.00161405923 0.941478396203
5660 0.955412261053 0.898050496555
5665 1.02410980535 0.962623525689
5670 1.02751075746 0.965820288864
5675 1.08909775956 1.02370968391
5680 1.04820549365 0.985272538814
5685 1.01257274113 0.951779132466
5690 1.04040570108 0.977941036094
5695 1.06474349775 1.00081762171
5700 0.987156446212 0.927888800297
5705 0.980423784103 0.921560358852
5710 0.919213178666 0.864024762076
5715 1.03569727081 0.973515294122
5720 1.08435853165 1.01925499336
5725 1.08652593487 1.02129226838
5730 1.05353961908 0.99028640999
5735 1.08095522697 1.01605601886
5740 1.06381093444 0.999941048337
5745 1.0733696402 1.00892586129
5750 1.04988182975 0.98684822978
5755 1.01720172668 0.956130199479
5760 1.03315603567 0.971126631583
5765 1.07885066833 1.0140778153
5770 1.08437563251 1.0192710675
5775 1.06592517577 1.00192835325
5780 0.9849422975 0.925807586321
5785 0.954313570421 0.897017769942
5790 1.03850397286 0.976153485274
5795 1.06329826063 0.999459154828
5800 1.08701257966 1.02174969562
5805 1.04325256584 0.980616978634
5810 1.07769912128 1.01299540571
5815 1.05375592541 0.990489729551
5820 1.11386597904 1.04699085029
5825 1.10995609042 1.04331570652
5830 1.10830679693 1.04176543455
5835 1.08051055409 1.01563804359
5840 1.10863582676 1.04207470984
5845 1.0954989576 1.02972656198
5850 1.07899298776 1.01421159005
5855 1.03642548688 0.974199789008
5860 1.03998957853 0.977549897025
5865 1.06800987196 1.00388788687
5870 1.09996604168 1.03392544788
5875 1.09787084298 1.03195604231
5880 1.05277636065 0.989568976647
5885 1.05733079613 0.993849969477
5890 0.803874022262 0.755610425246
5895 0.874116897324 0.821636005407
5900 1.02911939912 0.967332349679
5905 1.06173063897 0.99798565122
5910 1.0803478487 1.01548510682
5915 1.03034659753 0.968485868622
5920 1.073521394 1.00906850398
5925 1.0851397758 1.01998933258
5930 1.05557055574 0.99219541173
5935 1.06134692169 0.997624971853
5940 1.07455599896 1.01004099254
5945 1.07680958778 1.0121592787
5950 1.05168580208 0.988543893853
5955 1.05489691995 0.991562220202
5960 1.07523660958 1.01068074015
5965 1.07917811328 1.01438560086
5970 1.10397796827 1.03769650339
5975 1.06454129776 1.00062756156
5980 1.0687265223 1.00456151042
5985 1.0257652852 0.964179612584
5990 1.06583460951 1.00184322447
5995 1.06793284509 1.0038154846
6000 1.05172610254 0.988581774721
6005 1.03915272797 0.976763289932
6010 1.03964717746 0.977228053296
6015 1.02303282138 0.961611202502
6020 1.01184904979 0.951098890655
6025 1.04524968724 0.982494195349
6030 1.07746654027 1.01277678857
6035 1.08615086494 1.02093971718
6040 1.0723559231 1.0079730065
6045 1.09292085366 1.02730324419
6050 1.09706975691 1.03120305245
6055 1.04807906249 0.985153698423
6060 1.07723392741 1.01255814149
6065 1.03451185835 0.972401052356
6070 1.10348967207 1.03723752389
6075 1.09531810028 1.02955656311
6080 1.03971143662 0.977288454414
6085 1.03480726895 0.972678726872
6090 1.02704572596 0.965383177273
6095 1.0506137461 0.987536202786
6100 1.04359246059 0.98093646653
6105 1.02428436041 0.962787600683
6110 1.05732076078 0.993840536637
6115 1.0608971608 0.99720221405
6120 1.01545834066 0.954491484184
6125 1.03940302021 0.976998554944
6130 1.04331333451 0.98067409883
6135 0.982710771846 0.923710038694
6140 1.01597185059 0.954974163617
6145 1.06182963744 0.998078705946
6150 1.03373583206 0.971671617719
6155 1.02989315067 0.968059646143
6160 0.982397394284 0.923415475931
6165 0.985853646018 0.926664218607
6170 0.983495205625 0.924447376044
6175 1.03532539623 0.97316574643
6180 1.05605400609 0.99264983633
6185 1.05793663924 0.994419438524
6190 0.991735521912 0.932192953984
6195 1.06656076269 1.00252578032
6200 1.02872598738 0.966962557888
6205 1.07831010824 1.01356970977
6210 1.05899845805 0.995417507054
6215 0.969181935146 0.910993456531
6220 0.985868856246 0.926678515632
6225 1.02941245856 0.967607814193
6230 0.956118488452 0.898714322938
6235 1.04761384987 0.984716416595
6240 0.988455691347 0.929110040369
6245 0.967733610279 0.909632087289
6250 1.01053957641 0.949868036422
6255 0.9340149976 0.877937898201
6260 0.961695112184 0.903956133114
6265 1.01321774324 0.95238540945
6270 1.00753223643 0.9470412534
6275 1.0342153239 0.972122321466
6280 0.949387828549 0.892387763489
6285 1.01241074518 0.95162686255
6290 1.03101999569 0.969118836792
6295 0.998874495344 0.938903312325
6300 0.957289159198 0.899814708068
6305 0.991457222622 0.931931363438
6310 1.0092338525 0.94864070656
6315 0.953469253409 0.896224144674
6320 0.96464161137 0.906725728151
6325 1.02556998597 0.963996038879
6330 1.02210635159 0.960740356801
6335 0.978722580801 0.919961293682
6340 0.999099788576 0.939115079233
6345 0.988226113902 0.928894246469
6350 1.02985466061 0.968023466976
6355 0.993682546808 0.934023081926
6360 0.948519136801 0.891571226914
6365 0.977602424216 0.918908389905
6370 1.0339118707 0.971837087221
6375 1.0497869077 0.986759006736
6380 1.02668528123 0.965044373202
6385 1.03715266429 0.974883307591
6390 1.04460179906 0.981885205572
6395 1.00935492922 0.948754513975
6400 0.984465643417 0.925359549957
6405 1.03732747968 0.975047627286
6410 1.00208615589 0.941922148768
6415 1.01921779632 0.958025226798
6420 0.984914466573 0.925781426329
6425 1.04694623886 0.984088888121
6430 1.00578425161 0.945398215417
6435 1.04290673518 0.980291911214
6440 1.01796440799 0.956847090344
6445 1.06499461807 1.00105366508
6450 0.948162300015 0.891235814165
6455 1.01432530728 0.953426476722
6460 1.04403575297 0.981353144186
6465 1.0166305512 0.955593316662
6470 1.01836293015 0.957221685731
6475 1.03799419999 0.975674318534
6480 1.02570730978 0.964125117938
6485 1.02723727277 0.965563223849
6490 1.02200233288 0.960642583244
6495 0.874631720472 0.822119919214
6500 0.965978917431 0.907982744019
6505 1.03272460391 0.970721102455
6510 1.03406323369 0.971979362563
6515 1.02429732559 0.962799787444
6520 1.01536727383 0.954405884893
6525 1.03220812443 0.970235631758
6530 1.01889720228 0.957723880826
6535 1.02283231546 0.961422734706
6540 1.04354372994 0.980890661608
6545 1.0033583561 0.943117967654
6550 1.02626253138 0.964647004723
6555 0.979438867181 0.920634575118
6560 0.911055225649 0.856356602417
6565 0.900407628375 0.846348273648
6570 0.992766561656 0.933162091384
6575 0.979110196745 0.920325637646
6580 1.02487779079 0.963345402236
6585 1.02175155346 0.960406860312
6590 1.02089254867 0.959599429102
6595 0.978081673213 0.919358865389
6600 1.02957071601 0.96775657006
6605 1.00926743541 0.948672273186
6610 0.989017299841 0.929637930587
6615 1.03875744871 0.976391742754
6620 1.0524943335 0.989303882051
6625 1.00991885598 0.949284583277
6630 1.01081654928 0.950128380185
6635 0.986814672268 0.927567546036
6640 1.01733893058 0.956259165827
6645 1.00102982973 0.94092924311
6650 1.03185156077 0.969900475736
6655 1.03459769877 0.972481739021
6660 1.0168417761 0.955791859884
6665 0.98474999198 0.925626826586
6670 1.02226320009 0.960887788311
6675 1.01789078107 0.956777883899
6680 1.00308647699 0.942862411833
6685 1.03886373447 0.976491647247
6690 1.04072883051 0.978244765238
6695 1.00706400879 0.946601137562
6700 1.01505625266 0.954113537047
6705 1.0006999914 0.940619207864
6710 1.00129867954 0.941181951513
6715 0.966711929982 0.908671747408
6720 1.00468043616 0.944360671676
6725 1.01337838143 0.95253640312
6730 1.01307087749 0.952247361339
6735 1.0065184429 0.946088326774
6740 0.986366307646 0.927146100668
6745 0.990337715787 0.930879070401
6750 0.985046794927 0.925905809852
6755 1.00040055252 0.940337746927
6760 1.0261486692 0.964539978691
6765 1.00554762246 0.945175793183
6770 0.973602185708 0.915148320745
6775 1.02031176172 0.959053511872
6780 1.01971810773 0.958495500138
6785 0.976087486086 0.917484406777
6790 1.01167436726 0.950934695844
6795 0.984347752711 0.925248737262
6800 0.773426176141 0.726990629957
6805 0.0225494300718 0.021195590321
6810 0.0857661833288 0.0806168882961
6815 0.920989622302 0.865694550244
6820 1.00086585095 0.940775109418
6825 1.01662826587 0.955591168535
6830 1.00375858698 0.943494169169
6835 1.01280459274 0.951997063995
6840 0.94820995712 0.891280609996
6845 0.990725293309 0.93124337825
6850 1.01283318778 0.952023942223
6855 0.969976849671 0.911740645377
6860 0.966817701834 0.908771168849
6865 1.01072304986 0.950040494356
6870 1.00638321596 0.945961218693
6875 0.985000698453 0.925862480953
6880 0.985151986534 0.926004685887
6885 0.997105662303 0.937240677822
6890 1.02319793094 0.961766399089
6895 1.00595808284 0.945561610036
6900 1.00846793856 0.947920777141
6905 1.0043855936 0.944083531092
6910 1.00008884713 0.940044755936
6915 0.963520293391 0.90567173271
6920 1.00675332056 0.946309102673
6925 0.964529525348 0.906620371635
6930 0.98985178183 0.930422311315
6935 0.985367363293 0.926207131692
6940 1.00368250553 0.943422655558
6945 0.956661494428 0.89922472751
6950 0.9660652421 0.908063885862
6955 0.965051902501 0.907111385913
6960 0.979592205814 0.92077870749
6965 0.966407909253 0.908385979705
6970 0.967715436494 0.909615004636
6975 0.931784481448 0.875841299466
6980 0.893825579967 0.840161403244
6985 0.973564021927 0.91511244827
6990 0.974759719072 0.916236357244
6995 0.983811883432 0.924745040909
7000 0.944788863712 0.888064914784
7005 0.952895737641 0.89568506208
7010 0.963325487277 0.905488622513
7015 0.918616563006 0.863463966478
7020 0.96798136096 0.909864963328
7025 0.928707383624 0.87294894677
7030 0.962177295686 0.904409366918
7035 0.966189419216 0.908180607539
7040 0.982854153103 0.923844811519
7045 0.985563698354 0.926391679041
7050 1.00298855779 0.942770371579
7055 0.980075995877 0.921233451399
7060 0.96877250252 0.910608605731
7065 0.962992212143 0.905175356803
7070 0.962112843347 0.904348784217
7075 0.987389426573 0.928107792807
7080 0.991266484567 0.931752077058
7085 0.932002786632 0.876046497878
7090 0.944921757559 0.88818982985
7095 0.957220628272 0.899750291653
7100 0.970083961867 0.91184132669
7105 0.96594973045 0.907955309388
7110 0.933215613879 0.877186508485
7115 0.957314972256 0.899838971342
7120 0.927705344292 0.872007068634
7125 0.949290323123 0.892296112168
7130 0.912956889525 0.858144092758
7135 0.958710520022 0.901150732155
7140 0.948991317629 0.892015058591
7145 0.93912421135 0.882740361108
7150 0.905087085013 0.850746781526
7155 0.933366733639 0.877328555202
7160 0.927780339226 0.872077560966
7165 0.903608520322 0.84935698802
7170 0.976615752918 0.917980957125
7175 0.965434362748 0.907470883722
7180 0.929591086982 0.873779593677
7185 0.914224863231 0.859335938899
7190 0.901737291447 0.847598105401
7195 0.916737476255 0.86169769776
7200 0.951935956996 0.894782905472
7205 0.935545079073 0.879376115484
7210 0.922093524777 0.866732175787
7215 0.925255089417 0.869703924016
7220 0.938730949809 0.882370710501
7225 0.946193756777 0.889385459816
7230 0.957758753853 0.900256108844
7235 0.958587835557 0.901035413513
7240 0.949737489965 0.892716431668
7245 0.918076262054 0.862956104524
7250 0.954356421702 0.897058048485
7255 0.943785927225 0.887122193357
7260 0.927828176304 0.872122525964
7265 0.946938691286 0.890085669383
7270 0.948580173379 0.891628598932
7275 0.93539485534 0.879234910997
7280 0.924073114079 0.868592913008
7285 0.90385925332 0.849592667322
7290 0.865695260538 0.813719993225
7295 0.926179241638 0.870572591286
7300 0.926040496552 0.870442176283
7305 0.934199398196 0.878111227614
7310 0.919292546849 0.864099365092
7315 0.932330668973 0.876354694571
7320 0.918255986062 0.863125038125
7325 0.896476836693 0.842653481812
7330 0.921560027791 0.866230709296
7335 0.936363532833 0.880145430298
7340 0.946123161682 0.889319103163
7345 0.914879594475 0.859951360893
7350 0.918450885607 0.863308236145
7355 0.885178093712 0.832033101314
7360 0.924372541009 0.868874362717
7365 0.909291488652 0.854698757996
7370 0.938965787052 0.882591448408
7375 0.931536881368 0.875608564987
7380 0.941126157427 0.884622112831
7385 0.891209921997 0.837702786127
7390 0.890371553868 0.836914752578
7395 0.924447462013 0.868944785557
7400 0.903138182517 0.848914888713
