Wave Flux FluxNorm
3600 0.0499444960264 0.0445715043576
3605 0.0438089408515 0.0390960076368
3610 0.0413194737502 0.0368743555513
3615 0.0462948654478 0.0413144983172
3620 0.0457043897619 0.0407875455657
3625 0.0548105859682 0.0489141039691
3630 0.0489514504174 0.0436852898553
3635 0.046013221649 0.0410631535485
3640 0.0571508379948 0.0510025934265
3645 0.0484633456034 0.0432496949935
3650 0.0465785258859 0.0415676427768
3655 0.0543559566163 0.0485083833042
3660 0.0571886812003 0.0510363654881
3665 0.0573286984521 0.0511613197883
3670 0.0516427555246 0.0460870663643
3675 0.0574920190741 0.0513070704994
3680 0.0520806919265 0.0464778898944
3685 0.0499164267838 0.0445464547832
3690 0.0532075242153 0.0474834984052
3695 0.0535246259885 0.0477664866059
3700 0.0597474127666 0.053319830619
3705 0.0432931042028 0.0386356643104
3710 0.0495696539611 0.0442369875224
3715 0.0592111188563 0.052841230808
3720 0.0400652005952 0.0357550161678
3725 0.0505161607337 0.0450816698016
3730 0.0462939666839 0.0413136962417
3735 0.0384317927003 0.0342973290772
3740 0.0491949147333 0.0439025624615
3745 0.041930443649 0.0374195977637
3750 0.0403150335001 0.0359779722349
3755 0.0564861505834 0.0504094125915
3760 0.052164537333 0.0465527152745
3765 0.0532543170082 0.0475252572643
3770 0.05255168136 0.0468982106356
3775 0.0545375023362 0.0486703984708
3780 0.0650380484335 0.0580413036429
3785 0.0633500172496 0.056534869596
3790 0.0513413399585 0.0458180768602
3795 0.0457161319022 0.0407980244953
3800 0.0461058051504 0.0411457769858
3805 0.0611166435234 0.0545417605512
3810 0.0601683127733 0.0536954505166
3815 0.0555417411906 0.0495666020575
3820 0.04870614795 0.0434663768445
3825 0.0493379353539 0.0440301970303
3830 0.0504769331028 0.04504666225
3835 0.0456118191 0.0407049335867
3840 0.0510839382621 0.0455883662465
3845 0.0613300535438 0.0547322120806
3850 0.0609958173718 0.054433932787
3855 0.059546822141 0.0531408193835
3860 0.0521147458482 0.0465082803206
3865 0.0633052102904 0.0564948829362
3870 0.0648040523533 0.0578324806867
3875 0.0585100501008 0.0522155825068
3880 0.0585218742933 0.0522261346616
3885 0.0534743521822 0.0477216212183
3890 0.0537901382789 0.0480034352819
3895 0.0589686578493 0.0526248535754
3900 0.0621897422444 0.0554994161114
3905 0.0695300543294 0.0620500628915
3910 0.0717534328497 0.0640342520072
3915 0.0735714056855 0.06565664868
3920 0.061082728828 0.0545114943735
3925 0.0583642409982 0.0520854594389
3930 0.0475741523485 0.0424561604864
3935 0.0421547787147 0.0376197990301
3940 0.0581254343553 0.0518723434367
3945 0.0658155119919 0.058735128251
3950 0.0733980501715 0.065501942623
3955 0.0793508685513 0.070814361237
3960 0.0673389513391 0.0600946771283
3965 0.0496268892201 0.0442880654548
3970 0.0372204059886 0.0332162624453
3975 0.0646041723527 0.0576541036276
3980 0.0811730591885 0.0724405219632
3985 0.0958908291648 0.0855749652115
3990 0.0976872349512 0.087178115002
3995 0.100844889761 0.0899960716603
4000 0.115308565783 0.102903756193
4005 0.112573340822 0.100462784695
4010 0.108975443494 0.0972519464805
4015 0.129875006975 0.115903150495
4020 0.1213386985 0.108285171725
4025 0.115170621262 0.10278065164
4030 0.12114358323 0.10811104681
4035 0.116123950632 0.103631422547
4040 0.136045513516 0.121409838539
4045 0.111274162756 0.0993033712372
4050 0.138345833248 0.123462691589
4055 0.130869368117 0.116790539006
4060 0.126955127134 0.113297389151
4065 0.127843217623 0.114089939527
4070 0.139756902868 0.124721959391
4075 0.122650721994 0.109456048709
4080 0.123369714563 0.110097692593
4085 0.147646034456 0.13176238408
4090 0.171531750551 0.153078492635
4095 0.155489108361 0.138761705939
4100 0.122902466846 0.109680711038
4105 0.150381833225 0.134203867657
4110 0.138071910303 0.12321823707
4115 0.147331223991 0.131481440691
4120 0.139090973388 0.124127670107
4125 0.15618420524 0.139382024813
4130 0.14015233811 0.125074854004
4135 0.143908414108 0.128426854145
4140 0.157674873273 0.14071232789
4145 0.148486776279 0.132512679525
4150 0.148344960914 0.132386120551
4155 0.157060692584 0.140164220302
4160 0.185289472635 0.165356169228
4165 0.174835920465 0.156027202412
4170 0.166977328804 0.149014032186
4175 0.135641173431 0.121048997059
4180 0.174467642531 0.155698543544
4185 0.177109921483 0.158056568094
4190 0.169413258847 0.15118790669
4195 0.175240787775 0.156388514399
4200 0.142335915575 0.127023523832
4205 0.149916453422 0.133788553066
4210 0.195481144358 0.174451428501
4215 0.159768778248 0.142580972128
4220 0.208967920373 0.186487307201
4225 0.12427009021 0.110901206499
4230 0.163858766944 0.146230962887
4235 0.15537915169 0.138663578324
4240 0.175458232131 0.156582566252
4245 0.234470465563 0.209246307582
4250 0.176399752356 0.157422798433
4255 0.170051869986 0.151757816518
4260 0.184887675795 0.164997597393
4265 0.2510248288 0.224019764756
4270 0.19141499225 0.170822710008
4275 0.182113889757 0.16252221319
4280 0.224876696934 0.200684629434
4285 0.194833673192 0.173873611801
4290 0.144378713385 0.128846558976
4295 0.201657908935 0.179963701348
4300 0.157782785104 0.140808630647
4305 0.177123040113 0.158068275432
4310 0.218360231948 0.194869200895
4315 0.261997004723 0.233811562169
4320 0.290856904009 0.259566734993
4325 0.226313168442 0.201966566407
4330 0.287071590261 0.256188642478
4335 0.323392451813 0.288602132807
4340 0.202287033922 0.180525145537
4345 0.275988464621 0.246297831237
4350 0.300938793097 0.268564021965
4355 0.332121727437 0.296392319463
4360 0.310894307623 0.277448529656
4365 0.374758311287 0.334442091392
4370 0.321234644556 0.286676460847
4375 0.254646957098 0.227252227191
4380 0.319514213224 0.285141112235
4385 0.21645739846 0.193171072816
4390 0.242490018216 0.216403122736
4395 0.307969692599 0.274838542538
4400 0.307206246605 0.274157227495
4405 0.231870494976 0.206926039893
4410 0.295125055452 0.263375721885
4415 0.290663233332 0.259393899264
4420 0.292461607121 0.26099880534
4425 0.301151622948 0.26875395574
4430 0.281920931573 0.251592087814
4435 0.252202437822 0.225070687477
4440 0.336386102 0.300197935788
4445 0.29618402659 0.264320769697
4450 0.348016695576 0.310577318774
4455 0.263075102026 0.234773678568
4460 0.244101276948 0.217841043454
4465 0.29615256233 0.264292690338
4470 0.296374858268 0.264491071845
4475 0.416714545509 0.371884705197
4480 0.360508320369 0.321725103879
4485 0.433230253813 0.386623665908
4490 0.372309203273 0.332256456593
4495 0.348919852071 0.311383314366
4500 0.433903606793 0.387224580076
4505 0.540470968308 0.482327504243
4510 0.474875043488 0.423788340139
4515 0.433620225365 0.386971684611
4520 0.483747408811 0.431706223012
4525 0.385252458769 0.343807286307
4530 0.3517997655 0.313953408854
4535 0.342213993183 0.30539886678
4540 0.417845281732 0.37289379766
4545 0.40417006903 0.360689754151
4550 0.407506271146 0.363667050129
4555 0.369401175076 0.329661271902
4560 0.480804011765 0.429079474427
4565 0.423679695472 0.378100549517
4570 0.493324071944 0.440252635861
4575 0.490153716591 0.437423344974
4580 0.417577556781 0.37265487436
4585 0.452406084715 0.403736575209
4590 0.46260776777 0.412840768803
4595 0.411852632416 0.367545833092
4600 0.443395935128 0.395695730801
4605 0.426495821871 0.380613719136
4610 0.594128762869 0.530212833245
4615 0.555070233713 0.495356191553
4620 0.583256141183 0.520509880099
4625 0.547734668141 0.48880978066
4630 0.523368101446 0.467064551055
4635 0.465384577727 0.415318851614
4640 0.45300191179 0.404268303652
4645 0.444985242567 0.397114061731
4650 0.462878720809 0.413082572915
4655 0.447059473911 0.398965148812
4660 0.605785953294 0.54061595181
4665 0.477840041153 0.426434365565
4670 0.429353074028 0.383163590235
4675 0.510022300797 0.455154481696
4680 0.47571149452 0.424534806392
4685 0.505623390736 0.451228803101
4690 0.490501646791 0.437733845103
4695 0.615399232124 0.549195041266
4700 0.532953965811 0.475619175274
4705 0.515057532708 0.459648027109
4710 0.515634782708 0.460163176984
4715 0.522219038677 0.466039103602
4720 0.617859488319 0.551390624934
4725 0.610334472968 0.544675145127
4730 0.490800138926 0.438000225676
4735 0.590985101095 0.527407364262
4740 0.583056845703 0.520332024678
4745 0.584659388003 0.521762166672
4750 0.656116254379 0.585531756606
4755 0.600540861539 0.535935123118
4760 0.548167822658 0.489196336737
4765 0.473112320085 0.422215249207
4770 0.559174410424 0.499018843992
4775 0.613361301915 0.547376350071
4780 0.580838970178 0.51835274655
4785 0.510859427511 0.455901550941
4790 0.531324167928 0.474164709833
4795 0.645775217416 0.576303200694
4800 0.557490997091 0.497516531011
4805 0.56945345483 0.508192076459
4810 0.551389062394 0.492071037902
4815 0.574534097338 0.512726147232
4820 0.637651425884 0.569053360602
4825 0.591164730018 0.52756766884
4830 0.567943164225 0.506844261792
4835 0.629228403165 0.561536480391
4840 0.583869493211 0.521057248173
4845 0.620108574504 0.553397756102
4850 0.566960421113 0.505967241453
4855 0.575475986966 0.513566709076
4860 0.522126286947 0.465956330034
4865 0.516524455148 0.460957139126
4870 0.554463667781 0.494814879532
4875 0.549169032853 0.490089837485
4880 0.60794177436 0.542539851253
4885 0.554913793938 0.495216581453
4890 0.553629332962 0.494070301831
4895 0.756754950247 0.675343816558
4900 0.699374935731 0.62413670125
4905 0.726253797739 0.648123955311
4910 0.636543296659 0.568064443094
4915 0.716494659946 0.63941469829
4920 0.556423662551 0.496564019525
4925 0.62993463442 0.562166735814
4930 0.820471449167 0.732205741999
4935 0.652813679002 0.582584469827
4940 0.612197674938 0.546337905217
4945 0.759024834504 0.677369508358
4950 0.849625111576 0.758223075129
4955 0.672350472622 0.600019509746
4960 0.596509877327 0.532337789184
4965 0.583290392256 0.520540446468
4970 0.636140690204 0.56770514874
4975 0.718970091582 0.641623824835
4980 0.60531636469 0.540196881199
4985 0.577521128753 0.515391836033
4990 0.62884663024 0.561195778313
4995 0.649924059855 0.580005713755
5000 0.56955422727 0.508282007875
5005 0.567264883333 0.506238949853
5010 0.591017289768 0.527436090102
5015 0.488248742192 0.435723306301
5020 0.576380743486 0.514374132564
5025 0.625588986277 0.558288589261
5030 0.750616175292 0.669865446439
5035 0.705444358293 0.629553179855
5040 0.47913575014 0.427590683144
5045 0.795834901654 0.710219575912
5050 0.681060634569 0.607792638961
5055 0.834462404625 0.744691560894
5060 0.823370649746 0.734793048741
5065 0.699479591221 0.62423009798
5070 0.756894617739 0.675468458725
5075 0.769362935116 0.686595443809
5080 0.61121671622 0.545462477308
5085 0.717929589702 0.640695259372
5090 0.816221079617 0.728412624039
5095 0.855431362912 0.763404694272
5100 0.774583977273 0.691254810142
5105 0.783754860811 0.699439096862
5110 0.641518905623 0.572504779753
5115 0.809809180364 0.72269051213
5120 0.847651173288 0.756461491651
5125 0.667792439333 0.595951826282
5130 0.717381289756 0.640205945125
5135 0.85602773316 0.763936907453
5140 0.774549312666 0.691223874727
5145 0.665603756125 0.593998599983
5150 0.642809573625 0.573656598653
5155 0.756837641094 0.675417611586
5160 0.900043688332 0.803217658965
5165 0.635349414657 0.566998998028
5170 0.428823496566 0.382690984322
5175 0.528145111163 0.471327653626
5180 0.647799200317 0.578109445023
5185 0.602902178927 0.538042411741
5190 0.681687535927 0.608352098738
5195 0.597063551145 0.532831899186
5200 0.747395138106 0.666990926033
5205 0.53514828202 0.47757742858
5210 0.56335277563 0.502747703782
5215 0.747727131086 0.667287203456
5220 0.753727755255 0.672642284948
5225 0.570073390677 0.50874532007
5230 0.831860662127 0.742369711916
5235 0.806789063981 0.719995297617
5240 0.86187450248 0.769154685686
5245 0.838446485939 0.748247037709
5250 0.581161190026 0.518640302226
5255 0.745861036997 0.665621862378
5260 0.894743415838 0.798487585836
5265 0.623266079573 0.556215579129
5270 0.617958121865 0.551478647556
5275 0.826672623509 0.737739798626
5280 0.946298777808 0.84449666038
5285 0.943625042774 0.842110563768
5290 1.00308427561 0.89517321664
5295 0.859310854393 0.76686683295
5300 0.804956719045 0.718360074984
5305 1.03628637606 0.924803459858
5310 1.04664410629 0.934046913188
5315 1.01544435177 0.906203605017
5320 0.967460405004 0.863381735489
5325 0.913148989168 0.814913101301
5330 0.781370583376 0.697311318216
5335 1.03657021652 0.925056764978
5340 0.913020184616 0.814798153447
5345 0.958445300432 0.855336469149
5350 0.940994497665 0.839763010742
5355 1.21364342297 1.08308056781
5360 1.14802664138 1.0245227907
5365 1.01679511753 0.907409056404
5370 0.872283534827 0.778443922089
5375 1.10443287683 0.985618810854
5380 1.10740935823 0.988275084599
5385 0.985628987568 0.879595755478
5390 0.906608553363 0.809076280707
5395 0.840417336611 0.750005865734
5400 0.964287102398 0.860549814413
5405 0.822684975007 0.734181138379
5410 0.83637703194 0.746400214029
5415 1.07437260437 0.958792400104
5420 1.05067081932 0.937640435437
5425 1.02988146027 0.919087580143
5430 0.90206099204 0.805017942643
5435 0.814086010322 0.726507243908
5440 1.14274673251 1.01981089049
5445 1.05086579473 0.937814435531
5450 0.878311602905 0.783823495096
5455 0.781552235055 0.697473427943
5460 0.893425985458 0.797311883635
5465 0.945053503861 0.843385352076
5470 0.911496540753 0.813438422056
5475 0.822491877652 0.734008814293
5480 0.888792912146 0.793177232898
5485 0.954650146757 0.851949595279
5490 0.931306570557 0.831117303614
5495 0.951341886696 0.848997235371
5500 0.933311262064 0.832906331902
5505 0.880259454269 0.785561798061
5510 0.904184956533 0.806913412618
5515 0.856088011551 0.76399070114
5520 1.05484885154 0.941368998064
5525 1.01512350811 0.905917277475
5530 0.992107253554 0.885377094436
5535 0.960307024516 0.856997910344
5540 1.08499553958 0.96827252786
5545 1.01524301429 0.906023927271
5550 1.12054768504 1.0
5555 1.05798616056 0.944168797713
5560 1.03510221441 0.923746689437
5565 1.00690641647 0.898584174429
5570 1.00619539668 0.897949645622
5575 1.05480344579 0.941328477025
5580 1.07366025755 0.95815668703
5585 0.988610826715 0.882256810592
5590 0.885655790268 0.790377600254
5595 1.00979026791 0.90115778328
5600 0.925650243691 0.826069480178
5605 0.993461388377 0.886585552444
5610 1.06228427808 0.948004526949
5615 0.965286866703 0.861442024819
5620 0.968676925766 0.864467383854
5625 0.9053302694 0.80793551358
5630 1.0066220846 0.898330430772
5635 1.01322312734 0.904221338253
5640 0.921789899889 0.822624429286
5645 0.977504536799 0.87234532707
5650 1.02679210446 0.916330574927
5655 1.05340461643 0.940080132691
5660 0.943258037562 0.841783040703
5665 0.986866776934 0.880700384387
5670 0.940004035083 0.838879101387
5675 1.09290934872 0.975334975309
5680 1.0454087172 0.932944426335
5685 1.0310420213 0.920123288882
5690 1.04715166528 0.934499869358
5695 1.10035715531 0.981981552418
5700 0.973306216225 0.868598658694
5705 0.973899856116 0.869128435249
5710 0.90453760644 0.807228124711
5715 1.07924182721 0.963137795584
5720 1.1268597405 1.00563300924
5725 1.12652294433 1.00533244535
5730 1.07357075249 0.958076810855
5735 1.13259979116 1.01075554953
5740 1.09982789269 0.981509227478
5745 1.14341675117 1.02040882904
5750 1.14185069518 1.01901124819
5755 1.11572904458 0.995699745297
5760 1.10185246913 0.98331600149
5765 1.14561933724 1.02237446254
5770 1.14286612649 1.01991744015
5775 1.13341994167 1.01148746886
5780 0.994557340277 0.887563602655
5785 0.973991836579 0.869210520522
5790 1.10446257628 0.98564531526
5795 1.19389845619 1.06545974985
5800 1.24079832094 1.10731416209
5805 1.19781439245 1.0689544126
5810 1.21284581099 1.08236876233
5815 1.1428034952 1.01986154669
5820 1.22392922834 1.09225983391
5825 1.21609986542 1.08527274802
5830 1.27374539345 1.13671681309
5835 1.21050082593 1.08027604902
5840 1.23657565518 1.10354576757
5845 1.22514949312 1.09334882351
5850 1.08817578839 0.971110647873
5855 1.01948735277 0.909811662982
5860 1.06878553128 0.953806380182
5865 1.03736555374 0.925766540407
5870 1.10704070385 0.987946089784
5875 1.09246414305 0.974937664538
5880 0.975333590998 0.87040793
5885 0.999903921596 0.89233500274
5890 0.642116495416 0.573038081281
5895 0.68326952824 0.609763901497
5900 0.894741786591 0.798486131863
5905 0.977253062962 0.8721209066
5910 1.02758676211 0.917039743894
5915 0.950603199143 0.848338015274
5920 0.993046419278 0.886215225412
5925 1.01491035239 0.905727052889
5930 1.03531214273 0.923934033824
5935 0.982489289146 0.876793823474
5940 1.00916480618 0.900599608257
5945 1.07022786451 0.955093548276
5950 1.03182664831 0.920823506301
5955 0.980536320708 0.875050953925
5960 1.07714600648 0.961267441685
5965 1.09047611649 0.973163508388
5970 1.15655609671 1.03213465358
5975 1.11324483317 0.993482783499
5980 1.09829205086 0.980138610365
5985 1.08739878922 0.970417237699
5990 1.17149060871 1.04546252191
5995 1.24579696907 1.11177505939
6000 1.19605114622 1.06738085509
6005 1.15235824578 1.02838840432
6010 1.1347793566 1.01270063895
6015 1.14190194319 1.01905698297
6020 1.15739133865 1.03288004081
6025 1.21002308768 1.0798497055
6030 1.24987421139 1.11541367501
6035 1.29979438175 1.15996347064
6040 1.28502853623 1.14678612378
6045 1.37059426225 1.22314675275
6050 1.351765314 1.20634340872
6055 1.30489304415 1.16451362274
6060 1.30518420628 1.16477346186
6065 1.20061132416 1.07145045248
6070 1.43009864379 1.27624969726
6075 1.41253706421 1.26057737933
6080 1.28725054734 1.14876909259
6085 1.27600966843 1.13873749906
6090 1.24555547221 1.11155954257
6095 1.3527209742 1.20719625971
6100 1.35406255442 1.20839351373
6105 1.26726251514 1.130931358
6110 1.3190287577 1.17712862675
6115 1.3870166619 1.23780244288
6120 1.21975271739 1.08853262889
6125 1.29027231248 1.15146577848
6130 1.30986288881 1.16894881521
6135 1.12211517219 1.00139885806
6140 1.21169717873 1.08134369908
6145 1.37671554086 1.22860950877
6150 1.22221268767 1.0907279574
6155 1.26921679745 1.13267540008
6160 1.02901907339 0.918317968202
6165 1.00476568307 0.896673739538
6170 1.02312196423 0.913055265651
6175 1.05858299265 0.944701423048
6180 1.13533180121 1.01319365198
6185 1.11000172809 0.990588569245
6190 0.963495243617 0.85984314321
6195 1.07830841781 0.962304801675
6200 1.02550144974 0.915178767875
6205 1.12879838225 1.00736309335
6210 1.11821560524 0.997918803608
6215 0.934419507467 0.83389535309
6220 0.957875412598 0.854827889424
6225 0.982520016377 0.876821245092
6230 0.933679144895 0.833234638172
6235 1.06486608047 0.950308580963
6240 0.956270690137 0.85339580181
6245 0.97123342934 0.866748860678
6250 1.06300907218 0.948651348242
6255 0.955466975117 0.852678549853
6260 0.972353188029 0.867748156562
6265 1.09448297904 0.976739315656
6270 1.07274895318 0.957343420099
6275 1.08873757257 0.971611995736
6280 1.00452359818 0.896457697959
6285 1.0841538419 0.967521379389
6290 1.25063500726 1.11609262503
6295 1.13472221025 1.01264964036
6300 1.1528594392 1.02883567973
6305 1.20601697436 1.07627456687
6310 1.29508238101 1.15575838343
6315 1.23567610499 1.10274299031
6320 1.23805164817 1.10486297433
6325 1.3247964356 1.18227582216
6330 1.38664505129 1.23747080986
6335 1.30504258178 1.16464707322
6340 1.42443500673 1.27119535006
6345 1.34288451165 1.19841799647
6350 1.45965748281 1.3026286184
6355 1.31361242929 1.17229498292
6360 1.18195529399 1.05480142413
6365 1.3077821254 1.16709189878
6370 1.50485392353 1.34296285971
6375 1.55869153702 1.39100866285
6380 1.45718592058 1.300422945
6385 1.52078496125 1.35718004826
6390 1.49388795318 1.33317660027
6395 1.46139715647 1.30418113926
6400 1.46659676266 1.3088213757
6405 1.66642150262 1.48714911902
6410 1.56675370867 1.39820351208
6415 1.54478986087 1.37860251867
6420 1.45218855539 1.29596319262
6425 1.61841744856 1.44430930532
6430 1.45956589879 1.30254688692
6435 1.59472269895 1.42316361923
6440 1.6162979617 1.44241783128
6445 1.73282606097 1.54640992446
6450 1.44651179285 1.29089713198
6455 1.60335468733 1.43086698473
6460 1.7344137301 1.54782679333
6465 1.61774369806 1.44370803641
6470 1.66992898736 1.49027927116
6475 1.5882566336 1.41739316837
6480 1.57648377491 1.40688682505
6485 1.52914124752 1.36463737148
6490 1.54137027642 1.37555081056
6495 1.1650754386 1.03973749101
6500 1.32282405269 1.18051562674
6505 1.58320743332 1.41288715729
6510 1.59850473562 1.42653878721
6515 1.56401203317 1.39575678399
6520 1.60910142234 1.43599549027
6525 1.66752320984 1.4881323054
6530 1.63434615691 1.45852441511
6535 1.68664324588 1.50519542221
6540 1.73842751952 1.55140878227
6545 1.56314531381 1.39498330565
6550 1.55952454793 1.39175205907
6555 1.45996432317 1.3029024491
6560 1.51702308987 1.3538228762
6565 1.44320451133 1.28794564534
6570 1.59653114788 1.42477751657
6575 1.45449154674 1.29801842989
6580 1.6096716105 1.43650433801
6585 1.6651486558 1.48601320411
6590 1.66213919404 1.48332749801
6595 1.50388527443 1.34209841715
6600 1.62050463121 1.44617195042
6605 1.58070537328 1.41065426701
6610 1.5060142138 1.34399832681
6615 1.60364364326 1.43112485499
6620 1.67146369766 1.49164887847
6625 1.50195896667 1.34037934014
6630 1.55640005933 1.38896370063
6635 1.52870836969 1.36425106232
6640 1.58408412462 1.4136695348
6645 1.49199444987 1.33148679864
6650 1.48380538989 1.32417871163
6655 1.46851540793 1.31053361453
6660 1.44470142776 1.28928152461
6665 1.39328033672 1.24339227623
6670 1.50713824007 1.34500143118
6675 1.47341385429 1.31490508968
6680 1.36356341508 1.21687227888
6685 1.43243394879 1.27833377189
6690 1.43788458012 1.28319802836
6695 1.41833920774 1.26575533258
6700 1.45305946232 1.29674040804
6705 1.42581872301 1.27243020717
6710 1.41831066793 1.26572986305
6715 1.31501805152 1.17354938936
6720 1.33162710237 1.18837165089
6725 1.33733605301 1.19346643688
6730 1.40029463907 1.24965198516
6735 1.38877684232 1.2393732644
6740 1.31032788298 1.16936378565
6745 1.35579248271 1.20993733762
6750 1.32060671871 1.1785368319
6755 1.39071443364 1.24110241109
6760 1.50305461956 1.34135712352
6765 1.45474979297 1.29824889418
6770 1.43429576113 1.27999529184
6775 1.55583878795 1.3884628104
6780 1.59512729404 1.42352468828
6785 1.40347920383 1.25249395681
6790 1.44720105471 1.29151224356
6795 1.44719712791 1.2915087392
6800 1.53323311054 1.36828903492
6805 1.54273451989 1.37676828973
6810 1.5435783594 1.37752134961
6815 1.50699441242 1.3448730764
6820 1.55294589627 1.38588113385
6825 1.60605428747 1.4332761639
6830 1.56026134128 1.39240958874
6835 1.62202789602 1.44753134354
6840 1.57021753055 1.40129469858
6845 1.63519674589 1.45928349835
6850 1.58594370143 1.41532905971
6855 1.50011458914 1.33873337938
6860 1.51456048133 1.35162519325
6865 1.64337831656 1.46658490175
6870 1.63772582231 1.46154049862
6875 1.64470003263 1.46776442859
6880 1.73693881933 1.55008023534
6885 1.70756298164 1.52386462838
6890 1.81745535432 1.62193486149
6895 1.82326738732 1.62712164031
6900 1.80411966528 1.61003381594
6905 1.93124848564 1.72348621253
6910 1.93471977532 1.72658406345
6915 1.85596593029 1.65630249839
6920 1.90428932322 1.69942729672
6925 1.77987641636 1.58839863768
6930 1.85160167829 1.65240774937
6935 1.86606420108 1.66531440473
6940 1.94848504949 1.73886847968
6945 1.80953721015 1.61486854537
6950 1.91897560105 1.71253363572
6955 1.84855153635 1.64968573942
6960 2.00888819244 1.79277349752
6965 2.05887256371 1.83738058737
6970 2.07190805616 1.84901373126
6975 2.03703387946 1.81789129251
6980 1.88646037564 1.68351637403
6985 2.17682207432 1.94264117751
6990 2.02056653676 1.80319549426
6995 2.09310103749 1.86792678745
7000 2.02499632446 1.8071487287
7005 2.08274995068 1.85868926285
7010 2.13635586668 1.90652829434
7015 2.01410298788 1.79742728916
7020 2.17250824696 1.93879142849
7025 2.05605830987 1.83486908886
7030 2.16233299748 1.92971082477
7035 2.21599963366 1.97760404421
7040 2.19982958534 1.96317355764
7045 2.31310225913 2.06426044159
7050 2.33868671932 2.08709254461
7055 1.69067919815 1.50879718974
7060 1.63114205653 1.45566500945
7065 1.58844821042 1.4175641355
7070 1.68969205508 1.50791624279
7075 1.8124145679 1.61743635912
7080 1.90593053955 1.70089195221
7085 1.67421152851 1.49410109973
7090 1.42221853209 1.26921732211
7095 1.45649178407 1.29980348318
7100 1.51293480691 1.35017440768
7105 1.53577689035 1.3705591568
7110 1.56162612323 1.39362754846
7115 1.63347007566 1.45774258202
7120 1.67827443098 1.49772691818
7125 1.46490380866 1.30731054843
7130 1.31203083102 1.17088353182
7135 1.38325149229 1.23444232741
7140 1.40524749511 1.25407201664
7145 1.48700449415 1.32703365864
7150 1.46991153604 1.31177954823
7155 1.60645488296 1.43363366363
7160 1.53684524971 1.37151258286
7165 1.53202573749 1.36721155016
7170 1.5991465931 1.42711159414
7175 1.66026206573 1.48165230976
7180 1.6165939361 1.44268196498
7185 1.72190541703 1.53666411526
7190 1.61227977088 1.43883191444
7195 1.72867297555 1.54270362487
7200 1.61337925441 1.43981311635
7205 1.6750216529 1.49482407154
7210 1.65347288984 1.47559350835
7215 1.71256447514 1.52832806494
7220 1.83048937153 1.63356668884
7225 1.86101237076 1.66080604656
7230 1.91614326281 1.71000599832
7235 1.92675635681 1.71947734358
7240 1.90407292673 1.69923418
7245 1.88585952505 1.6829801625
7250 2.03284455395 1.81415265151
7255 2.01694121981 1.79996018621
7260 2.02600699287 1.80805067016
7265 2.0912269855 1.86625434457
7270 2.10088972715 1.87487757568
7275 2.13177501349 1.90244024593
7280 2.07339462764 1.85034037848
7285 2.08352865057 1.85938419078
7290 2.0174419579 1.80040705526
7295 2.22217097865 1.98311148051
7300 2.18471830569 1.9496879382
7305 2.26040490922 2.01723223331
7310 2.26220578897 2.01883937576
7315 2.25936640355 2.01630544931
7320 2.27088773977 2.02658732877
7325 2.17800256813 1.94369467469
7330 2.33828494718 2.08673399482
7335 2.37062611607 2.11559592486
7340 2.5094484356 2.23948384269
7345 2.25544892449 2.01280940973
7350 2.43020670137 2.16876687519
7355 2.18575863954 1.95061635371
7360 2.39250772407 2.13512352578
7365 2.31731364336 2.06801876824
7370 2.55119368407 2.27673816844
7375 2.63944102182 2.35549192334
7380 2.68487478296 2.39603795431
7385 2.46556990029 2.20032572752
7390 2.37294850638 2.11766847415
7395 2.60488387422 2.32465240793
7400 2.46813228658 2.2026124542
