Wave Flux FluxNorm
3600 1.15624089096 1.14919253811
3605 1.14391418875 1.1369409785
3610 1.14334993361 1.13638016302
3615 1.14379149513 1.13681903282
3620 1.1426492182 1.13568371912
3625 1.15075871319 1.14374377926
3630 1.15446934524 1.1474317916
3635 1.15245492027 1.1454296464
3640 1.16066989235 1.15359454067
3645 1.15906630138 1.15200072506
3650 1.15562462438 1.14858002825
3655 1.16107726727 1.15399943226
3660 1.15652779674 1.14947769494
3665 1.15504499688 1.14800393411
3670 1.15179929806 1.14477802081
3675 1.15105986831 1.14404309857
3680 1.14669958123 1.13970939145
3685 1.13972722754 1.13277954068
3690 1.14508327061 1.13810293373
3695 1.14465098891 1.13767328719
3700 1.15680863999 1.14975682619
3705 1.13882068856 1.13187852789
3710 1.12688477577 1.12001537547
3715 1.22088480261 1.2134423856
3720 1.10586337766 1.09912212214
3725 1.24891534025 1.2413020513
3730 1.28913208394 1.28127363691
3735 1.02948091382 1.02320527975
3740 1.49722384387 1.48809688597
3745 1.41162755087 1.40302238119
3750 0.975097095335 0.969152980714
3755 1.46976859401 1.46080900114
3760 1.78193860466 1.77107604814
3765 1.5050190504 1.49584457354
3770 0.965262044954 0.959377884021
3775 1.41890777142 1.41025822209
3780 1.9638081758 1.95183695678
3785 2.08923845735 2.07650262527
3790 1.80341026239 1.79241681634
3795 1.14238681805 1.13542291853
3800 1.09529297707 1.08861615788
3805 1.78154574103 1.77068557937
3810 2.19195847791 2.17859647274
3815 2.31075852132 2.29667232049
3820 2.24501917333 2.23133371436
3825 2.03594951227 2.02353852539
3830 1.47974083184 1.47072044899
3835 0.92750259994 0.921848617592
3840 1.43406569192 1.42532374111
3845 2.02661853494 2.01426442895
3850 2.30306403508 2.28902473923
3855 2.38460843869 2.37007205462
3860 2.46868839923 2.45363947038
3865 2.47153921681 2.45647290961
3870 2.42598142721 2.41119283668
3875 2.27628845235 2.26241237833
3880 1.93505395602 1.92325802045
3885 1.30107022466 1.29313900368
3890 0.97011481689 0.964201073843
3895 1.61952492237 1.60965242678
3900 2.09871329257 2.08591970266
3905 2.34056528287 2.32629738239
3910 2.48127606456 2.4661504023
3915 2.52274751999 2.50736905103
3920 2.53333496133 2.51789195216
3925 2.54647839109 2.53095526062
3930 2.50690356544 2.49162167997
3935 2.43592077789 2.42107159786
3940 2.51515278436 2.4998206123
3945 2.49402853625 2.47882513594
3950 2.43319662479 2.41836405098
3955 2.28484197402 2.27091375841
3960 1.98596067961 1.97385442068
3965 1.42627898826 1.41758450457
3970 0.919776624503 0.914169739088
3975 1.47196187151 1.46298890859
3980 2.00476074664 1.992539884
3985 2.2794819449 2.2655864036
3990 2.4129967392 2.39828730229
3995 2.47910272276 2.46399030902
4000 2.50427852409 2.48901264066
4005 2.51115487862 2.49584707748
4010 2.50532948024 2.49005719027
4015 2.51791639886 2.50256738003
4020 2.52707653481 2.51167167651
4025 2.37649028938 2.3620033929
4030 2.49132332674 2.47613641717
4035 2.53118855658 2.51575863173
4040 2.53549010849 2.52003396171
4045 2.50925249983 2.49395629543
4050 2.49476928221 2.47956136636
4055 2.49379675074 2.47859476337
4060 2.4871484591 2.47198699919
4065 2.45435411471 2.43939256652
4070 2.43084530641 2.41602706606
4075 2.38231327391 2.36779088099
4080 2.34173600759 2.32746097046
4085 2.22737499324 2.21379709179
4090 2.01625375882 2.00396283568
4095 1.59009194808 1.58039887358
4100 0.990914709883 0.984874172338
4105 1.19903224715 1.19172304159
4110 1.76183895303 1.75109892239
4115 2.08536989233 2.07265764272
4120 2.22515617444 2.21159179873
4125 2.27988880357 2.26599078209
4130 2.25113667272 2.23741392196
4135 2.3403955548 2.32612868896
4140 2.34429227493 2.33000165499
4145 2.32008842732 2.30594535212
4150 2.35513561549 2.34077889541
4155 2.35404440477 2.33969433663
4160 2.34956017421 2.33523744158
4165 2.3398464038 2.32558288555
4170 2.32251650319 2.30835862663
4175 2.30537863897 2.29132523347
4180 2.30480670105 2.29075678204
4185 2.31035698114 2.29627322807
4190 2.30478997234 2.29074015531
4195 2.29986357641 2.28584379031
4200 2.26821424115 2.25438738688
4205 2.27725836269 2.26337637617
4210 2.27422025047 2.26035678405
4215 2.26645640358 2.25264026495
4220 2.2641318657 2.25032989727
4225 2.24988574259 2.23617061739
4230 2.23736410721 2.22372531292
4235 2.21665261453 2.20314007585
4240 2.22185823118 2.20831395948
4245 2.21701200056 2.20349727109
4250 2.21071072125 2.19723440388
4255 2.20333071111 2.1898993817
4260 2.18747939209 2.17414469106
4265 2.18348119098 2.17017086267
4270 2.16948579108 2.15626077762
4275 2.16342927808 2.15024118464
4280 2.16349524034 2.1503067448
4285 2.14726041157 2.13417088226
4290 2.13599353747 2.12297269013
4295 2.11483746289 2.10194558131
4300 2.08894739545 2.07621333767
4305 2.06881035557 2.05619905158
4310 2.05675738523 2.0442195552
4315 2.02638733429 2.01403463769
4320 1.97408615954 1.96205228675
4325 1.84817142087 1.83690511435
4330 1.64317746911 1.63316078947
4335 1.25166203275 1.24403200018
4340 0.836023131834 0.830926801073
4345 1.19261329876 1.1853432226
4350 1.57707379423 1.56746007735
4355 1.79277348737 1.78184488226
4360 1.90180819806 1.890214926
4365 1.959009145 1.94706718049
4370 1.97834664223 1.96628679788
4375 1.99305152359 1.98090203944
4380 1.99393017311 1.98177533279
4385 1.93302979263 1.9212461962
4390 1.93766295065 1.92585111085
4395 1.97090889787 1.95889439341
4400 1.97440434341 1.96236853099
4405 1.96647247889 1.95448501849
4410 1.96944233122 1.95743676684
4415 1.95279503692 1.94089095313
4420 1.95514659855 1.94322817982
4425 1.95251359256 1.94061122443
4430 1.94093674479 1.92910494821
4435 1.92068351438 1.90897517988
4440 1.92638005029 1.91463699017
4445 1.91524567414 1.90357048828
4450 1.90763414443 1.89600535786
4455 1.90025190895 1.8886681239
4460 1.89838448657 1.88681208518
4465 1.89134001298 1.87981055414
4470 1.80143756723 1.79045614657
4475 1.85988908586 1.84855134938
4480 1.75975465177 1.74902732687
4485 1.84682270656 1.83556462169
4490 1.85724733508 1.8459257025
4495 1.86261190486 1.85125757029
4500 1.85975441704 1.84841750149
4505 1.84922832416 1.83795557484
4510 1.84205201249 1.83082300939
4515 1.83429085831 1.8231091666
4520 1.81654921633 1.80547567626
4525 1.81995654931 1.80886223841
4530 1.82193174947 1.8108253979
4535 1.8107891824 1.79975075504
4540 1.81578672905 1.80471783704
4545 1.81044681737 1.79941047704
4550 1.77463089096 1.76381288168
4555 1.77939817917 1.76855110888
4560 1.78857493838 1.77767192729
4565 1.78912900212 1.7782226135
4570 1.78869612334 1.77779237352
4575 1.77378674833 1.76297388488
4580 1.76092811096 1.75019363274
4585 1.74125935653 1.73064477748
4590 1.75330591048 1.74261789659
4595 1.75903510392 1.74831216532
4600 1.74531124559 1.73467196654
4605 1.74426382199 1.73363092796
4610 1.74526961037 1.73463058513
4615 1.73540366318 1.72482477997
4620 1.71941976562 1.70893831899
4625 1.72891257281 1.71837325877
4630 1.71011066178 1.69968596271
4635 1.70703980992 1.69663383051
4640 1.71745134486 1.70698189756
4645 1.70984743293 1.69942433848
4650 1.71165405013 1.70121994268
4655 1.70095224899 1.69058337887
4660 1.70422794846 1.69383910994
4665 1.68676368751 1.67648130974
4670 1.68527986687 1.67500653435
4675 1.68910330424 1.67880666435
4680 1.68916648167 1.67886945666
4685 1.68641488584 1.67613463434
4690 1.67821843828 1.66798815167
4695 1.67836813199 1.66813693286
4700 1.66773006362 1.65756371332
4705 1.65979217634 1.64967421477
4710 1.65453253021 1.64444663102
4715 1.64337608433 1.63335819395
4720 1.63961615889 1.62962118872
4725 1.64493339169 1.63490600809
4730 1.62966799138 1.61973366445
4735 1.62434236832 1.61444050596
4740 1.61222470035 1.60239670633
4745 1.61547609083 1.6056282766
4750 1.60484979478 1.59506675761
4755 1.59738316219 1.58764564102
4760 1.59178579456 1.5820823945
4765 1.58344238686 1.57378984755
4770 1.57888276045 1.56925801627
4775 1.56917638095 1.55961080608
4780 1.56706295051 1.55751025895
4785 1.56348555231 1.55395466829
4790 1.55441427908 1.54493869282
4795 1.54869110673 1.53925040847
4800 1.54309037849 1.53368382182
4805 1.53319596853 1.52384972741
4810 1.52980018639 1.52047464569
4815 1.51990079562 1.51063560082
4820 1.50982673588 1.50062295174
4825 1.48835840941 1.47928549449
4830 1.4850980975 1.47604505718
4835 1.45597282179 1.44709732684
4840 1.41612361047 1.40749103316
4845 1.33938316696 1.33121839331
4850 1.21397219939 1.20657192106
4855 0.994586021341 0.988523103771
4860 0.697956201938 0.693701516241
4865 0.84835266738 0.843181176748
4870 1.11962558088 1.11280043207
4875 1.27424793088 1.26648021647
4880 1.35622162002 1.3479542005
4885 1.39673781528 1.38822341224
4890 1.4167633617 1.40812688452
4895 1.43282090054 1.42408653787
4900 1.43751547952 1.42875249907
4905 1.44210277278 1.43331182856
4910 1.43888110621 1.43010980101
4915 1.43922497993 1.4304515785
4920 1.40990836293 1.40131367328
4925 1.40661475465 1.39804014257
4930 1.43541117056 1.42666101782
4935 1.42828813436 1.41958140308
4940 1.42304783957 1.41437305271
4945 1.42213890391 1.41346965785
4950 1.41170562225 1.40309997664
4955 1.41114677578 1.40254453686
4960 1.40778444246 1.39920270006
4965 1.40676625966 1.39819072402
4970 1.40012220247 1.39158716848
4975 1.39865471484 1.39012862653
4980 1.39728370708 1.38876597633
4985 1.38250118049 1.37407356285
4990 1.37770365674 1.36930528442
4995 1.37925336366 1.37084554446
5000 1.37069685885 1.36234119942
5005 1.36393579637 1.35562135185
5010 1.36768327265 1.3593459838
5015 1.34037604199 1.33220521586
5020 1.33394862093 1.32581697584
5025 1.35173187009 1.34349181973
5030 1.34256739932 1.33438321485
5035 1.33518841669 1.32704921391
5040 1.31693226456 1.30890434984
5045 1.32842661305 1.32032862969
5050 1.32668503475 1.31859766791
5055 1.30258666973 1.29464620462
5060 1.31927157096 1.31122939601
5065 1.3209676871 1.31291517276
5070 1.32104028576 1.31298732887
5075 1.31739483938 1.30936410484
5080 1.31377919643 1.30577050256
5085 1.31216902888 1.30417015046
5090 1.31019855181 1.30221168527
5095 1.30445992729 1.29650804294
5100 1.292498434 1.28461946597
5105 1.30226594902 1.29432743899
5110 1.29796705271 1.29005474842
5115 1.29243693356 1.28455834043
5120 1.28940180314 1.28154171193
5125 1.28032657053 1.27252180122
5130 1.28015230907 1.27234860204
5135 1.27686266137 1.26907900777
5140 1.26885700236 1.26112215063
5145 1.26227878511 1.25458403367
5150 1.25747859117 1.24981310133
5155 1.258167663 1.25049797263
5160 1.25741651202 1.24975140061
5165 1.2440452316 1.23646163045
5170 1.21889649512 1.21146619868
5175 1.2374894977 1.22994585979
5180 1.23916780323 1.2316139345
5185 1.22265377099 1.21520057049
5190 1.2297088638 1.22221265601
5195 1.21575875104 1.20834758204
5200 1.20763184973 1.20027022168
5205 1.21000510032 1.20262900511
5210 1.20339143508 1.19605565626
5215 1.19276113456 1.18549015721
5220 1.19344575732 1.18617060656
5225 1.17976177138 1.17257003711
5230 1.17889336951 1.17170692895
5235 1.17161918989 1.16447709215
5240 1.18228931795 1.17508217596
5245 1.19289955253 1.18562773139
5250 1.18271981168 1.17551004543
5255 1.17976148546 1.17256975293
5260 1.1685030862 1.16137998398
5265 1.1577788402 1.15072111214
5270 1.16761375491 1.16049607399
5275 1.15677200902 1.14972041852
5280 1.16026626712 1.1531933759
5285 1.15575944087 1.14871402291
5290 1.1566298215 1.14957909776
5295 1.15434274272 1.14730596083
5300 1.14711746017 1.14012472304
5305 1.1441855188 1.13721065455
5310 1.14126112989 1.13430409249
5315 1.11851110668 1.11169275161
5320 1.12510588383 1.11824732752
5325 1.12202636791 1.11518658409
5330 1.11168673343 1.1049099792
5335 1.12038791786 1.1135581219
5340 1.11381348472 1.10702376598
5345 1.11258820518 1.10580595565
5350 1.1095394458 1.10277578127
5355 1.10740843289 1.10065775884
5360 1.10308116973 1.09635687434
5365 1.09681932904 1.09013320533
5370 1.09513362108 1.08845777331
5375 1.09900848124 1.09230901263
5380 1.09766746482 1.09097617094
5385 1.08991565193 1.08327161249
5390 1.02458186987 1.01833609999
5395 1.08416048107 1.0775515247
5400 1.07608830622 1.06952855718
5405 1.07423614134 1.06768768296
5410 1.07513106635 1.06857715257
5415 1.06782399621 1.06131462575
5420 1.07022521718 1.06370120907
5425 1.06323383627 1.05675244706
5430 1.06065903094 1.05419333754
5435 1.05919688655 1.05274010626
5440 1.06342192488 1.05693938909
5445 1.05600910418 1.04957175637
5450 1.05607838456 1.04964061441
5455 1.05016543471 1.04376370945
5460 1.05120344669 1.04479539378
5465 1.04253088733 1.03617570166
5470 1.0430461574 1.03668783068
5475 1.0413720083 1.03502388706
5480 1.04068768878 1.0343437391
5485 1.03845649439 1.0321261459
5490 1.0317591964 1.0254696741
5495 1.03068817138 1.02440517797
5500 1.02943670497 1.02316134039
5505 1.02354316217 1.01730372417
5510 1.02407714878 1.01783445563
5515 1.02402606617 1.01778368442
5520 1.02092030079 1.01469685154
5525 1.01611988738 1.00992570106
5530 1.00663705209 1.00050067239
5535 1.00542512195 0.999296130082
5540 1.01044112259 1.00428155358
5545 1.00463943767 0.99851523527
5550 1.00613330892 1.0
5555 1.00548852637 0.999359147994
5560 1.00227305788 0.996163280744
5565 0.997383963736 0.991303990131
5570 0.99511345406 0.989047321303
5575 0.994446698575 0.988384630306
5580 0.990414207281 0.984376720759
5585 0.987629850376 0.981609337074
5590 0.983187747547 0.977194312952
5595 0.983787585479 0.977790494319
5600 0.981840054475 0.97585483531
5605 0.978119488403 0.972156949513
5610 0.981258114504 0.975276442798
5615 0.975684573733 0.969736877891
5620 0.974137535644 0.968199270423
5625 0.968867349017 0.962961210436
5630 0.969856280904 0.963944113873
5635 0.964350815207 0.958472209059
5640 0.957459254062 0.951622658324
5645 0.956203454213 0.950374513731
5650 0.956169670845 0.950340936304
5655 0.951350703109 0.945551344613
5660 0.946863135184 0.941091132546
5665 0.944207134629 0.938451322761
5670 0.942126950378 0.936383819148
5675 0.939049740425 0.933325367623
5680 0.936817904453 0.931107136746
5685 0.932801968105 0.927115681228
5690 0.930700048856 0.925026575113
5695 0.929110476944 0.923446693105
5700 0.923952420048 0.918320079314
5705 0.924719709954 0.919082691882
5710 0.918941470407 0.913339676025
5715 0.917673104206 0.912079041684
5720 0.915075015727 0.909496790946
5725 0.910632661833 0.905081517291
5730 0.910096093445 0.904548219781
5735 0.909096878836 0.903555096304
5740 0.905603645497 0.90008315744
5745 0.903398468953 0.897891423477
5750 0.898469908634 0.892992907271
5755 0.897960755845 0.892486858237
5760 0.895715482172 0.890255271574
5765 0.895275994227 0.889818462713
5770 0.890706204792 0.885276530352
5775 0.889848508772 0.884424062779
5780 0.886621773908 0.881216997835
5785 0.883113561336 0.877730171049
5790 0.884371604512 0.878980545294
5795 0.885264557774 0.879868055183
5800 0.884785487228 0.879391905013
5805 0.884904956387 0.879510645897
5810 0.883883909429 0.878495823162
5815 0.884265255304 0.878874844382
5820 0.884440531096 0.879049051707
5825 0.882035192116 0.876658375482
5830 0.880881049738 0.875511268664
5835 0.878491455396 0.873136241101
5840 0.876655990688 0.87131196524
5845 0.875296938678 0.869961197903
5850 0.872545672732 0.867226703456
5855 0.868245253869 0.862952499607
5860 0.866461979501 0.861180095938
5865 0.866361613523 0.861080341782
5870 0.860946683759 0.855698421002
5875 0.838366122517 0.833255509071
5880 0.847449186241 0.842283203158
5885 0.842895642968 0.837757417924
5890 0.830594354542 0.825531117178
5895 0.832276407681 0.827202916654
5900 0.82774186041 0.822696011624
5905 0.836944855368 0.831842905854
5910 0.834223053194 0.829137695571
5915 0.831941606533 0.826870156427
5920 0.825145325051 0.820115304539
5925 0.825157119844 0.820127027432
5930 0.826233457224 0.821196803544
5935 0.822232336888 0.817220073721
5940 0.816919796473 0.811939918131
5945 0.811764124268 0.806815674495
5950 0.813262590011 0.808305005709
5955 0.811297261091 0.806351657279
5960 0.80792425342 0.802999211196
5965 0.8090989922 0.804166788861
5970 0.806246227564 0.801331414452
5975 0.804026189276 0.799124909342
5980 0.801041136583 0.796158053294
5985 0.805468819949 0.800558745853
5990 0.80270466082 0.797811436819
5995 0.80478615586 0.79988024323
6000 0.802370493173 0.797479306231
6005 0.796862302998 0.792004693547
6010 0.794447840293 0.789604949215
6015 0.789856594648 0.785041691439
6020 0.787750389653 0.782948325704
6025 0.787191345898 0.782392689835
6030 0.784045416506 0.779265937779
6035 0.786154664925 0.781362328387
6040 0.781061348602 0.776300060517
6045 0.774706030327 0.769983483758
6050 0.781518863766 0.776754786704
6055 0.778454379861 0.773708983651
6060 0.779103841909 0.774354486629
6065 0.774303577793 0.769583484543
6070 0.772919628394 0.76820797159
6075 0.773073667551 0.768361071736
6080 0.771906007016 0.767200529167
6085 0.76695285444 0.762277570617
6090 0.767796907649 0.763116478545
6095 0.766031109679 0.761361444739
6100 0.768859542932 0.764172636087
6105 0.763456533167 0.758802562641
6110 0.76549351944 0.760827131608
6115 0.766433847135 0.76176172714
6120 0.759143852845 0.754516172077
6125 0.754439566176 0.749840562367
6130 0.757562166633 0.752944127699
6135 0.755205219065 0.750601547896
6140 0.749775882188 0.745205307827
6145 0.749088711171 0.744522325749
6150 0.748120064032 0.743559583407
6155 0.742333328951 0.737808123805
6160 0.739119357898 0.734613744864
6165 0.746433564739 0.74188336488
6170 0.747659716766 0.743102042382
6175 0.74725106925 0.742695885948
6180 0.741943539369 0.737420710349
6185 0.744668638474 0.740129197465
6190 0.743774427262 0.739240437295
6195 0.741651158694 0.737130112003
6200 0.739882332409 0.735372068343
6205 0.737072128883 0.732578995595
6210 0.735180667136 0.730699064049
6215 0.73338495467 0.728914298104
6220 0.733338003495 0.72886763314
6225 0.729940300894 0.725490642664
6230 0.723545436383 0.719134760741
6235 0.721738192565 0.717338533738
6240 0.715354730729 0.710993984979
6245 0.715353562564 0.710992823935
6250 0.715212482455 0.710852603839
6255 0.713554945842 0.709205171438
6260 0.713371797825 0.709023139877
6265 0.71081779709 0.706484708128
6270 0.705455459975 0.701155059395
6275 0.695918615197 0.691676350467
6280 0.654410039791 0.650420808047
6285 0.691086573067 0.686873764083
6290 0.687096244229 0.682907759974
6295 0.683714516088 0.679546646579
6300 0.681849284676 0.67769278547
6305 0.683305641982 0.679140264938
6310 0.688762477725 0.684563836243
6315 0.682998955009 0.678835447504
6320 0.683437771819 0.679271589322
6325 0.683128347568 0.678964051296
6330 0.684657735221 0.680484115923
6335 0.682138309008 0.677980047933
6340 0.679275545308 0.675134735413
6345 0.665774244627 0.661715737592
6350 0.668527613901 0.664452322544
6355 0.676835610232 0.672709673988
6360 0.671719469713 0.667624721056
6365 0.669324116659 0.665243969885
6370 0.661884433662 0.657849638605
6375 0.667980938241 0.663908979376
6380 0.669968187548 0.665884114569
6385 0.66769339354 0.663623187525
6390 0.669235079561 0.66515547555
6395 0.666644934405 0.662581119714
6400 0.660117023315 0.656093002252
6405 0.658980036833 0.654962946749
6410 0.656518649789 0.652516564127
6415 0.657318402385 0.653311441493
6420 0.654087107356 0.650099844184
6425 0.653410583709 0.64942744457
6430 0.653117591479 0.649136238398
6435 0.648263226119 0.644311464865
6440 0.647792811134 0.643843917492
6445 0.645359169381 0.641425111026
6450 0.642773323032 0.638855027791
6455 0.635216835075 0.631344603587
6460 0.63779717672 0.633909215673
6465 0.634525325539 0.630657309438
6470 0.634298815822 0.630432180506
6475 0.628202010323 0.62437254065
6480 0.626655072067 0.622835032407
6485 0.623383499262 0.61958340285
6490 0.624081616526 0.620277264448
6495 0.617126436558 0.613364482705
6500 0.62163370587 0.617844276061
6505 0.623048233256 0.6192501806
6510 0.618742958074 0.614971150034
6515 0.608204103702 0.604496539683
6520 0.608395167254 0.604686438527
6525 0.607241927474 0.603540228805
6530 0.603276154006 0.599598630378
6535 0.59488298422 0.59125662469
6540 0.583935245558 0.580375622576
6545 0.560961390621 0.557541814437
6550 0.531552044005 0.528311744868
6555 0.480281511729 0.477353753694
6560 0.386971279552 0.384612333298
6565 0.380380153051 0.378061385781
6570 0.472895207986 0.470012476273
6575 0.523919113016 0.520725343621
6580 0.554417185797 0.551037502567
6585 0.570699396709 0.567220458413
6590 0.580834052509 0.577293334154
6595 0.585141551316 0.581574574789
6600 0.585677072315 0.582106831294
6605 0.58964788101 0.586053434255
6610 0.587741981063 0.584159152522
6615 0.590578148954 0.586978031359
6620 0.590809766567 0.587208237049
6625 0.590075741795 0.586478686834
6630 0.592120327257 0.588510808665
6635 0.590372694359 0.586773829199
6640 0.589367276918 0.585774540703
6645 0.588419610316 0.584832651001
6650 0.588903026646 0.585313120464
6655 0.586890919932 0.583313279393
6660 0.586697409298 0.583120948384
6665 0.585129040016 0.581562139757
6670 0.584934587742 0.581368872848
6675 0.580130625586 0.576594195265
6680 0.576321621719 0.572808410784
6685 0.580753602727 0.577213374787
6690 0.578037645086 0.574513973409
6695 0.577955919815 0.574432746328
6700 0.577175815687 0.573657397654
6705 0.575677595927 0.572168310922
6710 0.574817940353 0.571313895741
6715 0.573079204764 0.569585759346
6720 0.572115004678 0.568627436947
6725 0.567546925536 0.564087204454
6730 0.564015747026 0.560577551728
6735 0.566211603945 0.562760022877
6740 0.56409781396 0.560659118388
6745 0.561652695452 0.55822890513
6750 0.558843544994 0.555436879029
6755 0.557897924992 0.554497023453
6760 0.556086220999 0.552696363463
6765 0.553406984331 0.55003345921
6770 0.552948861101 0.549578128663
6775 0.551854949923 0.54849088588
6780 0.551170239548 0.547810349446
6785 0.551347081144 0.547986113029
6790 0.547941688459 0.544601479349
6795 0.460338287745 0.457532102022
6800 0.0188906265005 0.0187754707384
6805 0.00020903458187 0.000207760323624
6810 0.13442685798 0.133607402506
6815 0.537527818662 0.534251091676
6820 0.543524223641 0.540210943046
6825 0.544464803471 0.541145789175
6830 0.542814427841 0.539505474105
6835 0.541361567116 0.538061469904
6840 0.53856878357 0.535285710945
6845 0.538112230588 0.534831941074
6850 0.537782539162 0.534504259421
6855 0.536526546892 0.53325592358
6860 0.53414750216 0.530891381315
6865 0.531387144088 0.528147850167
6870 0.532063435215 0.528820018678
6875 0.53310221036 0.529852461532
6880 0.528332629275 0.525111955435
6885 0.52682792065 0.523616419394
6890 0.526603147472 0.523393016416
6895 0.525565595908 0.522361789684
6900 0.522119076955 0.518936280438
6905 0.517569538059 0.514414475171
6910 0.516262895387 0.513115797688
6915 0.515921568868 0.512776551869
6920 0.514848830475 0.511710352804
6925 0.512518980863 0.509394705771
6930 0.511199825915 0.508083592286
6935 0.509209654156 0.506105552457
6940 0.507819081967 0.504723457086
6945 0.507413951567 0.504320796329
6950 0.505791717644 0.502708451415
6955 0.50533258775 0.50225212034
6960 0.504415708481 0.501340830295
6965 0.497977181018 0.494941551586
6970 0.496092012597 0.493067875001
6975 0.497830766583 0.494796029681
6980 0.49358895093 0.4905800718
6985 0.499824137313 0.496777248981
6990 0.499272160753 0.496228637227
6995 0.498091765078 0.495055437149
7000 0.496191263077 0.493166520458
7005 0.494072228954 0.4910604038
7010 0.49495553749 0.491938327757
7015 0.492875516584 0.489870986493
7020 0.493829396021 0.490819051157
7025 0.493671983898 0.490662598606
7030 0.489858251039 0.48687211396
7035 0.491018151617 0.488024943876
7040 0.491365213375 0.488369889972
7045 0.492568531215 0.489565872483
7050 0.489327522231 0.486344620433
7055 0.488008028515 0.485033170246
7060 0.48184929677 0.478911981642
7065 0.477829018562 0.474916210731
7070 0.485719623927 0.482758715591
7075 0.484733181043 0.481778285984
7080 0.479747027755 0.476822527891
7085 0.485683499225 0.482722811102
7090 0.481959166926 0.479021182037
7095 0.480682440677 0.477752238611
7100 0.476709079945 0.473803099171
7105 0.478631294613 0.475713596171
7110 0.478651988425 0.475734163835
7115 0.478989094 0.47606921444
7120 0.479156729162 0.476235827712
7125 0.478362908766 0.475446846382
7130 0.472214667165 0.469336083975
7135 0.474963745924 0.472068404568
7140 0.473459331605 0.470573161039
7145 0.470793373904 0.467923454805
7150 0.461910543968 0.459094773896
7155 0.465529856559 0.462692023445
7160 0.460241114834 0.45743552147
7165 0.465124029279 0.462288670056
7170 0.464196886497 0.461367179062
7175 0.463306685483 0.460482404643
7180 0.462558875037 0.45973915279
7185 0.46650614969 0.46366236517
7190 0.461808939538 0.458993788839
7195 0.460060248819 0.457255758
7200 0.461080730079 0.458270018487
7205 0.46107377438 0.45826310519
7210 0.458581280023 0.455785804881
7215 0.459186412493 0.456387248511
7220 0.45819462623 0.455401508098
7225 0.458128149182 0.455335436289
7230 0.456075489452 0.45329528941
7235 0.454403777589 0.451633768171
7240 0.45424926416 0.451480196643
7245 0.452445037959 0.449686968862
7250 0.448249151542 0.445516660236
7255 0.448141822794 0.445409985756
7260 0.447452203963 0.444724570786
7265 0.446202340633 0.443482326524
7270 0.446635483977 0.443912829461
7275 0.446068330129 0.443349132938
7280 0.442275438062 0.43957936204
7285 0.441468400052 0.438777243669
7290 0.438697870576 0.436023603121
7295 0.436438365454 0.433777871764
7300 0.438946514132 0.436270730966
7305 0.43755724709 0.434889932786
7310 0.435793138008 0.433136577573
7315 0.436118089355 0.433459548043
7320 0.431543344832 0.4289126908
7325 0.433023186577 0.430383511546
7330 0.432079024855 0.42944510536
7335 0.431414528589 0.428784659811
7340 0.431113822448 0.42848578675
7345 0.431932029947 0.429299006521
7350 0.427042990444 0.424439770215
7355 0.426803187782 0.424201429371
7360 0.42547972831 0.422886037603
7365 0.42500028164 0.422409513602
7370 0.423559636115 0.420977650138
7375 0.423162430583 0.42058286594
7380 0.42344783894 0.42086653447
7385 0.421285849835 0.418717724679
7390 0.418316608134 0.415766583241
7395 0.417766289195 0.415219619003
7400 0.416127111803 0.413590433906
