Wave Flux FluxNorm
3600 1.52420181137 1.5168008831
3605 1.51704969305 1.50968349267
3610 1.51716002422 1.50979328811
3615 1.50016278433 1.49287858018
3620 1.50333222408 1.49603263037
3625 1.50241304989 1.49511791933
3630 1.49619643692 1.48893149181
3635 1.49067250204 1.48343437899
3640 1.49056160617 1.48332402159
3645 1.48712921913 1.47990830088
3650 1.48064421424 1.47345478464
3655 1.47769756657 1.47052244474
3660 1.47531283618 1.46814929367
3665 1.46856070535 1.46142994855
3670 1.46740267092 1.46027753708
3675 1.46698410038 1.45986099895
3680 1.45665211273 1.4495791794
3685 1.4532182417 1.44616198191
3690 1.44959655413 1.44255787983
3695 1.44657779661 1.43955378022
3700 1.44735390512 1.44032612024
3705 1.4437147094 1.43670459504
3710 1.43828880781 1.4313050395
3715 1.51823430327 1.51086235089
3720 1.4509784762 1.44393309182
3725 1.55779944028 1.55023537505
3730 1.63578120274 1.62783848855
3735 1.38790702335 1.38116788931
3740 1.82133648602 1.8124927879
3745 1.78307286197 1.77441495706
3750 1.34879302319 1.34224381144
3755 1.78924725861 1.78055937325
3760 2.14578885265 2.13536974065
3765 1.88914223856 1.87996930221
3770 1.34727654566 1.34073469734
3775 1.74767204149 1.73918602912
3780 2.26390189944 2.25290927665
3785 2.37044090236 2.35893096781
3790 2.16401582956 2.15350821449
3795 1.54573778278 1.53823228425
3800 1.44180689475 1.43480604399
3805 2.08984369449 2.07969623032
3810 2.43559727098 2.42377096257
3815 2.47008460712 2.45809084169
3820 2.2908257538 2.2797023993
3825 2.34189905154 2.33052770507
3830 1.91791792291 1.90860526309
3835 1.34568403483 1.33914991911
3840 1.79759255757 1.78886415069
3845 2.34320499806 2.33182731042
3850 2.53345118588 2.52114973711
3855 2.55790462653 2.54548444141
3860 2.61358712456 2.60089656699
3865 2.59648568348 2.58387816382
3870 2.56215057076 2.549709769
3875 2.52530838447 2.51304647396
3880 2.33007639558 2.31876245531
3885 1.75824388109 1.749706536
3890 1.38505171956 1.37832644975
3895 2.01506179786 2.00527744535
3900 2.45256776481 2.44065905432
3905 2.62540332548 2.61265539306
3910 2.68717440491 2.67412653627
3915 2.71286025479 2.6996876657
3920 2.67406580936 2.66108159094
3925 2.64173670396 2.62890946304
3930 2.66167403421 2.64874998541
3935 2.66742744657 2.65447546144
3940 2.73235377809 2.71908653607
3945 2.73187051321 2.71860561774
3950 2.70310204915 2.6899768421
3955 2.63618382885 2.62338355052
3960 2.44264202571 2.43078151073
3965 1.91888992924 1.90957254973
3970 1.39489049069 1.38811744765
3975 1.91225905495 1.90297387238
3980 2.42676037142 2.41497697155
3985 2.62853800654 2.61577485333
3990 2.6950352626 2.68194922471
3995 2.71915691585 2.70595375264
4000 2.73347941045 2.7202067028
4005 2.70051091686 2.68739829133
4010 2.62565471863 2.61290556554
4015 2.72699052014 2.71374932
4020 2.69943408633 2.68632668947
4025 2.42543429373 2.41365733277
4030 2.59934087519 2.58671949184
4035 2.7418637044 2.7285502859
4040 2.75117322211 2.73781460022
4045 2.73649802873 2.72321066385
4050 2.73374554935 2.72047154944
4055 2.72526317636 2.71203036354
4060 2.71031829622 2.69715804988
4065 2.70398927479 2.69085975971
4070 2.68809084327 2.67503852477
4075 2.64397399816 2.63113589381
4080 2.63143746007 2.61866022825
4085 2.57950669597 2.56698161965
4090 2.44535282579 2.43347914822
4095 2.08630272419 2.07617245358
4100 1.47887071713 1.47168989893
4105 1.62569340504 1.61779967326
4110 2.20198016234 2.19128820731
4115 2.44854924163 2.43666004351
4120 2.4903599234 2.47826770895
4125 2.525930334 2.51366540355
4130 2.49773497379 2.48560694899
4135 2.54928889837 2.53691054786
4140 2.49586693002 2.48374797571
4145 2.41903786673 2.40729196432
4150 2.5284298522 2.51615278506
4155 2.54404405077 2.53169116719
4160 2.53551632156 2.52320484529
4165 2.51529209892 2.50307882358
4170 2.50064204201 2.48849990162
4175 2.49696187047 2.48483759956
4180 2.49613187544 2.48401163465
4185 2.48963628342 2.47754758269
4190 2.47215875981 2.46015492311
4195 2.47374007885 2.46172856388
4200 2.45578069426 2.44385638304
4205 2.45398213446 2.44206655634
4210 2.44715085734 2.43526844923
4215 2.43967926069 2.42783313173
4220 2.4330859183 2.42127180404
4225 2.41551934765 2.40379052979
4230 2.4021491759 2.39048527838
4235 2.39157782081 2.37996525365
4240 2.38787130195 2.3762767322
4245 2.37435533535 2.36282639385
4250 2.36846579491 2.35696545071
4255 2.36236849002 2.35089775195
4260 2.35195354247 2.34053337532
4265 2.31291363771 2.30168303307
4270 2.30472154636 2.29353071932
4275 2.32215167534 2.3108762144
4280 2.31176955841 2.30054450898
4285 2.30223471601 2.29105596405
4290 2.2965687718 2.28541753144
4295 2.28542723321 2.27433009181
4300 2.27739922728 2.26634106674
4305 2.25903154422 2.24806256997
4310 2.24463510581 2.23373603504
4315 2.21780335009 2.20703456384
4320 2.19453084727 2.18387506319
4325 2.13215326424 2.12180036134
4330 1.98032487908 1.97070919547
4335 1.6328787799 1.62495015874
4340 1.21405666984 1.20816168516
4345 1.51553832928 1.50817946749
4350 1.89651175699 1.88730303714
4355 2.05625799674 2.04627361159
4360 2.118737652 2.10844989006
4365 2.14020151728 2.1298095352
4370 2.14747777784 2.13705046508
4375 2.13984956371 2.12945929058
4380 2.13434878409 2.12398522059
4385 2.04404893893 2.03412383618
4390 2.00934207635 1.99958549657
4395 2.10593713611 2.09571152847
4400 2.11224596834 2.10198972748
4405 2.10928013806 2.09903829811
4410 2.09843415723 2.08824498113
4415 2.08370027435 2.07358264022
4420 2.08121945589 2.07111386765
4425 2.06752500878 2.05748591542
4430 2.05707115105 2.04708281754
4435 2.0360670665 2.02618072062
4440 2.03008772642 2.02023041387
4445 2.04571818724 2.03578497928
4450 2.0297322895 2.01987670281
4455 2.02872355559 2.01887286692
4460 2.02040245029 2.01059216566
4465 1.97802093797 1.96841644139
4470 1.8228611949 1.81401009339
4475 1.88648992171 1.87732986398
4480 1.90633045484 1.89707405923
4485 1.93887494454 1.92946052561
4490 1.9672026591 1.95765069186
4495 1.96809714577 1.95854083526
4500 1.96068202881 1.9511617232
4505 1.94674420677 1.93729157778
4510 1.9356886966 1.92628974885
4515 1.93176540916 1.92238551135
4520 1.91901905365 1.90970104716
4525 1.9047408912 1.89549221389
4530 1.91061443377 1.90133723683
4535 1.89908505833 1.88986384354
4540 1.89459173345 1.88539233648
4545 1.89058781959 1.88140786406
4550 1.86049827058 1.85146441815
4555 1.85976085744 1.8507305856
4560 1.85798247807 1.84896084134
4565 1.85955642781 1.8505271486
4570 1.85659166666 1.84757678316
4575 1.84491289726 1.83595472131
4580 1.82404443747 1.8151875906
4585 1.81816080401 1.80933252577
4590 1.82478554399 1.81592509859
4595 1.81914670453 1.81031363914
4600 1.81600643692 1.80718861944
4605 1.80397448311 1.79521508809
4610 1.8013400117 1.79259340865
4615 1.79938622953 1.79064911328
4620 1.78625628839 1.77758292601
4625 1.78085196274 1.77220484165
4630 1.77371482878 1.76510236282
4635 1.7708156509 1.76221726221
4640 1.77818525764 1.76955108502
4645 1.77606110528 1.76743724672
4650 1.75741961827 1.74888627548
4655 1.76944892916 1.76085717674
4660 1.76476656528 1.75619754859
4665 1.74757883791 1.7390932781
4670 1.74054262606 1.73209123136
4675 1.75595783093 1.74743158601
4680 1.74935600336 1.74086181434
4685 1.74793929764 1.73945198758
4690 1.74202060976 1.73356203854
4695 1.72372476509 1.71535503134
4700 1.7226758865 1.7143112457
4705 1.71525400212 1.70692539909
4710 1.69396624057 1.68574100258
4715 1.68818329409 1.67998613584
4720 1.70788916732 1.69959632504
4725 1.7088471959 1.70054970182
4730 1.69794314059 1.68969859233
4735 1.69543391014 1.68720154572
4740 1.68825557569 1.68005806646
4745 1.68319187475 1.67501895287
4750 1.67500661207 1.66687343463
4755 1.66641773732 1.6583262641
4760 1.65953541494 1.65147735959
4765 1.65199606196 1.64397461476
4770 1.64090204027 1.6329344613
4775 1.63313927357 1.62520938757
4780 1.62574038121 1.61784642133
4785 1.62287556001 1.61499551059
4790 1.61636355603 1.60851512635
4795 1.60781858313 1.6000116445
4800 1.60509347971 1.59729977312
4805 1.5963461169 1.58859488408
4810 1.59064418229 1.58292063584
4815 1.57558222547 1.567931814
4820 1.57250398176 1.56486851703
4825 1.56751720999 1.55990595908
4830 1.55829530019 1.55072882726
4835 1.54730226664 1.53978917159
4840 1.52790225015 1.520483354
4845 1.48279235871 1.47559249856
4850 1.39785724283 1.3910697944
4855 1.20073419341 1.19490389747
4860 0.924710293258 0.920220261492
4865 1.03187456995 1.02686419034
4870 1.29708409875 1.29078596533
4875 1.42143305921 1.41453113583
4880 1.46799680883 1.46086879008
4885 1.48216819453 1.47497136507
4890 1.49414661055 1.48689161859
4895 1.49495924134 1.48770030356
4900 1.49430293182 1.48704718082
4905 1.48975791813 1.48252423595
4910 1.49191098506 1.48466684842
4915 1.48295945985 1.47575878832
4920 1.40929506298 1.40245207697
4925 1.41492210543 1.4080517967
4930 1.47625751123 1.46908938174
4935 1.48023925965 1.47305179635
4940 1.47128080122 1.46413683669
4945 1.47129420052 1.46415017093
4950 1.46093606542 1.45384233088
4955 1.45947912062 1.45239246044
4960 1.45372327685 1.4466645648
4965 1.45266750146 1.44561391584
4970 1.45113267574 1.44408654263
4975 1.44599654811 1.43897535403
4980 1.44305157598 1.43604468154
4985 1.43748276077 1.43050290631
4990 1.4262968678 1.41937132767
4995 1.42231589468 1.4154096846
5000 1.42191420455 1.41500994492
5005 1.41150164376 1.40464794346
5010 1.3972113568 1.39042704454
5015 1.36810545122 1.36146246586
5020 1.38079289675 1.37408830612
5025 1.39700166622 1.39021837214
5030 1.38517329238 1.37844743226
5035 1.37465716739 1.36798236947
5040 1.36379901067 1.35717693571
5045 1.36036167078 1.3537562862
5050 1.3633186189 1.35669887653
5055 1.35116726834 1.34460652819
5060 1.35010527967 1.34354969612
5065 1.36119727264 1.3545878307
5070 1.35291820208 1.34634896007
5075 1.35370737096 1.34713429706
5080 1.34897237773 1.3424222951
5085 1.34469314312 1.33816383879
5090 1.33909592588 1.33259379944
5095 1.33459994352 1.32811964782
5100 1.32767021526 1.32122356761
5105 1.32335029985 1.31692462802
5110 1.32410799953 1.3176786486
5115 1.31657409906 1.31018132981
5120 1.31310977817 1.30673383031
5125 1.30629785712 1.29995498529
5130 1.30743582991 1.30108743253
5135 1.30196723835 1.2956453943
5140 1.29009227962 1.28382809574
5145 1.28675258509 1.28050461746
5150 1.28562056736 1.27937809636
5155 1.27894807592 1.27273800393
5160 1.28038730243 1.27417024212
5165 1.2704790001 1.26431005064
5170 1.25913354976 1.25301968937
5175 1.26521295716 1.25906957755
5180 1.25938684415 1.25327175386
5185 1.25135994021 1.24528382543
5190 1.24648169528 1.24042926735
5195 1.23778708956 1.23177687924
5200 1.2352243405 1.22922657388
5205 1.2315253192 1.22554551359
5210 1.22910657484 1.2231385137
5215 1.22001465946 1.21409074511
5220 1.21246779317 1.20658052346
5225 1.21082220413 1.20494292475
5230 1.20493389978 1.19908321171
5235 1.20038459739 1.19455599895
5240 1.19988225974 1.19405610045
5245 1.20123498716 1.19540225956
5250 1.18892859699 1.18315562441
5255 1.18099425016 1.17525980367
5260 1.17624387647 1.17053249594
5265 1.1768184831 1.1711043125
5270 1.16859769674 1.16292344306
5275 1.16366825585 1.15801793762
5280 1.16321950367 1.1575713644
5285 1.16270110963 1.15705548748
5290 1.15510403129 1.14949529758
5295 1.15046184449 1.14487565142
5300 1.14641056898 1.14084404733
5305 1.1422682973 1.13672188889
5310 1.13825956194 1.1327326184
5315 1.13340727149 1.12790388876
5320 1.12102228081 1.11557903477
5325 1.12604764631 1.12057999905
5330 1.1211699527 1.11572598961
5335 1.1230476896 1.11759460896
5340 1.1201845855 1.11474540697
5345 1.11078776035 1.10539420913
5350 1.11323436448 1.10782893351
5355 1.11083940754 1.10544560554
5360 1.10414023617 1.09877896274
5365 1.10798592667 1.10260598006
5370 1.09705873925 1.09173185079
5375 1.09615108536 1.09082860412
5380 1.09544326337 1.09012421903
5385 1.09077503547 1.08547865822
5390 1.09412944257 1.08881677763
5395 1.08380169864 1.07853918119
5400 1.08220347535 1.07694871825
5405 1.08027427552 1.07502888586
5410 1.07871218327 1.07347437852
5415 1.07346134045 1.06824903174
5420 1.07128143984 1.06607971588
5425 1.06518447166 1.06001235219
5430 1.0601454177 1.0549977659
5435 1.056445351 1.05131566528
5440 1.05186883709 1.04676137313
5445 1.05488017108 1.04975808526
5450 1.04658410235 1.041502299
5455 1.04608525023 1.04100586911
5460 1.03680941159 1.03177507032
5465 1.03379221881 1.02877252785
5470 1.03238318715 1.0273703379
5475 1.03407098533 1.02904994079
5480 1.03133330704 1.02632555559
5485 1.03407083206 1.02904978827
5490 1.02740209772 1.02241343469
5495 1.0283781655 1.02338476306
5500 1.029612004 1.02461261053
5505 1.02629575047 1.02131245942
5510 1.02340813637 1.01843886646
5515 1.02268126827 1.01771552774
5520 1.01899030578 1.01404248713
5525 1.01817460848 1.01323075053
5530 1.01121767575 1.00630759795
5535 1.01094932346 1.00604054867
5540 1.00919882684 1.00429855178
5545 1.0061094531 1.00122417883
5550 1.00487930113 1.0
5555 1.00083853382 0.995978853077
5560 0.995930692434 0.991094842246
5565 0.995187576491 0.990355334584
5570 0.989420281059 0.984616042885
5575 0.98786813844 0.983071436864
5580 0.982451166584 0.977680767706
5585 0.981667885804 0.976901290231
5590 0.979088874809 0.974334801905
5595 0.974883802016 0.970150147302
5600 0.973206017865 0.968480509816
5605 0.968317352489 0.963615581888
5610 0.965563625892 0.960875226311
5615 0.964056094771 0.959375015172
5620 0.958681061827 0.954026081286
5625 0.958414614926 0.953760928148
5630 0.953998647115 0.949366402551
5635 0.952238209026 0.947614512461
5640 0.941694113211 0.937121614654
5645 0.938488452696 0.933931519573
5650 0.938940102101 0.934380975946
5655 0.939835066357 0.935271594605
5660 0.937185606192 0.932634999184
5665 0.933371642452 0.92883955456
5670 0.931111778062 0.926590663188
5675 0.9297613584 0.925246800637
5680 0.926138100057 0.92164113542
5685 0.921965012552 0.917488310797
5690 0.917036670465 0.912583898813
5695 0.915306827554 0.910862455343
5700 0.914107702031 0.909669152305
5705 0.911618808579 0.907192343946
5710 0.907974195986 0.903565428168
5715 0.90424909679 0.899858416598
5720 0.901303333092 0.896926956377
5725 0.897963419413 0.893603260013
5730 0.894252558846 0.889910417935
5735 0.893689934452 0.889350525425
5740 0.891996242555 0.887665057433
5745 0.886811010643 0.882505002981
5750 0.885375867359 0.881076828192
5755 0.884282570311 0.879988839768
5760 0.879972188609 0.875699387594
5765 0.880056288929 0.875783079556
5770 0.875812101548 0.87155950029
5775 0.872803350967 0.868565359026
5780 0.870564343058 0.866337222864
5785 0.872106294685 0.867871687377
5790 0.869717569259 0.865494560668
5795 0.869250428511 0.865029688172
5800 0.870054312209 0.865829668525
5805 0.866875929064 0.862666718367
5810 0.86679686319 0.862588036406
5815 0.86486678905 0.860667333952
5820 0.863903978937 0.859709198868
5825 0.862827016593 0.858637465833
5830 0.86231028469 0.858123242977
5835 0.860172973759 0.855996309993
5840 0.858536832529 0.854368113226
5845 0.856321004602 0.852163044493
5850 0.852443619958 0.848304486914
5855 0.852376975062 0.848238165619
5860 0.848995409494 0.844873019612
5865 0.846316374597 0.842206993061
5870 0.834609892554 0.83055735312
5875 0.798128072314 0.794252674339
5880 0.817242702639 0.813274491491
5885 0.827795166685 0.823775716895
5890 0.819190904243 0.815213233389
5895 0.825151059695 0.821144448655
5900 0.81763574844 0.813665628815
5905 0.824112950763 0.820111380375
5910 0.820120234236 0.816138050919
5915 0.820991294455 0.81700488161
5920 0.810435595204 0.806500436709
5925 0.810906116453 0.80696867329
5930 0.815873949084 0.811912384068
5935 0.812050740446 0.808107739437
5940 0.808263034897 0.804338425505
5945 0.79665978034 0.792791511817
5950 0.801205724873 0.797315383021
5955 0.7987997781 0.794921118585
5960 0.795785117145 0.791921095645
5965 0.797938507527 0.794064030005
5970 0.791914579995 0.78806935231
5975 0.791101498302 0.787260218625
5980 0.785494336902 0.781680283409
5985 0.792438843916 0.788591070611
5990 0.787019812545 0.783198351938
5995 0.783679212456 0.779873972498
6000 0.784756562081 0.780946090934
6005 0.785601800347 0.781787225053
6010 0.78277978535 0.778978912658
6015 0.782002731378 0.778205631757
6020 0.777017358607 0.773244466007
6025 0.770906602934 0.767163381775
6030 0.769755290933 0.766017660096
6035 0.76769843837 0.763970794804
6040 0.767363077787 0.763637062602
6045 0.764636828747 0.760924051161
6050 0.764914858925 0.761200731333
6055 0.763713028538 0.760004736565
6060 0.762067265577 0.758366964786
6065 0.761248823993 0.757552497235
6070 0.759613373918 0.755924988266
6075 0.756078833561 0.752407610255
6080 0.755000952253 0.751334962717
6085 0.753989078152 0.750328001881
6090 0.752599105682 0.748944778575
6095 0.748156015603 0.744523262404
6100 0.749193181631 0.74555539236
6105 0.747709954284 0.744079366985
6110 0.746927544706 0.743300756482
6115 0.744347686873 0.740733425431
6120 0.745467745957 0.741848045945
6125 0.745573928108 0.741953712518
6130 0.742446925294 0.738841893207
6135 0.738621752128 0.735035293587
6140 0.733142546334 0.729582692675
6145 0.730819560585 0.727270986436
6150 0.729493401041 0.725951266205
6155 0.723345814289 0.719833529731
6160 0.72372916653 0.720215020564
6165 0.724157299653 0.720641074839
6170 0.723529980176 0.720016801381
6175 0.715629582145 0.712154764595
6180 0.719499024222 0.716005418173
6185 0.719507966925 0.716014317454
6190 0.717853533514 0.714367917325
6195 0.71665200708 0.713172225034
6200 0.712216867998 0.708758621254
6205 0.709586321088 0.706140847251
6210 0.707894633066 0.704457373406
6215 0.704849568559 0.701427094541
6220 0.702644465994 0.699232699093
6225 0.701203554238 0.697798783841
6230 0.698761393776 0.695368481555
6235 0.696705660606 0.693322730222
6240 0.693976893643 0.690607213085
6245 0.691118129994 0.687762330475
6250 0.690640780779 0.687287299082
6255 0.689517839476 0.686169810342
6260 0.687088963245 0.683752727785
6265 0.682269277788 0.678956444837
6270 0.680664053772 0.677359015162
6275 0.674267381122 0.670993402254
6280 0.643831456836 0.640705262921
6285 0.667293211118 0.664053096093
6290 0.665736932285 0.662504373942
6295 0.660542403952 0.657335068208
6300 0.660848123152 0.657639302956
6305 0.660571792934 0.657364314489
6310 0.659148448271 0.655947881031
6315 0.660206539038 0.657000834123
6320 0.659847697435 0.656643734915
6325 0.657918437197 0.65472384241
6330 0.65712283757 0.653932105904
6335 0.655415159739 0.652232719889
6340 0.651597754941 0.648433850917
6345 0.63988228876 0.636775270461
6350 0.64154688933 0.638431788381
6355 0.652070881714 0.648904680371
6360 0.651069494281 0.647908155285
6365 0.649820663571 0.646665388408
6370 0.642912115355 0.639790385402
6375 0.644945127363 0.641813525898
6380 0.645921818981 0.642785475084
6385 0.646461427556 0.643322463531
6390 0.64681884667 0.643678147157
6395 0.643287752303 0.640164198404
6400 0.638695054362 0.635593800809
6405 0.635829499851 0.632742160311
6410 0.639437892693 0.636333032207
6415 0.637704469408 0.634608025748
6420 0.635561258787 0.632475221721
6425 0.635623898799 0.632537557577
6430 0.632678108828 0.629606071211
6435 0.631960813164 0.628892258455
6440 0.631553915536 0.628487336562
6445 0.628017489758 0.624968082285
6450 0.623779846983 0.620751015848
6455 0.620807573666 0.617793174728
6460 0.619332653861 0.616325416557
6465 0.616699273616 0.613704822977
6470 0.615921006714 0.612930335035
6475 0.60994751038 0.606985843665
6480 0.609989499258 0.607027628661
6485 0.609865598788 0.606904329804
6490 0.607974428684 0.605022342483
6495 0.606660779314 0.60371507168
6500 0.609529105787 0.606569470681
6505 0.606031468744 0.603088816796
6510 0.605932268294 0.602990098025
6515 0.59843572961 0.595529959603
6520 0.598216851921 0.595312144699
6525 0.598169141505 0.595264665945
6530 0.596877972712 0.593979766563
6535 0.591157551357 0.588287121339
6540 0.588630288384 0.585772129768
6545 0.573228098332 0.57044472673
6550 0.553817663873 0.551128541755
6555 0.513334905072 0.510842351407
6560 0.439213093208 0.437080446092
6565 0.431338899788 0.429244486678
6570 0.502894405884 0.500452547203
6575 0.547008668311 0.544352608014
6580 0.56735182489 0.564596986175
6585 0.575838012555 0.573041968229
6590 0.584310252265 0.581473070055
6595 0.585987352045 0.583142026494
6600 0.585567010447 0.582723725911
6605 0.587060032752 0.584209498683
6610 0.58831704707 0.585460409431
6615 0.588489262911 0.585631789059
6620 0.587594234004 0.584741106062
6625 0.587865734761 0.585011288518
6630 0.586962021373 0.584111963209
6635 0.588936940776 0.586077293175
6640 0.587181529519 0.584330405509
6645 0.585709288629 0.582865313245
6650 0.586637823117 0.583789339132
6655 0.585960736116 0.583115539801
6660 0.585005184874 0.582164628343
6665 0.584575533096 0.581737062786
6670 0.582344468292 0.57951683116
6675 0.569057106539 0.566293987643
6680 0.568199174772 0.565440221657
6685 0.579159716746 0.576347543523
6690 0.579228204748 0.576415698975
6695 0.571335351882 0.568561170717
6700 0.575457377641 0.57266318153
6705 0.574770889582 0.571980026789
6710 0.572476362233 0.569696640767
6715 0.570236812852 0.567467965763
6720 0.56938601474 0.566621298794
6725 0.569459392222 0.566694319984
6730 0.559645011283 0.556927593843
6735 0.563777670955 0.561040186935
6740 0.562283085318 0.559552858421
6745 0.558701026266 0.555988192448
6750 0.556739833853 0.554036522819
6755 0.556653512419 0.553950620528
6760 0.553382433614 0.550695424803
6765 0.54806953872 0.54540832725
6770 0.545062133898 0.542415525211
6775 0.543926004743 0.541284912655
6780 0.541417310324 0.538788399475
6785 0.536600325281 0.53399480383
6790 0.533291228064 0.530701774295
6795 0.517086467336 0.514575697552
6800 0.120781228764 0.120194762324
6805 0.000302645936817 0.000301176406436
6810 0.131758372122 0.131118604964
6815 0.526626462067 0.524069369796
6820 0.535208301942 0.532609539612
6825 0.536263480542 0.533659594676
6830 0.538543794017 0.53592883584
6835 0.540579463437 0.537954620845
6840 0.538796999414 0.536180811771
6845 0.537163999662 0.534555741228
6850 0.537971505271 0.535359325905
6855 0.539109880588 0.536492173717
6860 0.536071339868 0.533468386963
6865 0.536616027957 0.534010430259
6870 0.536283106302 0.533679125141
6875 0.532293537026 0.529708927655
6880 0.52985430818 0.527281542751
6885 0.529641242381 0.527069511516
6890 0.526873266231 0.524314975577
6895 0.523958628115 0.521414489803
6900 0.520811490776 0.518282633733
6905 0.519788446047 0.51726455651
6910 0.518558855212 0.516040936087
6915 0.51612418945 0.513618092111
6920 0.514130151468 0.511633736398
6925 0.511306399704 0.508823695668
6930 0.510459891082 0.507981297362
6935 0.509111859981 0.506639811773
6940 0.507920434552 0.505454171441
6945 0.504957611737 0.502505734935
6950 0.502777322041 0.500336031873
6955 0.499088942461 0.496665561623
6960 0.500124185762 0.497695778187
6965 0.493622084718 0.491225248804
6970 0.491235719883 0.488850471224
6975 0.491565995272 0.489179142926
6980 0.487397347895 0.48503073687
6985 0.48922062071 0.486845156586
6990 0.489002302825 0.486627898766
6995 0.489457655061 0.487081039991
7000 0.489211038305 0.486835620709
7005 0.488754482068 0.486381281331
7010 0.485322493623 0.48296595728
7015 0.4848085789 0.482454537926
7020 0.482906046815 0.480561243793
7025 0.480624267012 0.478290543421
7030 0.479019701595 0.476693769147
7035 0.477566846089 0.47524796814
7040 0.476168958215 0.473856867863
7045 0.475422660379 0.473114193757
7050 0.475300693358 0.47299281896
7055 0.474796533109 0.472491106716
7060 0.464992783478 0.462734960262
7065 0.457022356504 0.454803234566
7070 0.465910068442 0.463647791248
7075 0.467309918854 0.465040844534
7080 0.466481258732 0.464216208062
7085 0.469340498509 0.467061564488
7090 0.465095465961 0.462837144159
7095 0.465160289894 0.462901653332
7100 0.462857334136 0.460609879827
7105 0.463930368552 0.461677704007
7110 0.46188248315 0.459639762337
7115 0.462678188996 0.460431604546
7120 0.461447602728 0.459206993524
7125 0.461321699432 0.459081701565
7130 0.456505561097 0.454288948515
7135 0.457935770256 0.455712213137
7140 0.455660703029 0.453448192748
7145 0.453750325473 0.451547091238
7150 0.446681259752 0.444512350138
7155 0.449021760495 0.446841486324
7160 0.446205552352 0.444038952587
7165 0.452412634321 0.450215895392
7170 0.453672893357 0.451470035103
7175 0.451980366138 0.449785726135
7180 0.448581846243 0.446403708123
7185 0.446400478266 0.444232932017
7190 0.447280919161 0.445109097836
7195 0.443986356415 0.441830532198
7200 0.443977360486 0.44182157995
7205 0.442878687316 0.440728241508
7210 0.444082702854 0.441926410816
7215 0.443863439177 0.441708211799
7220 0.4415412198 0.439397268211
7225 0.442291564611 0.440143969641
7230 0.437783504549 0.435657798957
7235 0.431394456508 0.429299773636
7240 0.434634345844 0.432523931336
7245 0.434688996655 0.432578316784
7250 0.434617418112 0.432507085798
7255 0.434571971391 0.432461859748
7260 0.433402122971 0.431297691655
7265 0.430115415948 0.428026943597
7270 0.430531295942 0.42844080424
7275 0.428658362875 0.426576965404
7280 0.425070854858 0.423006876924
7285 0.427898020877 0.425820315329
7290 0.426661136153 0.424589436434
7295 0.426560171971 0.424488962495
7300 0.425705070463 0.423638013025
7305 0.425420387793 0.423354712663
7310 0.425047212588 0.422983349451
7315 0.423434769146 0.421378735405
7320 0.42371456223 0.421657169923
7325 0.420480443848 0.418438755156
7330 0.4191677483 0.417132433545
7335 0.418663931247 0.416631062829
7340 0.415766862869 0.413748061484
7345 0.415672800386 0.413654455731
7350 0.415637495676 0.413619322447
7355 0.41449686512 0.412484230347
7360 0.414705349602 0.41269170251
7365 0.413986522696 0.411976365946
7370 0.412453925428 0.410451210372
7375 0.41233682859 0.41033468211
7380 0.411318580357 0.409321378093
7385 0.409924094747 0.40793366356
7390 0.409515340587 0.40752689415
7395 0.408354422357 0.406371612885
7400 0.406212012234 0.404239605469
