Wave Flux FluxNorm
3600 0.805550605055 0.782533913433
3605 0.689046617066 0.669358749663
3610 0.669047586336 0.649931143646
3615 0.705211039504 0.685061312195
3620 0.642770736546 0.624405092309
3625 0.771866903874 0.749812643858
3630 0.742654569945 0.721434982857
3635 0.684127691239 0.664580370436
3640 0.800895529125 0.77801184522
3645 0.710920178175 0.690607325815
3650 0.732963054387 0.712020379293
3655 0.830285746596 0.806562307164
3660 0.858866447448 0.834326382501
3665 0.818002793167 0.794630309901
3670 0.795293705312 0.772570080192
3675 0.832489497541 0.808703091171
3680 0.763376954153 0.741565274247
3685 0.781091690239 0.758773853904
3690 0.814304879098 0.791038054927
3695 0.846257292849 0.822077504489
3700 0.896938162534 0.871310288926
3705 0.734269019183 0.713289029253
3710 0.775024771925 0.752880283343
3715 0.928172112032 0.901651802642
3720 0.77577879078 0.753612757905
3725 0.850288524575 0.825993553362
3730 0.872520606356 0.847590406311
3735 0.628692066373 0.610728686634
3740 0.881871389133 0.856674012721
3745 0.79893684059 0.776109121548
3750 0.630402795227 0.612390535482
3755 0.972270241619 0.944489933113
3760 0.857160221923 0.83266890831
3765 0.917661845591 0.891441842054
3770 0.73868066529 0.71757462307
3775 0.931376445132 0.904764579549
3780 1.07464924999 1.04394370494
3785 1.09181693145 1.06062086076
3790 0.932865563137 0.90621114955
3795 0.798787577312 0.775964123114
3800 0.76358169809 0.741764168113
3805 1.0457530525 1.01587314754
3810 1.13324703289 1.10086719564
3815 0.955060599724 0.927772015783
3820 0.958759376802 0.931365109108
3825 0.867033888982 0.842260458829
3830 0.754106195615 0.732559405574
3835 0.56592146919 0.549751609895
3840 0.708454702531 0.68821229527
3845 0.993122336667 0.964746229166
3850 1.09502552976 1.06373778101
3855 1.08261177869 1.05167872333
3860 0.987557577988 0.959340470224
3865 1.14798966176 1.11518858897
3870 1.08622100089 1.0551848206
3875 1.04385466041 1.01402899749
3880 1.00200117307 0.973371373951
3885 0.838388153038 0.814433206623
3890 0.673700643399 0.654451250676
3895 0.922406611928 0.896051037984
3900 1.01851512096 0.98941347507
3905 0.972288721378 0.944507884858
3910 1.10735831424 1.07571818552
3915 1.09452277524 1.0632493915
3920 1.01318758975 0.98423816539
3925 0.965457485649 0.937871835434
3930 0.53304901783 0.517818410608
3935 0.316017349165 0.306987905419
3940 0.764416649325 0.742575262604
3945 0.9276002817 0.901096311001
3950 1.02507697573 0.995787840457
3955 1.02584086812 0.996529906445
3960 0.969028499417 0.941340815981
3965 0.606130143715 0.588811417227
3970 0.358737020873 0.348486964165
3975 0.777089418114 0.754885937181
3980 1.05236585352 1.0222970035
3985 1.07029839134 1.03971716173
3990 1.15109242133 1.11820269457
3995 1.16898409837 1.13558315952
4000 1.19862170337 1.16437394048
4005 1.14613163383 1.11338364977
4010 1.22878002158 1.19367055651
4015 1.24087595758 1.20542087992
4020 1.27038192352 1.2340837831
4025 1.25073196754 1.21499527786
4030 1.19482676814 1.16068743649
4035 1.20087703515 1.16656483152
4040 1.28431435359 1.24761812713
4045 1.13723818142 1.1047443066
4050 1.27364145982 1.23725018591
4055 1.15806599407 1.12497701407
4060 1.1859008366 1.1520165422
4065 1.13612844997 1.10366628308
4070 1.19951854563 1.16524515761
4075 1.14676372462 1.11399768007
4080 1.12680235852 1.0946066625
4085 1.14506515213 1.11234764024
4090 1.19236050919 1.15829164503
4095 1.07936135571 1.04852117346
4100 0.798267800487 0.775459197674
4105 0.900857262785 0.875117410213
4110 1.08248761694 1.05155810921
4115 1.20637333078 1.17190408358
4120 1.17532928565 1.14174704817
4125 1.1965743437 1.16238507924
4130 1.16758255253 1.13422165951
4135 1.19522094758 1.16107035319
4140 1.29592675324 1.2588987301
4145 1.21190054239 1.17727336828
4150 1.24235210813 1.20685485299
4155 1.17515803493 1.14158069053
4160 1.2381199097 1.20274357955
4165 1.29651195528 1.25946721138
4170 1.21234994194 1.1777099273
4175 1.13178057759 1.09944264081
4180 1.19695918614 1.16275892572
4185 1.19609133853 1.16191587479
4190 1.22877425516 1.19366495485
4195 1.25888999919 1.22292021316
4200 1.14773461871 1.11494083317
4205 1.21257276325 1.17792638202
4210 1.26655351455 1.2303647618
4215 1.2455847556 1.20999513524
4220 1.26008493641 1.22408100789
4225 1.10002235285 1.06859183176
4230 1.2369111503 1.20156935758
4235 1.19028512771 1.15627556263
4240 1.18962371569 1.15563304888
4245 1.23196166164 1.19676128878
4250 1.18825784833 1.15430620794
4255 1.24410331527 1.20855602355
4260 1.15052620514 1.11765265666
4265 1.28350552816 1.24683241197
4270 1.16810675804 1.13473088709
4275 1.182711912 1.14891873354
4280 1.24116557984 1.20570222692
4285 1.19260653347 1.15853063975
4290 1.07632787311 1.04557436541
4295 1.16061344999 1.1274516825
4300 0.971353400279 0.943599288333
4305 1.01814996499 0.989058752571
4310 1.01272784676 0.983791558466
4315 1.15604948267 1.12301811968
4320 1.22869651225 1.19358943326
4325 1.06420921278 1.03380196695
4330 1.16725794757 1.13390632936
4335 1.08204101479 1.05112426766
4340 0.701175320747 0.681140904499
4345 0.977496459732 0.94956682448
4350 1.10937593102 1.0776781537
4355 1.16481865654 1.13153673527
4360 1.22157355552 1.18666999807
4365 1.29092955256 1.25404431254
4370 1.22360752492 1.18864585164
4375 1.18016204175 1.14644171976
4380 1.25883132099 1.22286321155
4385 1.07112295274 1.04051816325
4390 1.19700889204 1.16280721139
4395 1.20362625263 1.16923549665
4400 1.204131512 1.16972631944
4405 1.18653729815 1.15263481839
4410 1.24568144151 1.21008905858
4415 1.20472919094 1.17030692113
4420 1.27743637461 1.24093667004
4425 1.2465885957 1.210970293
4430 1.24707628295 1.21144404576
4435 1.18329485299 1.14948501837
4440 1.27174109293 1.23540411748
4445 1.22417581743 1.18919790654
4450 1.25567753263 1.21979953519
4455 1.14799701646 1.11519573353
4460 1.15484968333 1.12185260175
4465 1.21059456603 1.17600470708
4470 1.19750646706 1.16329056939
4475 1.29066086724 1.25378330426
4480 1.18737273684 1.1534463864
4485 1.25964462462 1.22365327697
4490 1.20665695535 1.17217960425
4495 1.24143265117 1.20596166732
4500 1.27229960599 1.23594667235
4505 1.32922247731 1.29124310808
4510 1.3111113744 1.27364948685
4515 1.2637326508 1.22762449753
4520 1.26969147251 1.23341306009
4525 1.21368486773 1.17900671076
4530 1.15735394465 1.12428530976
4535 1.16755529431 1.13419518013
4540 1.26884206242 1.23258791987
4545 1.24136319184 1.20589419262
4550 1.16510178822 1.13181177714
4555 1.18786479051 1.1539243808
4560 1.27734341381 1.24084636537
4565 1.23084700739 1.19567848312
4570 1.27112592288 1.23480652445
4575 1.28107562015 1.24447193279
4580 1.22113464403 1.18624362743
4585 1.18712587236 1.15320657548
4590 1.23668312482 1.20134784738
4595 1.22604391597 1.19101262861
4600 1.21906076968 1.18422900911
4605 1.242589183 1.20708515401
4610 1.27738892564 1.24089057681
4615 1.25215866644 1.21638121223
4620 1.245371611 1.20978808074
4625 1.26356589727 1.22746250858
4630 1.25476882669 1.21891679336
4635 1.23726460126 1.20191270952
4640 1.23696810884 1.20162468866
4645 1.21103228306 1.17642991739
4650 1.20999218192 1.17541953466
4655 1.21708423091 1.18230894523
4660 1.26891918347 1.23266283737
4665 1.18214994422 1.14837282265
4670 1.16651577788 1.13318536541
4675 1.24194605654 1.20646040336
4680 1.21270018926 1.17805016714
4685 1.23981104878 1.20438639836
4690 1.21577089637 1.1810331361
4695 1.23411834718 1.19885635216
4700 1.1713299233 1.13786195808
4705 1.16631189834 1.13298731124
4710 1.17601125549 1.14240953234
4715 1.19814478532 1.16391064923
4720 1.24501302846 1.20943974385
4725 1.24026162913 1.20482410444
4730 1.15979255476 1.12665424239
4735 1.19512115949 1.16097341631
4740 1.20467858318 1.17025775936
4745 1.20870498195 1.17416911337
4750 1.21030380839 1.17572225714
4755 1.17169769466 1.13821922125
4760 1.19758722979 1.16336902452
4765 1.13226094279 1.09990928071
4770 1.18943413945 1.15544888933
4775 1.22405701913 1.18908250261
4780 1.22653492874 1.19148961186
4785 1.18483914576 1.15098518666
4790 1.17719217026 1.14355670529
4795 1.24186568275 1.20638232605
4800 1.19326297822 1.15916832815
4805 1.18098275968 1.14723898763
4810 1.18512997388 1.15126770505
4815 1.21841752202 1.18360414071
4820 1.22280448867 1.18786576023
4825 1.16905312872 1.13565021748
4830 1.17236082168 1.13886340099
4835 1.16686575129 1.13352533916
4840 1.13034504767 1.09804812775
4845 1.13873295705 1.10619637257
4850 1.10549845938 1.07391147159
4855 0.97824309947 0.950292130765
4860 0.710483147164 0.690182781925
4865 0.885450120726 0.860150490575
4870 1.01023689754 0.981371782192
4875 1.07068922908 1.04009683221
4880 1.1314485985 1.09912014723
4885 1.09810253121 1.06672686446
4890 1.0704171862 1.03983256231
4895 1.19026556361 1.15625655753
4900 1.17562831769 1.14203753608
4905 1.1740478114 1.140502189
4910 1.12378157967 1.09167219522
4915 1.18359411827 1.14977573286
4920 1.059947379 1.02966190494
4925 1.12570238522 1.09353811833
4930 1.18610240408 1.15221235038
4935 1.12358238304 1.09147869017
4940 1.12642069536 1.09423590446
4945 1.18705458041 1.15313732053
4950 1.18537497511 1.15150570596
4955 1.1553097227 1.12229949659
4960 1.16931493366 1.13590454197
4965 1.18059074723 1.146858176
4970 1.15584816074 1.12282255005
4975 1.19475037286 1.16061322402
4980 1.11956886177 1.08757984571
4985 1.0707662492 1.04017165167
4990 1.15235389827 1.11942812781
4995 1.16034725696 1.1271930953
5000 1.11158086009 1.07982008217
5005 1.07636485696 1.04561029253
5010 1.12178930715 1.08973684715
5015 1.05356737155 1.02346419102
5020 1.07037764492 1.03979415083
5025 1.12052776266 1.08851134829
5030 1.13130551465 1.09898115167
5035 1.13144681142 1.09911841121
5040 1.0424528133 1.01266720481
5045 1.14924320106 1.11640631137
5050 1.09776357248 1.06639759068
5055 1.15217388747 1.11925326039
5060 1.17608380892 1.14248001273
5065 1.12125913848 1.08922182679
5070 1.12762786661 1.09540858367
5075 1.11875132632 1.08678566939
5080 1.05659646584 1.02640673615
5085 1.12651762659 1.09433006611
5090 1.14504647325 1.11232949507
5095 1.14541472781 1.11268722763
5100 1.07945565289 1.04861277632
5105 1.13432639465 1.1019157172
5110 1.10198263697 1.07049610544
5115 1.15129352999 1.11839805703
5120 1.14425236247 1.11155807411
5125 1.07787242385 1.04707478428
5130 1.08620037756 1.05516478653
5135 1.09318513985 1.06194997586
5140 1.05904242544 1.02878280826
5145 1.09063212159 1.05946990403
5150 1.09718234257 1.06583296803
5155 1.0920161525 1.06081438954
5160 1.11911926401 1.08714309414
5165 1.02986992127 1.00044383898
5170 0.947793821927 0.920712868869
5175 1.05590354923 1.02573361797
5180 1.10403781771 1.07249256427
5185 0.975421434117 0.947551087785
5190 1.05471256539 1.02457666366
5195 1.04405403233 1.01422267282
5200 1.0888278027 1.05771713926
5205 1.04893453953 1.01896373114
5210 1.07178133247 1.04115773135
5215 1.06719427532 1.03670173844
5220 1.10738674341 1.07574580239
5225 1.03434753306 1.00479351367
5230 1.05653658603 1.02634856725
5235 1.05059713318 1.02057882013
5240 1.10568518579 1.07409286273
5245 1.10209166933 1.07060202245
5250 1.07276582015 1.04211408963
5255 1.08397845802 1.05300635305
5260 1.08102259314 1.05013494499
5265 0.955754624837 0.92844621078
5270 0.9761082141 0.948218244664
5275 1.01577828789 0.986754840493
5280 1.06847704433 1.03794785537
5285 1.06616092981 1.03569791832
5290 1.12249609305 1.09042343832
5295 1.08937010417 1.05824394575
5300 1.05917221741 1.02890889174
5305 1.09040303539 1.05924736341
5310 1.10713797268 1.0755041397
5315 1.07055989977 1.03997119818
5320 1.08590214924 1.05487507938
5325 1.02642735888 0.997099639621
5330 1.01497591561 0.985975394093
5335 1.06697711141 1.03649077947
5340 1.02348859135 0.99424484038
5345 1.0627321238 1.03236708228
5350 1.05607658035 1.02590170515
5355 1.1049393369 1.0733683247
5360 1.0968154166 1.06547652609
5365 1.03403015025 1.00448519932
5370 1.00742915502 0.97864426423
5375 1.07913079591 1.04829720135
5380 1.05127587279 1.02123816638
5385 1.06324628142 1.03286654907
5390 1.04742202951 1.0174944375
5395 1.04101976066 1.01127509825
5400 1.02707972923 0.99773337004
5405 0.983348556947 0.955251711944
5410 1.00307484291 0.97441436623
5415 1.02470182719 0.995423410894
5420 1.04014654818 1.01042683574
5425 1.02635491715 0.997029267746
5430 1.02283975423 0.993614542242
5435 1.02104934359 0.991875288321
5440 1.07645641561 1.0456992351
5445 1.0191068132 0.989988261114
5450 1.06615251059 1.03568973965
5455 1.02285751264 0.99363179324
5460 1.05968997642 1.02941185702
5465 1.02394599195 0.994689171849
5470 1.04862491507 1.01866295347
5475 0.998756519018 0.970219428164
5480 1.01524047804 0.986232397279
5485 1.03833987526 1.00867178419
5490 1.0353365187 1.0057542414
5495 1.03382742722 1.00428826862
5500 1.03317724875 1.00365666745
5505 1.01202436028 0.983108172436
5510 1.01482222176 0.985826091684
5515 1.01869016255 0.989583515263
5520 1.03820512923 1.00854088821
5525 1.01209923892 0.9831809116
5530 0.99930498576 0.970752223773
5535 1.00514890064 0.976429162689
5540 1.02097464418 0.991802723274
5545 1.00662810234 0.97786609972
5550 1.02941302764 1.0
5555 1.01053910506 0.981665354852
5560 1.01359506163 0.984633994732
5565 0.99402259592 0.965620765653
5570 0.990863925149 0.962552346383
5575 0.995598648186 0.967151785977
5580 1.01659236243 0.987545654795
5585 0.982279772495 0.954213465464
5590 0.955449266381 0.928149577215
5595 0.971032703483 0.943287754685
5600 0.955373537553 0.928076012159
5605 1.00051269948 0.97192542995
5610 1.0238690918 0.994614468939
5615 0.959178462097 0.931772220038
5620 0.995711942899 0.967261843562
5625 0.969943821903 0.942229985305
5630 1.00852922069 0.979712898145
5635 0.985490591066 0.957332542535
5640 0.975417610535 0.947547373453
5645 0.996553722024 0.968079570852
5650 0.987869802504 0.959643773667
5655 0.960970084401 0.933512650998
5660 0.935943826824 0.909201459178
5665 0.96717784979 0.939543044263
5670 0.983827784299 0.955717246514
5675 0.987604176097 0.959385736903
5680 0.978338200295 0.95038451431
5685 0.945454660061 0.918440542987
5690 0.96517492931 0.93759735247
5695 0.972132797779 0.944356416404
5700 0.969509286953 0.941807866157
5705 0.9478882424 0.920804591502
5710 0.918003151577 0.891773396034
5715 0.959444682839 0.932030834156
5720 0.976319470211 0.948423464635
5725 0.984104630515 0.955986182509
5730 0.975253902725 0.947388343204
5735 0.976395584241 0.948497403887
5740 0.977616637931 0.949683568873
5745 0.975885489303 0.948001883698
5750 0.962063548969 0.934574872418
5755 0.943396044717 0.916440747678
5760 0.954805154695 0.927523869487
5765 0.957636851605 0.930274657397
5770 0.967735112488 0.940084384506
5775 0.958350097204 0.930967523701
5780 0.948868350683 0.921756695523
5785 0.93327602984 0.906609888144
5790 0.950298399516 0.923145884114
5795 0.954443507471 0.927172555473
5800 0.96123715714 0.933772092769
5805 0.949815252266 0.922676541647
5810 0.961512853392 0.934039911657
5815 0.947044368668 0.919984829453
5820 0.961251630574 0.933786152658
5825 0.961304951046 0.933837949625
5830 0.965119491519 0.937543498682
5835 0.959909861793 0.932482721728
5840 0.964589256219 0.937028413593
5845 0.960872854829 0.933418199529
5850 0.949080661148 0.921962939721
5855 0.918825332926 0.892572085507
5860 0.920849374793 0.894538295194
5865 0.942227920437 0.915305999769
5870 0.949982877088 0.922839376989
5875 0.949278359414 0.92215498923
5880 0.946588894337 0.919542369218
5885 0.939046427848 0.912215410761
5890 0.846136090127 0.821959764848
5895 0.865757248569 0.841020295378
5900 0.917207175443 0.891000163024
5905 0.929563842936 0.903003768148
5910 0.929689108422 0.90312545447
5915 0.909228266429 0.883249232348
5920 0.9280885867 0.901570663848
5925 0.930360552316 0.903777713452
5930 0.901825613036 0.87605809216
5935 0.91826250636 0.89202534037
5940 0.927714117319 0.901206894038
5945 0.921112233347 0.894793643191
5950 0.901777015427 0.876010883111
5955 0.91172752538 0.885677080921
5960 0.912509991921 0.886437190343
5965 0.912537610452 0.886464019741
5970 0.916544696454 0.890356612795
5975 0.90258819586 0.876798885994
5980 0.910240479311 0.884232523655
5985 0.882759329925 0.857536582718
5990 0.901677628626 0.875914336052
5995 0.908824249793 0.882856759526
6000 0.897180336579 0.871545543423
6005 0.646759244982 0.628279638608
6010 0.0106594507725 0.0103548823323
6015 9.99973424932e-05 9.71401563886e-05
6020 9.99973424923e-05 9.71401563878e-05
6025 9.99973424932e-05 9.71401563886e-05
6030 9.99973424932e-05 9.71401563886e-05
6035 9.99973424932e-05 9.71401563886e-05
6040 9.99973424932e-05 9.71401563886e-05
6045 9.99973424932e-05 9.71401563886e-05
6050 9.99973424932e-05 9.71401563886e-05
6055 9.99973424932e-05 9.71401563886e-05
6060 9.99973424932e-05 9.71401563886e-05
6065 9.99973424932e-05 9.71401563886e-05
6070 9.99973424932e-05 9.71401563886e-05
6075 9.99973424932e-05 9.71401563886e-05
6080 9.99973424932e-05 9.71401563886e-05
6085 9.99973424932e-05 9.71401563886e-05
6090 9.99973424932e-05 9.71401563886e-05
6095 9.99973424932e-05 9.71401563886e-05
6100 9.99973424932e-05 9.71401563886e-05
6105 9.99973424932e-05 9.71401563886e-05
6110 9.99973424932e-05 9.71401563886e-05
6115 9.99973424932e-05 9.71401563886e-05
6120 9.99973424932e-05 9.71401563886e-05
6125 9.99973424932e-05 9.71401563886e-05
6130 9.99973424932e-05 9.71401563886e-05
6135 9.99973424932e-05 9.71401563886e-05
6140 9.99973424932e-05 9.71401563886e-05
6145 9.99973424932e-05 9.71401563886e-05
6150 9.99973424932e-05 9.71401563886e-05
6155 9.99973424932e-05 9.71401563886e-05
6160 9.99973424932e-05 9.71401563886e-05
6165 9.99973424932e-05 9.71401563886e-05
6170 9.99973424932e-05 9.71401563886e-05
6175 9.99973424932e-05 9.71401563886e-05
6180 9.99973424932e-05 9.71401563886e-05
6185 9.99973424932e-05 9.71401563886e-05
6190 9.99973424932e-05 9.71401563886e-05
6195 9.99973424932e-05 9.71401563886e-05
6200 9.99973424932e-05 9.71401563886e-05
6205 9.99973424932e-05 9.71401563886e-05
6210 9.99973424932e-05 9.71401563886e-05
6215 9.99973424932e-05 9.71401563886e-05
6220 9.99973424932e-05 9.71401563886e-05
6225 9.99973424932e-05 9.71401563886e-05
6230 9.99973424932e-05 9.71401563886e-05
6235 9.99973424932e-05 9.71401563886e-05
6240 9.99973424932e-05 9.71401563886e-05
6245 9.99973424932e-05 9.71401563886e-05
6250 9.99973424932e-05 9.71401563886e-05
6255 9.99973424932e-05 9.71401563886e-05
6260 9.99973424932e-05 9.71401563886e-05
6265 9.99973424932e-05 9.71401563886e-05
6270 9.99973424932e-05 9.71401563886e-05
6275 9.99973424932e-05 9.71401563886e-05
6280 9.99973424932e-05 9.71401563886e-05
6285 9.99973424932e-05 9.71401563886e-05
6290 9.99973424932e-05 9.71401563886e-05
6295 9.99973424932e-05 9.71401563886e-05
6300 9.99973424932e-05 9.71401563886e-05
6305 9.99973424932e-05 9.71401563886e-05
6310 9.99973424932e-05 9.71401563886e-05
6315 9.99973424932e-05 9.71401563886e-05
6320 9.99973424932e-05 9.71401563886e-05
6325 9.99973424932e-05 9.71401563886e-05
6330 9.99973424932e-05 9.71401563886e-05
6335 9.99973424932e-05 9.71401563886e-05
6340 9.99973424932e-05 9.71401563886e-05
6345 9.99973424932e-05 9.71401563886e-05
6350 9.99973424932e-05 9.71401563886e-05
6355 9.99973424932e-05 9.71401563886e-05
6360 9.99973424932e-05 9.71401563886e-05
6365 9.99973424932e-05 9.71401563886e-05
6370 9.99973424932e-05 9.71401563886e-05
6375 9.99973424932e-05 9.71401563886e-05
6380 9.99973424932e-05 9.71401563886e-05
6385 9.99973424932e-05 9.71401563886e-05
6390 9.99973424932e-05 9.71401563886e-05
6395 9.99973424932e-05 9.71401563886e-05
6400 9.99973424932e-05 9.71401563886e-05
6405 9.99973424932e-05 9.71401563886e-05
6410 9.99973424932e-05 9.71401563886e-05
6415 9.99973424932e-05 9.71401563886e-05
6420 9.99973424932e-05 9.71401563886e-05
6425 9.99973424932e-05 9.71401563886e-05
6430 9.99973424932e-05 9.71401563886e-05
6435 9.99973424932e-05 9.71401563886e-05
6440 9.99973424932e-05 9.71401563886e-05
6445 9.99973424932e-05 9.71401563886e-05
6450 9.99973424932e-05 9.71401563886e-05
6455 9.99973424932e-05 9.71401563886e-05
6460 9.99973424932e-05 9.71401563886e-05
6465 9.99973424932e-05 9.71401563886e-05
6470 9.99973424932e-05 9.71401563886e-05
6475 9.99973424932e-05 9.71401563886e-05
6480 9.99973424932e-05 9.71401563886e-05
6485 9.99973424932e-05 9.71401563886e-05
6490 9.99973424932e-05 9.71401563886e-05
6495 9.99973424932e-05 9.71401563886e-05
6500 9.99973424932e-05 9.71401563886e-05
6505 9.99973424932e-05 9.71401563886e-05
6510 9.99973424932e-05 9.71401563886e-05
6515 9.99973424932e-05 9.71401563886e-05
6520 9.99973424932e-05 9.71401563886e-05
6525 9.99973424932e-05 9.71401563886e-05
6530 9.99973424932e-05 9.71401563886e-05
6535 9.99973424932e-05 9.71401563886e-05
6540 9.99973424932e-05 9.71401563886e-05
6545 9.99973424932e-05 9.71401563886e-05
6550 9.99973424932e-05 9.71401563886e-05
6555 9.99973424932e-05 9.71401563886e-05
6560 9.99973424932e-05 9.71401563886e-05
6565 9.99973424932e-05 9.71401563886e-05
6570 9.99973424932e-05 9.71401563886e-05
6575 9.99973424932e-05 9.71401563886e-05
6580 9.99973424932e-05 9.71401563886e-05
6585 9.99973424932e-05 9.71401563886e-05
6590 9.99973424932e-05 9.71401563886e-05
6595 9.99973424932e-05 9.71401563886e-05
6600 9.99973424932e-05 9.71401563886e-05
6605 9.99973424932e-05 9.71401563886e-05
6610 9.99973424932e-05 9.71401563886e-05
6615 9.99973424932e-05 9.71401563886e-05
6620 9.99973424932e-05 9.71401563886e-05
6625 9.99973424932e-05 9.71401563886e-05
6630 9.99973424932e-05 9.71401563886e-05
6635 9.99973424932e-05 9.71401563886e-05
6640 9.99973424932e-05 9.71401563886e-05
6645 9.99973424932e-05 9.71401563886e-05
6650 9.99973424932e-05 9.71401563886e-05
6655 9.99973424932e-05 9.71401563886e-05
6660 9.99973424932e-05 9.71401563886e-05
6665 9.99973424932e-05 9.71401563886e-05
6670 9.99973424932e-05 9.71401563886e-05
6675 9.99973424932e-05 9.71401563886e-05
6680 9.99973424932e-05 9.71401563886e-05
6685 9.99973424932e-05 9.71401563886e-05
6690 9.99973424932e-05 9.71401563886e-05
6695 9.99973424932e-05 9.71401563886e-05
6700 9.99973424932e-05 9.71401563886e-05
6705 9.99973424932e-05 9.71401563886e-05
6710 9.99973424932e-05 9.71401563886e-05
6715 9.99973424932e-05 9.71401563886e-05
6720 9.99973424932e-05 9.71401563886e-05
6725 9.99973424932e-05 9.71401563886e-05
6730 9.99973424932e-05 9.71401563886e-05
6735 9.99973424932e-05 9.71401563886e-05
6740 9.99973424932e-05 9.71401563886e-05
6745 9.99973424932e-05 9.71401563886e-05
6750 9.99973424932e-05 9.71401563886e-05
6755 9.99973424932e-05 9.71401563886e-05
6760 9.99973424932e-05 9.71401563886e-05
6765 9.99973424932e-05 9.71401563886e-05
6770 9.99973424932e-05 9.71401563886e-05
6775 9.99973424932e-05 9.71401563886e-05
6780 9.99973424932e-05 9.71401563886e-05
6785 9.99973424932e-05 9.71401563886e-05
6790 9.99973424932e-05 9.71401563886e-05
6795 9.99973424932e-05 9.71401563886e-05
6800 9.99973424932e-05 9.71401563886e-05
6805 9.99973424932e-05 9.71401563886e-05
6810 9.99973424932e-05 9.71401563886e-05
6815 9.99973424932e-05 9.71401563886e-05
6820 9.99973424932e-05 9.71401563886e-05
6825 9.99973424932e-05 9.71401563886e-05
6830 9.99973424932e-05 9.71401563886e-05
6835 9.99973424932e-05 9.71401563886e-05
6840 9.99973424932e-05 9.71401563886e-05
6845 9.99973424932e-05 9.71401563886e-05
6850 9.99973424932e-05 9.71401563886e-05
6855 9.99973424932e-05 9.71401563886e-05
6860 9.99973424932e-05 9.71401563886e-05
6865 9.99973424932e-05 9.71401563886e-05
6870 9.99973424932e-05 9.71401563886e-05
6875 9.99973424932e-05 9.71401563886e-05
6880 9.99973424932e-05 9.71401563886e-05
6885 9.99973424932e-05 9.71401563886e-05
6890 9.99973424932e-05 9.71401563886e-05
6895 9.99973424932e-05 9.71401563886e-05
6900 9.99973424932e-05 9.71401563886e-05
6905 9.99973424932e-05 9.71401563886e-05
6910 9.99973424932e-05 9.71401563886e-05
6915 9.99973424932e-05 9.71401563886e-05
6920 9.99973424932e-05 9.71401563886e-05
6925 9.99973424932e-05 9.71401563886e-05
6930 9.99973424932e-05 9.71401563886e-05
6935 9.99973424932e-05 9.71401563886e-05
6940 9.99973424932e-05 9.71401563886e-05
6945 9.99973424932e-05 9.71401563886e-05
6950 9.99973424932e-05 9.71401563886e-05
6955 9.99973424932e-05 9.71401563886e-05
6960 9.99973424932e-05 9.71401563886e-05
6965 9.99973424932e-05 9.71401563886e-05
6970 9.99973424932e-05 9.71401563886e-05
6975 9.99973424932e-05 9.71401563886e-05
6980 9.99973424932e-05 9.71401563886e-05
6985 9.99973424932e-05 9.71401563886e-05
6990 9.99973424932e-05 9.71401563886e-05
6995 9.99973424932e-05 9.71401563886e-05
7000 9.99973424932e-05 9.71401563886e-05
7005 9.99973424932e-05 9.71401563886e-05
7010 9.99973424932e-05 9.71401563886e-05
7015 9.99973424932e-05 9.71401563886e-05
7020 9.99973424932e-05 9.71401563886e-05
7025 9.99973424932e-05 9.71401563886e-05
7030 9.99973424932e-05 9.71401563886e-05
7035 9.99973424932e-05 9.71401563886e-05
7040 9.99973424932e-05 9.71401563886e-05
7045 9.99973424932e-05 9.71401563886e-05
7050 9.99973424932e-05 9.71401563886e-05
7055 9.99973424932e-05 9.71401563886e-05
7060 9.99973424932e-05 9.71401563886e-05
7065 9.99973424932e-05 9.71401563886e-05
7070 9.99973424932e-05 9.71401563886e-05
7075 9.99973424932e-05 9.71401563886e-05
7080 9.99973424932e-05 9.71401563886e-05
7085 9.99973424932e-05 9.71401563886e-05
7090 9.99973424932e-05 9.71401563886e-05
7095 9.99973424932e-05 9.71401563886e-05
7100 9.99973424932e-05 9.71401563886e-05
7105 9.99973424932e-05 9.71401563886e-05
7110 9.99973424932e-05 9.71401563886e-05
7115 9.99973424932e-05 9.71401563886e-05
7120 9.99973424932e-05 9.71401563886e-05
7125 9.99973424932e-05 9.71401563886e-05
7130 9.99973424932e-05 9.71401563886e-05
7135 9.99973424932e-05 9.71401563886e-05
7140 9.99973424932e-05 9.71401563886e-05
7145 9.99973424932e-05 9.71401563886e-05
7150 9.99973424932e-05 9.71401563886e-05
7155 9.99973424932e-05 9.71401563886e-05
7160 9.99973424932e-05 9.71401563886e-05
7165 9.99973424932e-05 9.71401563886e-05
7170 9.99973424932e-05 9.71401563886e-05
7175 9.99973424932e-05 9.71401563886e-05
7180 9.99973424932e-05 9.71401563886e-05
7185 9.99973424932e-05 9.71401563886e-05
7190 9.99973424932e-05 9.71401563886e-05
7195 9.99973424932e-05 9.71401563886e-05
7200 9.99973424932e-05 9.71401563886e-05
7205 9.99973424932e-05 9.71401563886e-05
7210 9.99973424932e-05 9.71401563886e-05
7215 9.99973424932e-05 9.71401563886e-05
7220 9.99973424932e-05 9.71401563886e-05
7225 9.99973424932e-05 9.71401563886e-05
7230 9.99973424932e-05 9.71401563886e-05
7235 9.99973424932e-05 9.71401563886e-05
7240 9.99973424932e-05 9.71401563886e-05
7245 9.99973424932e-05 9.71401563886e-05
7250 9.99973424932e-05 9.71401563886e-05
7255 9.99973424932e-05 9.71401563886e-05
7260 9.99973424932e-05 9.71401563886e-05
7265 9.99973424932e-05 9.71401563886e-05
7270 9.99973424932e-05 9.71401563886e-05
7275 9.99973424932e-05 9.71401563886e-05
7280 9.99973424932e-05 9.71401563886e-05
7285 9.99973424932e-05 9.71401563886e-05
7290 9.99973424932e-05 9.71401563886e-05
7295 9.99973424932e-05 9.71401563886e-05
7300 9.99973424932e-05 9.71401563886e-05
7305 9.99973424932e-05 9.71401563886e-05
7310 9.99973424932e-05 9.71401563886e-05
7315 9.99973424932e-05 9.71401563886e-05
7320 9.99973424932e-05 9.71401563886e-05
7325 9.99973424932e-05 9.71401563886e-05
7330 9.99973424932e-05 9.71401563886e-05
7335 9.99973424932e-05 9.71401563886e-05
7340 9.99973424932e-05 9.71401563886e-05
7345 9.99973424932e-05 9.71401563886e-05
7350 9.99973424932e-05 9.71401563886e-05
7355 9.99973424932e-05 9.71401563886e-05
7360 9.99973424932e-05 9.71401563886e-05
7365 9.99973424932e-05 9.71401563886e-05
7370 9.99973424932e-05 9.71401563886e-05
7375 9.99973424932e-05 9.71401563886e-05
7380 9.99973424932e-05 9.71401563886e-05
7385 9.99973424932e-05 9.71401563886e-05
7390 9.99973424932e-05 9.71401563886e-05
7395 9.99973424932e-05 9.71401563886e-05
7400 9.99973424932e-05 9.71401563886e-05
