Wave Flux FluxNorm
3600 0.802445559424 0.778558227169
3605 0.703966225719 0.683010442573
3610 0.686116717513 0.665692281482
3615 0.714477686167 0.693208996126
3620 0.66819518695 0.648304242007
3625 0.783331766316 0.760013416619
3630 0.73458499655 0.712717748765
3635 0.698271630422 0.677485364931
3640 0.791929228062 0.7683549477
3645 0.710353851087 0.689207920051
3650 0.735103375292 0.713220696323
3655 0.821111067675 0.796668097481
3660 0.840996741581 0.815961811354
3665 0.811284641803 0.787134186281
3670 0.788810527611 0.76532908524
3675 0.812209520936 0.788031533458
3680 0.754441357385 0.731983022164
3685 0.767751463219 0.744896910563
3690 0.807118226709 0.78309179772
3695 0.830259420736 0.805544120853
3700 0.875599521649 0.849534530137
3705 0.721319718375 0.699847353586
3710 0.767711986284 0.744858608785
3715 0.907679626771 0.880659669378
3720 0.759791223602 0.737173632677
3725 0.844781591627 0.819633993357
3730 0.861810828169 0.836156300766
3735 0.625915244296 0.607282895686
3740 0.890338889338 0.863835133888
3745 0.807818313214 0.783771043934
3750 0.624526174387 0.60593517584
3755 0.960036992632 0.931458452504
3760 0.865996101706 0.840216986388
3765 0.913481128119 0.886288470673
3770 0.711667375379 0.690482343134
3775 0.915117397155 0.887876030982
3780 1.07355758997 1.04159974991
3785 1.06589265794 1.03416298884
3790 0.931768004399 0.904030980193
3795 0.774384032775 0.751332040691
3800 0.760923305562 0.738272014633
3805 1.02749401195 0.996907400106
3810 1.12412390608 1.09066079955
3815 0.963533012736 0.934850402503
3820 0.980590350643 0.951399974752
3825 0.883775476428 0.85746710174
3830 0.773884156373 0.750847044693
3835 0.563301451588 0.546533000725
3840 0.744466502931 0.722305100828
3845 0.992529786793 0.96298399579
3850 1.10342142651 1.07057459482
3855 1.09787170148 1.06519007492
3860 1.03008478407 0.999421049693
3865 1.15196928269 1.11767727038
3870 1.10640404348 1.07346842476
3875 1.05070118959 1.01942374264
3880 1.00729082289 0.977305622923
3885 0.818006813909 0.793656251654
3890 0.65958581459 0.63995115487
3895 0.912358819356 0.885199570984
3900 1.01633372907 0.986079338371
3905 0.979239880443 0.950089705573
3910 1.10950488873 1.07647696352
3915 1.08685315452 1.05449952989
3920 1.02659033427 0.996030623251
3925 0.986881612618 0.957503957399
3930 0.541283652559 0.525170631182
3935 0.334020360582 0.324077187192
3940 0.814889195816 0.790631439332
3945 0.963430987603 0.934751414471
3950 1.03097073654 1.00028062898
3955 1.02811893942 0.997513724632
3960 0.97432079903 0.945317056189
3965 0.604658245402 0.586658678654
3970 0.371902725702 0.360831863797
3975 0.794661702778 0.771006081656
3980 1.05440695611 1.02301919529
3985 1.07235451565 1.04043248891
3990 1.14794698373 1.11377470788
3995 1.16035227589 1.12581071725
4000 1.19482868984 1.1592608316
4005 1.12348463263 1.0900405561
4010 1.21950377435 1.18320138411
4015 1.22657460286 1.19006172703
4020 1.26920838489 1.23142637957
4025 1.23801254367 1.20115918132
4030 1.16962279217 1.13480526727
4035 1.19449007527 1.15893229697
4040 1.26824147915 1.23048825685
4045 1.12854310702 1.09494844898
4050 1.25670253888 1.21929280966
4055 1.14208123587 1.10808357257
4060 1.1851935423 1.14991250473
4065 1.13980489666 1.10587499581
4070 1.18993955164 1.15451723408
4075 1.1288005199 1.09519819915
4080 1.11774605928 1.08447280955
4085 1.12597407741 1.09245589468
4090 1.16249540084 1.1278900453
4095 1.05052807639 1.0192557827
4100 0.759061195873 0.736465336535
4105 0.8825871998 0.856314197928
4110 1.05804368287 1.02654766336
4115 1.18427798805 1.14902420485
4120 1.15117261604 1.11690431903
4125 1.17485404259 1.13988079296
4130 1.14929494673 1.11508254449
4135 1.19696981487 1.16133821927
4140 1.28983805855 1.2514419457
4145 1.21717041272 1.18093748238
4150 1.23908055193 1.20219539694
4155 1.17858787897 1.14350347987
4160 1.23566083453 1.19887747824
4165 1.28959688895 1.25120795527
4170 1.20599129451 1.170091146
4175 1.13419379272 1.10043092414
4180 1.19588831423 1.16028891292
4185 1.1967404863 1.16111571739
4190 1.238234358 1.20137439265
4195 1.25745472001 1.22002259974
4200 1.16381541441 1.12917076449
4205 1.21529772079 1.17912053705
4210 1.2713204296 1.23347555259
4215 1.24480899494 1.2077533147
4220 1.26389812151 1.226274193
4225 1.10227936508 1.06946653046
4230 1.24255856895 1.20556987977
4235 1.18740785314 1.1520608996
4240 1.19333866311 1.15781516024
4245 1.22042051249 1.18409083264
4250 1.19611269192 1.1605066113
4255 1.24985914529 1.21265313134
4260 1.16486256605 1.13018674434
4265 1.28416390264 1.245936699
4270 1.17678344647 1.14175276202
4275 1.19797114933 1.16230974583
4280 1.24098764544 1.20404571977
4285 1.19099158704 1.15553795231
4290 1.07858598844 1.04647846218
4295 1.16306831576 1.12844590559
4300 0.988266603399 0.958847719544
4305 1.0343803208 1.00358871618
4310 1.04651880181 1.01536585687
4315 1.13944782475 1.10552855328
4320 1.19637069568 1.16075693476
4325 1.06656032664 1.03481078227
4330 1.14066257881 1.10670714633
4335 1.03416805882 1.00338277284
4340 0.672020269021 0.652015458402
4345 0.962229035157 0.933585241945
4350 1.07980643275 1.0476625761
4355 1.1573897848 1.12293641409
4360 1.20923319695 1.17323654296
4365 1.2737891361 1.23587077022
4370 1.21054821612 1.17451241642
4375 1.17193117201 1.13704493088
4380 1.24997947199 1.21276987614
4385 1.08845311413 1.05605186164
4390 1.19567111368 1.16007817803
4395 1.19282224548 1.15731411541
4400 1.18804535814 1.15267942724
4405 1.19872576323 1.16304189627
4410 1.23590331588 1.19911274137
4415 1.19032897014 1.1548950603
4420 1.26198717163 1.22442012859
4425 1.24419831368 1.2071608123
4430 1.23339277635 1.196676936
4435 1.18331118521 1.14808618196
4440 1.25785930965 1.22041514549
4445 1.2124028087 1.17631180118
4450 1.24027259621 1.20335195624
4455 1.13750574867 1.10364428923
4460 1.14985766433 1.11562851102
4465 1.20804557128 1.17208427073
4470 1.19980885557 1.16409274694
4475 1.28918852012 1.25081174283
4480 1.1777020529 1.14264402322
4485 1.26388025349 1.22625685688
4490 1.21301247289 1.17690331678
4495 1.25129916362 1.21405028297
4500 1.27268290618 1.23479747074
4505 1.33256661477 1.29289855118
4510 1.31443878529 1.27531035393
4515 1.27073295329 1.23290556437
4520 1.26996206782 1.23215762675
4525 1.21761542258 1.18136924511
4530 1.17628687325 1.14127097087
4535 1.18037372586 1.14523616538
4540 1.27525230784 1.23729038602
4545 1.24577247054 1.2086881094
4550 1.1693285846 1.13451981771
4555 1.18961384971 1.15420122769
4560 1.27588988007 1.2379089789
4565 1.23588719015 1.19909709568
4570 1.26681578192 1.22910500001
4575 1.27862515332 1.24056282808
4580 1.21393982383 1.17780306219
4585 1.19281835749 1.15731034315
4590 1.2324064111 1.19571993304
4595 1.23161748653 1.1949544933
4600 1.2267058646 1.19018908134
4605 1.24993420734 1.21272595893
4610 1.27620550639 1.2382152096
4615 1.2509695236 1.21373045573
4620 1.24605893739 1.20896604866
4625 1.26633139904 1.22863503631
4630 1.25084848476 1.21361302
4635 1.23537043041 1.19859571893
4640 1.23940666303 1.20251180031
4645 1.20621866015 1.17031174339
4650 1.2111222878 1.17506939904
4655 1.21084394142 1.17479933852
4660 1.26189334864 1.22432909853
4665 1.17443968395 1.13947876902
4670 1.16621784021 1.13150167448
4675 1.23561748306 1.19883541727
4680 1.20017665352 1.16444959621
4685 1.23383030142 1.19710143675
4690 1.21417711538 1.17803329
4695 1.23078311948 1.19414496383
4700 1.16801379487 1.13324416686
4705 1.16419284362 1.12953695832
4710 1.17538273558 1.14039374772
4715 1.20137930932 1.16561645115
4720 1.23606882264 1.1992733213
4725 1.23461915885 1.19786681134
4730 1.16321004927 1.12858341996
4735 1.19347568545 1.15794810367
4740 1.20832115703 1.1723516528
4745 1.2212494934 1.18489513631
4750 1.21672569618 1.18050600423
4755 1.17629758835 1.14128136701
4760 1.19806480965 1.16240061806
4765 1.14027451548 1.10633063494
4770 1.18423575209 1.14898322618
4775 1.21379322588 1.1776608282
4780 1.20996600387 1.17394753556
4785 1.1781179396 1.14304752974
4790 1.17412949287 1.13917781175
4795 1.22307370712 1.18666504653
4800 1.17774415839 1.14268487531
4805 1.18803938312 1.15267363008
4810 1.26989311416 1.23209072571
4815 1.20904290118 1.17305191194
4820 1.20699524316 1.17106520894
4825 1.15476898125 1.12039362704
4830 1.15897006043 1.12446964781
4835 1.16149016846 1.12691473685
4840 1.12782219631 1.09424899846
4845 1.1253893391 1.09188856295
4850 1.08181459887 1.0496109628
4855 0.966196261727 0.937434371458
4860 0.703958959802 0.683003392949
4865 0.870546819568 0.844632237727
4870 1.00562409111 0.975688506687
4875 1.06071857455 1.02914292843
4880 1.12124788305 1.08787039045
4885 1.09376921374 1.06120971072
4890 1.08042662343 1.04826430484
4895 1.18294718561 1.14773301796
4900 1.16885545101 1.13406076844
4905 1.1721873151 1.13729344905
4910 1.12334790097 1.08990789469
4915 1.1793785504 1.14427061447
4920 1.07077460101 1.03889960542
4925 1.12153447385 1.08814844996
4930 1.18669143305 1.15136580602
4935 1.12250652094 1.089091561
4940 1.13292886838 1.09920365427
4945 1.1894523295 1.15404451564
4950 1.18879307556 1.15340488648
4955 1.15710090474 1.12265613345
4960 1.17476800682 1.13979731832
4965 1.17756998095 1.14251588281
4970 1.1527860458 1.11846971995
4975 1.19030389641 1.15487073297
4980 1.12137645877 1.0879951387
4985 1.07722012237 1.04515325544
4990 1.14837693508 1.11419186037
4995 1.15563795612 1.12123673413
5000 1.12037029589 1.08701892745
5005 1.08517744642 1.05287370455
5010 1.12311201134 1.08967902706
5015 1.067993131 1.03620093467
5020 1.07213310061 1.04021766498
5025 1.12270108898 1.08928033711
5030 1.12893987135 1.09533340237
5035 1.12099106191 1.0876212144
5040 1.04005398789 1.0090934886
5045 1.14802528118 1.11385067456
5050 1.09450481954 1.06192341888
5055 1.14288635783 1.10886472753
5060 1.16944479 1.1346325639
5065 1.12065406624 1.08729425047
5070 1.12517050421 1.09167624237
5075 1.10792793734 1.07494695509
5080 1.05640982554 1.02496244297
5085 1.12284815288 1.08942302319
5090 1.14232836278 1.10832334297
5095 1.14092580973 1.10696254135
5100 1.07923968446 1.04711269887
5105 1.13207764027 1.09837776566
5110 1.10297629341 1.07014271251
5115 1.15154899451 1.11726949341
5120 1.14676319442 1.11262615781
5125 1.08257667615 1.05035035444
5130 1.09316584163 1.06062429989
5135 1.10294568367 1.07011301397
5140 1.06404408622 1.03236944571
5145 1.09085896836 1.058386098
5150 1.09705215479 1.06439492463
5155 1.09353764463 1.060985035
5160 1.11968122407 1.08635036803
5165 1.04014225008 1.00917912339
5170 0.962081769776 0.933442360384
5175 1.06998876628 1.03813716356
5180 1.105987766 1.07306453909
5185 0.991133528868 0.961629301902
5190 1.0552258065 1.02381367
5195 1.04347085046 1.01240863744
5200 1.08245530213 1.0502325935
5205 1.0428405388 1.011797089
5210 1.07767874745 1.04559822809
5215 1.06578467702 1.03405822232
5220 1.11009170913 1.07704631536
5225 1.04022566683 1.00926005697
5230 1.06257348392 1.03094262054
5235 1.05154139395 1.02023893565
5240 1.10262979022 1.06980652409
5245 1.10361760052 1.07076492909
5250 1.08033616279 1.04817653705
5255 1.08492753165 1.05263122928
5260 1.08521423504 1.05290939804
5265 0.961946209117 0.933310835117
5270 0.985398224453 0.956064726978
5275 1.01578785676 0.985549715683
5280 1.06624333079 1.03450322281
5285 1.06472773271 1.0330327413
5290 1.11369339177 1.08054078251
5295 1.08337262107 1.05112260554
5300 1.05637795908 1.02493152511
5305 1.08718530197 1.05482178992
5310 1.09511513402 1.06251556542
5315 1.06527165832 1.03356047525
5320 1.08450309071 1.05221942317
5325 1.03366099913 1.00289080739
5330 1.02113553987 0.990738208076
5335 1.06438691157 1.03270206578
5340 1.03004035903 0.999377947102
5345 1.06483093371 1.0331328702
5350 1.05640893776 1.02496158161
5355 1.09544162127 1.06283233374
5360 1.09006585235 1.0576165916
5365 1.03559189973 1.00476422862
5370 1.01100139058 0.980905733819
5375 1.07929662358 1.04716794302
5380 1.05154107031 1.02023862165
5385 1.06388266786 1.03221283248
5390 1.04976054074 1.01851109518
5395 1.04103689995 1.01004714117
5400 1.03157572984 1.00086761274
5405 0.98824670261 0.958828411166
5410 1.00917218168 0.979130977111
5415 1.03280180401 1.00205718893
5420 1.03921135512 1.00827593946
5425 1.01990590336 0.989545175585
5430 1.01918987445 0.988850461545
5435 1.0223379093 0.991904785167
5440 1.06945177875 1.03761616116
5445 1.01978122189 0.989424205654
5450 1.06234662945 1.03072251912
5455 1.01662371481 0.986360691769
5460 1.04748864198 1.01630682667
5465 1.00529812155 0.975372240643
5470 1.04955715756 1.01831376634
5475 0.995690533977 0.966050653328
5480 1.01166012292 0.981544856899
5485 1.04016445595 1.00920066823
5490 1.03090007954 1.00021207532
5495 1.02599765064 0.995455582723
5500 1.02120170687 0.9908024054
5505 1.01327095401 0.983107736505
5510 1.01419963576 0.984008773101
5515 1.02676126654 0.996196467183
5520 1.03777396594 1.00688133873
5525 1.00840997985 0.97839146463
5530 1.00107114614 0.971271094541
5535 1.00520017897 0.975277213637
5540 1.02889351009 0.998265237756
5545 1.00869306332 0.978666121223
5550 1.03068149744 1.0
5555 1.01050916702 0.980428162845
5560 1.01261718543 0.982473429419
5565 0.995929909149 0.966282902741
5570 0.994440452168 0.964837784162
5575 0.994768655887 0.965156217858
5580 1.00983650623 0.979775525936
5585 0.985800294316 0.956454827959
5590 0.956510847763 0.9280372745
5595 0.972615309284 0.943662335744
5600 0.956181447026 0.927717679419
5605 0.998687614896 0.968958516647
5610 1.01911758925 0.988780328141
5615 0.963533754469 0.934851122156
5620 0.994989435417 0.965370425186
5625 0.974414087329 0.945407567467
5630 1.00862528588 0.978600361394
5635 0.986940521717 0.957561112882
5640 0.973674745639 0.944690234622
5645 0.990669590811 0.96117917443
5650 0.990710807081 0.961219163767
5655 0.96150048112 0.932878375625
5660 0.943422033218 0.915338089953
5665 0.970141063115 0.941261743345
5670 0.982869950393 0.953611714999
5675 0.987547053111 0.958149588949
5680 0.976449547236 0.947382435466
5685 0.946626479528 0.918447145775
5690 0.963565946538 0.934882355927
5695 0.977789009842 0.948682024728
5700 0.965658701807 0.936912813711
5705 0.955055253971 0.926625011065
5710 0.918821723938 0.891470086752
5715 0.962613950911 0.933958699463
5720 0.973108143562 0.944140499249
5725 0.981144609768 0.951937734599
5730 0.972505297721 0.943555599023
5735 0.976748520295 0.947672508646
5740 0.974374676409 0.945369329737
5745 0.969698155268 0.940832020052
5750 0.957633584433 0.929126589359
5755 0.941670213744 0.913638418931
5760 0.953886908014 0.925491444623
5765 0.957178237745 0.928684797507
5770 0.962939559804 0.934274615577
5775 0.956002177377 0.927543746298
5780 0.948097575005 0.919874449438
5785 0.937489630266 0.909582283754
5790 0.948080547285 0.919857928602
5795 0.954195460734 0.925790812295
5800 0.961224144195 0.932610264743
5805 0.950129511155 0.921845898576
5810 0.959499130183 0.930936601234
5815 0.95278919671 0.924426410172
5820 0.966834507735 0.938053618053
5825 0.965488985838 0.936748149875
5830 0.966702178305 0.937925227827
5835 0.962710155986 0.934052040689
5840 0.964437679613 0.935728139107
5845 0.962996346628 0.934329711961
5850 0.955991619709 0.927533502912
5855 0.929001578294 0.901346905518
5860 0.925992371264 0.898427277062
5865 0.946361265258 0.918189826447
5870 0.953115698635 0.924743192733
5875 0.95056040954 0.922263969907
5880 0.94385191604 0.915755175952
5885 0.928149758208 0.900520442554
5890 0.848966485317 0.823694310439
5895 0.868660537307 0.842802106629
5900 0.912432324703 0.885270888211
5905 0.924617183682 0.897093026291
5910 0.92817825571 0.900548091737
5915 0.910167956889 0.883073926473
5920 0.919616075391 0.892240791819
5925 0.920518195446 0.893116057416
5930 0.907686233501 0.880666079438
5935 0.917534555761 0.890221235211
5940 0.923518400448 0.896026951818
5945 0.906919042698 0.879921726498
5950 0.894649103708 0.868017041083
5955 0.913737265836 0.88653698364
5960 0.909741364482 0.88266003294
5965 0.915864079612 0.888600486072
5970 0.910559894439 0.883454196762
5975 0.901259008177 0.874430180821
5980 0.905257233648 0.878309386454
5985 0.884723112741 0.858386528658
5990 0.897803949288 0.871077972697
5995 0.904227706225 0.877310506175
6000 0.900455690765 0.873650776695
6005 0.888401535298 0.861955451324
6010 0.887432998135 0.861015745735
6015 0.883440425615 0.857142024774
6020 0.86661511706 0.840817574791
6025 0.876796610538 0.850695983885
6030 0.892856324011 0.866277629149
6035 0.896753118721 0.870058423429
6040 0.892534453194 0.865965339835
6045 0.889081613035 0.862615284393
6050 0.894003764284 0.867390912229
6055 0.876839883576 0.850737968763
6060 0.892338290233 0.865775016286
6065 0.876502148933 0.850410287862
6070 0.894017632571 0.867404367683
6075 0.890641972794 0.864129195105
6080 0.876957055983 0.850851653163
6085 0.876731324198 0.850632640999
6090 0.877169452899 0.851057727413
6095 0.880931799618 0.854708075972
6100 0.869847462536 0.843953699271
6105 0.860043510844 0.834441593236
6110 0.88168091537 0.855434891922
6115 0.877821410814 0.851690277737
6120 0.870574328394 0.844658927666
6125 0.870745512112 0.844825015558
6130 0.872715613961 0.846736471089
6135 0.854939543393 0.829489561533
6140 0.848691493513 0.823427504636
6145 0.866973038386 0.841164841455
6150 0.864659795179 0.838920459255
6155 0.852099360578 0.82673392575
6160 0.842348044535 0.817272888497
6165 0.844568943077 0.819427674964
6170 0.83881604952 0.813846034495
6175 0.857427267689 0.83190323084
6180 0.871335367651 0.84539731218
6185 0.871984451274 0.846027073775
6190 0.853211624256 0.827813079379
6195 0.867255127291 0.841438533091
6200 0.863547514246 0.837841288885
6205 0.873052905306 0.84706372189
6210 0.868612771216 0.842755762447
6215 0.847711668429 0.822476847148
6220 0.848277932913 0.823026254976
6225 0.859279353508 0.833700183462
6230 0.833046623021 0.808248353239
6235 0.845715652957 0.820540249394
6240 0.836553969326 0.811651292279
6245 0.815811055591 0.791525857033
6250 0.837681053877 0.81274482559
6255 0.816278236791 0.791979131106
6260 0.837968355853 0.813023575113
6265 0.842334774166 0.817260013163
6270 0.842850395857 0.817760285742
6275 0.839923859101 0.814920866617
6280 0.776068486289 0.752966351114
6285 0.824829529993 0.800275867997
6290 0.82296734722 0.798469118989
6295 0.817730260928 0.793387931149
6300 0.786214681899 0.762810513093
6305 0.816114046705 0.791819828658
6310 0.81868727444 0.794316456124
6315 0.80053530455 0.776704837078
6320 0.803888822904 0.779958527343
6325 0.825159543706 0.800596057806
6330 0.821653147218 0.79719404031
6335 0.804883159612 0.780923264471
6340 0.812907584176 0.788708816636
6345 0.80597727092 0.781984806092
6350 0.82127999821 0.796831999264
6355 0.8196929518 0.795292196314
6360 0.808374600933 0.784310771989
6365 0.815659035248 0.791378362057
6370 0.812144956767 0.787968891247
6375 0.827328816623 0.802700755449
6380 0.821735918314 0.797274347462
6385 0.823137065327 0.798633784899
6390 0.826417207045 0.801816282815
6395 0.811225661663 0.787076961871
6400 0.801067266563 0.777220963558
6405 0.815089314302 0.790825600659
6410 0.79703033636 0.773304205362
6415 0.800184416021 0.776364393857
6420 0.794752014332 0.771093704801
6425 0.819231302723 0.794844289683
6430 0.801215345764 0.777364634713
6435 0.809394062667 0.785299886218
6440 0.795191325745 0.771519938719
6445 0.818643298033 0.794273788814
6450 0.792665684017 0.769069480712
6455 0.785485396639 0.762102937318
6460 0.794000470106 0.770364532668
6465 0.797559844397 0.773817950916
6470 0.790488646801 0.7669572499
6475 0.796250601169 0.772547681457
6480 0.794810064387 0.771150026813
6485 0.794607576405 0.770953566526
6490 0.790232761128 0.766708981474
6495 0.732869705236 0.711053518527
6500 0.780580544273 0.757344093409
6505 0.799513055587 0.775713018591
6510 0.796059140795 0.772361920507
6515 0.773635881086 0.750606160106
6520 0.774776617226 0.751712938623
6525 0.776066742702 0.752964659431
6530 0.777697434054 0.754546808092
6535 0.772197796078 0.749210884249
6540 0.769418066729 0.746513902344
6545 0.743966249257 0.721819738788
6550 0.736027155776 0.714116977556
6555 0.691338978061 0.670759084913
6560 0.550860727769 0.534462614432
6565 0.533284239256 0.517409345738
6570 0.684646494076 0.6642658239
6575 0.728542972748 0.706855584928
6580 0.749708184232 0.727390746892
6585 0.750811324427 0.728461048627
6590 0.754433317497 0.731975221608
6595 0.750935274979 0.728581309399
6600 0.766307315298 0.743495752277
6605 0.763089346542 0.740373576547
6610 0.763444489754 0.740718147798
6615 0.76851753753 0.745640180247
6620 0.77222459471 0.749236885135
6625 0.768183353044 0.74531594382
6630 0.765305768645 0.742524019831
6635 0.752421289625 0.730023088115
6640 0.763346289394 0.740622870682
6645 0.758972773836 0.736379546659
6650 0.762893615098 0.74018367167
6655 0.760515911132 0.737876747588
6660 0.759364246795 0.736759366187
6665 0.752351847682 0.729955713331
6670 0.759873350134 0.737253314453
6675 0.752544188624 0.730142328636
6680 0.746008034317 0.723800743653
6685 0.756627419969 0.734104009675
6690 0.754413718637 0.73195620617
6695 0.747983983463 0.725717872417
6700 0.745447374006 0.72325677317
6705 0.741316594851 0.719248959733
6710 0.745305312709 0.723118940778
6715 0.73169370832 0.709912528881
6720 0.729533868994 0.70781698401
6725 0.737211142734 0.715265719395
6730 0.733668262775 0.711828304473
6735 0.73476946605 0.712896726946
6740 0.73249176596 0.710686829809
6745 0.729314582602 0.707604225372
6750 0.720224577895 0.69878481343
6755 0.728572497667 0.706884230944
6760 0.732743556656 0.710931125159
6765 0.734291942824 0.71243341871
6770 0.729132975256 0.707428024143
6775 0.736604368954 0.714677008157
6780 0.738316532348 0.716338203587
6785 0.732882280007 0.71106571897
6790 0.739289366374 0.717282078129
6795 0.733446977466 0.711613606422
6800 0.717690538445 0.696326207685
6805 0.731340742729 0.709570070429
6810 0.725695393476 0.704092772867
6815 0.727014684995 0.705372791497
6820 0.726154985551 0.704538683729
6825 0.722300187154 0.700798635609
6830 0.716121684653 0.694804055792
6835 0.71665742375 0.69532384692
6840 0.698240632382 0.677455289646
6845 0.707408362896 0.68635011364
6850 0.711048301742 0.689881698184
6855 0.696363318024 0.675633859492
6860 0.699836525281 0.679003675741
6865 0.70059606626 0.679740606579
6870 0.698863129189 0.678059255865
6875 0.694633591952 0.673955624193
6880 0.688569887504 0.668072425102
6885 0.687284070651 0.666824884659
6890 0.691736865116 0.671145127601
6895 0.686622635485 0.666183139204
6900 0.689801143014 0.669267028395
6905 0.685855901728 0.665439229704
6910 0.689272151976 0.66875378445
6915 0.6739567367 0.653894280991
6920 0.683714434273 0.663361509807
6925 0.678993104357 0.658780725222
6930 0.683734219107 0.663380705682
6935 0.681342100285 0.66105979585
6940 0.68413001099 0.663764715567
6945 0.677321140147 0.657158532319
6950 0.676542843956 0.656403404578
6955 0.678997488864 0.65878497921
6960 0.680057637074 0.659813568752
6965 0.677953230546 0.657771806547
6970 0.681649409663 0.661357957192
6975 0.667862329514 0.647981293127
6980 0.660922243188 0.641247800439
6985 0.67801984437 0.657836437399
6990 0.677715924244 0.657541564418
6995 0.679998999567 0.659756676776
7000 0.673206146223 0.653166034215
7005 0.658503861921 0.638901409946
7010 0.671405855263 0.651419334615
7015 0.660266077061 0.640611167175
7020 0.671171020365 0.65119149032
7025 0.665563103893 0.645750511235
7030 0.67454895659 0.654468871581
7035 0.666484459474 0.64664443975
7040 0.677028685778 0.65687478378
7045 0.678964718119 0.658753183989
7050 0.676963265661 0.6568113111
7055 0.672725886918 0.652700071349
7060 0.670114010774 0.650165945966
7065 0.670778211032 0.650810374201
7070 0.670994886766 0.651020599896
7075 0.673831849761 0.653773111707
7080 0.669004980833 0.649089929812
7085 0.664028528887 0.644261617711
7090 0.661540867442 0.641848009384
7095 0.670287213405 0.650333992673
7100 0.672145817588 0.652137269619
7105 0.673157772994 0.653119100969
7110 0.662284148656 0.64256916448
7115 0.655314943234 0.635807419519
7120 0.656032962074 0.636504064255
7125 0.668845500033 0.648935196463
7130 0.657913951003 0.638329059594
7135 0.669932721597 0.649990053436
7140 0.667613425565 0.647739798591
7145 0.657666585408 0.638089057619
7150 0.648544537639 0.629238556478
7155 0.659276929738 0.639651464952
7160 0.655937284991 0.636411235303
7165 0.632941507539 0.614099999961
7170 0.660546304201 0.640883052467
7175 0.657472469103 0.6379007198
7180 0.650453052791 0.631090258635
7185 0.645361726138 0.626150491436
7190 0.644099302101 0.624925647448
7195 0.640950949995 0.621871016009
7200 0.646036307313 0.626804991567
7205 0.639280098875 0.620249903061
7210 0.64196799896 0.622857789291
7215 0.641189798517 0.622102754448
7220 0.637920695384 0.618930966518
7225 0.641688978118 0.622587074388
7230 0.645164105273 0.625958753382
7235 0.637913606622 0.618924088775
7240 0.637835919364 0.618848714125
7245 0.641434807211 0.622340469682
7250 0.635324407536 0.616411965396
7255 0.639724170254 0.62068075525
7260 0.636625217097 0.617674052244
7265 0.634947033083 0.616045824689
7270 0.636332396897 0.617389948764
7275 0.629073960661 0.610347582859
7280 0.630589390596 0.611817901225
7285 0.618341541574 0.5999346482
7290 0.607301550176 0.589223297094
7295 0.622366915604 0.60384019423
7300 0.62508033058 0.606472835819
7305 0.625057767545 0.606450944445
7310 0.614376564191 0.59608770092
7315 0.625419519772 0.606801927971
7320 0.620394679801 0.601926668268
7325 0.612535877032 0.594301807641
7330 0.6147852286 0.596484200139
7335 0.621904695222 0.603391733301
7340 0.623787978185 0.605218954385
7345 0.620332973591 0.601866798939
7350 0.612869108455 0.594625119376
7355 0.609614400946 0.59146729854
7360 0.615995751398 0.597658687895
7365 0.61347187455 0.59520994223
7370 0.614496254792 0.596203828552
7375 0.605846682889 0.587811738537
7380 0.61252570267 0.594291936152
7385 0.597060429758 0.579287036044
7390 0.593246133013 0.575586283916
7395 0.600929249429 0.58304068805
7400 0.601961431248 0.58404214371
