Wave Flux FluxNorm
3600 0.928340706439 0.923608752153
3605 0.918781757315 0.91409852707
3610 0.906117055734 0.901498380225
3615 0.908036136684 0.903407679202
3620 0.901141598144 0.896548283624
3625 0.906308990518 0.901689336676
3630 0.898752900395 0.894171761585
3635 0.90182965779 0.89723283608
3640 0.894101414703 0.889543985527
3645 0.88854405803 0.884014955909
3650 0.880943061927 0.876452703734
3655 0.887811220154 0.883285853467
3660 0.878160370599 0.873684196388
3665 0.870430598718 0.865993824834
3670 0.867934047175 0.863509998757
3675 0.862707194497 0.858309788482
3680 0.855710394261 0.851348652458
3685 0.839717713889 0.835437490252
3690 0.87036166875 0.865925246218
3695 0.896698436057 0.892127769299
3700 0.966477049978 0.961550706464
3705 0.857877979343 0.853505188888
3710 0.933935635168 0.929175162315
3715 1.07000255266 1.06454851716
3720 0.944064775523 0.939252672241
3725 1.08815350874 1.08260695388
3730 1.24713052107 1.24077362583
3735 0.778610084885 0.774641340111
3740 1.36983991464 1.36285754297
3745 1.31809467966 1.31137606469
3750 0.767505146137 0.763593005648
3755 1.30641483073 1.29975575049
3760 1.53884100441 1.53099719746
3765 1.37892621057 1.37189752407
3770 0.772113366947 0.768177737355
3775 1.22571410928 1.21946637815
3780 1.74457020922 1.73567775582
3785 1.86304275994 1.8535464262
3790 1.61693122906 1.60868937927
3795 1.01083553993 1.00568309155
3800 0.871989219112 0.867544500602
3805 1.51970096409 1.51195471808
3810 1.87841500412 1.86884031471
3815 1.97873306224 1.96864702989
3820 1.95520985805 1.94524372858
3825 1.71195344717 1.70322724849
3830 1.25841128647 1.25199689072
3835 0.692814328787 0.689282903623
3840 1.15043161151 1.14456761163
3845 1.68496283408 1.67637421242
3850 1.96717669054 1.95714956353
3855 2.10675852069 2.09601991477
3860 2.14656991697 2.13562838371
3865 2.17420282128 2.1631204371
3870 2.10979361532 2.09903953886
3875 1.92831101655 1.91848199632
3880 1.6097753248 1.60156995021
3885 1.11078009372 1.10511820624
3890 0.719159241601 0.715493530692
3895 1.31735103622 1.31063621176
3900 1.69643903437 1.68779191601
3905 1.97841789642 1.96833347054
3910 2.16067986118 2.14966640647
3915 2.20238941277 2.19116335542
3920 2.27372917905 2.2621394874
3925 2.29955941688 2.28783806289
3930 2.20004775846 2.18883363702
3935 1.94427110893 1.93436073664
3940 2.27318310898 2.26159620077
3945 2.22050261699 2.20918423269
3950 2.130851268 2.1199898561
3955 1.97008563564 1.9600436811
3960 1.685080391 1.67649117012
3965 1.23217702766 1.22589635363
3970 0.657727936183 0.654375353985
3975 1.21863926749 1.21242759836
3980 1.67778909767 1.6692370421
3985 1.96310472301 1.9530983517
3990 2.135014869 2.12413223433
3995 2.23698081587 2.22557843862
4000 2.30279966994 2.29106179968
4005 2.3258855647 2.31403002062
4010 2.3657060656 2.35364754778
4015 2.38178801206 2.36964752106
4020 2.3643987053 2.35234685138
4025 2.38012774209 2.36799571385
4030 2.38942554883 2.37724612765
4035 2.40290498006 2.39065685128
4040 2.41592289522 2.4036084113
4045 2.36747471678 2.35540718376
4050 2.38910446352 2.37692667898
4055 2.37095267223 2.35886741131
4060 2.35916345127 2.34713828257
4065 2.30895328882 2.29718405223
4070 2.27689863265 2.26529278561
4075 2.22850909794 2.21714990287
4080 2.14162810057 2.13071175682
4085 2.01610430765 2.00582778595
4090 1.79496550822 1.78581617902
4095 1.43181991765 1.42452162043
4100 0.839929730196 0.835648425866
4105 1.02260424327 1.01739180726
4110 1.54007881591 1.53222869957
4115 1.85174395641 1.84230521513
4120 2.02866598381 2.01832543252
4125 2.13694824787 2.12605575835
4130 2.18217675012 2.17105372109
4135 2.22950179775 2.21813754268
4140 2.26155935083 2.25003169144
4145 2.25023716604 2.23876721828
4150 2.27086424955 2.25928916107
4155 2.26949227011 2.25792417491
4160 2.27416476158 2.26257284967
4165 2.25722329507 2.2457177375
4170 2.25521484733 2.24371952725
4175 2.23476332581 2.22337225159
4180 2.23443940658 2.22304998344
4185 2.24264078619 2.23120955883
4190 2.24076340676 2.22934174881
4195 2.23213053372 2.22075287941
4200 2.20587812252 2.19463428245
4205 2.20958217826 2.19831945781
4210 2.21066523603 2.199396995
4215 2.1806431477 2.16952793578
4220 2.18573486166 2.17459369617
4225 2.15120743494 2.14024226324
4230 2.15936723703 2.14836047305
4235 2.13705136106 2.12615834595
4240 2.16001456359 2.14900450004
4245 2.13390530831 2.12302832931
4250 2.11888680188 2.10808637547
4255 2.129167867 2.11831503577
4260 2.11303045558 2.10225988024
4265 2.12155428573 2.11074026258
4270 2.08058508053 2.06997988631
4275 2.0824930506 2.07187813105
4280 2.08317670178 2.07255829751
4285 2.0674324376 2.05689428527
4290 2.02063462987 2.01033501613
4295 2.01137939502 2.00112695722
4300 1.9546543127 1.94469101497
4305 1.96654238771 1.95651849388
4310 1.93712415814 1.92725021542
4315 1.86610797975 1.85659602192
4320 1.8196493282 1.81037418021
4325 1.67373544704 1.66520405381
4330 1.49594444223 1.48831928838
4335 1.16542418508 1.15948376479
4340 0.682885432653 0.679404617229
4345 1.0617094069 1.05629764337
4350 1.41206838052 1.40487076117
4355 1.63264214074 1.62432020901
4360 1.77638067641 1.76732607814
4365 1.85046011388 1.84102791662
4370 1.89026193659 1.88062686079
4375 1.91001937871 1.90028359493
4380 1.93922095079 1.92933632026
4385 1.90429010056 1.89458352017
4390 1.94327437394 1.93336908223
4395 1.89882987273 1.8891511243
4400 1.92750950163 1.9176845669
4405 1.92774422922 1.91791809804
4410 1.94623639941 1.93631600962
4415 1.91468202906 1.90492247875
4420 1.92778396968 1.91795763593
4425 1.93032570065 1.92048641115
4430 1.93018119853 1.92034264559
4435 1.9193245527 1.90954133843
4440 1.91832685136 1.90854872259
4445 1.8835560274 1.87395513308
4450 1.9045583432 1.89485039552
4455 1.90031307995 1.8906267713
4460 1.90612138648 1.89640547162
4465 1.8918728153 1.88222952851
4470 1.86781157763 1.85829093619
4475 1.88902690639 1.87939812581
4480 1.82010981703 1.81083232183
4485 1.87011232512 1.86057995627
4490 1.86370686446 1.85420714564
4495 1.86916562929 1.85963808595
4500 1.83686299943 1.82750010962
4505 1.85636179134 1.84689951195
4510 1.84561986794 1.83621234246
4515 1.83507509317 1.82572131671
4520 1.81825843834 1.80899038002
4525 1.8185962265 1.8093264464
4530 1.81230478894 1.80306707766
4535 1.77960327527 1.77053225071
4540 1.80316218145 1.79397107203
4545 1.79735972147 1.78819818845
4550 1.73171259022 1.7228856749
4555 1.76897725075 1.75996038935
4560 1.76851668671 1.7595021729
4565 1.75038015785 1.74145808987
4570 1.74756412283 1.73865640879
4575 1.74497815327 1.73608362049
4580 1.74138581207 1.73250959023
4585 1.7123945885 1.70366614122
4590 1.7201641261 1.7113960758
4595 1.72862651546 1.71981533053
4600 1.71796500671 1.7092081658
4605 1.71491536956 1.70617407331
4610 1.70940156997 1.70068837876
4615 1.7003744279 1.69170724999
4620 1.68735359307 1.67875278519
4625 1.69063855832 1.68202100626
4630 1.67045052412 1.66193587485
4635 1.67599249141 1.66744959353
4640 1.67913857762 1.67057964345
4645 1.66717685041 1.65867888777
4650 1.66794291276 1.65944104533
4655 1.66518393847 1.65669613414
4660 1.66216898494 1.65369654848
4665 1.65346868338 1.64504059424
4670 1.6483886959 1.63998650057
4675 1.64732721019 1.63893042548
4680 1.64122182042 1.63285615621
4685 1.63673695626 1.62839415238
4690 1.63486726285 1.6265339892
4695 1.63500955338 1.62667555444
4700 1.63051290473 1.62220182619
4705 1.62749894827 1.61920323252
4710 1.62623146726 1.61794221214
4715 1.61229513238 1.60407691378
4720 1.61261511339 1.60439526378
4725 1.60837503773 1.60017680071
4730 1.59943811646 1.59128543287
4735 1.59510232196 1.58697173885
4740 1.58697087942 1.57888174404
4745 1.5816850065 1.57362281437
4750 1.56948574049 1.56148573066
4755 1.56281455392 1.55484854858
4760 1.55004921727 1.54214827963
4765 1.53930432032 1.53145815175
4770 1.52618634888 1.51840704546
4775 1.51832381532 1.51058458894
4780 1.50272665708 1.4950669328
4785 1.50868771437 1.50099760529
4790 1.50671691479 1.4990368513
4795 1.4910878479 1.48348744916
4800 1.48529477785 1.47772390765
4805 1.46921485431 1.46172594697
4810 1.46877426454 1.46128760298
4815 1.45781177528 1.45038099191
4820 1.44483860229 1.43747394601
4825 1.42027284537 1.41303340609
4830 1.40402338452 1.39686677227
4835 1.37381179595 1.36680917873
4840 1.32154193632 1.31480574993
4845 1.24822224291 1.24185978293
4850 1.12962099004 1.12386306642
4855 0.94251243296 0.937708242305
4860 0.611391335214 0.608274940739
4865 0.767305200933 0.763394079609
4870 1.02627205527 1.02104092362
4875 1.16529954853 1.15935976354
4880 1.25644364114 1.25003927491
4885 1.30666058661 1.30000025369
4890 1.33373341041 1.32693508144
4895 1.36361561091 1.35666496586
4900 1.37680879269 1.36979089912
4905 1.38814464145 1.3810689666
4910 1.38782883532 1.38075477021
4915 1.39527034292 1.38815834682
4920 1.38116651791 1.37412641208
4925 1.36532955105 1.35837016967
4930 1.3979593339 1.39083363144
4935 1.38864525612 1.38156702954
4940 1.38630236782 1.37923608345
4945 1.38655448648 1.379486917
4950 1.38613804386 1.37907259708
4955 1.37742733713 1.37040629071
4960 1.37575839886 1.36874585938
4965 1.38000544457 1.37297125698
4970 1.37707147132 1.37005223883
4975 1.37423766498 1.36723287701
4980 1.37134860093 1.36435853915
4985 1.36442026478 1.35746551824
4990 1.35966016017 1.35272967692
4995 1.36401354055 1.35706086717
5000 1.35432901038 1.34742570115
5005 1.35025254302 1.34337001243
5010 1.35222496645 1.34533238199
5015 1.33765202928 1.33083372625
5020 1.31276023737 1.30606881321
5025 1.34130595744 1.33446902954
5030 1.3372068687 1.33039083475
5035 1.33059667686 1.3238143365
5040 1.32338985779 1.31664425215
5045 1.32312583906 1.31638157918
5050 1.32047994451 1.31374917132
5055 1.31591622696 1.30920871604
5060 1.31395860425 1.30726107176
5065 1.30727773189 1.30061425325
5070 1.30252374644 1.2958844999
5075 1.30249868367 1.29585956488
5080 1.2980379998 1.29142161808
5085 1.29619563725 1.28958864645
5090 1.29269712496 1.28610796684
5095 1.29097131154 1.28439095027
5100 1.28302308995 1.2764832425
5105 1.28046157268 1.27393478183
5110 1.27731177053 1.27080103491
5115 1.27395228664 1.26745867504
5120 1.27123117304 1.26475143154
5125 1.26533938077 1.25888967102
5130 1.25883224204 1.25241570059
5135 1.25566633669 1.24926593254
5140 1.25144413865 1.24506525596
5145 1.25180797157 1.24542723435
5150 1.24671966279 1.24036486179
5155 1.24316290573 1.23682623429
5160 1.24056192651 1.23423851282
5165 1.21981598597 1.21359831886
5170 1.1767614644 1.17076325553
5175 1.21374767624 1.20756094062
5180 1.22279752769 1.21656466301
5185 1.19081188397 1.18474205706
5190 1.20870901262 1.20254796016
5195 1.2125947773 1.20641391825
5200 1.21033204443 1.20416271903
5205 1.20879429854 1.20263281136
5210 1.20209554813 1.19596820594
5215 1.20076043556 1.19463989873
5220 1.19909105073 1.19297902311
5225 1.19073022994 1.18466081924
5230 1.18751830009 1.1814652613
5235 1.17496265747 1.16897361752
5240 1.17891725621 1.17290805881
5245 1.17297023004 1.16699134592
5250 1.17608560095 1.17009083711
5255 1.1717256875 1.16575314708
5260 1.16889776245 1.16293963659
5265 1.16131832816 1.15539883632
5270 1.15067902085 1.14481375987
5275 1.14944904962 1.14359005807
5280 1.15611718118 1.15022420071
5285 1.14849127326 1.1426371637
5290 1.14944042747 1.14358147987
5295 1.14557573081 1.13973648241
5300 1.14565691056 1.13981724836
5305 1.1360414297 1.1302507797
5310 1.13328156917 1.12750498678
5315 1.11910138477 1.11339708185
5320 1.1238788625 1.11815020775
5325 1.12113757094 1.11542288915
5330 1.11635951554 1.11066918853
5335 1.11562090493 1.10993434278
5340 1.11394446566 1.10826644869
5345 1.11494678755 1.10926366153
5350 1.10914224398 1.10348870498
5355 1.10831167556 1.10266237014
5360 1.10418944935 1.09856115582
5365 1.09429381344 1.08871596012
5370 1.09287748146 1.08730684748
5375 1.09482238675 1.08924183917
5380 1.09066046712 1.08510113374
5385 1.08887562187 1.08332538624
5390 1.08976580436 1.08421103127
5395 1.08234356085 1.07682662055
5400 1.08570165087 1.08016759366
5405 1.07509763173 1.06961762551
5410 1.07129215711 1.06583154822
5415 1.06684366148 1.06140572754
5420 1.06680027424 1.06136256145
5425 1.06576673386 1.06033428926
5430 1.06436104438 1.05893576488
5435 1.061766441 1.05635438676
5440 1.06249329224 1.05707753307
5445 1.05606803667 1.05068502843
5450 1.05656903441 1.05118347247
5455 1.05233615906 1.04697217301
5460 1.0519888648 1.04662664899
5465 1.0501464647 1.04479364
5470 1.04712383902 1.0417864213
5475 1.04058036988 1.03527630564
5480 1.04040895758 1.03510576706
5485 1.03556739733 1.03028888531
5490 1.03473220519 1.02945795032
5495 1.03306864792 1.02780287257
5500 1.03252416122 1.02726116123
5505 1.02852222908 1.0232796278
5510 1.02676796265 1.02153430325
5515 1.02463038465 1.01940762096
5520 1.02155448838 1.01634740319
5525 1.01365241804 1.00848561142
5530 1.01043207347 1.00528168165
5535 1.00982260735 1.00467532211
5540 1.00917541566 1.0040314293
5545 1.00711771308 1.00198421528
5550 1.00512333201 1.0
5555 1.00260427854 0.997493786688
5560 1.00225034829 0.997141660504
5565 0.999307891086 0.994214201641
5570 0.994367271094 0.989298765063
5575 0.992605034351 0.987545510823
5580 0.98922814223 0.984185831456
5585 0.985695119919 0.980670817727
5590 0.98006787074 0.97507225186
5595 0.979863793359 0.974869214705
5600 0.977647197888 0.972663917703
5605 0.974437716053 0.969470795294
5610 0.97066140653 0.965713734441
5615 0.967012203841 0.962083132531
5620 0.966450572646 0.961524364092
5625 0.964119048662 0.959204724392
5630 0.961981879784 0.957078449129
5635 0.959758729383 0.954866630608
5640 0.956127102856 0.951253515271
5645 0.95303013401 0.948172332348
5650 0.952392530921 0.947537979261
5655 0.950357169059 0.94551299208
5660 0.945530122886 0.940710550411
5665 0.944886472067 0.940070180419
5670 0.943314845768 0.938506565041
5675 0.940325327358 0.935532284856
5680 0.935768844546 0.930999027427
5685 0.930669144216 0.925925321378
5690 0.928908449238 0.924173601044
5695 0.924845172055 0.920131035268
5700 0.924438451527 0.919726387883
5705 0.921159185393 0.916463836881
5710 0.917970710166 0.913291614004
5715 0.914959596983 0.91029584912
5720 0.911580704525 0.906934179611
5725 0.911182255226 0.906537761295
5730 0.90977049823 0.90513320033
5735 0.905678399846 0.901061960261
5740 0.902732984725 0.898131558562
5745 0.901245390884 0.896651547309
5750 0.899182570473 0.894599241542
5755 0.895229726808 0.89066654638
5760 0.892086194518 0.887539037357
5765 0.890151099224 0.885613805664
5770 0.889129945965 0.884597857446
5775 0.88706375579 0.88254219909
5780 0.88133810982 0.876845737983
5785 0.883899655569 0.879394226976
5790 0.881300760318 0.876808578858
5795 0.880979411394 0.87648886792
5800 0.87933961933 0.874857434233
5805 0.878250683565 0.873774049009
5810 0.8772462445 0.872774729789
5815 0.876063395409 0.871597909937
5820 0.875085065246 0.870624566534
5825 0.873004547484 0.868554653624
5830 0.871069502846 0.866629472329
5835 0.869454782873 0.865022982934
5840 0.865212555927 0.860802379541
5845 0.86143515993 0.857044237752
5850 0.859508516128 0.855127414472
5855 0.858272902951 0.853898099484
5860 0.855496387453 0.851135736488
5865 0.854288095551 0.849933603513
5870 0.852168567229 0.847824878888
5875 0.846081535954 0.841768874534
5880 0.846203644271 0.841890360438
5885 0.840483848006 0.836199719217
5890 0.79953986219 0.795464433793
5895 0.809377346153 0.805251773962
5900 0.830225787517 0.825993946292
5905 0.835391950742 0.83113377646
5910 0.832280667143 0.828038351749
5915 0.827492289564 0.823274381571
5920 0.824592671112 0.820389543104
5925 0.822569161789 0.818376348048
5930 0.821813628885 0.81762466626
5935 0.818540667425 0.814368387795
5940 0.812552263765 0.80841050833
5945 0.811001370968 0.806867520771
5950 0.811161804385 0.807027136424
5955 0.809461885307 0.805335882202
5960 0.805588308504 0.801482049861
5965 0.803215829618 0.799121664016
5970 0.799297872024 0.795223677103
5975 0.797582943104 0.793517489549
5980 0.79797327287 0.793905829719
5985 0.796191709733 0.792133347596
5990 0.792482022093 0.78844256904
5995 0.792524922528 0.788485250802
6000 0.791411403201 0.787377407326
6005 0.787265655411 0.783252791313
6010 0.784218237914 0.780220907165
6015 0.781828580957 0.777843430809
6020 0.780555338739 0.776576678583
6025 0.779517608725 0.775544238104
6030 0.776771558454 0.772812185048
6035 0.775503377022 0.771550467812
6040 0.771235097496 0.767303944635
6045 0.768773035961 0.764854432763
6050 0.768977431167 0.765057786121
6055 0.767385427358 0.763473897102
6060 0.766593983435 0.76268648734
6065 0.765441396784 0.761539775674
6070 0.762470363968 0.758583886858
6075 0.762263085929 0.75837766536
6080 0.7586467776 0.75477979014
6085 0.757749344042 0.753886930996
6090 0.756796488814 0.752938932678
6095 0.755073383832 0.751224610736
6100 0.754194470002 0.750350176921
6105 0.754765912987 0.750918707137
6110 0.751554634034 0.747723796771
6115 0.750823045715 0.746995937516
6120 0.747822562023 0.744010747942
6125 0.747478116852 0.743668058483
6130 0.744567983795 0.740772759006
6135 0.743469079218 0.739679455785
6140 0.740510472671 0.736735929898
6145 0.739615997619 0.735846014179
6150 0.738574314241 0.734809640488
6155 0.733960959772 0.730219801289
6160 0.731883453122 0.728152884141
6165 0.731128681313 0.727401959568
6170 0.727414196133 0.723706407927
6175 0.727534732016 0.723826329412
6180 0.725875758955 0.722175812497
6185 0.723636198434 0.719947667503
6190 0.724400389838 0.720707963658
6195 0.72307318154 0.719387520428
6200 0.720226431881 0.716555281271
6205 0.7144615656 0.710819799766
6210 0.714201714596 0.710561273279
6215 0.71279654653 0.70916326766
6220 0.709308206693 0.705692708649
6225 0.709818400116 0.706200301505
6230 0.708792970366 0.705180098594
6235 0.706298627563 0.702698469998
6240 0.70314247276 0.699558402802
6245 0.700882758035 0.697310206334
6250 0.700488627442 0.696918084709
6255 0.697397748113 0.693842960264
6260 0.695238785735 0.691695002586
6265 0.693478992464 0.689944179365
6270 0.690370228469 0.686851261415
6275 0.678662279675 0.675202990579
6280 0.654057582814 0.650723709204
6285 0.674051929751 0.670616140611
6290 0.678257908458 0.67480068053
6295 0.671149141774 0.667728148775
6300 0.672647448539 0.669218818345
6305 0.673293579712 0.669861656047
6310 0.673866065868 0.670431224117
6315 0.673335515607 0.669903378186
6320 0.672283599129 0.668856823554
6325 0.672117124955 0.668691197935
6330 0.670906143 0.667486388618
6335 0.669855904906 0.666441503816
6340 0.668771267511 0.665362395054
6345 0.66325142156 0.659870684957
6350 0.664777622149 0.66138910617
6355 0.666118870695 0.662723518081
6360 0.663062255986 0.6596824836
6365 0.663198077408 0.659817612711
6370 0.658570623602 0.655213746043
6375 0.661512193545 0.658140322165
6380 0.660257433211 0.656891957617
6385 0.657835771119 0.654482639263
6390 0.657036317201 0.653687260335
6395 0.65522488739 0.651885063775
6400 0.653812549043 0.650479924424
6405 0.654968810229 0.651630291895
6410 0.650855126161 0.647537576169
6415 0.65196316749 0.64863996957
6420 0.648111038556 0.644807475775
6425 0.646418436773 0.643123501551
6430 0.646231679785 0.642937696504
6435 0.643021856493 0.639744234379
6440 0.640126096206 0.636863234411
6445 0.637190993976 0.633943093034
6450 0.637567508871 0.634317688751
6455 0.631410466893 0.628192030554
6460 0.631190066573 0.627972753662
6465 0.629646104389 0.626436661389
6470 0.628765360454 0.625560406797
6475 0.62378245898 0.620602904254
6480 0.621366318095 0.618199078964
6485 0.621638169583 0.618469544766
6490 0.620901749789 0.617736878664
6495 0.615222192207 0.612086271022
6500 0.617259434405 0.614113128954
6505 0.614276631797 0.611145530339
6510 0.611931478975 0.60881233127
6515 0.604971672919 0.601888000858
6520 0.602147717449 0.599078439702
6525 0.598066005435 0.595017533061
6530 0.593607010924 0.590581267013
6535 0.583384364504 0.580410727644
6540 0.573643653801 0.57071966746
6545 0.552671263609 0.549854178098
6550 0.525499852623 0.522821265696
6555 0.474891971615 0.472471344054
6560 0.375195734444 0.373283280265
6565 0.356496477813 0.354679337808
6570 0.467279104863 0.464897281737
6575 0.515714240494 0.513085532959
6580 0.542591045094 0.539825340646
6585 0.559208651374 0.556358243376
6590 0.569010930802 0.566110558456
6595 0.576501589311 0.573563035452
6600 0.579255184863 0.576302595328
6605 0.580306284872 0.577348337652
6610 0.580070584239 0.577113838437
6615 0.580121974354 0.577164966605
6620 0.582244166177 0.579276341155
6625 0.582061869486 0.57909497367
6630 0.583464715167 0.580490668742
6635 0.581188401777 0.578225958216
6640 0.580726990014 0.577766898368
6645 0.580594327588 0.577634912152
6650 0.580903229218 0.577942239243
6655 0.580884870868 0.577923974469
6660 0.578949968233 0.575998934454
6665 0.579521165842 0.576567220545
6670 0.578866956148 0.5759163455
6675 0.577425811733 0.574482546911
6680 0.576536093128 0.573597363395
6685 0.575996053651 0.573060076616
6690 0.574470444873 0.571542244198
6695 0.574491269069 0.571562962248
6700 0.573072816822 0.57015174016
6705 0.574812568225 0.571882623673
6710 0.572994056636 0.570073381432
6715 0.571595343414 0.568681797756
6720 0.569024465006 0.566124023674
6725 0.563989740866 0.561114962616
6730 0.568474491909 0.565576853908
6735 0.564713044892 0.561834579805
6740 0.56366443852 0.560791318407
6745 0.561280739536 0.558419769655
6750 0.561776941676 0.558913442544
6755 0.559846715578 0.556993055229
6760 0.556156708136 0.553321856556
6765 0.555048259963 0.552219058384
6770 0.553078071096 0.550258911998
6775 0.551112829246 0.548303687413
6780 0.549428080537 0.546627526233
6785 0.545887662822 0.543105154797
6790 0.549219840199 0.546420347343
6795 0.553943792758 0.551120220889
6800 0.553892114847 0.551068806391
6805 0.548360047047 0.545564936743
6810 0.546595745318 0.543809628043
6815 0.548352484013 0.545557412259
6820 0.546007735088 0.543224615029
6825 0.546516736474 0.543731021924
6830 0.546237433188 0.543453142308
6835 0.543664817465 0.540893639766
6840 0.541442329902 0.538682480705
6845 0.540642700264 0.537886926953
6850 0.537496436621 0.534756700499
6855 0.53517641107 0.532448500623
6860 0.531450932714 0.528742011839
6865 0.535957797795 0.53322590445
6870 0.533991202977 0.531269333793
6875 0.535606409646 0.532876307403
6880 0.533709364425 0.530988931833
6885 0.532643838307 0.529928836933
6890 0.531066337219 0.528359376711
6895 0.527432449901 0.524744012106
6900 0.529937066577 0.527235862207
6905 0.528371472554 0.525678248357
6910 0.526815279208 0.524129987266
6915 0.52855700716 0.525862837252
6920 0.524519258013 0.521845669391
6925 0.523694901418 0.52102551472
6930 0.522448037406 0.519785006245
6935 0.522077014518 0.519415874542
6940 0.514678857562 0.512055427598
6945 0.513822355469 0.511203291283
6950 0.520490150796 0.517837099408
6955 0.516241964785 0.513610567324
6960 0.519977876951 0.517327436735
6965 0.512738020637 0.510124483541
6970 0.512858939871 0.510244786423
6975 0.510357800472 0.507756395875
6980 0.509175371288 0.50657999379
6985 0.510641374847 0.508038524811
6990 0.510600059972 0.507997420526
6995 0.510051006124 0.507451165325
7000 0.506787231653 0.504204027021
7005 0.509003882169 0.506409378788
7010 0.502964179731 0.500400462026
7015 0.503582849439 0.50101597824
7020 0.502358473914 0.499797843623
7025 0.502192215081 0.499632432247
7030 0.502176903284 0.499617198497
7035 0.501818278377 0.49926040158
7040 0.499737734645 0.497190462831
7045 0.501369728585 0.498814138144
7050 0.500838299238 0.498285417607
7055 0.499794165875 0.49724660642
7060 0.494803482491 0.492281361632
7065 0.493992566356 0.491474578913
7070 0.497829229681 0.495291685932
7075 0.492487091439 0.489976777729
7080 0.492574990497 0.490064228746
7085 0.494366401357 0.491846508396
7090 0.491165369059 0.488661792455
7095 0.492539067952 0.490028489306
7100 0.486761321639 0.484280193421
7105 0.484016103697 0.481548968453
7110 0.483455357641 0.48099108064
7115 0.487289203274 0.48480538433
7120 0.482790154971 0.480329268653
7125 0.484117910001 0.481650255827
7130 0.486077337208 0.483599695408
7135 0.484446874642 0.481977543664
7140 0.482398902769 0.479940010749
7145 0.475817512054 0.473392166812
7150 0.474505863734 0.472087204249
7155 0.473883144726 0.471467659374
7160 0.470377438228 0.467979822225
7165 0.474662944926 0.472243484764
7170 0.476576564485 0.474147350188
7175 0.471062237753 0.468661131178
7180 0.473388552386 0.470975588079
7185 0.4672715033 0.464889718921
7190 0.467506774113 0.465123790508
7195 0.468211784066 0.465825206872
7200 0.464609687027 0.462241470505
7205 0.464705785034 0.462337078679
7210 0.465866631817 0.463492008374
7215 0.466487455343 0.464109667427
7220 0.464277300319 0.461910778044
7225 0.46386158659 0.461497183298
7230 0.460913099101 0.45856372489
7235 0.461567071069 0.459214363421
7240 0.458387161043 0.456050662087
7245 0.455592034668 0.453269783079
7250 0.452673692463 0.450366316298
7255 0.454879895289 0.452561273629
7260 0.458112739626 0.455777639456
7265 0.456469097193 0.454142375025
7270 0.454925169601 0.452606317167
7275 0.451173890974 0.448874159623
7280 0.448625149355 0.446338409494
7285 0.449803842867 0.447511094949
7290 0.448804773952 0.446517118506
7295 0.446558971362 0.444282763259
7300 0.442729717502 0.440473027938
7305 0.444104315224 0.441840619036
7310 0.444596523865 0.442330318783
7315 0.443999373849 0.441736212571
7320 0.444231292591 0.441966949173
7325 0.44116147575 0.438912779855
7330 0.440234069367 0.437990100664
7335 0.439849986062 0.437607975115
7340 0.435773044391 0.433551814501
7345 0.437197317953 0.434968828232
7350 0.433778843903 0.431567778887
7355 0.437135134885 0.434906962124
7360 0.435799751509 0.433578385487
7365 0.432731833311 0.430526105135
7370 0.435207801492 0.432989452768
7375 0.433507664379 0.431297981623
7380 0.4325034435 0.430298879476
7385 0.437115686766 0.434887613136
7390 0.425390795484 0.423222486173
7395 0.429486871613 0.427297683712
7400 0.428107178082 0.425925022779
