Wave Flux FluxNorm
3600 0.0517148129962 0.0464080214997
3605 0.0354744698176 0.0318342049908
3610 0.0315178865906 0.0282836323632
3615 0.0447545641098 0.0401620087763
3620 0.0405430002326 0.0363826207124
3625 0.0605649584814 0.0543499963064
3630 0.0493249890769 0.0442634328721
3635 0.0431867574926 0.0387550849379
3640 0.0665122730106 0.0596870184195
3645 0.0483362563203 0.0433761603796
3650 0.0414635478034 0.0372087049421
3655 0.061682069341 0.0553524731942
3660 0.0701596742552 0.0629601362279
3665 0.0684889950421 0.0614608962162
3670 0.0552702450426 0.0495986076642
3675 0.0678265220656 0.0608664038773
3680 0.053858252872 0.0483315091442
3685 0.0510320654089 0.0457953350589
3690 0.0570345914151 0.0511819030421
3695 0.0615416631819 0.0552264750194
3700 0.0760763145977 0.0682696318311
3705 0.0418491641453 0.0375547506966
3710 0.0514579868106 0.0461775499103
3715 0.071645859805 0.0642938146646
3720 0.0332200106064 0.029811090423
3725 0.0511654200305 0.0459150053
3730 0.043646660911 0.0391677946915
3735 0.028517526852 0.0255911589463
3740 0.0444203457047 0.0398620866837
3745 0.0341690219246 0.0306627175509
3750 0.0358397989429 0.0321620453313
3755 0.0597741169222 0.0536403081154
3760 0.0447564582392 0.0401637085367
3765 0.0529280425384 0.0474967537103
3770 0.0648104165002 0.0581598004147
3775 0.0645562628429 0.0579317271082
3780 0.0747150588601 0.0670480633505
3785 0.0715130326478 0.0641746177612
3790 0.048294877402 0.0433390276198
3795 0.0497330811162 0.0446296479474
3800 0.0495617365063 0.0444758861163
3805 0.0679902181141 0.0610133020154
3810 0.0633976032989 0.0568919651152
3815 0.0518166778212 0.046499433316
3820 0.0444853844632 0.0399204513944
3825 0.0387788578565 0.0347995083975
3830 0.0507996397235 0.0455867600766
3835 0.0475054319164 0.0426305922422
3840 0.0501466091575 0.0450007412013
3845 0.063738328043 0.0571977258893
3850 0.0568477258564 0.0510142129672
3855 0.0560971036411 0.0503406169531
3860 0.0407005618305 0.0365240138955
3865 0.0602048882317 0.0540268751943
3870 0.0648643888617 0.058208234323
3875 0.0531369403398 0.047684215157
3880 0.0565023274831 0.0507042581553
3885 0.0553053164416 0.0496300801601
3890 0.0597732377589 0.0536395191688
3895 0.0620047414371 0.0556420338193
3900 0.0599939061316 0.0538375433323
3905 0.0670201195712 0.0601427515594
3910 0.0738702435293 0.0662899399857
3915 0.0716768803943 0.0643216520305
3920 0.051725439755 0.046417557778
3925 0.0472916014319 0.042438704287
3930 0.0293635114991 0.0263503316362
3935 0.0246733509845 0.022141458832
3940 0.0392797155938 0.0352489698824
3945 0.0512778760547 0.0460159214842
3950 0.0648855994486 0.0582272683544
3955 0.07470706632 0.0670408909766
3960 0.05656046231 0.0507564273916
3965 0.0392175482322 0.0351931819159
3970 0.0307549206123 0.0275989592595
3975 0.0557855119659 0.0500609997153
3980 0.0789266956634 0.070827516857
3985 0.0974898388177 0.0874857758101
3990 0.0997630228846 0.0895256937551
3995 0.103555193922 0.0929287255916
4000 0.123769592755 0.111068794196
4005 0.120138030937 0.107809890428
4010 0.124728266386 0.111929092125
4015 0.147436752885 0.132307313927
4020 0.136718390791 0.122688832302
4025 0.13033194825 0.116957743943
4030 0.131251233581 0.117782695459
4035 0.119731859057 0.107445398473
4040 0.150532040784 0.13508497431
4045 0.1080777848 0.0969872241633
4050 0.151706205416 0.136138650314
4055 0.1405035734 0.126085592838
4060 0.132859082721 0.119225552798
4065 0.125175422195 0.112330362383
4070 0.146628271519 0.131581796063
4075 0.126495781853 0.113515231396
4080 0.127982322871 0.114849228823
4085 0.158130729099 0.141903912063
4090 0.194938408122 0.174934517039
4095 0.171264896305 0.153690297409
4100 0.128183962329 0.115030176752
4105 0.164425152024 0.147552423534
4110 0.148187625512 0.132981134656
4115 0.152418216797 0.136777597602
4120 0.140920087966 0.12645936615
4125 0.161549514291 0.144971873591
4130 0.138484798541 0.124273977526
4135 0.142732728527 0.128085999937
4140 0.157235974543 0.14110097406
4145 0.141582617752 0.127053909468
4150 0.143311305075 0.128605205003
4155 0.152625814736 0.136963892573
4160 0.186584089265 0.167437488882
4165 0.17241161108 0.154719340363
4170 0.162475277662 0.145802638394
4175 0.127370509897 0.114300197936
4180 0.168320856562 0.151048364629
4185 0.179713676243 0.161272093384
4190 0.166204015415 0.149148746245
4195 0.167089511719 0.149943376045
4200 0.13281364817 0.119184780581
4205 0.142780989275 0.128129308338
4210 0.196021414689 0.175906389296
4215 0.15541635102 0.139468073878
4220 0.217175277121 0.194889517062
4225 0.110327367084 0.099005962257
4230 0.152863217709 0.137176934092
4235 0.157294561037 0.141153548615
4240 0.181242375277 0.162643922721
4245 0.247943948036 0.222500815617
4250 0.178673421144 0.16033858559
4255 0.163796689637 0.146988451738
4260 0.18617341502 0.167068956578
4265 0.26840337687 0.24086077011
4270 0.187510253049 0.16826861301
4275 0.169045249604 0.151698423015
4280 0.230698519767 0.207025052302
4285 0.199586002046 0.179105191285
4290 0.135975908848 0.122022541234
4295 0.200873934217 0.180260960405
4300 0.155595057677 0.139628442288
4305 0.16936468119 0.151985075659
4310 0.201793731942 0.181086371735
4315 0.271151754145 0.243327118614
4320 0.305891682137 0.274502157868
4325 0.220182094065 0.19758778507
4330 0.302579813128 0.271530141161
4335 0.349677654907 0.313794968727
4340 0.205031590583 0.183991972756
4345 0.294772786495 0.264524244034
4350 0.317595808106 0.285005247759
4355 0.33849410352 0.303759033892
4360 0.313562873671 0.281386158814
4365 0.388778809164 0.348883700607
4370 0.325990331807 0.29253835508
4375 0.258069265272 0.231587108553
4380 0.317731796115 0.285127281158
4385 0.201864019396 0.181149446539
4390 0.251954847197 0.22610013047
4395 0.308361842066 0.276718838707
4400 0.31509791507 0.282763679685
4405 0.218926507074 0.196461041982
4410 0.294116320628 0.263935142376
4415 0.279720830257 0.251016866394
4420 0.310794127747 0.27890153182
4425 0.325134334071 0.291770196809
4430 0.307589254881 0.27602553169
4435 0.265652676231 0.238392336657
4440 0.355762912328 0.31925577852
4445 0.314431370798 0.282165533833
4450 0.359759727055 0.322842454233
4455 0.274968142355 0.246751882542
4460 0.246105557535 0.220851074258
4465 0.306033940745 0.274629818399
4470 0.30444452883 0.273203506323
4475 0.418720274128 0.375752678164
4480 0.363735117799 0.326409904416
4485 0.434990838295 0.39035361449
4490 0.365544846306 0.328033924974
4495 0.335693936858 0.301246210445
4500 0.425328678547 0.381682951456
4505 0.522211382863 0.468623894764
4510 0.469456061936 0.421282138583
4515 0.422858961951 0.379466668457
4520 0.463395851139 0.415843805218
4525 0.371933190727 0.333766720048
4530 0.329730276887 0.295894520202
4535 0.338321681584 0.303604305287
4540 0.398751348969 0.357832893591
4545 0.398078413579 0.357229012455
4550 0.403040926745 0.361682290043
4555 0.363406903257 0.326115370092
4560 0.470843683751 0.422527367548
4565 0.418069048561 0.375168279065
4570 0.479289873997 0.430106839575
4575 0.474215625907 0.425553292906
4580 0.411083179483 0.368899275203
4585 0.457932154374 0.410940773722
4590 0.476987163773 0.428040425343
4595 0.416353339228 0.373628629765
4600 0.442841636023 0.397398791077
4605 0.423617442161 0.380147316106
4610 0.587635351616 0.527334286866
4615 0.562993817245 0.505221379739
4620 0.582547010577 0.522768093417
4625 0.561393162632 0.50378497865
4630 0.540072662352 0.484652312823
4635 0.480086811602 0.430821998257
4640 0.448192029779 0.402200146319
4645 0.441620460591 0.396302928356
4650 0.465963331671 0.418147819965
4655 0.458036391853 0.411034314719
4660 0.608451674719 0.546014512397
4665 0.482678325365 0.433147580029
4670 0.440152204726 0.394985339724
4675 0.516683997748 0.463663710391
4680 0.484410194516 0.434701730883
4685 0.51289093788 0.460259880933
4690 0.499620095936 0.448350845928
4695 0.604520539071 0.542486776008
4700 0.526495707164 0.472468576833
4705 0.523108749342 0.469429176663
4710 0.51130963306 0.458840844029
4715 0.52002176928 0.466658971595
4720 0.624231892258 0.560175419735
4725 0.619293410388 0.555743707436
4730 0.479047452432 0.429889294455
4735 0.575653946707 0.51658237142
4740 0.583390030029 0.523524605189
4745 0.575217762841 0.516190947203
4750 0.636438679382 0.571129589468
4755 0.588060385779 0.527715705524
4760 0.552073607801 0.495421763627
4765 0.483319776766 0.433723207952
4770 0.56335139215 0.505542261569
4775 0.613700453809 0.550724680312
4780 0.591702627867 0.53098419359
4785 0.507418507699 0.455349012213
4790 0.521741025234 0.468201803574
4795 0.640142868192 0.574453667503
4800 0.551129288282 0.494574346843
4805 0.574813788166 0.515828426982
4810 0.556230586893 0.499152168203
4815 0.57385627545 0.51496917084
4820 0.6487590972 0.582185729515
4825 0.596085732363 0.53491751938
4830 0.568214991966 0.509906775946
4835 0.617547426501 0.55417689025
4840 0.57395389569 0.515056773635
4845 0.609443597971 0.546904647988
4850 0.572169711173 0.513455675833
4855 0.565520529277 0.507488809504
4860 0.494195587643 0.443482981521
4865 0.517632247367 0.464514653982
4870 0.549088626548 0.49274309061
4875 0.543193427575 0.487452836138
4880 0.609391504677 0.546857900324
4885 0.548768205848 0.49245555035
4890 0.540500132107 0.485035917141
4895 0.745615567246 0.66910313062
4900 0.694132809951 0.622903352085
4905 0.706056509922 0.63360348407
4910 0.620056970001 0.556428913258
4915 0.703661059462 0.631453846277
4920 0.54583827337 0.489826277198
4925 0.630379067475 0.565691793538
4930 0.793927934219 0.712457853094
4935 0.649352446524 0.582718191427
4940 0.60086217467 0.539203820044
4945 0.740282094462 0.66431695998
4950 0.818121795995 0.734169026206
4955 0.68690763828 0.616419602018
4960 0.627537817653 0.56314210274
4965 0.610710881765 0.548041887594
4970 0.655109752405 0.587884702908
4975 0.740535402137 0.664544274116
4980 0.618850166047 0.555345947264
4985 0.577262460163 0.518025824905
4990 0.645158472992 0.578954588649
4995 0.665447444878 0.597161577884
5000 0.5937726201 0.532841770529
5005 0.573957706183 0.515060193109
5010 0.619753450459 0.55615653982
5015 0.507901258043 0.455782224422
5020 0.601544250425 0.539815903593
5025 0.638916023505 0.573352717285
5030 0.742124054304 0.665969904407
5035 0.719900467331 0.646026823455
5040 0.492245294214 0.441732820317
5045 0.791132349917 0.70994914178
5050 0.685933080833 0.615545050215
5055 0.81763475949 0.733731967668
5060 0.837787645671 0.751816835832
5065 0.69646066799 0.624992333552
5070 0.74184422218 0.665718787668
5075 0.753126164782 0.675843017159
5080 0.593156114637 0.53228852868
5085 0.696341922829 0.624885773601
5090 0.795645263764 0.713998956344
5095 0.82805108235 0.743079404257
5100 0.738883667236 0.663062034418
5105 0.759705706144 0.681747389219
5110 0.642969793226 0.576990503472
5115 0.788065366425 0.707196881304
5120 0.819174716792 0.735113899989
5125 0.639224466071 0.573629508565
5130 0.688736380581 0.618060685242
5135 0.820568138655 0.736364333821
5140 0.747572679638 0.67085941105
5145 0.656395898947 0.589038869634
5150 0.652443007674 0.585491610105
5155 0.737402223129 0.661732610874
5160 0.86165641023 0.773236272055
5165 0.628171111627 0.563710410322
5170 0.465388894576 0.417632329576
5175 0.562964844258 0.505195379857
5180 0.677785779435 0.608233796117
5185 0.613951811244 0.550950244334
5190 0.720687486937 0.646733081888
5195 0.623584280278 0.55959426341
5200 0.775449295091 0.695875426661
5205 0.567290330325 0.509076999818
5210 0.581815500818 0.522111648606
5215 0.772291724777 0.693041875064
5220 0.786908415278 0.706158652399
5225 0.589502311565 0.529009665977
5230 0.840367861253 0.754132278802
5235 0.818773666805 0.734754004335
5240 0.885048463244 0.794227915191
5245 0.858429411676 0.770340416698
5250 0.60562860383 0.543481135074
5255 0.757698493769 0.67994614989
5260 0.902713709928 0.810080416638
5265 0.626438503378 0.562155596213
5270 0.612945112434 0.550046849402
5275 0.823176976605 0.738705462033
5280 0.948182845557 0.850883670128
5285 0.937637324836 0.841420293505
5290 1.00509002916 0.901951239498
5295 0.879609764416 0.789347316431
5300 0.807595096866 0.72472253977
5305 1.02779287149 0.922324396318
5310 1.05035627873 0.942572426383
5315 1.01637076351 0.912074384727
5320 0.964370990025 0.865410644373
5325 0.900950520424 0.808498159416
5330 0.758572016915 0.680730035176
5335 1.01744267807 0.913036303197
5340 0.90041671118 0.808019127791
5345 0.951991512384 0.854301505014
5350 0.925168318695 0.830230812745
5355 1.17230523088 1.05200740768
5360 1.13936316576 1.02244574096
5365 1.01505970975 0.910897866668
5370 0.869536145777 0.780307416966
5375 1.0811582825 0.970213637293
5380 1.08393153516 0.972702308551
5385 0.980566773121 0.879944473398
5390 0.895037530422 0.803191939567
5395 0.841655225237 0.755287538039
5400 0.943300290443 0.846502145579
5405 0.814410052198 0.73083816845
5410 0.833607402366 0.748065554334
5415 1.05885128289 0.950195703208
5420 1.03765057714 0.931170539021
5425 1.02210237815 0.917217841307
5430 0.908650993477 0.815408437115
5435 0.818483758612 0.734493845497
5440 1.11397619745 0.999663893692
5445 1.03645396596 0.930096719857
5450 0.926238103919 0.831190820387
5455 0.82469318251 0.740066080242
5460 0.929333897093 0.833968934197
5465 0.962082398745 0.863356900249
5470 0.925097029017 0.830166838562
5475 0.821981754698 0.737632889577
5480 0.887170322065 0.796132036352
5485 0.952629237646 0.854873789162
5490 0.929090101375 0.833750155934
5495 0.943884455326 0.847026365524
5500 0.947079002911 0.849893099916
5505 0.889642594698 0.798350613097
5510 0.914165501803 0.820357066069
5515 0.84619091601 0.759357792242
5520 1.04842786816 0.94084190249
5525 1.01260207861 0.908692428959
5530 0.987697925978 0.88634385253
5535 0.963802035861 0.864900074277
5540 1.07371728492 0.963536208603
5545 1.01454124545 0.910432605349
5550 1.11435073776 1.0
5555 1.04643754902 0.939055822871
5560 1.02789209709 0.922413439735
5565 0.99701712714 0.894706750176
5570 1.00538212716 0.902213363435
5575 1.05608291488 0.947711415351
5580 1.06764871867 0.958090377196
5585 0.974115074538 0.874154825341
5590 0.874593174972 0.784845511681
5595 1.009941884 0.906305214126
5600 0.936100552692 0.840041219492
5605 1.01110449573 0.907348522747
5610 1.08198660453 0.97095695984
5615 0.97022231618 0.8706615281
5620 0.974241933078 0.874268666107
5625 0.904318888072 0.81152087707
5630 1.02306875734 0.918085054074
5635 1.01224398045 0.908371077567
5640 0.926163180523 0.831123585365
5645 0.98306319446 0.882184720795
5650 1.0285693072 0.923021156936
5655 1.04663348073 0.939231648764
5660 0.929225025018 0.83387123419
5665 0.992700804559 0.890833353377
5670 0.957329379134 0.859091618727
5675 1.10855634262 0.994800205225
5680 1.0560505732 0.947682392455
5685 1.03326263591 0.927232872828
5690 1.05441753503 0.946216930895
5695 1.10402922926 0.990737648249
5700 0.972468669101 0.872677368217
5705 0.979053332586 0.878586336787
5710 0.888676854863 0.797483974074
5715 1.07492178666 0.964617108627
5720 1.12988093031 1.01393653903
5725 1.12432295848 1.00894890664
5730 1.06275196603 0.953696112019
5735 1.12160384017 1.00650881465
5740 1.09283301024 0.980690345695
5745 1.12783158407 1.01209748946
5750 1.11191347903 0.997812844152
5755 1.08444329592 0.973161554231
5760 1.08762463953 0.976016439598
5765 1.15582642876 1.03721960205
5770 1.15595744341 1.03733717244
5775 1.14290332105 1.02562261802
5780 1.03929733808 0.932648315169
5785 0.958358601302 0.86001522575
5790 1.08832435248 0.97664435047
5795 1.18993116095 1.06782462704
5800 1.22109451912 1.09579011144
5805 1.16842601316 1.04852626158
5810 1.20287459985 1.07943985595
5815 1.14525528803 1.02773323445
5820 1.22992188868 1.10371164751
5825 1.21314680253 1.08865796147
5830 1.26079016121 1.13141232692
5835 1.19293649177 1.07052156143
5840 1.23296321055 1.10644087967
5845 1.2267727369 1.10088565057
5850 1.11765117566 1.00296175861
5855 1.03724593245 0.930807417542
5860 1.07288757633 0.962791641782
5865 1.05412400223 0.945953519399
5870 1.12185542298 1.00673458092
5875 1.11480918028 1.00041139876
5880 0.984794310716 0.883738196013
5885 1.02065982144 0.915923314671
5890 0.64362119885 0.577575064151
5895 0.698172838617 0.626528807276
5900 0.921467000085 0.826909310381
5905 1.00098123536 0.898264075613
5910 1.05157698867 0.943667871374
5915 0.957291505159 0.859057631246
5920 1.00701463249 0.903678346829
5925 1.03102270116 0.925222792273
5930 1.0420138983 0.935086111567
5935 0.980198980774 0.879614422603
5940 1.01103021478 0.907281864248
5945 1.06937861269 0.959642755603
5950 1.03820158802 0.931665007112
5955 0.984468025694 0.883445393208
5960 1.08568328366 0.974274298806
5965 1.1021250007 0.989028824906
5970 1.16952945635 1.04951647333
5975 1.12665713099 1.01104355461
5980 1.10574048352 0.992273299646
5985 1.08639532837 0.974913276002
5990 1.1754248688 1.05480691937
5995 1.24374634375 1.11611748582
6000 1.20242289271 1.0790345014
6005 1.15988090024 1.04085801798
6010 1.14390610234 1.02652249743
6015 1.12810184098 1.01234001356
6020 1.14048454834 1.02345205122
6025 1.20239782366 1.07901200485
6030 1.24663641882 1.11871099159
6035 1.29825267962 1.16503057397
6040 1.28121247316 1.14973897333
6045 1.35903840844 1.21957868594
6050 1.33578534398 1.19871176885
6055 1.28207591233 1.15051380942
6060 1.28643523766 1.15442579618
6065 1.18453057562 1.06297823072
6070 1.40952408041 1.26488369653
6075 1.39004300241 1.24740169796
6080 1.26364099218 1.13397061568
6085 1.24546765268 1.11766216011
6090 1.21436442965 1.08975063999
6095 1.31148665541 1.17690652589
6100 1.31568203356 1.18067138916
6105 1.24056406653 1.11326176265
6110 1.29897064689 1.16567486597
6115 1.35925532951 1.21977334734
6120 1.18548399758 1.06383381588
6125 1.25475112481 1.12599299511
6130 1.27877007449 1.14754720499
6135 1.08013450119 0.969294912799
6140 1.17166800576 1.05143557235
6145 1.33424973832 1.19733374162
6150 1.20824537895 1.08425950467
6155 1.26472281266 1.13494142356
6160 1.05149422271 0.94359359857
6165 1.04033579103 0.933580205739
6170 1.05268624486 0.944663299611
6175 1.11099488772 0.996988515437
6180 1.17885266473 1.05788296698
6185 1.16008662503 1.04104263201
6190 0.979875736811 0.879324348794
6195 1.1324765393 1.01626579579
6200 1.05742712185 0.948917684547
6205 1.17805538824 1.05716750419
6210 1.13670790209 1.02006295107
6215 0.936090600439 0.840032288504
6220 0.95893302736 0.860530706235
6225 1.0018199491 0.899016723509
6230 0.925744778138 0.830748117955
6235 1.09000744464 0.978154729656
6240 0.947759455818 0.850503727149
6245 0.968740563565 0.869331827706
6250 1.06488058305 0.955606297882
6255 0.929627767483 0.834232648645
6260 0.95775564689 0.859474144391
6265 1.08516442678 0.973808685185
6270 1.09500453395 0.98263903531
6275 1.10731688015 0.993687932021
6280 1.0403060333 0.93355350165
6285 1.16923905455 1.04925587153
6290 1.27245056909 1.14187618492
6295 1.13012670519 1.01415709335
6300 1.13751272925 1.02078518971
6305 1.20109891846 1.07784638871
6310 1.28945594671 1.15713653073
6315 1.21823483064 1.09322387409
6320 1.22364377425 1.09807777101
6325 1.32011226431 1.18464700527
6330 1.38181639087 1.24001927225
6335 1.27278886968 1.14217977029
6340 1.40188854894 1.25803169633
6345 1.3204117212 1.18491573295
6350 1.43948932556 1.29177401404
6355 1.29752567727 1.16437817403
6360 1.16377173407 1.04434958818
6365 1.29437339411 1.16154936704
6370 1.49343905573 1.3401876134
6375 1.5473812697 1.38859446785
6380 1.45545661116 1.30610279317
6385 1.51345583862 1.35815034471
6390 1.483169727 1.33097208692
6395 1.44501568068 1.2967332741
6400 1.43554510573 1.28823453612
6405 1.63670497744 1.46875209211
6410 1.54145907265 1.38327998575
6415 1.53840462174 1.38053897181
6420 1.4457809775 1.29742003887
6425 1.62620907863 1.45933324538
6430 1.45297054372 1.30387183719
6435 1.59420694946 1.4306150617
6440 1.62164740026 1.45523967033
6445 1.73753684822 1.55923695237
6450 1.44460448334 1.29636427238
6455 1.62320383948 1.45663639326
6460 1.74153024041 1.56282055675
6465 1.62079186199 1.45447192438
6470 1.66219335116 1.49162493893
6475 1.60433245992 1.43970152803
6480 1.5851357753 1.42247473941
6485 1.56375906164 1.40329162861
6490 1.56767144791 1.40680253962
6495 1.14427665551 1.02685502574
6500 1.32806229913 1.19178123559
6505 1.58875166187 1.42571957646
6510 1.60229652041 1.43787450945
6515 1.58252280276 1.42012990088
6520 1.63014065231 1.46286137485
6525 1.68326825663 1.51053721202
6530 1.6391128948 1.4709129175
6535 1.69127535351 1.5177226489
6540 1.74190124637 1.5631534914
6545 1.56203309285 1.40174277264
6550 1.57162857703 1.41035360212
6555 1.47040009259 1.3195128273
6560 1.48714800608 1.33454212905
6565 1.41204534355 1.26714623655
6570 1.59112024839 1.42784510699
6575 1.44566148299 1.29731280646
6580 1.61318413156 1.44764487239
6585 1.65571414257 1.48581060384
6590 1.65374933547 1.48404741831
6595 1.49833424702 1.34458047744
6600 1.619986676 1.45374936373
6605 1.56537313889 1.40474007495
6610 1.49986136526 1.34595088821
6615 1.63419994138 1.46650411401
6620 1.67641002286 1.50438274598
6625 1.50370748486 1.34940233259
6630 1.54512424451 1.38656905061
6635 1.51799906748 1.36222736347
6640 1.57055996712 1.40939464919
6645 1.48349652975 1.33126535432
6650 1.488361139 1.33563077455
6655 1.48762778589 1.33497267555
6660 1.4599992098 1.31017924637
6665 1.37858121097 1.23711607509
6670 1.49331960578 1.34008042098
6675 1.45773115413 1.30814393057
6680 1.36326771864 1.22337399926
6685 1.44862334649 1.29997073399
6690 1.45159624943 1.30263856813
6695 1.4221041525 1.27617284604
6700 1.4500439368 1.30124554833
6705 1.41361220745 1.26855231441
6710 1.39689712856 1.25355247789
6715 1.30252128967 1.16886115433
6720 1.35979323116 1.22025605143
6725 1.3674226005 1.22710252182
6730 1.4107533368 1.26598681097
6735 1.39668753766 1.25336439447
6740 1.30131230858 1.16777623461
6745 1.3479681405 1.20964440981
6750 1.31960654171 1.18419317814
6755 1.38702097886 1.2446897838
6760 1.50591418434 1.35138258836
6765 1.44585465167 1.29748615286
6770 1.41301749814 1.26801863206
6775 1.54432841212 1.38585488374
6780 1.58968931607 1.4265610119
6785 1.4152188116 1.26999405451
6790 1.49154537515 1.33848825563
6795 1.47982893636 1.32797411641
6800 1.55321110223 1.39382606355
6805 1.54245536552 1.38417404256
6810 1.51655256366 1.36092929476
6815 1.50353387551 1.34924653842
6820 1.55617090939 1.39648214576
6825 1.60988631551 1.44468546657
6830 1.54474680634 1.38623034382
6835 1.61283691661 1.44733328741
6840 1.54479619609 1.38627466536
6845 1.61904897305 1.45290788455
6850 1.64478408405 1.47600214933
6855 1.59091334297 1.42765943348
6860 1.59913867171 1.43504070803
6865 1.76479144014 1.5836947743
6870 1.79078796639 1.60702362883
6875 1.75391913676 1.57393814831
6880 1.84570047405 1.65630120886
6885 1.87286733049 1.68068029842
6890 1.99281156733 1.78831628122
6895 1.98750279532 1.78355227665
6900 1.95014696608 1.7500297707
6905 2.08541251469 1.87141484635
6910 2.05740001931 1.84627689433
6915 1.97650424017 1.77368235439
6920 2.12519525249 1.90711522008
6925 1.96020521801 1.75905588033
6930 2.03737183783 1.82830393411
6935 2.03805226777 1.82891454073
6940 2.10185461784 1.88616971894
6945 1.91088684411 1.71479838381
6950 2.01763509627 1.81059250727
6955 1.95360813852 1.75313576984
6960 2.10176503143 1.88608932557
6965 2.1246274047 1.90660564282
6970 2.11368374968 1.89678498703
6975 2.05790687014 1.84673173392
6980 1.86821755471 1.67650766621
6985 2.16431028372 1.94221640492
6990 2.05898374989 1.84769810807
6995 2.11502305426 1.89798685691
7000 1.99159003623 1.78722009933
7005 2.03172187194 1.82323374777
7010 2.05531695031 1.84440758252
7015 1.90314304152 1.7078492229
7020 2.0521516065 1.84156705511
7025 1.93806924841 1.73919142576
7030 2.03746974311 1.8283917927
7035 2.06841279809 1.85615958064
7040 2.04953345784 1.83921757162
7045 2.10703407447 1.89081767801
7050 2.13350395388 1.91457131187
7055 1.78484810162 1.60169329201
7060 1.77117126586 1.58941992484
7065 1.70471482428 1.52978300863
7070 1.76103698983 1.58032559243
7075 1.8574866904 1.66687796531
7080 1.91758879231 1.72081260175
7085 1.64149071939 1.47304673813
7090 1.52879926633 1.37191928404
7095 1.55461830311 1.39508886245
7100 1.58871241006 1.42568435253
7105 1.57284161137 1.41144215916
7110 1.53755568867 1.37977715325
7115 1.6053919418 1.44065228962
7120 1.60571566144 1.44094279029
7125 1.47674003254 1.32520218501
7130 1.35582898837 1.21669860523
7135 1.4745935688 1.32327598379
7140 1.46291518312 1.31279599281
7145 1.52115615757 1.36506048412
7150 1.46309092859 1.3129537039
7155 1.57865880776 1.4166624154
7160 1.55102404245 1.39186343212
7165 1.52730398894 1.37057744675
7170 1.59815931688 1.43416185113
7175 1.64589082329 1.4769953189
7180 1.56837602694 1.40743481724
7185 1.66761081922 1.49648648555
7190 1.52910599679 1.37219453891
7195 1.65846060697 1.48827523577
7200 1.60577352001 1.44099471162
7205 1.68178307115 1.50920443102
7210 1.65753286581 1.48744269613
7215 1.68628255676 1.51324219531
7220 1.79604207273 1.61173857733
7225 1.84709470326 1.65755236719
7230 1.89250009658 1.69829841938
7235 1.91148646252 1.71533647149
7240 1.88488838163 1.69146779174
7245 1.83545372393 1.64710594405
7250 1.97664048346 1.77380461687
7255 1.93482770605 1.73628251903
7260 1.91986377621 1.72285413483
7265 1.98352675577 1.77998424423
7270 2.05443440369 1.84361559972
7275 2.07803530927 1.8647946637
7280 2.02651052525 1.81855717107
7285 2.00859619792 1.80248114876
7290 1.91689447263 1.7201895307
7295 2.1388717885 1.91938831825
7300 2.11296795223 1.89614264219
7305 2.18328952196 1.95924806075
7310 2.18434736326 1.96019735012
7315 2.20231648606 1.97632254498
7320 2.20020463132 1.97442740132
7325 2.10177075091 1.88609445813
7330 2.30091044149 2.06479913686
7335 2.33735655831 2.09750528186
7340 2.45737076435 2.20520405388
7345 2.25746828779 2.02581486357
7350 2.40532470873 2.15849878069
7355 2.18686622068 1.96245773128
7360 2.44365032709 2.19289155944
7365 2.35046929273 2.10927243378
7370 2.54583746075 2.28459261028
7375 2.63994537096 2.36904349906
7380 2.69647811853 2.41977505569
7385 2.50388891092 2.2469486725
7390 2.42270767206 2.17409796572
7395 2.66779197546 2.39403258333
7400 2.52362443336 2.26465900532
