Wave Flux FluxNorm
3600 0.758543786383 0.75063763146
3605 0.72745236954 0.719870274431
3610 0.721042513695 0.713527227272
3615 0.723562435554 0.716020884474
3620 0.721435942632 0.713916555575
3625 0.742980662816 0.735236719315
3630 0.709442243354 0.702047864301
3635 0.734739676414 0.727081627117
3640 0.723979474228 0.716433576434
3645 0.700320557637 0.693021252147
3650 0.702654598498 0.695330965753
3655 0.723848792728 0.716304257002
3660 0.702014957254 0.694697991365
3665 0.698118960146 0.69084260148
3670 0.696718089845 0.689456332179
3675 0.684336208573 0.677203504857
3680 0.664384796787 0.65746004277
3685 0.663908571323 0.656988780912
3690 0.716957397947 0.709484689894
3695 0.754286191527 0.74642441269
3700 0.820566120613 0.812013518917
3705 0.686895965094 0.679736581531
3710 0.763118406138 0.755164570839
3715 0.890301121804 0.881021685702
3720 0.793836497908 0.785562493891
3725 0.918338764197 0.90876709718
3730 1.05720633771 1.04618728088
3735 0.614784761831 0.608376979368
3740 1.15034757108 1.13835772122
3745 1.054926728 1.0439314311
3750 0.589342613349 0.583200009471
3755 1.09244874256 1.08106236097
3760 1.22550055262 1.21272739779
3765 1.12215205791 1.11045608442
3770 0.616382706892 0.609958269358
3775 1.00282132711 0.992369114703
3780 1.49049664186 1.47496148413
3785 1.55805894248 1.54181959599
3790 1.33885918487 1.32490451499
3795 0.815932881976 0.807428571628
3800 0.692893985814 0.685672086044
3805 1.25988428023 1.24675275047
3810 1.59523267966 1.5786058785
3815 1.53188831707 1.51592174194
3820 1.59157630541 1.57498761394
3825 1.34536292657 1.33134046944
3830 1.00325399059 0.992797268623
3835 0.516939382915 0.511551423881
3840 0.889286229537 0.88001737146
3845 1.36043270881 1.34625318226
3850 1.55507778892 1.53886951441
3855 1.62555759326 1.6086147214
3860 1.63916668331 1.62208196655
3865 1.66948828306 1.65208753014
3870 1.69191710468 1.6742825805
3875 1.55909629288 1.54284613428
3880 1.29506006769 1.28156190751
3885 0.870641070512 0.861566547315
3890 0.550409321464 0.544672511744
3895 1.04032650318 1.0294833816
3900 1.32573099105 1.31191315378
3905 1.50216414362 1.48650737778
3910 1.70980295759 1.69198201262
3915 1.63314120279 1.61611928845
3920 1.69132665344 1.67369828342
3925 1.72627111906 1.70827852964
3930 1.38786416201 1.37339872274
3935 0.923457206641 0.91383219109
3940 1.66298001733 1.6456470988
3945 1.68039190249 1.66287750326
3950 1.64592501537 1.62876985782
3955 1.59133858766 1.57475237388
3960 1.39410856487 1.3795780414
3965 0.938583814633 0.928801137377
3970 0.424937486509 0.420508445415
3975 0.98559100801 0.975318383885
3980 1.40735785774 1.39268923946
3985 1.62014432321 1.60325787282
3990 1.76040733733 1.74205895272
3995 1.81435580526 1.79544512622
4000 1.80970940027 1.79084714981
4005 1.76673855178 1.74832417814
4010 1.84985605922 1.83057536791
4015 1.84468061851 1.82545386982
4020 1.91466150485 1.89470535894
4025 1.82711014558 1.80806653052
4030 1.81294716341 1.79405116638
4035 1.855734241 1.83639228254
4040 1.92508419039 1.90501941084
4045 1.84220494743 1.82300400218
4050 1.89567647078 1.8759182022
4055 1.84456619076 1.82534063472
4060 1.90143674024 1.88161843349
4065 1.83360056443 1.81448930099
4070 1.83907589423 1.8199075625
4075 1.80005685416 1.78129521032
4080 1.79106743424 1.77239948538
4085 1.72720681779 1.70920447577
4090 1.60734876862 1.59059568382
4095 1.27446319383 1.26117971088
4100 0.718228714134 0.710742755399
4105 0.885237304212 0.876010647299
4110 1.35675393598 1.34261275257
4115 1.6621630647 1.64483866111
4120 1.75300033337 1.73472915053
4125 1.80322274972 1.78442810837
4130 1.75187958521 1.73362008371
4135 1.85784099551 1.83847707876
4140 1.92195332137 1.90192117427
4145 1.84784527188 1.82858553861
4150 1.88171270638 1.86209997941
4155 1.84842297738 1.82915722281
4160 1.86196374338 1.84255685602
4165 1.86984172509 1.85035272705
4170 1.83777738491 1.81862258728
4175 1.74492059265 1.72673362338
4180 1.76070247899 1.74235101817
4185 1.82364403924 1.80463655073
4190 1.83821241854 1.81905308664
4195 1.85776703864 1.83840389272
4200 1.77976031195 1.76121021503
4205 1.79826848374 1.77952547973
4210 1.82092718592 1.80194801466
4215 1.78366443656 1.76507364771
4220 1.81300912128 1.79411247847
4225 1.71222688589 1.69438067679
4230 1.79136146289 1.77269044943
4235 1.72062512898 1.70269138662
4240 1.76988576866 1.75143859219
4245 1.74180741095 1.72365288977
4250 1.70747903444 1.68968231127
4255 1.74653095699 1.7283272032
4260 1.69397205208 1.67631610957
4265 1.77725813116 1.75873411399
4270 1.6833919104 1.66584624266
4275 1.6664038614 1.64903525681
4280 1.73701062409 1.71890609889
4285 1.69288446194 1.67523985518
4290 1.60060583883 1.58392303428
4295 1.63122613346 1.61422417951
4300 1.54130103818 1.52523635607
4305 1.5939478896 1.57733447956
4310 1.60537778691 1.58864524527
4315 1.48402551476 1.46855780434
4320 1.53253848943 1.51656513767
4325 1.42855666588 1.41366709652
4330 1.32078365453 1.3070173824
4335 1.02655807127 1.01585845539
4340 0.561142038281 0.555293363533
4345 0.926221088534 0.916567265578
4350 1.23247756761 1.21963169271
4355 1.44396686934 1.42891668242
4360 1.55160608843 1.53543399878
4365 1.60842169043 1.59165742278
4370 1.57176174181 1.55537957369
4375 1.55216678033 1.5359888467
4380 1.63899537986 1.62191244856
4385 1.4865766864 1.47108238562
4390 1.6043006127 1.58757929823
4395 1.5290642945 1.51312715361
4400 1.54589115694 1.52977863292
4405 1.59879223744 1.5821283357
4410 1.6030740193 1.58636548938
4415 1.51122027379 1.49546911766
4420 1.57552773331 1.55910631299
4425 1.61323337864 1.59641895968
4430 1.61086973828 1.59407995509
4435 1.59144025727 1.5748529838
4440 1.61495187033 1.59811953987
4445 1.54155043106 1.52548314959
4450 1.57933121496 1.56287015169
4455 1.57490190053 1.55848700315
4460 1.58565554448 1.56912856395
4465 1.56637320264 1.55004719822
4470 1.52807483937 1.51214801137
4475 1.59380638298 1.57719444784
4480 1.48227950378 1.4668299917
4485 1.58342488173 1.56692115097
4490 1.52632506822 1.51041647775
4495 1.58255690729 1.56606222325
4500 1.55839807704 1.54215519581
4505 1.59803987446 1.58138381446
4510 1.58314069476 1.56663992602
4515 1.55496713402 1.53876001284
4520 1.52570312702 1.50980101892
4525 1.54392976297 1.52783768218
4530 1.52301657099 1.50714246434
4535 1.50558248762 1.48989009305
4540 1.55686971441 1.54064276301
4545 1.54878427635 1.5326415979
4550 1.43198927519 1.41706392841
4555 1.44935759775 1.43425122431
4560 1.52048111355 1.50463343348
4565 1.50179478569 1.4861418696
4570 1.52937765394 1.51343724696
4575 1.5146173842 1.49883082065
4580 1.49998714832 1.48435307288
4585 1.4529537791 1.43780992336
4590 1.46337692843 1.44812443422
4595 1.52030940498 1.5044635146
4600 1.52455552307 1.50866537623
4605 1.53158896128 1.51562550627
4610 1.5353976297 1.51939447768
4615 1.51114648878 1.4953961017
4620 1.46520932649 1.44993773356
4625 1.51682948503 1.50101986519
4630 1.47329741895 1.45794152539
4635 1.47204135659 1.45669855473
4640 1.51880608876 1.50297586716
4645 1.51128308193 1.49553127117
4650 1.50770009157 1.49198562563
4655 1.48836831204 1.47285533748
4660 1.50757203785 1.49185890658
4665 1.47004852288 1.45472649194
4670 1.45948854003 1.44427657375
4675 1.51328728592 1.49751458573
4680 1.50260646138 1.48694508535
4685 1.51338072589 1.49760705179
4690 1.51208211156 1.49632197267
4695 1.50608984357 1.49039216093
4700 1.49089581363 1.47535649542
4705 1.48005254327 1.46462624236
4710 1.48467890094 1.4692043804
4715 1.48527626932 1.46979552253
4720 1.49034775989 1.47481415394
4725 1.49167008673 1.47612269841
4730 1.45369479435 1.43854321515
4735 1.46238853454 1.44714634217
4740 1.4610069185 1.44577912645
4745 1.46302142199 1.44777263316
4750 1.45634286206 1.44116368256
4755 1.43272117667 1.41778820142
4760 1.42007290563 1.40527176087
4765 1.37696792105 1.36261605119
4770 1.39193717266 1.37742928119
4775 1.3869374436 1.37248166333
4780 1.36500507899 1.35077789551
4785 1.38446023661 1.3700302758
4790 1.39608383232 1.38153272102
4795 1.40175304739 1.38714284696
4800 1.38038383028 1.36599635706
4805 1.35077011364 1.33669129845
4810 1.36642016854 1.35217823586
4815 1.36980786484 1.35553062285
4820 1.36544155322 1.35120982046
4825 1.31089435121 1.29723115336
4830 1.33593846635 1.32201423854
4835 1.30388731776 1.29029715287
4840 1.27938535392 1.26605056825
4845 1.21561633393 1.20294620039
4850 1.09350180462 1.08210444717
4855 0.900880760334 0.891491054709
4860 0.561244709161 0.555394964295
4865 0.728851840592 0.721255159068
4870 0.993797784696 0.983439622928
4875 1.11397138637 1.10236067844
4880 1.22173241283 1.20899853259
4885 1.23968359601 1.22676261407
4890 1.24607495117 1.23308735338
4895 1.29458212215 1.28108894351
4900 1.29446842228 1.28097642871
4905 1.30172525498 1.28815762484
4910 1.2911625957 1.27770505812
4915 1.31220024946 1.29852344049
4920 1.25219007416 1.23913873962
4925 1.24730505386 1.23430463494
4930 1.30361668093 1.29002933683
4935 1.27532964711 1.26203713329
4940 1.29615259018 1.28264304286
4945 1.30712244324 1.29349855926
4950 1.30155587585 1.28799001112
4955 1.27684670658 1.26353838074
4960 1.28098543079 1.26763396783
4965 1.29057007045 1.27711870865
4970 1.28500335406 1.27161001306
4975 1.29784466183 1.28431747837
4980 1.27268082203 1.25941591639
4985 1.25112453456 1.23808430593
4990 1.27045314501 1.25721145802
4995 1.27233390132 1.25907261157
5000 1.25416649556 1.24109456116
5005 1.23712168494 1.2242274053
5010 1.25699633544 1.24389490617
5015 1.22785428091 1.21505659363
5020 1.18027456859 1.16797279543
5025 1.25833578133 1.24522039128
5030 1.24502294831 1.23204631533
5035 1.25139854186 1.2383554573
5040 1.21578356231 1.20311168579
5045 1.25617421413 1.24308135368
5050 1.2354882677 1.22261101285
5055 1.22995627844 1.21713668245
5060 1.25412621525 1.24105470068
5065 1.24744665217 1.2344447574
5070 1.23663590068 1.22374668428
5075 1.23129080361 1.21845729812
5080 1.22504837372 1.21227993186
5085 1.23998142123 1.22705733512
5090 1.24171816161 1.22877597378
5095 1.23495961907 1.22208787422
5100 1.21020963361 1.19759585307
5105 1.23770949732 1.22480909103
5110 1.23419504248 1.22133126667
5115 1.23639059455 1.22350393492
5120 1.22504824798 1.21227980743
5125 1.21335361173 1.20070706211
5130 1.20168335961 1.18915844677
5135 1.2069248455 1.19434530167
5140 1.19475790577 1.18230517559
5145 1.20571433864 1.19314741169
5150 1.20300096356 1.19046231759
5155 1.18584907906 1.17348920386
5160 1.20490302711 1.1923445563
5165 1.17636082579 1.16409984482
5170 1.08768068374 1.0763439987
5175 1.17845506555 1.16617225672
5180 1.19549885224 1.18303839932
5185 1.13287813014 1.12107036088
5190 1.15273523301 1.14072049701
5195 1.15838529529 1.14631166978
5200 1.1656546557 1.15350526306
5205 1.154366994 1.14233525047
5210 1.16619236851 1.15403737139
5215 1.16629580365 1.15413972845
5220 1.18372236489 1.17138465602
5225 1.13557837154 1.12374245819
5230 1.13808092905 1.12621893202
5235 1.09856258521 1.08711248022
5240 1.14836844101 1.13639921923
5245 1.15779512499 1.14572765072
5250 1.15035317788 1.13836326958
5255 1.13044169818 1.11865932338
5260 1.13731895557 1.12546490044
5265 1.09071226646 1.07934398383
5270 1.08232334484 1.07104249831
5275 1.07866764928 1.06742490536
5280 1.11107716007 1.0994966181
5285 1.10621607864 1.09468620277
5290 1.14215224335 1.13024781181
5295 1.1362706725 1.12442754342
5300 1.11952631397 1.1078577081
5305 1.1047862173 1.0932712446
5310 1.1110270935 1.09944707336
5315 1.0707050414 1.0595452902
5320 1.10567293024 1.09414871551
5325 1.07810785994 1.06687095059
5330 1.06865775227 1.05751933957
5335 1.07964961417 1.06839663542
5340 1.07540456554 1.0641958321
5345 1.09910442699 1.08764867449
5350 1.10113693032 1.08965999344
5355 1.10248417515 1.09099319619
5360 1.09189019629 1.08050963632
5365 1.06157606181 1.05051146019
5370 1.06442443339 1.05333014375
5375 1.08945825947 1.07810304711
5380 1.06395454335 1.05286515128
5385 1.07096276751 1.05980033007
5390 1.08122774751 1.06995832018
5395 1.06721960992 1.05609618669
5400 1.06174901101 1.05068260677
5405 1.03718514382 1.02637476402
5410 1.05339227827 1.04241297464
5415 1.04348214216 1.03260612996
5420 1.04963024678 1.03869015408
5425 1.03436102785 1.02358008325
5430 1.03880333332 1.02797608743
5435 1.03885805429 1.02803023806
5440 1.05902987379 1.04799181059
5445 1.04222534593 1.03136243307
5450 1.04981802181 1.03887597196
5455 1.02855095367 1.01783056636
5460 1.04984941558 1.03890703852
5465 1.03937975255 1.02854649877
5470 1.0329992658 1.02223251459
5475 1.01826746023 1.00765425578
5480 1.01726088337 1.00665817027
5485 1.03063220705 1.01989012723
5490 1.02534311491 1.01465616228
5495 1.02871317799 1.01799109984
5500 1.02509607188 1.01441169413
5505 1.0122447006 1.0016942702
5510 1.01067520924 1.00014113734
5515 1.02446256536 1.01378479053
5520 1.02733605377 1.01662832913
5525 1.00643642759 0.995946535697
5530 0.997272128326 0.986877754147
5535 0.992923430901 0.982574382352
5540 1.01449650429 1.00392260378
5545 1.00225154418 0.991805270515
5550 1.01053258535 1.0
5555 1.00754156527 0.997040154735
5560 1.00585042694 0.995366642821
5565 0.999448371509 0.98903131477
5570 0.995078432015 0.984706922308
5575 0.993224824604 0.982872634687
5580 0.99975618686 0.98933592182
5585 0.988485571566 0.978182777966
5590 0.979296303789 0.969089288147
5595 0.985737768545 0.975463614763
5600 0.984465789821 0.974204893627
5605 0.986127435246 0.975849220044
5610 0.990808083397 0.980481082706
5615 0.968640292469 0.958544342368
5620 0.983357639231 0.973108293077
5625 0.974308278302 0.964153251883
5630 0.980467926033 0.970248698799
5635 0.974224522192 0.964070368746
5640 0.966591181188 0.956516588577
5645 0.966738942636 0.956662809936
5650 0.968785628669 0.958688163757
5655 0.957860418524 0.947876824961
5660 0.949193882784 0.939300618844
5665 0.957104832776 0.947129114536
5670 0.954953031827 0.944999741392
5675 0.958161407519 0.948174676805
5680 0.953099134282 0.943165166661
5685 0.93960387801 0.929810568832
5690 0.940747413147 0.930942185123
5695 0.94845110687 0.938565584739
5700 0.945868376843 0.936009774006
5705 0.943188476414 0.93335780566
5710 0.937089277713 0.927322177726
5715 0.943874088768 0.93403627201
5720 0.940116803749 0.930318148444
5725 0.937190909431 0.927422750157
5730 0.93768012258 0.927906864332
5735 0.936381050847 0.926621332571
5740 0.935984813893 0.926229225518
5745 0.929664202572 0.919974492705
5750 0.92765632006 0.917987537963
5755 0.924383588313 0.914748917265
5760 0.924967339472 0.915326584099
5765 0.923246994354 0.913624169804
5770 0.923547777073 0.913921817524
5775 0.916647095435 0.907093060353
5780 0.906025094027 0.896581770008
5785 0.909511769209 0.900032104251
5790 0.909596458099 0.900115910444
5795 0.909017022922 0.899542514608
5800 0.908907050285 0.899433688194
5805 0.905403197661 0.895966355548
5810 0.908312308514 0.898845145302
5815 0.903637695284 0.89421925466
5820 0.907791086126 0.898329355513
5825 0.905549217081 0.896110853035
5830 0.906619396061 0.897169877747
5835 0.903681495885 0.894262598736
5840 0.901919365126 0.892518834324
5845 0.897997952089 0.888638293415
5850 0.896977438027 0.887628415973
5855 0.888673619849 0.879411146884
5860 0.883742656699 0.874531578207
5865 0.888024715723 0.87876900616
5870 0.887274621976 0.878026730495
5875 0.879848056095 0.870677570271
5880 0.874378872422 0.86526539084
5885 0.860755091269 0.851783607718
5890 0.788202841678 0.779987556168
5895 0.80473309465 0.796345517516
5900 0.842905319116 0.834119880282
5905 0.860765399092 0.851793808105
5910 0.856456645717 0.847529964031
5915 0.846909144604 0.838081974673
5920 0.843366255606 0.83457601252
5925 0.844396122919 0.835595145726
5930 0.845508684149 0.836696110945
5935 0.845855036791 0.837038853621
5940 0.837462071499 0.828733366581
5945 0.828647069417 0.820010241557
5950 0.825933839094 0.817325290708
5955 0.828146818427 0.819515204586
5960 0.823325690559 0.8147443264
5965 0.826161735733 0.817550812025
5970 0.823896907471 0.815309589629
5975 0.822978243419 0.814400500634
5980 0.815117447972 0.806621636735
5985 0.815525929944 0.807025861178
5990 0.805946819415 0.797546591863
5995 0.814476227897 0.805987099973
6000 0.811312392759 0.802856240876
6005 0.804607761647 0.796221490835
6010 0.804621963431 0.796235544597
6015 0.799677811618 0.79134292472
6020 0.804290651498 0.795907685864
6025 0.800746968168 0.792400937658
6030 0.802744147506 0.794377300783
6035 0.803699600118 0.795322794897
6040 0.79895479839 0.790627447318
6045 0.796657864031 0.788354453461
6050 0.797560318063 0.78924750139
6055 0.794371357358 0.786091778604
6060 0.796665761187 0.788362268307
6065 0.791622642398 0.783371712968
6070 0.792031840537 0.783776646114
6075 0.791084718924 0.782839396166
6080 0.791242963442 0.782995991332
6085 0.786956159699 0.778753868114
6090 0.785188368216 0.777004501979
6095 0.784641995377 0.776463823878
6100 0.781708461019 0.773560865181
6105 0.778863652528 0.770745707577
6110 0.785142530815 0.776959142332
6115 0.778791050019 0.77067386179
6120 0.775141821125 0.767062668102
6125 0.776836606257 0.768739788817
6130 0.77438641644 0.766315136854
6135 0.769567899506 0.761546842388
6140 0.763098000569 0.755144377954
6145 0.76699528519 0.759001041933
6150 0.754152884185 0.746292494785
6155 0.752994355519 0.745146041239
6160 0.754438553233 0.74657518636
6165 0.763684038507 0.755724307732
6170 0.759600325318 0.751683158295
6175 0.760997665545 0.753065934315
6180 0.759729309511 0.751810798111
6185 0.764001214163 0.756038177528
6190 0.753753781517 0.745897551887
6195 0.757759772923 0.749861789621
6200 0.758440434227 0.750535356524
6205 0.755510780758 0.747636238266
6210 0.756494165256 0.748609373137
6215 0.751965561352 0.744127969995
6220 0.745713337005 0.73794091137
6225 0.748698785925 0.740895243535
6230 0.742114124166 0.73437921243
6235 0.742259450645 0.734523024199
6240 0.729359547531 0.721757574276
6245 0.728624602715 0.721030289647
6250 0.732053081744 0.724423034303
6255 0.738472410607 0.730775455745
6260 0.741754912359 0.734023744617
6265 0.735961816961 0.72829102953
6270 0.730777874248 0.723161118048
6275 0.720598854513 0.713088192264
6280 0.69039420269 0.683198357675
6285 0.713863540428 0.706423079053
6290 0.711167210125 0.703754852078
6295 0.712626721941 0.705199151685
6300 0.711306123189 0.703892317278
6305 0.714948906419 0.707497132484
6310 0.71140790595 0.703993039177
6315 0.707660110961 0.700284306729
6320 0.709232513429 0.70184032035
6325 0.714034335196 0.70659209366
6330 0.715459918233 0.70800281812
6335 0.710509433718 0.703103931547
6340 0.70929978261 0.701906888398
6345 0.690639673966 0.683441270451
6350 0.70018009352 0.692882252061
6355 0.707385742607 0.700012798063
6360 0.705025622831 0.697677277358
6365 0.709000046421 0.701610276301
6370 0.682675457082 0.675560063057
6375 0.699520019926 0.692229058286
6380 0.705489326033 0.698136147471
6385 0.699059377399 0.691773216947
6390 0.702413608796 0.695092487839
6395 0.69858896826 0.691307710791
6400 0.695152493698 0.687907053938
6405 0.696661419431 0.689400252429
6410 0.692169223085 0.684954877376
6415 0.683817937006 0.676690635133
6420 0.686650948704 0.6794941189
6425 0.691475536285 0.684268420739
6430 0.686054340362 0.678903728891
6435 0.681827417274 0.674720862203
6440 0.678615085808 0.671542012245
6445 0.685192316709 0.678050689944
6450 0.682732298012 0.675616311544
6455 0.651350239504 0.644561342153
6460 0.672576269706 0.665566137554
6465 0.675502429983 0.668461799029
6470 0.67365024715 0.666628921139
6475 0.664452149497 0.657526693476
6480 0.668446883808 0.661479791445
6485 0.661340749807 0.654447723302
6490 0.663367941572 0.65645378604
6495 0.650400279872 0.643621283766
6500 0.671044131859 0.664049968883
6505 0.671837137103 0.664834708786
6510 0.667490052525 0.66053293303
6515 0.640952203416 0.63427168278
6520 0.652899149594 0.646094108253
6525 0.656879991864 0.650033458975
6530 0.653619236793 0.646806690122
6535 0.641992345476 0.63530098364
6540 0.640793499735 0.634114633237
6545 0.614559263642 0.608153831504
6550 0.582729002496 0.576655331003
6555 0.526540111963 0.521052086389
6560 0.401812024315 0.397624015434
6565 0.379974790847 0.37601438722
6570 0.519135374955 0.513724527521
6575 0.576070078085 0.570065811271
6580 0.61127671162 0.604905492886
6585 0.622676500572 0.616186464046
6590 0.630927314599 0.624351281437
6595 0.642654513385 0.635956249902
6600 0.643942003278 0.637230320537
6605 0.641380832847 0.634695844689
6610 0.642452972902 0.635756810036
6615 0.64177758194 0.635088458544
6620 0.644639637701 0.637920683651
6625 0.644510941552 0.637793328877
6630 0.642178158002 0.635484859479
6635 0.639914145015 0.63324444386
6640 0.6441791772 0.637465022442
6645 0.639482892827 0.632817686531
6650 0.635289188646 0.628667692516
6655 0.630787660886 0.624213083307
6660 0.632566344865 0.625973228408
6665 0.6282547027 0.621706525654
6670 0.632268075478 0.625678067825
6675 0.626807701091 0.620274605863
6680 0.620139301425 0.613675709634
6685 0.622682434058 0.616192335688
6690 0.618857799104 0.612407564164
6695 0.619091139446 0.612638472445
6700 0.61574175341 0.60932399641
6705 0.61313154325 0.606740991965
6710 0.611078459575 0.604709307183
6715 0.608568142995 0.602225155147
6720 0.604554870728 0.598253712439
6725 0.602784180106 0.596501477382
6730 0.601392316524 0.595124120925
6735 0.597595841671 0.591367215993
6740 0.597258552644 0.591033442465
6745 0.595387549607 0.58918194053
6750 0.59463658036 0.588438798489
6755 0.595233360609 0.589029358613
6760 0.596393969454 0.590177870657
6765 0.597354176961 0.591128070108
6770 0.600321466852 0.594064432511
6775 0.601693040935 0.595421710943
6780 0.603134849179 0.596848491499
6785 0.603811834568 0.5975184208
6790 0.609561698364 0.60320835488
6795 0.609934021581 0.603576797444
6800 0.614023597068 0.607623748078
6805 0.603687230995 0.597395115946
6810 0.605459685978 0.599149096975
6815 0.604159073957 0.597862040981
6820 0.608488218462 0.602146063651
6825 0.606631119422 0.600308320795
6830 0.606101402924 0.599784125429
6835 0.606326120926 0.600006501239
6840 0.602219242152 0.595942427667
6845 0.606309122512 0.599989679996
6850 0.609288659479 0.602938161827
6855 0.60517881765 0.598871156083
6860 0.604112065305 0.597815522291
6865 0.603491044476 0.597200974242
6870 0.595528658316 0.58932157849
6875 0.596777775644 0.59055767651
6880 0.599040374763 0.592796692997
6885 0.597882281063 0.591650669883
6890 0.596901532394 0.590680143368
6895 0.596095771977 0.589882781235
6900 0.596666659836 0.590447718841
6905 0.594213208432 0.588019839285
6910 0.591526012052 0.585360651032
6915 0.587760474851 0.581634361296
6920 0.58913565595 0.582995209149
6925 0.588457086202 0.582323712002
6930 0.585453049414 0.579350985708
6935 0.586192694906 0.580082922018
6940 0.584173862014 0.57808513103
6945 0.581489801145 0.575429045608
6950 0.579020316898 0.572985300316
6955 0.577240214014 0.5712237511
6960 0.576634058163 0.570623913094
6965 0.571028208879 0.565076492491
6970 0.570096067955 0.564154067091
6975 0.569764030999 0.563825490892
6980 0.563436579308 0.557563989004
6985 0.565811114216 0.559913774594
6990 0.569004922061 0.563074293999
6995 0.565235778199 0.559344435193
7000 0.564294803087 0.558413267682
7005 0.561676458926 0.555822214015
7010 0.565236569484 0.559345218231
7015 0.561031934737 0.555184407577
7020 0.558889000953 0.553063809177
7025 0.55762408397 0.551812076178
7030 0.556772939499 0.550969803021
7035 0.555803979796 0.550010942598
7040 0.555186790497 0.549400186144
7045 0.554968477455 0.549184148536
7050 0.55277937122 0.547017858931
7055 0.550954880427 0.545212384452
7060 0.549708846919 0.54397933811
7065 0.549789606457 0.544059255907
7070 0.549735500474 0.544005713861
7075 0.549064642527 0.543341848136
7080 0.546101778342 0.54040986531
7085 0.544189292221 0.538517312662
7090 0.541600916352 0.535955914932
7095 0.545325128364 0.539641310204
7100 0.546280083144 0.540586311676
7105 0.543867398175 0.538198773655
7110 0.534945274162 0.529369643212
7115 0.524806912778 0.519336952004
7120 0.531959133063 0.526414626082
7125 0.54225559042 0.536603765459
7130 0.542631421176 0.536975679004
7135 0.541511869439 0.535867796138
7140 0.539220718739 0.533600525658
7145 0.535357602048 0.529777673484
7150 0.530081421907 0.524556485946
7155 0.531895755436 0.526351909028
7160 0.533755624639 0.528192393175
7165 0.537326884808 0.531726430791
7170 0.536685680506 0.531091909638
7175 0.539599322822 0.533975183624
7180 0.532118224983 0.526572059818
7185 0.531132419715 0.525596529408
7190 0.533387531007 0.527828136112
7195 0.533768572709 0.528205206289
7200 0.530228929818 0.524702456411
7205 0.525194317204 0.519720318589
7210 0.530339662308 0.524812034758
7215 0.529090025773 0.523575422942
7220 0.525228699322 0.519754342349
7225 0.522557236903 0.517110724065
7230 0.526756709557 0.521266426429
7235 0.522291137493 0.516847398157
7240 0.528022615974 0.522519138549
7245 0.523149226605 0.517696543572
7250 0.52163540526 0.516198500494
7255 0.521735584223 0.516297635311
7260 0.521377890689 0.515943669948
7265 0.520078672144 0.514657992906
7270 0.518577730958 0.513172695739
7275 0.519579263589 0.51416378959
7280 0.519557025634 0.514141783416
7285 0.517904017771 0.512506004534
7290 0.51315900347 0.507810446598
7295 0.516810102254 0.511423490687
7300 0.513095373598 0.507747479928
7305 0.510895511557 0.505570546622
7310 0.506957719939 0.501673797844
7315 0.511195744185 0.505867649984
7320 0.508792980196 0.503489929539
7325 0.509132293518 0.503825706263
7330 0.505452342038 0.500184110205
7335 0.507237135862 0.501950301469
7340 0.503912629367 0.498660445661
7345 0.50421864192 0.498963268704
7350 0.50186523992 0.496634395757
7355 0.498501214312 0.493305432737
7360 0.498661352812 0.493463902144
7365 0.497617053651 0.49243048751
7370 0.499204522991 0.494001410966
7375 0.493665604673 0.48852022372
7380 0.493964622276 0.488816124721
7385 0.490395267635 0.485283972771
7390 0.491706766551 0.486581802188
7395 0.493682691157 0.488537132115
7400 0.491099996582 0.485981356465
