Wave Flux FluxNorm
3600 0.302475323415 0.281682464133
3605 0.19207343888 0.178869862664
3610 0.16554777173 0.154167631746
3615 0.246521814503 0.22957532994
3620 0.169150115522 0.157522342024
3625 0.307337369077 0.286210281436
3630 0.247969420677 0.230923424289
3635 0.224924557328 0.209462718601
3640 0.323427644959 0.301194474221
3645 0.23856175775 0.222162466056
3650 0.228943804209 0.213205673076
3655 0.358903493026 0.334231629742
3660 0.408167651396 0.380109254952
3665 0.356750996831 0.332227101156
3670 0.331281122663 0.308508085549
3675 0.367668066857 0.342393706323
3680 0.265806610451 0.247534444031
3685 0.282715186905 0.263280685499
3690 0.326959347996 0.304483399753
3695 0.337813460528 0.314591375272
3700 0.408176709361 0.380117690251
3705 0.244671750204 0.227852443376
3710 0.270523074396 0.251926687243
3715 0.395078496961 0.367919879525
3720 0.155286699134 0.144611929216
3725 0.261160532783 0.24320774858
3730 0.248258932059 0.231193033983
3735 0.109697410617 0.102156554732
3740 0.231155900128 0.215265704362
3745 0.14898566321 0.138744041199
3750 0.157614888335 0.146780073261
3755 0.314171405907 0.292574530633
3760 0.208723882668 0.194375716106
3765 0.215715784992 0.200886978756
3770 0.322981741123 0.300779222855
3775 0.34845451371 0.324500937636
3780 0.365562115991 0.340432523432
3785 0.332894160227 0.310010239148
3790 0.227917143005 0.212249586958
3795 0.223577236124 0.2082080154
3800 0.229436602385 0.213664595156
3805 0.295426923617 0.275118587778
3810 0.279999776685 0.260751938912
3815 0.183259030369 0.170661377154
3820 0.137903816993 0.128423986941
3825 0.120684229747 0.112388114288
3830 0.137774407981 0.128303473805
3835 0.145455073811 0.13545615275
3840 0.132395360371 0.123294194476
3845 0.195886601487 0.182420899578
3850 0.166330059498 0.154896143229
3855 0.157967011475 0.147107990634
3860 0.128638860386 0.119795925062
3865 0.186481397573 0.173662231319
3870 0.145837119214 0.135811935461
3875 0.222723787654 0.207413234968
3880 0.173351100237 0.16143454125
3885 0.23202092762 0.216071267846
3890 0.319374607341 0.297420051863
3895 0.360716818328 0.335920302832
3900 0.329481887739 0.30683253423
3905 0.309218073908 0.287961702229
3910 0.40859614233 0.38050829042
3915 0.426246589439 0.396945404623
3920 0.299155592026 0.278590938824
3925 0.285643030416 0.266007262218
3930 0.141102237163 0.131402540247
3935 0.0967216087515 0.0900727397543
3940 0.248969573506 0.23185482428
3945 0.286036477175 0.266373662529
3950 0.413207218774 0.384802390714
3955 0.434382031474 0.404521597396
3960 0.339841431961 0.316479939218
3965 0.186300360935 0.173493639562
3970 0.123273482247 0.114799375531
3975 0.326731924287 0.304271609681
3980 0.499854555484 0.465493387385
3985 0.513619767025 0.478312346176
3990 0.557350031691 0.519036490445
3995 0.561653782915 0.52304439177
4000 0.61069322697 0.568712750053
4005 0.550190514674 0.512369135327
4010 0.630257164142 0.586931816549
4015 0.653362931217 0.608449239299
4020 0.66004881906 0.614675523616
4025 0.640264359329 0.596251093796
4030 0.563022705768 0.524319211673
4035 0.502228608341 0.467704242311
4040 0.655459535815 0.610401718406
4045 0.427514800933 0.398126436301
4050 0.627341017607 0.584216132729
4055 0.562561452175 0.523889665729
4060 0.539246644724 0.502177572526
4065 0.460444723067 0.428792678775
4070 0.557965796053 0.519609925728
4075 0.547390211679 0.509761331693
4080 0.614722258418 0.572464816481
4085 0.634829541537 0.591189878056
4090 0.713426189994 0.664383609564
4095 0.61221812686 0.570132824767
4100 0.538089496087 0.501099968985
4105 0.59556129658 0.554621023854
4110 0.594283204998 0.553430791269
4115 0.628882130098 0.585651305552
4120 0.574023796797 0.534564062044
4125 0.602922971183 0.561476639773
4130 0.531685622364 0.495136312479
4135 0.521329464747 0.485492061294
4140 0.573404346232 0.533987193956
4145 0.44986535333 0.418940559591
4150 0.480837449406 0.447783561538
4155 0.465030173701 0.433062914837
4160 0.564102757786 0.525325018396
4165 0.546609187199 0.509033996657
4170 0.536139004917 0.499283559127
4175 0.476980746234 0.444191977139
4180 0.487247464803 0.453752937525
4185 0.560664755124 0.522123352057
4190 0.551372677522 0.513470033544
4195 0.505459468489 0.470713005596
4200 0.484475035679 0.451171091646
4205 0.591003456286 0.550376500134
4210 0.603714673242 0.562213918385
4215 0.519450214665 0.483741995246
4220 0.738151404839 0.687409155468
4225 0.437040740942 0.406997540974
4230 0.618723123138 0.576190652428
4235 0.600047633529 0.558798959537
4240 0.642197570989 0.598051411977
4245 0.75708682161 0.705042907521
4250 0.555432532313 0.517250804447
4255 0.586402502835 0.546091826955
4260 0.565117330202 0.526269846738
4265 0.752494753151 0.700766508559
4270 0.525566467489 0.489437802584
4275 0.512585522835 0.477349198345
4280 0.653194149573 0.608292060099
4285 0.626400559224 0.583340323648
4290 0.530482660309 0.494016044842
4295 0.586442449204 0.546129027317
4300 0.411093627862 0.382834092971
4305 0.403869484799 0.376106554353
4310 0.370851476777 0.34535828122
4315 0.709808528579 0.661014634634
4320 0.818391504839 0.762133363826
4325 0.490830433368 0.457089604474
4330 0.782582054644 0.728785538767
4335 0.825469238536 0.7687245576
4340 0.610795980298 0.568808439877
4345 0.775674436481 0.722352766388
4350 0.770617229832 0.717643203921
4355 0.701641667834 0.653409182946
4360 0.76076510845 0.708468340344
4365 0.830441540821 0.773355052227
4370 0.739436576561 0.688605981487
4375 0.642100715362 0.597961214431
4380 0.681781154876 0.634913927975
4385 0.479124215765 0.446188099574
4390 0.638440449285 0.594552563583
4395 0.70402247234 0.655626325397
4400 0.724424448053 0.67462582171
4405 0.542151992913 0.504883200303
4410 0.746926757243 0.695581269678
4415 0.681135067369 0.634312254031
4420 0.803352858699 0.748128509301
4425 0.738491121908 0.687725519593
4430 0.751267143913 0.699623288044
4435 0.690360531306 0.642903538058
4440 0.798871611909 0.743955313869
4445 0.81613816373 0.760034922641
4450 0.837808370516 0.780215468865
4455 0.692726795093 0.645107139352
4460 0.652863387198 0.6079840351
4465 0.768561301699 0.715728605083
4470 0.776059997883 0.722711823401
4475 0.869023702548 0.80928498616
4480 0.799720275184 0.74474563805
4485 0.883976789491 0.823210163028
4490 0.795635635034 0.740941785592
4495 0.759962488227 0.707720894107
4500 0.867425012119 0.807796193441
4505 0.95253822168 0.887058522443
4510 0.932956103308 0.868822524564
4515 0.849897463089 0.791473529016
4520 0.90540948732 0.843169527214
4525 0.802724016902 0.747542895556
4530 0.710798591739 0.661936638543
4535 0.769438502134 0.716545504715
4540 0.852022509165 0.793452494468
4545 0.837224599407 0.779671827544
4550 0.821899284649 0.76540001067
4555 0.840326915773 0.782560883447
4560 0.939079982915 0.874525434403
4565 0.845754208196 0.787615091129
4570 0.898936871221 0.837141853844
4575 0.9238903272 0.860379951053
4580 0.818453256357 0.762190870401
4585 0.840448982978 0.782674559467
4590 0.925933477106 0.862282650068
4595 0.835927683119 0.778464064306
4600 0.852793970355 0.794170923616
4605 0.87103734069 0.81116020212
4610 0.969295423461 0.902663795086
4615 0.95173859437 0.88631386338
4620 0.958370165241 0.8924895646
4625 0.954078057146 0.888492506026
4630 0.966220876786 0.89980059992
4635 0.909669959052 0.847137124181
4640 0.863910853218 0.80452360602
4645 0.818045111302 0.761810782189
4650 0.852658887756 0.794045126909
4655 0.87717588598 0.816876769488
4660 0.971986768204 0.905170130513
4665 0.813827578124 0.75788317208
4670 0.842917117713 0.784973028863
4675 0.901225155428 0.839272836057
4680 0.858208067584 0.799212843173
4685 0.900119401755 0.838243094471
4690 0.872267112295 0.812305436357
4695 0.893307502185 0.831899460767
4700 0.819810714662 0.763455013856
4705 0.843592151846 0.785601659575
4710 0.856788385347 0.797890753204
4715 0.876310286504 0.816070673339
4720 0.998868086206 0.930203564012
4725 0.965348291983 0.898987998632
4730 0.833169334434 0.775895330945
4735 0.899789508085 0.837935878461
4740 0.949885699206 0.88458834055
4745 0.969625634525 0.902971306671
4750 0.974614649175 0.907617364817
4755 0.913738989055 0.850926439571
4760 0.953764474854 0.888200480113
4765 0.86297240111 0.803649665298
4770 0.953817796294 0.888250136113
4775 1.00436842231 0.935325794187
4780 0.986459391307 0.918647871745
4785 0.921029470444 0.857715756264
4790 0.926963768763 0.863242117074
4795 1.02352172341 0.95316245269
4800 0.950420569546 0.885086442656
4805 0.972438421263 0.905590735887
4810 0.952726768659 0.887234108263
4815 0.983318936062 0.915723298719
4820 1.01897169914 0.948925207696
4825 0.93784324335 0.8733737112
4830 0.939598087621 0.875007923383
4835 0.95948770915 0.893530285934
4840 0.916480259221 0.853479268431
4845 0.958138449467 0.892273777508
4850 0.951488684937 0.886081133304
4855 0.887331452115 0.826334218318
4860 0.769299741369 0.716416282688
4865 0.865211360984 0.805734713849
4870 0.827182293269 0.770319852955
4875 0.8757866432 0.815583026497
4880 0.952758488493 0.887263647601
4885 0.87249462278 0.81251730724
4890 0.789986722073 0.735681192084
4895 1.00993957812 0.940513975745
4900 0.979343301308 0.912020958372
4905 0.98069096053 0.913275976355
4910 0.902626586427 0.84057792942
4915 0.975222018658 0.908182982304
4920 0.748196084266 0.696763340201
4925 0.907045113483 0.84469271662
4930 1.01160423692 0.942064202021
4935 0.929700159874 0.865790402277
4940 0.886428218081 0.825493074698
4945 1.00913932887 0.939768737498
4950 1.03066805225 0.959817526213
4955 0.946150892218 0.881110272907
4960 0.956326661435 0.890586536012
4965 0.969039309406 0.902425286908
4970 0.967672061177 0.901152026512
4975 1.01866475269 0.948639361469
4980 0.903023561661 0.84094761565
4985 0.859075782469 0.800020909312
4990 0.960578344257 0.89454594824
4995 0.960986853914 0.894926375989
5000 0.898284009752 0.836533871595
5005 0.831702080717 0.77452893967
5010 0.900387277699 0.838492555998
5015 0.820350978366 0.763958138573
5020 0.870577441467 0.810731917442
5025 0.900970153683 0.839035363727
5030 0.939673004334 0.875077690147
5035 0.948552554652 0.883346839463
5040 0.798917316407 0.743997876532
5045 0.970802041595 0.904066844775
5050 0.872420931478 0.812448681649
5055 0.965678410705 0.899295424223
5060 1.01171700235 0.942169215692
5065 0.906733254934 0.844402295955
5070 0.915472940365 0.852541195023
5075 0.9206032475 0.857318832879
5080 0.817504341255 0.761307185936
5085 0.891788260983 0.830484655749
5090 0.94952189351 0.884249543707
5095 0.947021647218 0.881921170177
5100 0.864580914883 0.805147606083
5105 0.893943147263 0.832491410119
5110 0.861497447194 0.802276103156
5115 0.948530797989 0.883326578404
5120 0.933239071607 0.869086040962
5125 0.813243060851 0.757338835888
5130 0.847938902577 0.789649604522
5135 0.903299949737 0.841205004165
5140 0.830818778095 0.773706357331
5145 0.843576701011 0.785587270867
5150 0.837406140602 0.779840889174
5155 0.858579556788 0.799558795342
5160 0.900630578853 0.838719132063
5165 0.686387900355 0.639203995024
5170 0.631688954282 0.588265182095
5175 0.748160674696 0.696730364767
5180 0.801757360843 0.746642689689
5185 0.659586483673 0.614244970242
5190 0.892000321067 0.830682138328
5195 0.84873708117 0.790392914457
5200 0.937664701341 0.873207442586
5205 0.787186636477 0.733073590903
5210 0.800430137498 0.745406702773
5215 0.896103913908 0.834503640625
5220 0.960701861734 0.894660974837
5225 0.803591723234 0.748350953731
5230 0.887859278908 0.826825761066
5235 0.899835181424 0.837978412108
5240 0.982740285326 0.915184425784
5245 0.978298342521 0.911047832489
5250 0.903402546809 0.841300548475
5255 0.93255079205 0.868445075348
5260 0.971172240342 0.904411595196
5265 0.733885949396 0.683436917381
5270 0.697105327466 0.649184681197
5275 0.89112709697 0.829868941692
5280 0.95762588153 0.891796444687
5285 0.952949320796 0.887441361646
5290 1.05223456212 0.979901503893
5295 0.967701330284 0.901179283592
5300 0.910014019634 0.847457533237
5305 1.03326385726 0.962234889536
5310 1.06452857464 0.991350397313
5315 1.01864911103 0.948624795046
5320 0.997233394515 0.928681244841
5325 0.875736882227 0.815536686209
5330 0.841216936472 0.783389722047
5335 1.01175992194 0.942209184885
5340 0.920396510033 0.857126307028
5345 0.972639418649 0.905777916245
5350 0.96382857886 0.897572754134
5355 1.05757050991 0.984870646187
5360 1.0585723389 0.985803607111
5365 0.976849328802 0.909698427353
5370 0.865437581635 0.805945383565
5375 1.01465019389 0.944900772805
5380 1.01286975566 0.943242726052
5385 1.00617802338 0.937010999056
5390 0.906977912137 0.844630134851
5395 0.904143001575 0.841990102654
5400 0.932071979642 0.867999177622
5405 0.832588762378 0.775354668766
5410 0.907098965694 0.844742866905
5415 0.996632693407 0.928121837328
5420 0.996328291925 0.927838361115
5425 0.980353024183 0.912961270541
5430 0.915410054795 0.852482632354
5435 0.903182991523 0.841096085932
5440 1.06036509198 0.987473122162
5445 0.958467367941 0.89258008536
5450 1.02639926822 0.955842188353
5455 0.938512593397 0.873997048563
5460 1.03254827228 0.96156849553
5465 0.991381449489 0.923231576166
5470 0.999747404617 0.931022436025
5475 0.936375498921 0.872006862947
5480 0.948104051437 0.882929167405
5485 1.0140121565 0.944306595593
5490 0.99953937403 0.930828705946
5495 1.00464377077 0.935582214546
5500 1.01981485269 0.949710400904
5505 0.975088819529 0.908058939594
5510 0.989370347172 0.921358721714
5515 0.962812228133 0.896626269727
5520 1.03839179642 0.967010322194
5525 1.00914464574 0.939773688875
5530 0.974851328082 0.907837773863
5535 1.00121659523 0.932390631049
5540 1.02514238582 0.954671706982
5545 1.02817070232 0.957491849944
5550 1.07381666213 1.0
5555 1.02623719201 0.955691253647
5560 1.02858597073 0.957878571835
5565 0.992003469375 0.923810836955
5570 0.985221442423 0.917495022356
5575 1.00580912215 0.936667456957
5580 1.02665711017 0.956082305647
5585 0.955250309945 0.889584175434
5590 0.921564564892 0.858214067071
5595 0.995411902429 0.92698496637
5600 0.962307471536 0.896156211276
5605 1.03841592903 0.967032795873
5610 1.08288578216 1.00844568757
5615 0.954273283787 0.888674312333
5620 1.00961349285 0.94021030634
5625 0.966283640044 0.899859048686
5630 1.06598018377 0.992702219444
5635 1.01414148728 0.944427035868
5640 1.00768759078 0.93841679527
5645 1.01945882295 0.949378845482
5650 1.0293116567 0.958554372462
5655 1.00417190352 0.935142784555
5660 0.956398412196 0.890653354458
5665 1.02488570721 0.954432673064
5670 1.02642490183 0.955866059853
5675 1.07539608813 1.00147085258
5680 1.04416796365 0.972389422212
5685 1.00901756796 0.939655346714
5690 1.03225417306 0.961294613379
5695 1.05572029346 0.983147617924
5700 0.991154010249 0.92301977163
5705 0.984203421582 0.916546982642
5710 0.92490835768 0.861327999743
5715 1.02949695737 0.958726935128
5720 1.07384498308 1.0000263741
5725 1.08494674033 1.01036497067
5730 1.05318251812 0.980784295185
5735 1.07357022821 0.999770506522
5740 1.06332562247 0.99023013888
5745 1.07191970516 0.998233444278
5750 1.0523599011 0.980018226776
5755 1.01996233322 0.94984774328
5760 1.03616601802 0.96493754899
5765 1.07548152808 1.00155041918
5770 1.08780078556 1.01302282217
5775 1.0657771779 0.992513168674
5780 1.00156153611 0.93271185989
5785 0.962079232594 0.895943662011
5790 1.03773241211 0.966396265503
5795 1.07160346693 0.997938945004
5800 1.09031806915 1.01536706182
5805 1.05475135485 0.982245286421
5810 1.08462473132 1.0100650973
5815 1.06684631965 0.993508815126
5820 1.12059082446 1.04355879731
5825 1.11437478363 1.03777006162
5830 1.11006883148 1.03376011068
5835 1.09490676117 1.01964031644
5840 1.11148656242 1.03508038348
5845 1.10580854321 1.02979268455
5850 1.09075081663 1.01577006123
5855 1.05032875885 0.978126709984
5860 1.04680865285 0.974848584281
5865 1.08023684195 1.00597884168
5870 1.10626518757 1.03021793811
5875 1.10262428681 1.02682732136
5880 1.06750372538 0.99412102925
5885 1.04530094316 0.973444518069
5890 0.738540519522 0.687771521499
5895 0.81785078796 0.761629817087
5900 1.01432955457 0.944602174976
5905 1.06768944556 0.994293982597
5910 1.08835212114 1.01353625766
5915 1.04165877336 0.970052719517
5920 1.0790967578 1.00491712958
5925 1.10024903207 1.02461534717
5930 1.0695833992 0.996057741445
5935 1.08727354142 1.01253182202
5940 1.08058691027 1.00630484549
5945 1.08542560999 1.01081092171
5950 1.06610193054 0.99281559706
5955 1.07430917937 1.00045866046
5960 1.09632092193 1.02095726449
5965 1.09545754726 1.02015324021
5970 1.11483832452 1.03820173763
5975 1.07405249678 1.00021962283
5980 1.07815746922 1.00404240989
5985 1.03505568831 0.96390354594
5990 1.07915236546 1.00496891464
5995 1.07966009897 1.00544174537
6000 1.05749875004 0.984803819255
6005 1.05344459055 0.981028352139
6010 1.0548579703 0.982344572871
6015 1.03319877858 0.962174284512
6020 1.0208998555 0.950720818096
6025 1.05300840135 0.980622147609
6030 1.09136825 1.01634505078
6035 1.0984009237 1.02289428209
6040 1.08206429695 1.00768067317
6045 1.10233258552 1.02655567231
6050 1.10802097919 1.03185303252
6055 1.06637709468 0.993071845775
6060 1.08984200322 1.01492372177
6065 1.0480822102 0.976034594329
6070 1.11749836848 1.04067892397
6075 1.1081080098 1.03193408045
6080 1.06154086982 0.988568074294
6085 1.06478757367 0.991591592149
6090 1.04881944891 0.976721153531
6095 1.07228405403 0.998572746958
6100 1.06142433586 0.988459551147
6105 1.05803668769 0.985304777815
6110 1.08781927637 1.01304004188
6115 1.08577671831 1.01113789403
6120 1.03089739844 0.960031106614
6125 1.05781737532 0.985100541485
6130 1.07014013769 0.996576208434
6135 0.998194264022 0.929576061937
6140 1.03595577523 0.964741758787
6145 1.07976413776 1.00553863228
6150 1.05571239927 0.983140266405
6155 1.04988921829 0.977717384462
6160 0.981628746312 0.914149296556
6165 0.999530554405 0.930820492603
6170 0.993147319622 0.924876056268
6175 1.06111841614 0.988174661059
6180 1.08253266177 1.0081168415
6185 1.07786702677 1.00377193313
6190 1.01647422237 0.946599413308
6195 1.08392244996 1.0094110924
6200 1.05636648554 0.983749389254
6205 1.10062554751 1.02496598006
6210 1.08464584059 1.01008475547
6215 0.99859294122 0.929947333135
6220 1.02135176441 0.951141661729
6225 1.05422894312 0.981758786486
6230 0.984689129489 0.916999301854
6235 1.07214207772 0.998440530435
6240 1.02133661135 0.95112755033
6245 0.993775553635 0.92546110401
6250 1.03700523433 0.965719075619
6255 0.968675824559 0.902086788858
6260 0.996684479899 0.928170063896
6265 1.04296653198 0.971270579759
6270 1.04383790769 0.972082055072
6275 1.04235403575 0.970700187952
6280 0.988316537124 0.920377353027
6285 1.04969268407 0.977534360465
6290 1.05228341445 0.979946997993
6295 1.0273936656 0.956768228539
6300 0.997764459153 0.929175802857
6305 1.02722085363 0.956607296067
6310 1.04333724459 0.971615808724
6315 0.985240800785 0.917513049978
6320 0.994110162433 0.925772711018
6325 1.05742732205 0.984737301393
6330 1.05107702625 0.978823539737
6335 1.01257208597 0.942965518864
6340 1.02998317624 0.959179730177
6345 1.01661481189 0.946730338373
6350 1.06290852389 0.989841712633
6355 1.02846504339 0.957765957322
6360 0.96531063138 0.898952926907
6365 0.999689010431 0.930968055991
6370 1.05710132467 0.984433713831
6375 1.07235088599 0.998634984731
6380 1.04879177791 0.976695384696
6385 1.06369097349 0.990570374819
6390 1.06880463355 0.995332509955
6395 1.02473853535 0.954295618134
6400 0.992550007687 0.924319804949
6405 1.05609599572 0.983497493541
6410 1.01652799346 0.946649488047
6415 1.03768159188 0.966348938774
6420 1.00663161421 0.937433408989
6425 1.06904077171 0.995552415432
6430 1.02762725169 0.956985757382
6435 1.06265535961 0.989605951451
6440 1.02830258138 0.957614663327
6445 1.07917232985 1.00498750663
6450 0.964300873126 0.898012581791
6455 1.03358712983 0.962535939597
6460 1.04886088715 0.976759743207
6465 1.0248655992 0.954413947323
6470 1.02923918117 0.958486879065
6475 1.03322585727 0.962199501748
6480 1.03479159827 0.96365761006
6485 1.03269097893 0.961701392196
6490 1.02758464406 0.956946078697
6495 0.886440497314 0.825504509828
6500 0.983155903078 0.915571473003
6505 1.04999859776 0.977819244931
6510 1.04600473994 0.974099934217
6515 1.02075087136 0.950582075476
6520 1.02525269748 0.954774435565
6525 1.04702925302 0.975054019878
6530 1.03431469658 0.963213491706
6535 1.03519621267 0.964034410326
6540 1.05641124204 0.983791069088
6545 1.01221944374 0.942637118083
6550 1.03465532514 0.963530704665
6555 0.982203486164 0.914684527449
6560 0.921600347908 0.858247390279
6565 0.903059834787 0.840981395277
6570 0.997554187526 0.928979985793
6575 0.990715286724 0.922611206985
6580 1.02702770784 0.956427427574
6585 1.02396657511 0.953576724247
6590 1.02908196336 0.958340468773
6595 0.981124194093 0.913679428432
6600 1.0243439038 0.953928114482
6605 1.01382536267 0.944132642405
6610 0.995560799981 0.927123628358
6615 1.03409005787 0.963004295183
6620 1.04592422174 0.974024951025
6625 1.01136561532 0.941841983824
6630 1.00736853867 0.93811967555
6635 0.979651757276 0.912308210357
6640 1.00858702206 0.939254397548
6645 1.00343148909 0.93445326794
6650 1.02723028802 0.956616081919
6655 1.0280145247 0.957346408333
6660 1.01109921265 0.941593894293
6665 0.979038788592 0.91173737857
6670 1.01517286454 0.945387513848
6675 1.0098087601 0.940392150468
6680 0.993138967447 0.924868278241
6685 1.03191095336 0.960974987408
6690 1.03062425013 0.959776735159
6695 0.99493042702 0.926536588704
6700 1.005108599 0.936015089401
6705 0.993863154808 0.925542683273
6710 0.996549475725 0.928044340225
6715 0.961409657714 0.89532011527
6720 0.990612432372 0.92251542308
6725 1.00657417097 0.937379914535
6730 1.01173315908 0.942184261767
6735 1.00491538181 0.935835154413
6740 0.984035490619 0.916390595645
6745 0.982533460298 0.914991818391
6750 0.98001542859 0.912646882057
6755 0.993417702007 0.925127851937
6760 1.01839017317 0.94838365718
6765 1.00017883737 0.931424211086
6770 0.975141170239 0.908107691595
6775 1.01161052035 0.942070053508
6780 1.01590803918 0.946072150873
6785 0.971300938691 0.90453144652
6790 1.01098213669 0.94148486641
6795 0.985099043943 0.917381037832
6800 0.996204139671 0.927722743376
6805 0.992413045199 0.924192257582
6810 0.991082002236 0.922952713616
6815 0.987724508816 0.919826022126
6820 0.991569630357 0.923406821043
6825 1.00604846082 0.93689034293
6830 0.990202570889 0.922133736431
6835 0.997003540887 0.928467191888
6840 0.935542143739 0.871230794544
6845 0.973164324816 0.906266739137
6850 0.99365608225 0.925349845366
6855 0.958817458928 0.892906110276
6860 0.95645222692 0.890703469833
6865 0.992417566201 0.924196467799
6870 0.988325484 0.920385684874
6875 0.979281952273 0.911963826612
6880 0.965412652424 0.899047934787
6885 0.978620649669 0.911347983492
6890 1.00930602448 0.93992397406
6895 0.987287644071 0.919419188483
6900 0.995653276842 0.927209748143
6905 0.988020365537 0.920101540965
6910 0.996198785038 0.927717756834
6915 0.959195292739 0.893257970909
6920 0.997241857959 0.928689126489
6925 0.960071631817 0.894074068395
6930 0.981524243882 0.914051977866
6935 0.974298972559 0.907323388547
6940 0.991740840982 0.92356626225
6945 0.954487467232 0.888873772309
6950 0.968425440326 0.90185361662
6955 0.967799347657 0.901270563022
6960 0.976500815098 0.909373871294
6965 0.963505878002 0.897272236486
6970 0.975506081395 0.908447517906
6975 0.944856532365 0.879904890369
6980 0.904593544423 0.842409674136
6985 0.978245018161 0.91099817377
6990 0.972494836499 0.905643273008
6995 0.982946944369 0.915376878603
7000 0.947333889671 0.882211948356
7005 0.945864401667 0.880843476384
7010 0.959866788865 0.893883306825
7015 0.923520055367 0.86003513257
7020 0.959849614857 0.893867313398
7025 0.926472975168 0.862785061775
7030 0.958804913327 0.892894427088
7035 0.958793806092 0.89288408339
7040 0.969479238056 0.902834973837
7045 0.980225521282 0.912842532487
7050 0.99123578906 0.923095928776
7055 0.96619334233 0.899774958247
7060 0.955671134851 0.889976071854
7065 0.963072342801 0.896868503506
7070 0.954069495485 0.888484532915
7075 0.981444172315 0.913977410606
7080 0.986314979891 0.918513387507
7085 0.91880624203 0.855645357757
7090 0.944174153282 0.879269419617
7095 0.949765286617 0.884476205404
7100 0.965863709224 0.89946798489
7105 0.96146488876 0.895371549605
7110 0.933682510112 0.86949899647
7115 0.946060679296 0.881026261431
7120 0.928953094176 0.865094691618
7125 0.946426268717 0.881366719383
7130 0.914994342989 0.852095497547
7135 0.951413335438 0.886010963505
7140 0.946070537663 0.881035442112
7145 0.938420962932 0.87391171699
7150 0.908116590417 0.84569053773
7155 0.939974880535 0.875358814673
7160 0.935622866366 0.871305968109
7165 0.898306542495 0.836554855385
7170 0.961719635552 0.895608784509
7175 0.950693122061 0.885340259275
7180 0.914768459474 0.851885141792
7185 0.925734089373 0.862096968713
7190 0.902048517246 0.840039598063
7195 0.915073772217 0.852169466625
7200 0.935295603359 0.871001201925
7205 0.925303351926 0.861695841163
7210 0.923928092197 0.860415119996
7215 0.923493691546 0.860010581059
7220 0.931610999381 0.86756988622
7225 0.935016261795 0.870741062952
7230 0.94615789947 0.881116798464
7235 0.950017134643 0.884710740809
7240 0.945571329113 0.880570550322
7245 0.932346738061 0.868255048506
7250 0.942283980894 0.877509182087
7255 0.933360049955 0.869198702977
7260 0.920938489095 0.857631029185
7265 0.93154091293 0.867504617674
7270 0.946395109635 0.881337702249
7275 0.954965426896 0.889318875911
7280 0.93217340442 0.868093630224
7285 0.903342659046 0.841244777537
7290 0.877014124297 0.81672612768
7295 0.918101080433 0.854988670612
7300 0.922606384157 0.85918426925
7305 0.926309316975 0.862632653828
7310 0.907857328726 0.845449098292
7315 0.933458773554 0.869290640086
7320 0.922728281636 0.859297787211
7325 0.897235645442 0.835557574293
7330 0.916433885327 0.853436082387
7335 0.931822687277 0.867767022195
7340 0.948358891865 0.883166489507
7345 0.917012777439 0.853975180105
7350 0.918807861038 0.85564686547
7355 0.893421368671 0.832005499805
7360 0.919494810083 0.856286592035
7365 0.903369502905 0.841269776086
7370 0.932977366604 0.868842326172
7375 0.92645285515 0.862766324855
7380 0.941493371829 0.876772921334
7385 0.88802533232 0.826980399579
7390 0.880833567836 0.820283013761
7395 0.923007894475 0.859558178812
7400 0.907364521677 0.844990167949
