Wave Flux FluxNorm
3600 0.795289490345 0.770951520095
3605 0.7015343903 0.680065575073
3610 0.687992409666 0.666938015006
3615 0.720446009973 0.698398448965
3620 0.672070216371 0.651503083106
3625 0.775285175682 0.751559390581
3630 0.741608693073 0.718913497766
3635 0.70113845255 0.679681754069
3640 0.792438021859 0.768187314117
3645 0.710251838924 0.68851624662
3650 0.731513881866 0.709127614588
3655 0.817636506955 0.792614658656
3660 0.839176912844 0.813495870925
3665 0.814587835966 0.789659285094
3670 0.79547504812 0.77113139931
3675 0.820789846215 0.79567149736
3680 0.763309174297 0.73994988664
3685 0.775847573424 0.752104577459
3690 0.813553479432 0.788656582617
3695 0.835703342017 0.81012860059
3700 0.884449204723 0.857382710454
3705 0.730182021975 0.707836513146
3710 0.773573361751 0.749899962702
3715 0.906831553304 0.879080099734
3720 0.757719680967 0.734531446648
3725 0.846100262336 0.820207347538
3730 0.872018687461 0.845332600029
3735 0.630209730071 0.610923638845
3740 0.886971951479 0.859828254461
3745 0.806381433489 0.781704020325
3750 0.636988466488 0.617494927928
3755 0.959089132333 0.929738458078
3760 0.871211180575 0.844549804998
3765 0.920425088782 0.892257636929
3770 0.732748445525 0.710324397321
3775 0.925166623012 0.896854067621
3780 1.06536081969 1.03275794961
3785 1.072717879 1.03988986336
3790 0.94818627887 0.919169260883
3795 0.800795015947 0.776288561994
3800 0.774175054004 0.750483241574
3805 1.0375478366 1.00579611765
3810 1.10666070749 1.07279395117
3815 0.962090735669 0.932648204381
3820 0.975506062044 0.945652986145
3825 0.888416711811 0.861228801291
3830 0.787579280859 0.763477263494
3835 0.582741319485 0.564907887673
3840 0.745503636811 0.722689245883
3845 1.00736132932 0.976533397654
3850 1.09217397867 1.05875055472
3855 1.08849268691 1.05518192026
3860 1.00855264845 0.977688259251
3865 1.14866277996 1.11351064868
3870 1.1009033487 1.06721278284
3875 1.04073652025 1.00888721911
3880 1.00939761131 0.978507364005
3885 0.85152552409 0.825466581875
3890 0.678163252719 0.657409656362
3895 0.925161633671 0.896849230968
3900 1.01569118349 0.984608336163
3905 0.979499304299 0.949524024584
3910 1.10037335481 1.06669900818
3915 1.08963697473 1.05629118983
3920 1.02505108915 0.993681803855
3925 0.995932376784 0.965454201413
3930 0.563181320794 0.545946476883
3935 0.318426214981 0.30868152724
3940 0.833045419417 0.807552017479
3945 0.978335930499 0.948396253111
3950 1.0500281946 1.01789454356
3955 1.04346122438 1.01152854006
3960 0.995157663164 0.964703196088
3965 0.640195131582 0.620603460554
3970 0.368386579541 0.357112971978
3975 0.826700772657 0.801401533757
3980 1.0775690018 1.04459252892
3985 1.09068732849 1.05730939998
3990 1.16155595332 1.12600925671
3995 1.1701749434 1.1343644828
4000 1.19046340541 1.154032064
4005 1.14414396037 1.10913011698
4010 1.21998067483 1.18264602659
4015 1.21549522143 1.17829783998
4020 1.25162870051 1.21332553865
4025 1.23610548045 1.19827737034
4030 1.1858950908 1.14960355194
4035 1.1954940564 1.15890876371
4040 1.26402871719 1.22534608189
4045 1.13862606132 1.10378108028
4050 1.25634801594 1.21790043049
4055 1.17630441134 1.14030637275
4060 1.20304726246 1.1662308216
4065 1.15306473618 1.11777789335
4070 1.19903746045 1.16234373019
4075 1.15879078183 1.1233287068
4080 1.1445592894 1.10953273583
4085 1.15802844215 1.12258969675
4090 1.20144033006 1.16467306561
4095 1.10175737971 1.06804067824
4100 0.827760660223 0.80242898595
4105 0.931925088757 0.903405706368
4110 1.11100051785 1.0770009518
4115 1.2086207257 1.17163372207
4120 1.18195021047 1.14577939543
4125 1.20854698711 1.17156224008
4130 1.18762382144 1.15127937883
4135 1.19903303644 1.16233944156
4140 1.28662619405 1.24725201595
4145 1.2220252537 1.18462803592
4150 1.24463758344 1.20654836832
4155 1.19044617339 1.15401535932
4160 1.25024080101 1.21198011256
4165 1.28189857004 1.24266906979
4170 1.21790039194 1.18062940588
4175 1.15275812439 1.1174806647
4180 1.21209462449 1.17500131033
4185 1.20505816882 1.16818018889
4190 1.22493238797 1.18744620416
4195 1.22129337515 1.1839185548
4200 1.16870133487 1.1329359706
4205 1.21924597344 1.18193380902
4210 1.26098619798 1.22239667184
4215 1.23152468116 1.19383675567
4220 1.25007881707 1.21182308576
4225 1.11472327464 1.08060978235
4230 1.23359993468 1.19584850093
4235 1.19295960647 1.15645187467
4240 1.18728385741 1.15094981861
4245 1.22358954552 1.18614445625
4250 1.18794998961 1.15159556539
4255 1.2367964544 1.19894719865
4260 1.17276050104 1.13687091551
4265 1.26333906692 1.22467753675
4270 1.16946032723 1.13367173578
4275 1.1842022235 1.14796249088
4280 1.22802171262 1.19044098727
4285 1.18313542401 1.14692833829
4290 1.08058930869 1.0475204064
4295 1.14849140864 1.11334452178
4300 0.980534977101 0.950528003048
4305 1.01640942741 0.985304599912
4310 1.00438110485 0.973644375962
4315 1.14594969283 1.11088058922
4320 1.21922982237 1.18191815221
4325 1.07252591289 1.03970377193
4330 1.1740200135 1.13809188354
4335 1.09116291842 1.05777043559
4340 0.734386390866 0.711912217185
4345 1.01507340945 0.984009467654
4350 1.12706910118 1.09257779382
4355 1.17369596275 1.13777774961
4360 1.21978574362 1.1824570608
4365 1.26836273167 1.22954746402
4370 1.21427023255 1.17711033901
4375 1.17493205617 1.13897601529
4380 1.2403684607 1.20240989208
4385 1.09755100411 1.0639630289
4390 1.20112030274 1.16436283197
4395 1.20218711336 1.16539699535
4400 1.19926082797 1.16256026206
4405 1.19292403514 1.15641739193
4410 1.24004527925 1.20209660084
4415 1.20032745744 1.16359424984
4420 1.26078679361 1.22220336978
4425 1.24456610986 1.20647908203
4430 1.24171334837 1.20371362261
4435 1.19576860447 1.15917490988
4440 1.26663875755 1.22787624808
4445 1.22126915241 1.18389507334
4450 1.24032954448 1.2023721668
4455 1.16450290685 1.12886602563
4460 1.1731963141 1.13729339153
4465 1.21794614266 1.18067375651
4470 1.20726392374 1.17031844185
4475 1.2751319824 1.2361095577
4480 1.2071743572 1.17023161629
4485 1.25026248084 1.21200112893
4490 1.21537391674 1.17818024753
4495 1.24839220059 1.21018808422
4500 1.26526210878 1.22654172842
4505 1.30850580942 1.26846205699
4510 1.29573129391 1.25607847558
4515 1.26039806097 1.22182653339
4520 1.26035096307 1.22178087681
4525 1.22131657803 1.18394104761
4530 1.176689574 1.1406797484
4535 1.1793428975 1.14325187316
4540 1.26365976601 1.22498842159
4545 1.24191306593 1.20390722828
4550 1.17826836693 1.14221022608
4555 1.19369921617 1.15716885036
4560 1.26482906356 1.22612193554
4565 1.23798703091 1.20010134036
4570 1.25688624345 1.21842218681
4575 1.26823417015 1.22942283682
4580 1.22577578234 1.18826378842
4585 1.20528910526 1.16840405807
4590 1.23204593285 1.19434205568
4595 1.23643960821 1.1986012729
4600 1.2291177307 1.19150346429
4605 1.23790613361 1.20002291873
4610 1.26486786505 1.2261595496
4615 1.24310355914 1.20506128924
4620 1.23607151061 1.19824444007
4625 1.25382635179 1.21545593596
4630 1.24270909192 1.20467889376
4635 1.2337499607 1.19599393575
4640 1.24219583419 1.20418134309
4645 1.22005457869 1.1827176688
4650 1.21898799281 1.18168372327
4655 1.21068877366 1.17363848227
4660 1.25648489003 1.21803311587
4665 1.20328852209 1.16646469805
4670 1.18410305123 1.14786635355
4675 1.23579815704 1.19797945184
4680 1.20874240473 1.1717516774
4685 1.23288581135 1.19515623166
4690 1.22065103295 1.18329586997
4695 1.23480967813 1.19702122301
4700 1.18836181922 1.15199479192
4705 1.17201591681 1.13614911754
4710 1.17600782236 1.14001886018
4715 1.19974058958 1.1630253417
4720 1.22754359145 1.18997749788
4725 1.22577516015 1.18826318527
4730 1.17609268277 1.14010112363
4735 1.19072634118 1.15428695324
4740 1.20226726116 1.16547469042
4745 1.20738945755 1.170440134
4750 1.20991897338 1.17289223993
4755 1.1789773843 1.14289754563
4760 1.19824594206 1.16157643436
4765 1.15513722633 1.11978695981
4770 1.19710010763 1.16046566551
4775 1.21498448105 1.1778027296
4780 1.20580503866 1.16890420253
4785 1.18210179138 1.14592633756
4790 1.17658659848 1.14057992421
4795 1.22042835998 1.18308001138
4800 1.19370432768 1.15717380544
4805 1.18159548102 1.14543552164
4810 1.18548336385 1.14920442494
4815 1.20550638557 1.16861468901
4820 1.20280977116 1.16600059817
4825 1.16973550416 1.13393849156
4830 1.17213053262 1.1362602258
4835 1.17633637895 1.14033736206
4840 1.14754062508 1.11242283473
4845 1.14588161145 1.11081459132
4850 1.11251246622 1.07846663054
4855 1.0185325848 0.987362783049
4860 0.754200935362 0.731120384003
4865 0.914749825758 0.886756052024
4870 1.04391434395 1.01196779298
4875 1.09438607657 1.06089495655
4880 1.14173985485 1.10679958346
4885 1.12105022176 1.08674310809
4890 1.09390688907 1.06043043346
4895 1.18403787173 1.14780316871
4900 1.17584897136 1.13986487044
4905 1.16620894123 1.13051985082
4910 1.13773447989 1.10291678362
4915 1.17976320526 1.14365931839
4920 1.08256309686 1.04943379141
4925 1.133060335 1.09838567997
4930 1.18067341742 1.14454167564
4935 1.1229976992 1.08863098755
4940 1.12648012434 1.09200684124
4945 1.17326452876 1.13735951864
4950 1.17779577239 1.14175209419
4955 1.14502868426 1.10998776597
4960 1.14972405576 1.11453944663
4965 1.16482976496 1.12918288102
4970 1.14929931992 1.11412770883
4975 1.18129316477 1.14514245707
4980 1.12702392132 1.09253399658
4985 1.07832922298 1.04532948532
4990 1.13182996707 1.09719296457
4995 1.14815072595 1.11301426489
5000 1.1196238653 1.08536040193
5005 1.09328238166 1.05982503763
5010 1.12938875715 1.09482646216
5015 1.0801765083 1.0471202388
5020 1.09455807099 1.06106168748
5025 1.12875881419 1.09421579712
5030 1.13076295369 1.09615860463
5035 1.12180472667 1.08747452314
5040 1.06189438128 1.02939759342
5045 1.13891747464 1.10406357559
5050 1.10103791018 1.06734322639
5055 1.14409637832 1.10908399106
5060 1.15919230594 1.12371794321
5065 1.11833022615 1.08410635157
5070 1.12718428675 1.0926894544
5075 1.11520011455 1.0810720297
5080 1.06590648704 1.03328691808
5085 1.11645548258 1.08228898013
5090 1.13952303906 1.10465060813
5095 1.14187290178 1.10692855881
5100 1.08539047388 1.05217464319
5105 1.11652991133 1.08236113116
5110 1.10167303849 1.06795891808
5115 1.14412470626 1.10911145209
5120 1.14207177844 1.10712134932
5125 1.08559899451 1.05237678254
5130 1.10104931893 1.067354286
5135 1.10418050375 1.07038964825
5140 1.06292107059 1.0303928633
5145 1.09453390558 1.06103826159
5150 1.09724797169 1.06366927008
5155 1.09765805297 1.06406680178
5160 1.11855922549 1.08432834292
5165 1.0531371933 1.02090839864
5170 0.977901017675 0.947974649774
5175 1.06581570845 1.03319891756
5180 1.09972599233 1.06607145671
5185 0.984151668609 0.954034014191
5190 1.06101192006 1.02854213786
5195 1.0472455399 1.01519704548
5200 1.08042884141 1.04736484985
5205 1.04188291798 1.00999853403
5210 1.05731880096 1.024962038
5215 1.0627944162 1.03027008487
5220 1.09169532697 1.05828655103
5225 1.04273329086 1.01082288324
5230 1.05118179982 1.0190128454
5235 1.04520625245 1.01322016564
5240 1.07872400201 1.04571218306
5245 1.09548214628 1.06195748362
5250 1.08165972661 1.04855806669
5255 1.08496720913 1.05176433146
5260 1.08358897696 1.05042827686
5265 0.990952926933 0.960627135951
5270 1.00157842031 0.970927461013
5275 1.03926543939 1.00746115723
5280 1.07639698676 1.04345638066
5285 1.07039214468 1.03763530269
5290 1.10964680896 1.07568867
5295 1.08463348309 1.05144081833
5300 1.06557581258 1.03296636314
5305 1.09162644202 1.05821977415
5310 1.09650844835 1.06295237811
5315 1.07265225432 1.03982624697
5320 1.08204651754 1.0489330208
5325 1.03865229136 1.00686677316
5330 1.02241139582 0.991122892149
5335 1.06688830227 1.03423868716
5340 1.03502745672 1.00335286809
5345 1.06055229184 1.02809657548
5350 1.05469760038 1.02242105312
5355 1.08350594875 1.05034778953
5360 1.08161849472 1.04851809661
5365 1.03865497606 1.0068693757
5370 1.01803519111 0.986880610926
5375 1.07444621151 1.0415653043
5380 1.0545356893 1.02226409695
5385 1.05714246184 1.02479109532
5390 1.0013577273 0.970713521793
5395 1.03504230839 1.00336726526
5400 1.03631594565 1.00460192583
5405 1.00166681691 0.971013152447
5410 1.01650507459 0.985397320039
5415 1.03110700835 0.999552395845
5420 1.04781827519 1.01575225355
5425 1.02745523479 0.996012376258
5430 1.02381376048 0.992482340728
5435 1.02575709407 0.994366203157
5440 1.06602482583 1.0334016354
5445 1.01973853697 0.988531829884
5450 1.04881133568 1.01671492375
5455 1.01609967713 0.985004328817
5460 1.04399910777 1.01204996279
5465 1.02381367578 0.992482258627
5470 1.04700190295 1.01496086446
5475 1.0064257469 0.975626446541
5480 1.01593549001 0.984845166256
5485 1.03851761858 1.00673622173
5490 1.0339036814 1.00226348328
5495 1.02905576145 0.997563922553
5500 1.02050231316 0.989272232489
5505 1.016214533 0.985115669789
5510 1.01531337417 0.984242088815
5515 1.0220164815 0.990740063264
5520 1.03286875018 1.0012602237
5525 1.01162933215 0.980670788266
5530 0.997315757105 0.966795246623
5535 1.01189536931 0.980928683981
5540 1.02383945384 0.992507247803
5545 1.00988549784 0.978980319914
5550 1.0315687428 1.0
5555 1.01508351343 0.984019262427
5560 1.0142067186 0.983169299847
5565 0.997644380418 0.96711381319
5570 0.991856536388 0.961503092557
5575 0.995156452867 0.964702022828
5580 1.00838399971 0.977524771611
5585 0.991456609755 0.961115404741
5590 0.961788151581 0.932354880169
5595 0.978035524731 0.948105040558
5600 0.96520979537 0.935671812573
5605 0.993937840081 0.96352070283
5610 1.01135747408 0.980407249768
5615 0.966561823928 0.936982465467
5620 0.99677500573 0.966271043677
5625 0.978935178391 0.948977162427
5630 1.00675133579 0.975942071542
5635 0.987588664564 0.957365828944
5640 0.979877811788 0.949890948738
5645 0.994049656307 0.963629097182
5650 0.989381653066 0.959103947236
5655 0.967047291787 0.93745307672
5660 0.949204207441 0.920156038136
5665 0.967939153135 0.938317644743
5670 0.982435861189 0.952370715035
5675 0.982829012145 0.952751834528
5680 0.975412517341 0.945562304159
5685 0.950282466659 0.921201299759
5690 0.959017938573 0.929669443036
5695 0.972365337569 0.942608376179
5700 0.965765882423 0.936210881885
5705 0.960277742314 0.930890693437
5710 0.924962283885 0.896655981814
5715 0.959249723072 0.929894134314
5720 0.965718937865 0.936165373956
5725 0.975065606497 0.945226009708
5730 0.968462475196 0.938824951759
5735 0.969538526359 0.939868072899
5740 0.967370957612 0.937766837511
5745 0.966558365408 0.936979112786
5750 0.954061340712 0.924864530231
5755 0.943023401677 0.914164381441
5760 0.957854522431 0.928541630518
5765 0.955666367632 0.926420439066
5770 0.956345367896 0.927078660118
5775 0.95295107959 0.923788246048
5780 0.952336618751 0.923192589343
5785 0.945814362802 0.916869931745
5790 0.952076769206 0.922940691884
5795 0.952051852877 0.92291653806
5800 0.957846648329 0.928533997383
5805 0.949802109371 0.92073564268
5810 0.958107777208 0.928787135026
5815 0.953157669092 0.923988513362
5820 0.96058190658 0.931185549469
5825 0.964669751937 0.935148295903
5830 0.963603329945 0.934114509255
5835 0.962501994481 0.933046877581
5840 0.962641245451 0.933181867102
5845 0.960447975151 0.931055716697
5850 0.956384166423 0.927116271308
5855 0.93537638484 0.906751383626
5860 0.931455058152 0.902950059948
5865 0.947514946367 0.918518472937
5870 0.951571082392 0.922450480429
5875 0.945839079181 0.916893891737
5880 0.943283078382 0.91441611135
5885 0.931709783712 0.903196990229
5890 0.857424798044 0.831185322382
5895 0.876314754707 0.84949719621
5900 0.913271912175 0.885323366522
5905 0.928836937335 0.900412060579
5910 0.927034427776 0.8986647126
5915 0.913147793907 0.885203046603
5920 0.917996663092 0.889903527515
5925 0.922038885091 0.893822046786
5930 0.913341333795 0.885390663656
5935 0.919541607821 0.891401192832
5940 0.915531050045 0.887513368774
5945 0.906240345706 0.878506984659
5950 0.903020622689 0.875385793716
5955 0.915509841354 0.887492809125
5960 0.914176585067 0.886200354021
5965 0.917202297287 0.889133471412
5970 0.909551851869 0.881717149939
5975 0.905823014185 0.878102424591
5980 0.909512334131 0.881678841549
5985 0.887907336902 0.860735014606
5990 0.898781779558 0.87127667044
5995 0.902031504816 0.874426945476
6000 0.89731953314 0.869859172645
6005 0.89268368538 0.865365194137
6010 0.883450648108 0.856414712323
6015 0.884682641694 0.857609003634
6020 0.870914016411 0.844261734847
6025 0.876473119702 0.849650714815
6030 0.887922228521 0.860749450502
6035 0.885734205921 0.858628387204
6040 0.88983549531 0.862604166247
6045 0.888278419507 0.861094741098
6050 0.890706451745 0.863448469102
6055 0.881673492767 0.854691942656
6060 0.885582729428 0.858481546294
6065 0.869482303015 0.842873835682
6070 0.887124795369 0.859976420922
6075 0.885951469814 0.858839002244
6080 0.877354115828 0.850504750121
6085 0.876937421881 0.850100808115
6090 0.876457284251 0.849635363971
6095 0.883645165687 0.856603277148
6100 0.874115922358 0.847365653969
6105 0.865162986571 0.838686701792
6110 0.883385526186 0.856351583305
6115 0.880787703042 0.853833260448
6120 0.875415692308 0.848625647508
6125 0.871683140321 0.845007321522
6130 0.876195174988 0.849381275948
6135 0.857324043712 0.8310876514
6140 0.849904896779 0.823895550065
6145 0.864294943801 0.837845223436
6150 0.861025916387 0.834676236941
6155 0.857863996823 0.831611080512
6160 0.846228304133 0.820331470916
6165 0.84300321745 0.81720508045
6170 0.837351946006 0.811726752918
6175 0.859043057533 0.832754058833
6180 0.861976535939 0.835597765011
6185 0.865301110543 0.838820598804
6190 0.851056165971 0.825011587362
6195 0.857938038611 0.831682856424
6200 0.857961812174 0.831705902453
6205 0.865576204548 0.839087274201
6210 0.858984881235 0.832697662884
6215 0.844710635514 0.818860246987
6220 0.844850590621 0.818995919096
6225 0.853771455387 0.827643781711
6230 0.831413229424 0.805969776833
6235 0.842858047216 0.81706435281
6240 0.838786488717 0.813117394813
6245 0.82520238246 0.799948998279
6250 0.839168856144 0.813488060782
6255 0.820491497154 0.795382278573
6260 0.836856235359 0.811246212334
6265 0.836468126095 0.810869980243
6270 0.83671479599 0.811109101385
6275 0.83053411583 0.80511756645
6280 0.782550303267 0.758602185969
6285 0.825733520203 0.800463881797
6290 0.819187249049 0.794117943924
6295 0.815895112585 0.790926555578
6300 0.803367396622 0.77878222099
6305 0.820418370107 0.795311389408
6310 0.823110894755 0.797921515652
6315 0.809325553486 0.784558042432
6320 0.809366761481 0.784597989353
6325 0.826468048209 0.801175931295
6330 0.825480867442 0.800218960882
6335 0.814831983084 0.789895960662
6340 0.823661626784 0.798455393818
6345 0.815808754272 0.790842840059
6350 0.825661899895 0.800394453261
6355 0.820569690355 0.795458078854
6360 0.821914161404 0.79676140552
6365 0.817026270012 0.792023096584
6370 0.82036598594 0.795260608335
6375 0.824454326128 0.799223834458
6380 0.822975175792 0.79778995005
6385 0.823139068669 0.797948827369
6390 0.822795507504 0.797615780089
6395 0.808266902829 0.783531789296
6400 0.7987801653 0.774335371127
6405 0.815494248521 0.790537959019
6410 0.799940472198 0.775460169553
6415 0.80416465592 0.779555082036
6420 0.795433407208 0.77109103272
6425 0.812828884982 0.787954162681
6430 0.802003935349 0.777460485253
6435 0.807516764037 0.782804606744
6440 0.794263867928 0.769957284448
6445 0.811202563514 0.786377610969
6450 0.791309182871 0.767093020599
6455 0.792638391248 0.76838155167
6460 0.791763011173 0.76753296055
6465 0.790197924269 0.766015769462
6470 0.784733040121 0.76071812528
6475 0.781806355499 0.757881004979
6480 0.7891522254 0.765002071755
6485 0.787561859537 0.76346037531
6490 0.788069692586 0.763952667319
6495 0.736707594792 0.714162386107
6500 0.772153744084 0.748523789105
6505 0.793331293822 0.769053249586
6510 0.793232186309 0.768957175026
6515 0.768554096998 0.745034300779
6520 0.773031330052 0.749374518612
6525 0.779073474707 0.755231757596
6530 0.782018853472 0.75808699995
6535 0.772391316398 0.748754091075
6540 0.772662254846 0.749016738088
6545 0.749840896996 0.726893774388
6550 0.743350515647 0.720602015943
6555 0.709226707503 0.687522486943
6560 0.584536253853 0.566647892283
6565 0.542022866323 0.525435527303
6570 0.69818120874 0.676815009772
6575 0.729420714534 0.707098503735
6580 0.75467753099 0.731582394539
6585 0.756656682717 0.733500978968
6590 0.759216706574 0.735982659296
6595 0.752396296601 0.72937097198
6600 0.765791538142 0.74235628356
6605 0.761297348587 0.737999628139
6610 0.762207766984 0.738882185316
6615 0.767471408255 0.743984745187
6620 0.763440268767 0.740076969271
6625 0.764303614224 0.740913894064
6630 0.762206001124 0.738880473495
6635 0.75201820958 0.729004455426
6640 0.759877731732 0.73662345533
6645 0.755583231006 0.73246037773
6650 0.762719032582 0.739377804828
6655 0.762086369414 0.738764502834
6660 0.75679602151 0.733636053623
6665 0.748541444217 0.725634088316
6670 0.755344131683 0.73222859548
6675 0.751970856384 0.728958551363
6680 0.74558255942 0.72276575325
6685 0.755927477446 0.732794089315
6690 0.754221060478 0.731139893237
6695 0.750519649201 0.727551754974
6700 0.752918665047 0.729877354565
6705 0.743593554666 0.720837617323
6710 0.74445141186 0.721669221809
6715 0.736283988497 0.71375174329
6720 0.736664236313 0.714120354512
6725 0.745886248277 0.723060148422
6730 0.743975148284 0.721207533164
6735 0.741613922032 0.718918566705
6740 0.742064388243 0.719355247454
6745 0.737208456731 0.714647920341
6750 0.731892839046 0.709494974672
6755 0.738268608992 0.715675629127
6760 0.736855279611 0.714305551378
6765 0.731267581359 0.708888851531
6770 0.727804703613 0.705531947039
6775 0.731446264463 0.709062066457
6780 0.733369970253 0.710926901742
6785 0.729202823005 0.706887280265
6790 0.729304941712 0.706986273868
6795 0.725229184946 0.703035246083
6800 0.72559957904 0.703394305134
6805 0.724950827502 0.702765407115
6810 0.720583534988 0.69853176535
6815 0.726082504255 0.703862451555
6820 0.719594246492 0.697572751708
6825 0.717624347498 0.695663136854
6830 0.715359182382 0.693467291806
6835 0.716517832562 0.694590484214
6840 0.706491422363 0.684870908792
6845 0.708512050091 0.686829699945
6850 0.711837435304 0.690053319541
6855 0.706063422446 0.684456006809
6860 0.703285252404 0.681762856147
6865 0.705526225503 0.683935249519
6870 0.67768355074 0.656944634537
6875 0.685964582234 0.664972244478
6880 0.695492693737 0.674208770468
6885 0.707300553142 0.68565527802
6890 0.722203249681 0.700101912472
6895 0.696217233286 0.674911137183
6900 0.692374102634 0.671185616534
6905 0.686100102389 0.665103617356
6910 0.689828694221 0.668718104377
6915 0.681524474379 0.660668015714
6920 0.68893998821 0.667856595131
6925 0.682821921176 0.661925757194
6930 0.683454137085 0.662538625617
6935 0.687851773929 0.666801683096
6940 0.684864733873 0.663906054398
6945 0.678057572623 0.657307210358
6950 0.68189423332 0.66102645905
6955 0.677713061908 0.656973242586
6960 0.680065115403 0.659253316998
6965 0.67760055088 0.656864174693
6970 0.679122550059 0.658339596656
6975 0.674447886919 0.653807990622
6980 0.665675698749 0.645304254704
6985 0.677827167982 0.657083856711
6990 0.676074490436 0.655384815752
6995 0.679955721833 0.659147271162
7000 0.672574915226 0.651992336836
7005 0.665310420168 0.644950154617
7010 0.672992195629 0.652396847351
7015 0.665274233207 0.644915075073
7020 0.666159993643 0.645773728888
7025 0.660119962812 0.639918539039
7030 0.673279114162 0.652674985415
7035 0.659207484944 0.639033985417
7040 0.665346015555 0.644984660691
7045 0.671720862971 0.651164420848
7050 0.673309671091 0.652704607221
7055 0.67292991535 0.652336473014
7060 0.667233615746 0.646814495304
7065 0.666136375321 0.645750833349
7070 0.66961408485 0.649122115732
7075 0.674806283597 0.654155419409
7080 0.672455583056 0.651876656548
7085 0.670104878214 0.649597889516
7090 0.666821726139 0.646415210612
7095 0.671291513015 0.650748210141
7100 0.670002387378 0.649498535172
7105 0.67490999628 0.654255958209
7110 0.66901575366 0.648542095065
7115 0.670638149687 0.650114841465
7120 0.668396044919 0.647941351057
7125 0.674184084292 0.653552261055
7130 0.665645314673 0.645274800461
7135 0.673866352101 0.653244252314
7140 0.673431345751 0.652822558312
7145 0.66798067998 0.647538697388
7150 0.657605743982 0.637481261982
7155 0.664300173263 0.64397082395
7160 0.663753113043 0.643440505225
7165 0.653618326851 0.633615870403
7170 0.681579254961 0.660721119865
7175 0.701662436735 0.680189702947
7180 0.684137315234 0.663200896701
7185 0.660816856319 0.640594105755
7190 0.652400166306 0.632434988806
7195 0.651684931085 0.631741641682
7200 0.652889753292 0.632909593131
7205 0.650304600824 0.630403553193
7210 0.645869136407 0.626103825765
7215 0.648752497664 0.62889894851
7220 0.644588516098 0.624862395837
7225 0.646928358648 0.627130632992
7230 0.640529284448 0.620927387456
7235 0.629396619129 0.610135411257
7240 0.628975621778 0.609727297543
7245 0.622642249894 0.603587743657
7250 0.61895736293 0.600015624019
7255 0.617160854782 0.598274093791
7260 0.610608958569 0.591922703
7265 0.5184595059 0.50259326828
7270 0.0214220130179 0.0207664425346
7275 9.99973424932e-05 9.69371582757e-05
7280 9.99973424851e-05 9.69371582679e-05
7285 9.99973424932e-05 9.69371582757e-05
7290 9.99973424932e-05 9.69371582757e-05
7295 9.99973424932e-05 9.69371582757e-05
7300 9.99973424932e-05 9.69371582757e-05
7305 9.99973424932e-05 9.69371582757e-05
7310 9.99973424932e-05 9.69371582757e-05
7315 9.99973424932e-05 9.69371582757e-05
7320 9.99973424932e-05 9.69371582757e-05
7325 9.99973424932e-05 9.69371582757e-05
7330 9.99973424932e-05 9.69371582757e-05
7335 9.99973424932e-05 9.69371582757e-05
7340 9.99973424932e-05 9.69371582757e-05
7345 9.99973424932e-05 9.69371582757e-05
7350 9.99973424932e-05 9.69371582757e-05
7355 9.99973424932e-05 9.69371582757e-05
7360 9.99973424932e-05 9.69371582757e-05
7365 9.99973424932e-05 9.69371582757e-05
7370 9.99973424932e-05 9.69371582757e-05
7375 9.99973424932e-05 9.69371582757e-05
7380 9.99973424932e-05 9.69371582757e-05
7385 9.99973424932e-05 9.69371582757e-05
7390 9.99973424932e-05 9.69371582757e-05
7395 9.99973424932e-05 9.69371582757e-05
7400 9.99973424932e-05 9.69371582757e-05
