Wave Flux FluxNorm
3600 0.28541475636 0.273176853851
3605 0.215956850592 0.206697137053
3610 0.184092506785 0.176199060141
3615 0.237285333033 0.227111105149
3620 0.184942030469 0.17701215828
3625 0.278627385495 0.266680509225
3630 0.240247853886 0.22994660019
3635 0.213467109579 0.204314150183
3640 0.281323210137 0.269260743349
3645 0.223326053997 0.213750366631
3650 0.223244824947 0.213672620489
3655 0.290219532284 0.277775612469
3660 0.3109485052 0.297615776576
3665 0.287427397306 0.275103197564
3670 0.271268604234 0.259637254914
3675 0.295209400717 0.28255152727
3680 0.245556696421 0.235027812247
3685 0.249978562758 0.239260079525
3690 0.267301840331 0.255840576365
3695 0.273200091274 0.261485924406
3700 0.320746173486 0.306993344266
3705 0.216358739885 0.207081794294
3710 0.233028008754 0.223036324759
3715 0.325242165614 0.311296558998
3720 0.167025270322 0.159863625981
3725 0.239570405514 0.229298199184
3730 0.236381208711 0.226245747518
3735 0.119367208505 0.114249027935
3740 0.217469946659 0.208145355177
3745 0.165250940564 0.158165375242
3750 0.152846709812 0.146293008254
3755 0.27045801932 0.258861425943
3760 0.187395550683 0.179360477412
3765 0.214711222467 0.205504918485
3770 0.249243627788 0.23855665681
3775 0.280809152338 0.268768727121
3780 0.293054059387 0.280488601824
3785 0.279232717584 0.26725988612
3790 0.210712508816 0.201677660116
3795 0.202472949148 0.193791393071
3800 0.207588642156 0.198687737392
3805 0.267377808502 0.255913287202
3810 0.255683390017 0.244720297428
3815 0.185113146941 0.177175937687
3820 0.147976877289 0.141631982509
3825 0.128338754529 0.12283589551
3830 0.140974268549 0.134929628893
3835 0.135805855554 0.129982825093
3840 0.129757845696 0.12419413944
3845 0.211272655786 0.202213789323
3850 0.181246821811 0.173475391336
3855 0.172936402335 0.165521302783
3860 0.13421656193 0.12846167658
3865 0.19861225154 0.190096232949
3870 0.151655574307 0.145152945792
3875 0.194613895997 0.186269317334
3880 0.168671558856 0.161439325598
3885 0.195183714855 0.186814703721
3890 0.230463803138 0.22058206615
3895 0.265610739873 0.254221986252
3900 0.261917481961 0.250687086411
3905 0.243034718631 0.232613970836
3910 0.291325499464 0.27883415842
3915 0.292744327512 0.280192150512
3920 0.235097046183 0.225016646809
3925 0.210528715616 0.201501747529
3930 0.0959150594301 0.0918024509531
3935 0.0609323632598 0.0583197291735
3940 0.16526249977 0.158176438816
3945 0.221451469751 0.211956160077
3950 0.300125491373 0.287256827711
3955 0.318548196037 0.304889610835
3960 0.266663968841 0.255230055279
3965 0.132286441908 0.126614315491
3970 0.0853621728229 0.0817020468984
3975 0.237374527396 0.227196475071
3980 0.366947274745 0.351213452739
3985 0.388002128114 0.371365524324
3990 0.426327643543 0.408047733264
3995 0.429270333959 0.410864248148
4000 0.459523663334 0.439820387077
4005 0.435016990061 0.416364501374
4010 0.486918662257 0.466040753929
4015 0.499823107871 0.478391887762
4020 0.494419211271 0.473219697331
4025 0.500702733014 0.479233796681
4030 0.496109086117 0.474837114383
4035 0.470170841124 0.450011039333
4040 0.544400436976 0.521057847551
4045 0.423515295241 0.405355971734
4050 0.533727150834 0.510842206405
4055 0.496160416682 0.474886244016
4060 0.510050714077 0.488180958662
4065 0.45292440413 0.433504088332
4070 0.535067736442 0.512125310907
4075 0.505102105224 0.483444534327
4080 0.530173356011 0.507440789809
4085 0.550243518879 0.526650392069
4090 0.635668277778 0.608412341502
4095 0.574625109504 0.549986558369
4100 0.502234802094 0.480700174302
4105 0.545756585374 0.522355847547
4110 0.560927019066 0.536875809305
4115 0.604833067445 0.578899271281
4120 0.5669726604 0.542662227989
4125 0.590273694428 0.564964169377
4130 0.539807101261 0.516661463091
4135 0.542067479101 0.518824921333
4140 0.59722240333 0.571614934251
4145 0.507835563679 0.486060788617
4150 0.56720394181 0.542883592606
4155 0.554503079645 0.530727313051
4160 0.613185831394 0.586893888677
4165 0.606083248804 0.580095847851
4170 0.578294381512 0.553498500763
4175 0.528750933979 0.506079357834
4180 0.572328960804 0.547788863037
4185 0.587407555796 0.562220923918
4190 0.582288979067 0.557321819524
4195 0.584589387512 0.559523591954
4200 0.523995443645 0.501527771559
4205 0.578681038969 0.553868579273
4210 0.632684107754 0.605556125555
4215 0.577512581342 0.552750222316
4220 0.67173499703 0.642932606045
4225 0.467155247997 0.447124747632
4230 0.595428088433 0.569897555287
4235 0.586153872136 0.561020995217
4240 0.597422818754 0.57180675634
4245 0.647822201738 0.620045134255
4250 0.559674477377 0.535676973609
4255 0.583242315058 0.558234278746
4260 0.550488425501 0.52688479768
4265 0.658641475855 0.63040050376
4270 0.543366836733 0.520068565616
4275 0.530655153241 0.507901928726
4280 0.589655827032 0.564372794658
4285 0.571858887187 0.547338945052
4290 0.514647215075 0.492580372684
4295 0.55620448397 0.532355765225
4300 0.388275115461 0.371626806626
4305 0.396636308297 0.3796294915
4310 0.357054852066 0.341745193499
4315 0.62339780765 0.596667999803
4320 0.755077012404 0.722701115017
4325 0.508686240598 0.486874990544
4330 0.716893645148 0.686154959276
4335 0.74624817318 0.714250835315
4340 0.567869085625 0.543520216644
4345 0.721915684736 0.690961665812
4350 0.709426967983 0.67900843538
4355 0.669513184663 0.640806059681
4360 0.718069529739 0.687280424748
4365 0.771652916428 0.738566283899
4370 0.711227308402 0.680731581506
4375 0.641535210362 0.614027714041
4380 0.713348163459 0.682761499368
4385 0.550173797146 0.526583659837
4390 0.66708408162 0.63848111077
4395 0.705121703622 0.674887770465
4400 0.716638868365 0.685911106713
4405 0.65196453665 0.624009855747
4410 0.759808666532 0.727229887126
4415 0.744964273725 0.713021986399
4420 0.816241918466 0.781243416113
4425 0.791135576676 0.757213574245
4430 0.796199652337 0.762060514447
4435 0.746405498898 0.714401415282
4440 0.831855362885 0.796187393357
4445 0.821148223924 0.78593935092
4450 0.846890342268 0.810577708763
4455 0.757553994297 0.725071889847
4460 0.741400824853 0.709611329697
4465 0.82253522756 0.787266883156
4470 0.822303776707 0.787045356363
4475 0.933009905493 0.893004670973
4480 0.873638215659 0.83617869728
4485 0.933214181867 0.893200188465
4490 0.874171761795 0.836689366233
4495 0.859661620332 0.822801384952
4500 0.929098402022 0.889260883421
4505 0.99796815105 0.955177662235
4510 0.979667836309 0.937662021245
4515 0.923075139291 0.883495883799
4520 0.938068912315 0.897846759676
4525 0.868273802973 0.831044297787
4530 0.808531052734 0.773863173871
4535 0.822988655302 0.787700869
4540 0.916713353022 0.877406875718
4545 0.883181771911 0.845313048653
4550 0.85955710416 0.822701350183
4555 0.875501344681 0.837961939783
4560 0.951423891616 0.910629109388
4565 0.878568571148 0.840897650911
4570 0.917802875799 0.878449682362
4575 0.941511558195 0.90114179313
4580 0.859235349009 0.822393391124
4585 0.870948545357 0.833604353611
4590 0.925862414717 0.886163647517
4595 0.877804164541 0.840166020232
4600 0.884837521313 0.846897803478
4605 0.910729032887 0.871679148925
4610 0.957808451292 0.916739914406
4615 0.933620153389 0.893588752898
4620 0.933601559692 0.893570956455
4625 0.946428077964 0.905847504283
4630 0.943465029622 0.903011504371
4635 0.912022554495 0.872917207419
4640 0.898266687275 0.859751158904
4645 0.893995522326 0.855663131299
4650 0.897626794897 0.859138703581
4655 0.88545264677 0.847486553826
4660 0.966220163231 0.924790952245
4665 0.876572860908 0.838987511956
4670 0.869491596801 0.832209875526
4675 0.926655572547 0.886922796636
4680 0.881355140679 0.843564739002
4685 0.91523621604 0.875993074839
4690 0.906139733327 0.867286627561
4695 0.946691177656 0.90609932289
4700 0.884184883933 0.846273149628
4705 0.894902014278 0.856530755042
4710 0.894765065994 0.856399678773
4715 0.926404705551 0.886682686216
4720 0.985427865315 0.943175073976
4725 0.973890256534 0.932132170281
4730 0.899669022614 0.861093365456
4735 0.940561204482 0.900232188312
4740 0.951791292701 0.910980757192
4745 0.982016815612 0.939910281931
4750 0.99110352177 0.94860737185
4755 0.950969233147 0.910193945586
4760 0.958582237964 0.917480522955
4765 0.901509214788 0.862854654588
4770 0.972118633366 0.930436510079
4775 1.00925350847 0.965979130503
4780 0.999065773544 0.956228221299
4785 0.966761455151 0.925309034861
4790 0.955059508317 0.914108839535
4795 1.02660684531 0.982588397739
4800 0.971781667911 0.930113992897
4805 0.999804938061 0.956935692209
4810 0.99894245553 0.956110190867
4815 1.01599756919 0.972434022024
4820 1.03438329493 0.990031411787
4825 0.992299168908 0.949751752496
4830 0.984342216577 0.94213597526
4835 1.00360129683 0.960569272186
4840 0.967899406273 0.926398193359
4845 1.00380120104 0.960760604983
4850 0.995922031298 0.953219275206
4855 0.954568470886 0.913638856615
4860 0.828693019587 0.79316064378
4865 0.917496629344 0.878156567023
4870 0.920992319477 0.88150237032
4875 0.942647884341 0.902229396327
4880 0.990516619398 0.948045634448
4885 0.942443980945 0.902034235821
4890 0.908357797953 0.869409586877
4895 1.04741509943 1.00250444366
4900 1.01538322143 0.971846016024
4905 1.01254488465 0.969129380341
4910 0.952697328678 0.911847944512
4915 1.00500530797 0.961913082688
4920 0.863383812628 0.826363978539
4925 0.955495319417 0.914525964097
4930 1.02155262882 0.977750893977
4935 0.958354258968 0.917262319154
4940 0.941148167528 0.900793983786
4945 1.01802220159 0.974371843022
4950 1.03850168767 0.99397321769
4955 0.991555439896 0.949039912806
4960 0.995050731942 0.952385335084
4965 0.991885749105 0.949356059146
4970 0.973558251025 0.931814400374
4975 1.00906557168 0.965799251994
4980 0.942486922629 0.902075336268
4985 0.908006584662 0.869073432773
4990 0.968875782423 0.927332704833
4995 0.972651079749 0.930946126434
5000 0.933585181425 0.893555280448
5005 0.904699782548 0.865908418429
5010 0.941992361647 0.901601980879
5015 0.877197187312 0.839585068736
5020 0.924437735848 0.884800055472
5025 0.939993850813 0.899689161412
5030 0.972192870403 0.93050756401
5035 0.959169054371 0.918042178078
5040 0.832679566888 0.796976257462
5045 0.970696265555 0.92907513
5050 0.923994040647 0.884375384861
5055 0.998801340868 0.955975126865
5060 1.01052701482 0.96719803195
5065 0.93621918356 0.896076342868
5070 0.953044102112 0.91217984913
5075 0.956472221236 0.915460978701
5080 0.872854758297 0.835428832697
5085 0.940728273804 0.900392094101
5090 0.979057871433 0.937078210205
5095 0.984597615657 0.942380423438
5100 0.917813758793 0.87846009872
5105 0.925274346055 0.885600793833
5110 0.920420383407 0.880954957501
5115 0.978760495737 0.936793585269
5120 0.978320977694 0.936372912708
5125 0.8884296849 0.850335943677
5130 0.911274498898 0.872201226658
5135 0.957826368363 0.916757063236
5140 0.901228067683 0.862585562399
5145 0.902038841464 0.863361572138
5150 0.903310944027 0.864579129984
5155 0.923234011377 0.88364794383
5160 0.977597964838 0.935680900916
5165 0.830902926639 0.795275795301
5170 0.74892388376 0.716811817821
5175 0.834637509177 0.798850247866
5180 0.906566120702 0.867694732464
5185 0.755239241525 0.722856388141
5190 0.940235259198 0.899920218783
5195 0.905811195168 0.866972176333
5200 0.972288571584 0.930599161752
5205 0.879914796425 0.842186153266
5210 0.879834226342 0.842109037835
5215 0.954300668261 0.913382536726
5220 0.985288396845 0.94304158558
5225 0.878559283908 0.840888761885
5230 0.942675626893 0.902255949344
5235 0.941199626398 0.900843236222
5240 0.992819079953 0.950249370998
5245 0.988987773143 0.946582341465
5250 0.933907510189 0.893863788526
5255 0.966099555663 0.92467551604
5260 0.989479257898 0.947052752529
5265 0.833798173561 0.798046900955
5270 0.832040299859 0.796364400675
5275 0.941594972425 0.901221630757
5280 0.992926900524 0.950352568481
5285 0.988936324008 0.946533098347
5290 1.04710436874 1.00220703636
5295 0.991636542192 0.94911753763
5300 0.945628108482 0.90508183558
5305 1.03861825722 0.994084789017
5310 1.05417775031 1.00897712824
5315 1.0274704968 0.98341501792
5320 1.0153489155 0.97181318105
5325 0.954414195904 0.913491196576
5330 0.904140724048 0.865373331021
5335 1.01451314236 0.97101324387
5340 0.961365222834 0.920144180086
5345 0.991060541903 0.948566234856
5350 0.978258783125 0.936313384894
5355 1.04036160842 0.995753389489
5360 1.04160159999 0.996940213186
5365 0.993206037207 0.95061973645
5370 0.936035873209 0.895900892427
5375 1.03113797731 0.986925245635
5380 1.01623734683 0.972663518573
5385 1.02161180984 0.977807537456
5390 0.971009876855 0.929375294397
5395 0.924391550423 0.884755850368
5400 0.980364846128 0.938329144949
5405 0.918957380168 0.879554684344
5410 0.954889100898 0.913945738779
5415 1.00865236763 0.965403765144
5420 1.00052211939 0.957622122514
5425 0.989964946124 0.947517615605
5430 0.957900587612 0.916828100141
5435 0.948031260871 0.907381946539
5440 1.0451335821 1.00032075235
5445 0.98480716838 0.942580991042
5450 1.02644798298 0.982436347053
5455 0.972028971047 0.930350692266
5460 1.02653704047 0.98252158597
5465 0.977178974479 0.935279875861
5470 1.00610391106 0.962964580307
5475 0.953548314376 0.912662441978
5480 0.967425359263 0.925944472351
5485 1.00400828044 0.960958805318
5490 0.99330873905 0.950718034683
5495 1.00213547384 0.959166300187
5500 1.0051577675 0.962059005118
5505 0.988534444659 0.946148450624
5510 0.992572167734 0.950013045785
5515 0.977612210995 0.935694536231
5520 1.03343201406 0.989120919567
5525 1.00255522065 0.959568049259
5530 0.981922145355 0.939819670908
5535 1.00164024492 0.958692305502
5540 1.02820701693 0.984119957831
5545 1.01709163324 0.973481175217
5550 1.04479846055 1.0
5555 1.01480695817 0.971294461559
5560 1.02312099749 0.979252014741
5565 0.990642900291 0.948166500719
5570 0.996355516789 0.953634173876
5575 1.00422045547 0.961161882788
5580 1.01592588595 0.972365412392
5585 0.983717911182 0.941538438589
5590 0.944150877729 0.903667944951
5595 0.986462305798 0.944165160124
5600 0.965290491602 0.923901142713
5605 1.01847176647 0.974802131637
5610 1.04613856319 1.00128264225
5615 0.973086372874 0.931362755231
5620 1.01262288575 0.969204036941
5625 0.98568629678 0.943422424518
5630 1.03948670495 0.994915999792
5635 1.01619741301 0.972625297016
5640 1.00281216334 0.959813974857
5645 1.01117934608 0.967822392799
5650 1.01842166316 0.974754176637
5655 0.995765908697 0.95306984677
5660 0.956181785424 0.915182996082
5665 1.00258123497 0.959592948145
5670 1.00327617989 0.960258095484
5675 1.03513145336 0.990747490972
5680 1.01835714036 0.974692420416
5685 0.987593126986 0.945247494403
5690 1.00182918971 0.958873148787
5695 1.02201764575 0.978195972089
5700 0.979055981522 0.937076401329
5705 0.976787045777 0.934904752125
5710 0.922952823807 0.88337881291
5715 0.999467365836 0.956612594274
5720 1.03258563512 0.988310831334
5725 1.02893549244 0.984817198045
5730 1.01818899941 0.974531488951
5735 1.03440031216 0.990047699358
5740 1.02566505331 0.981686987527
5745 1.03029233139 0.986115858991
5750 1.01324976096 0.969804033243
5755 0.991483517678 0.94897107444
5760 1.00873873791 0.965486432071
5765 1.02613177299 0.982133695389
5770 1.03463231972 0.990269758997
5775 1.02255211495 0.978707524525
5780 0.987278084854 0.944945960524
5785 0.968636658375 0.927103833853
5790 1.01148124428 0.968111346328
5795 1.02630001531 0.982294723875
5800 1.03631410996 0.991879438088
5805 1.01418206015 0.970696357666
5810 1.03325326114 0.988949831146
5815 1.02693762807 0.982904997332
5820 1.05232719705 1.00720592228
5825 1.05175365148 1.00665696897
5830 1.05003610678 1.00501306848
5835 1.04179996769 0.997130075348
5840 1.05239600645 1.00727178129
5845 1.04908015623 1.00409810681
5850 1.04098176696 0.996346957116
5855 1.00706727279 0.963886635384
5860 1.01227116568 0.96886739779
5865 1.0288907953 0.984774417417
5870 1.04823481051 1.00328900749
5875 1.05071485803 1.0056627165
5880 1.03305956352 0.988764438816
5885 1.02685149043 0.982822553066
5890 0.874601796428 0.837100962009
5895 0.909689855308 0.870684528797
5900 1.00406983243 0.961017718103
5905 1.01852936058 0.97485725625
5910 1.02950469756 0.985361997009
5915 0.9956830659 0.952990556074
5920 1.02352712639 0.979640729803
5925 1.02703658376 0.982999710037
5930 1.0150687009 0.971544981384
5935 1.02039551498 0.976643394405
5940 1.02614306562 0.982144503819
5945 1.02239532547 0.978557457808
5950 1.00159528149 0.958649269991
5955 1.01046559899 0.967139249477
5960 1.03297565318 0.988684126353
5965 1.02829302692 0.984202279911
5970 1.04063466606 0.996014739071
5975 1.01994389001 0.976211134037
5980 1.01873690431 0.975055901003
5985 1.00032614017 0.957434546415
5990 1.02171099253 0.977902467426
5995 1.02405031751 0.98014148774
6000 1.01297619613 0.969542198213
6005 1.00453675813 0.961464623148
6010 1.00202267274 0.959058335723
6015 0.997869536189 0.955083275743
6020 0.988314479376 0.945937916926
6025 1.00452556727 0.961453912119
6030 1.02316417626 0.979293342111
6035 1.03224849249 0.987988144579
6040 1.02303242061 0.979167235832
6045 1.03182534652 0.98758314209
6050 1.03806411783 0.993554409807
6055 1.01555836088 0.972013645915
6060 1.02703599783 0.98299914923
6065 0.994816365988 0.952161018182
6070 1.03493951325 0.990563780802
6075 1.03170204043 0.987465123078
6080 1.00226236744 0.959287752886
6085 0.996171957839 0.953458485494
6090 0.993817701126 0.951205173683
6095 1.01262262026 0.969203782838
6100 1.00458813006 0.961513792369
6105 0.991362073357 0.948854837362
6110 1.0079958518 0.964775399144
6115 1.01544951359 0.971909465733
6120 0.989337743314 0.946917305753
6125 0.994744555722 0.952092286969
6130 1.00600322043 0.962868207043
6135 0.971866237577 0.930194936419
6140 0.982225847549 0.940110351077
6145 1.01106388463 0.967711882058
6150 0.999853304299 0.956981984619
6155 0.999572275103 0.956713005282
6160 0.962989394785 0.921698711426
6165 0.957872220303 0.916800949154
6170 0.958756956635 0.917647750107
6175 0.994929339138 0.952269147314
6180 1.01177881854 0.968396161311
6185 1.01865550221 0.974977989229
6190 0.974750294257 0.932955331642
6195 1.01879817044 0.975114540181
6200 1.00133986206 0.958404802335
6205 1.0299148967 0.985754607795
6210 1.018434736 0.974766688942
6215 0.968208271156 0.926693814854
6220 0.976129083222 0.934275001431
6225 1.00277581569 0.959779185706
6230 0.954125097764 0.913214494273
6235 1.00487523141 0.961788583502
6240 0.976865992258 0.93498031357
6245 0.95065086698 0.9098892302
6250 0.985509145325 0.943252868893
6255 0.935439428079 0.895330021439
6260 0.953489716409 0.912606356552
6265 0.985318508683 0.943070406295
6270 0.987256508382 0.944925309199
6275 1.00275063792 0.959755087495
6280 0.950718540099 0.909954001658
6285 0.960493059139 0.919309412686
6290 0.996575074177 0.953844317168
6295 0.976710111168 0.934831116288
6300 0.943877477804 0.903406267761
6305 0.974387361772 0.932607960834
6310 0.98030232571 0.938269305257
6315 0.941283855783 0.900923854053
6320 0.948963474102 0.908274188695
6325 0.989857698476 0.94741496648
6330 0.987391527708 0.94505453922
6335 0.961762251288 0.92052418491
6340 0.980223451428 0.938193812916
6345 0.980590042062 0.93854468502
6350 1.0054582844 0.962346636569
6355 0.981236986761 0.939163890277
6360 0.963450893295 0.922140421983
6365 0.979072300192 0.937092020294
6370 1.00337021848 0.960348101924
6375 1.01642170858 0.972839975328
6380 1.00150061262 0.958558660298
6385 1.01158424005 0.968209925889
6390 1.01163088538 0.968254571179
6395 0.984788640358 0.942563257457
6400 0.963547033873 0.922232440284
6405 1.00356840105 0.960537786901
6410 0.981187698635 0.939116715508
6415 0.992779034746 0.950211042834
6420 0.970934113031 0.929302779145
6425 1.0111876879 0.967830376946
6430 0.979432512147 0.937436787221
6435 0.999773299338 0.956905410079
6440 0.982330853183 0.940210854321
6445 1.01537236979 0.971835629681
6450 0.945921923033 0.905363052066
6455 0.980859561231 0.938802647851
6460 0.992169265805 0.949627419327
6465 0.983202907034 0.941045516588
6470 0.980190480542 0.938162255743
6475 0.986639345394 0.944334608685
6480 0.98367921725 0.94150140376
6485 0.989039700813 0.946632042602
6490 0.983270096521 0.941109825151
6495 0.889807587859 0.85165476545
6500 0.943977551675 0.903502050704
6505 0.998905744127 0.956075053562
6510 0.993721193254 0.951112803837
6515 0.987614046189 0.94526751664
6520 0.975042138822 0.933234662609
6525 0.986524218988 0.944224418624
6530 0.977872060676 0.935943244179
6535 0.977987087777 0.936053339193
6540 0.988605590942 0.946216546324
6545 0.966239882672 0.924809826163
6550 0.972090012048 0.930409115975
6555 0.947442044959 0.906817994797
6560 0.868044169042 0.830824510011
6565 0.845761554747 0.809497320952
6570 0.952271005767 0.911439901309
6575 0.941942555616 0.901554310411
6580 0.97073464765 0.929111866363
6585 0.969446043131 0.927878514125
6590 0.967300367707 0.925824840134
6595 0.944151694438 0.903668726642
6600 0.971496231812 0.929840795616
6605 0.96247130752 0.921202838505
6610 0.954591966689 0.913661344974
6615 0.977187988328 0.935288503218
6620 0.982779454355 0.940640220547
6625 0.962177427065 0.920921558942
6630 0.966029730957 0.924608685251
6635 0.952057377385 0.911235432801
6640 0.963843852733 0.92251653226
6645 0.953721232771 0.912827946046
6650 0.980291604273 0.93825904353
6655 0.980836707714 0.938780774239
6660 0.974040355828 0.932275833675
6665 0.95755085487 0.916493363103
6670 0.979109313377 0.937127446441
6675 0.971225323776 0.929581503469
6680 0.959869704069 0.918712785591
6685 0.985585117234 0.943325583309
6690 0.983423625576 0.941256771246
6695 0.970445954596 0.928835551777
6700 0.972345838755 0.930653973444
6705 0.962307050535 0.921045624467
6710 0.965601765816 0.924199070233
6715 0.951055553668 0.910276564891
6720 0.962242152568 0.92098350917
6725 0.972407479728 0.9307129714
6730 0.975601092561 0.933769649748
6735 0.969782079145 0.928200141718
6740 0.961902383839 0.920658308911
6745 0.963119518533 0.921823255779
6750 0.951511983024 0.910713423646
6755 0.969792815451 0.928210417676
6760 0.980275679363 0.938243801442
6765 0.969406127194 0.927840309688
6770 0.947889090601 0.90724587219
6775 0.965716485052 0.924308870582
6780 0.978953471344 0.936978286542
6785 0.960970456471 0.919766340361
6790 0.9737138769 0.931963353384
6795 0.960277441573 0.919103040285
6800 0.859548540916 0.82269315411
6805 0.0610990229778 0.0584792429211
6810 0.000801006262751 0.000766661028897
6815 0.358251768136 0.342890788669
6820 0.969398600764 0.927833105974
6825 0.978607191443 0.936646854296
6830 0.96933148203 0.92776886513
6835 0.973314908147 0.931581491457
6840 0.935827829278 0.895701768922
6845 0.95287339351 0.912016460105
6850 0.96282388898 0.921540302115
6855 0.943339910004 0.902891749584
6860 0.940888836789 0.900545772529
6865 0.958163024613 0.917079284471
6870 0.954161186606 0.913249035712
6875 0.941674051645 0.901297319249
6880 0.938401218079 0.898164816963
6885 0.941429607117 0.901063355918
6890 0.956384629498 0.915377142687
6895 0.940328647329 0.900009602654
6900 0.945167223051 0.904640711815
6905 0.944776370807 0.904266618381
6910 0.945463015384 0.90492382128
6915 0.915008200902 0.875774836445
6920 0.942164361922 0.901766606193
6925 0.923578106518 0.883977284993
6930 0.937909278398 0.89769397048
6935 0.935492320851 0.895380646295
6940 0.942230129031 0.901829553366
6945 0.919602622059 0.880172259805
6950 0.931585266064 0.891641116678
6955 0.934499121162 0.894430032635
6960 0.936907129697 0.89673479152
6965 0.932685813648 0.892694475412
6970 0.930574761078 0.89067393973
6975 0.911100487466 0.87203467642
6980 0.895522146847 0.857124297809
6985 0.924302184784 0.884670316514
6990 0.92844043414 0.88863112763
6995 0.936067822309 0.895931471626
7000 0.9168715878 0.877558325767
7005 0.922356325159 0.882807890698
7010 0.934807434276 0.894725126019
7015 0.902204290289 0.863519926913
7020 0.925228604602 0.885557013664
7025 0.910543903315 0.871501957267
7030 0.927387525204 0.887623364912
7035 0.921754479334 0.882231850584
7040 0.923164879695 0.883581776349
7045 0.937147606147 0.896964956914
7050 0.932765824657 0.892771055741
7055 0.921679731935 0.882160308175
7060 0.925516077663 0.885832160568
7065 0.917123721153 0.877799648244
7070 0.907005555081 0.868115324948
7075 0.930897952693 0.890983273662
7080 0.926824746084 0.887084716416
7085 0.887722048282 0.849658648826
7090 0.914671196455 0.875452281943
7095 0.914671225591 0.87545230983
7100 0.924826612382 0.885172257911
7105 0.918598272204 0.879210974071
7110 0.902182021947 0.863498613384
7115 0.914446311686 0.875237039695
7120 0.907299969528 0.868397115607
7125 0.913517096707 0.874347667233
7130 0.893227105652 0.854927662494
7135 0.906874514716 0.86798990328
7140 0.905666468326 0.866833655031
7145 0.895918702961 0.857503850545
7150 0.881847069198 0.844035574802
7155 0.888934154462 0.85081878279
7160 0.896835779756 0.858381605279
7165 0.861887053602 0.824931396962
7170 0.916677212177 0.877372284506
7175 0.912248397022 0.873133366358
7180 0.89286472007 0.85458081514
7185 0.890214042826 0.8520437926
7190 0.867321470878 0.830132799416
7195 0.877549836654 0.839922597317
7200 0.890018415041 0.851856552867
7205 0.882515607363 0.844675447648
7210 0.869875421052 0.832577242311
7215 0.874825150376 0.837314739073
7220 0.879161587546 0.841465240183
7225 0.876083888698 0.838519505705
7230 0.891861973436 0.853621063885
7235 0.890040563402 0.85187775156
7240 0.885637384435 0.847663370381
7245 0.874364088458 0.836873446389
7250 0.877738782565 0.840103441679
7255 0.884869776898 0.84692867602
7260 0.875927681243 0.838369996052
7265 0.885535249365 0.847565614619
7270 0.888341170923 0.850251224967
7275 0.879223002502 0.841524021812
7280 0.881886136732 0.844072967213
7285 0.867815653745 0.830605792903
7290 0.837654673946 0.801738043822
7295 0.873210783616 0.835769592501
7300 0.875010821287 0.83749244886
7305 0.875610463726 0.838066380065
7310 0.860896688663 0.823983496505
7315 0.88476044008 0.846824027304
7320 0.868776688337 0.831525620629
7325 0.855243544468 0.81857274562
7330 0.873061779122 0.835626976963
7335 0.881326810413 0.84353762347
7340 0.888165401244 0.850082991873
7345 0.862887884586 0.825889314706
7350 0.868491092931 0.831252270872
7355 0.850851264789 0.814368796394
7360 0.868621637323 0.831377217832
7365 0.865152172597 0.82805651546
7370 0.880593497982 0.842835753723
7375 0.877509766739 0.839884245504
7380 0.882692537553 0.844844791495
7385 0.847594134891 0.81125132444
7390 0.849315397173 0.812898783111
7395 0.865011953103 0.827922308243
7400 0.85830670131 0.821504561619
