Wave Flux FluxNorm
3600 0.689936595296 0.665728831774
3605 0.566468818354 0.546593161242
3610 0.515996212832 0.497891484972
3615 0.600439411006 0.579371829767
3620 0.494797488726 0.477436559215
3625 0.666245298275 0.642868789857
3630 0.603292080008 0.582124407345
3635 0.558454600599 0.53886013786
3640 0.679385161974 0.655547615954
3645 0.580879455365 0.560498173105
3650 0.595134839302 0.574253379249
3655 0.711998986166 0.687017120872
3660 0.747422686556 0.721197912033
3665 0.709411202643 0.684520134753
3670 0.69357409064 0.669238698539
3675 0.733968739557 0.708216022857
3680 0.641800481355 0.619281666747
3685 0.653629640749 0.630695777142
3690 0.696598212811 0.672156713519
3695 0.730615474203 0.704980413321
3700 0.80335156174 0.775164414162
3705 0.607595348899 0.586276687701
3710 0.654247966141 0.631292407388
3715 0.833463059629 0.804219391748
3720 0.548478716951 0.529234277437
3725 0.705134070064 0.680393073666
3730 0.709122041083 0.684241118987
3735 0.435273884655 0.420001456234
3740 0.683714746328 0.659725288444
3745 0.566607475703 0.546726953529
3750 0.497817786036 0.480350883536
3755 0.794739002617 0.766854043379
3760 0.629060772098 0.606988954897
3765 0.703026330429 0.678359288164
3770 0.689774144457 0.665572080838
3775 0.814669625904 0.786085362094
3780 0.882880018126 0.851902460417
3785 0.867280688716 0.836850463732
3790 0.728944399214 0.703367971239
3795 0.673670517076 0.650033480455
3800 0.680612375636 0.656731770444
3805 0.855507408046 0.825490271448
3810 0.860528244355 0.830334941978
3815 0.662240839165 0.639004834961
3820 0.616790328258 0.595149043377
3825 0.541575526336 0.522573298652
3830 0.487413752148 0.470311895355
3835 0.440982890751 0.425510150779
3840 0.462921268019 0.446678777533
3845 0.742373205806 0.716325602108
3850 0.745234114955 0.719086130711
3855 0.71298773673 0.687971179205
3860 0.588030234715 0.567398053494
3865 0.787543012202 0.759910538244
3870 0.673616306318 0.649981171787
3875 0.709959551017 0.685049243261
3880 0.659080038429 0.635954937049
3885 0.639687302254 0.617242632633
3890 0.639558675179 0.617118518689
3895 0.76198705382 0.735251260225
3900 0.777063000267 0.749798237853
3905 0.701862234909 0.677236037193
3910 0.840185923654 0.81070637105
3915 0.843121268897 0.813538724013
3920 0.724638180054 0.69921284413
3925 0.6667102345 0.643317412892
3930 0.332163145251 0.320508557096
3935 0.21379768394 0.206296177556
3940 0.523544674525 0.505175094247
3945 0.658542957353 0.635436700504
3950 0.812619213164 0.784106892062
3955 0.832866880213 0.803644130444
3960 0.727154055599 0.701640445303
3965 0.414697728183 0.400147254117
3970 0.268342782274 0.258927455329
3975 0.633225807089 0.611007851557
3980 0.902656373022 0.870984923546
3985 0.910608029686 0.878657580915
3990 0.984590258839 0.950044000075
3995 0.981596528674 0.947155310739
4000 1.00987528844 0.974441855373
4005 0.95668224321 0.9231151913
4010 1.04735629718 1.01060777023
4015 1.05107607016 1.01419702777
4020 1.05643168961 1.01936473491
4025 1.05541967796 1.01838823166
4030 1.01751290781 0.981811494055
4035 0.992902243003 0.958064342154
4040 1.09036974421 1.05211200705
4045 0.902039116381 0.870389324552
4050 1.0721463389 1.03452800526
4055 1.00286432201 0.967676882297
4060 1.0168478768 0.98116979695
4065 0.926659597739 0.894145948572
4070 1.0299158058 0.993779212317
4075 0.995150005705 0.960233237742
4080 1.01183033732 0.976328307574
4085 1.03106057795 0.994883817914
4090 1.13089015404 1.09121067972
4095 1.04920084905 1.01238760242
4100 0.869094490745 0.838600624999
4105 0.953169296881 0.919725503506
4110 1.03785343766 1.00143833696
4115 1.11891994745 1.07966047104
4120 1.06982331762 1.03228649168
4125 1.07626412782 1.03850131357
4130 1.03307925207 0.996831662936
4135 1.03556449472 0.999229706026
4140 1.12676130733 1.0872267016
4145 1.02563065046 0.989644409962
4150 1.07599412401 1.03824078337
4155 1.02685122263 0.990822155988
4160 1.10275183025 1.06405964359
4165 1.12892792991 1.08931730403
4170 1.06143218959 1.02418978266
4175 0.994280823259 0.959394552248
4180 1.05702067284 1.01993305252
4185 1.03083404805 0.994665236259
4190 1.03679109919 1.00041327271
4195 1.05410495736 1.01711964058
4200 0.969672515866 0.935649675046
4205 1.04395224939 1.00732316006
4210 1.10238139733 1.06370220803
4215 1.05838849349 1.02125288054
4220 1.10476320277 1.0660004432
4225 0.884288373771 0.853261401172
4230 1.03110968126 0.994931198336
4235 1.01292470651 0.977384278699
4240 1.01445187644 0.978857864912
4245 1.06082723105 1.02360605026
4250 0.970339768008 0.936293515353
4255 1.01293093957 0.97739029306
4260 0.947063208483 0.913833659061
4265 1.07676788238 1.03898739293
4270 0.933491035579 0.900737692166
4275 0.92619695457 0.893699538135
4280 0.98914504657 0.954438974245
4285 0.96517889722 0.931313723725
4290 0.881988575103 0.851042295401
4295 0.926221453735 0.8937231777
4300 0.679546765651 0.655703549453
4305 0.701217970038 0.676614377604
4310 0.63711372787 0.614759357097
4315 0.995059634854 0.960146037729
4320 1.16143316829 1.12068203308
4325 0.854325526649 0.824349858652
4330 1.11899855203 1.07973631763
4335 1.11072606595 1.07175408776
4340 0.808445376801 0.780079502842
4345 1.05100120718 1.0141247915
4350 1.07906535835 1.04120425749
4355 1.04327289181 1.00666763905
4360 1.09871222893 1.06016177952
4365 1.1475729481 1.10730812559
4370 1.08117840648 1.04324316523
4375 1.00747737174 0.97212807423
4380 1.07884554243 1.04099215424
4385 0.883814168636 0.852803834444
4390 1.02949007726 0.99336842129
4395 1.06227992933 1.0250077778
4400 1.07022198048 1.03267116668
4405 1.01178428036 0.976283866607
4410 1.1295254113 1.08989382162
4415 1.10409900246 1.06535954764
4420 1.18776441737 1.14608939922
4425 1.15093992709 1.11055696759
4430 1.16703865612 1.12609084149
4435 1.10217224372 1.06350039297
4440 1.18403283829 1.14248874982
4445 1.1561155344 1.11555097868
4450 1.18031193294 1.13889839966
4455 1.06657257011 1.02914980295
4460 1.07892068318 1.04106465853
4465 1.14751390136 1.10725115062
4470 1.13879431741 1.09883751019
4475 1.22906591611 1.18594175477
4480 1.15623088457 1.11566228157
4485 1.21027439262 1.16780956833
4490 1.15779640262 1.11717287038
4495 1.16483390503 1.12396344837
4500 1.21151895411 1.16901046196
4505 1.26617460376 1.22174841214
4510 1.25214349625 1.20820961326
4515 1.2012401245 1.15909228502
4520 1.2103716869 1.16790344885
4525 1.14495521794 1.10478224358
4530 1.08155800777 1.04360944747
4535 1.0849105012 1.04684431217
4540 1.1989721588 1.1569038953
4545 1.16357269862 1.12274649383
4550 1.10949851869 1.07056961138
4555 1.13937328376 1.09939616238
4560 1.218691087 1.17593094666
4565 1.15728030554 1.11667488157
4570 1.18136520271 1.13991471341
4575 1.20921908103 1.16679128439
4580 1.13906075537 1.09909459965
4585 1.13129878487 1.09160497294
4590 1.17359812157 1.13242015538
4595 1.14616062628 1.10594535782
4600 1.14177230169 1.10171100611
4605 1.15895405892 1.11828990807
4610 1.19687938424 1.1548845498
4615 1.17167096407 1.13056061593
4620 1.17446921789 1.13326068759
4625 1.17820486516 1.13686526243
4630 1.17831175879 1.13696840549
4635 1.16601838536 1.12510636891
4640 1.15494395102 1.11442050258
4645 1.14664217479 1.10641001027
4650 1.14043542574 1.10042103705
4655 1.12968576839 1.09004855228
4660 1.19454141083 1.15262860872
4665 1.12098865202 1.0816565911
4670 1.10703275402 1.06819036285
4675 1.16539706903 1.12450685267
4680 1.10834337075 1.06945499404
4685 1.14070593462 1.1006820546
4690 1.13928362706 1.09930965146
4695 1.16731875433 1.12636111192
4700 1.10780492641 1.06893544207
4705 1.09890441705 1.06034722435
4710 1.11231465878 1.07328694173
4715 1.14183654471 1.10177299504
4720 1.18914021763 1.14741692686
4725 1.18553571241 1.14393889269
4730 1.11589252056 1.0767392673
4735 1.14017593598 1.10017065199
4740 1.16308306575 1.12227404068
4745 1.1797885469 1.13839337763
4750 1.17751979157 1.13620422598
4755 1.13795784752 1.09803038946
4760 1.15385726565 1.11337194568
4765 1.10564957868 1.06685571889
4770 1.15558421246 1.1150382992
4775 1.17954302441 1.13815646977
4780 1.17759056817 1.13627251925
4785 1.14373799769 1.10360773186
4790 1.13712616825 1.09722789127
4795 1.19117598318 1.14938126362
4800 1.14959602592 1.1092602198
4805 1.15426901145 1.11376924457
4810 1.15429543361 1.11379473966
4815 1.18116623368 1.13972272559
4820 1.18054833004 1.1391265023
4825 1.15185414899 1.11143911225
4830 1.15144932125 1.11104848867
4835 1.15968748918 1.11899760451
4840 1.11895654717 1.07969578659
4845 1.14935096617 1.10902375845
4850 1.1367067322 1.09682317195
4855 1.06720574536 1.02976076202
4860 0.858527077228 0.82840398968
4865 1.00164065935 0.966496154214
4870 1.04515095487 1.00847980663
4875 1.07933491858 1.04146435968
4880 1.12174142071 1.08238294743
4885 1.08846585823 1.0502749226
4890 1.04081245995 1.00429353622
4895 1.16802329131 1.12704092885
4900 1.14654040524 1.1063118115
4905 1.13558813754 1.09574382535
4910 1.08939481649 1.05117128656
4915 1.1358916977 1.09603673452
4920 1.00559841113 0.970315040598
4925 1.09608131194 1.05762317335
4930 1.14752520726 1.10726205983
4935 1.08524470744 1.04716679214
4940 1.08243181657 1.044452597
4945 1.14335920457 1.10324222942
4950 1.15280884256 1.11236030854
4955 1.10043414626 1.06182328003
4960 1.11928384762 1.08001160307
4965 1.12682806008 1.0872911122
4970 1.10795620524 1.06908141299
4975 1.14277429884 1.10267784625
4980 1.0750689623 1.03734808274
4985 1.03483858862 0.998529269757
4990 1.10060689188 1.06198996454
4995 1.10864228956 1.06974342471
5000 1.06835217205 1.03086696411
5005 1.03910565346 1.00264661635
5010 1.07632877594 1.03856369338
5015 1.01319163608 0.977641842529
5020 1.05123493865 1.01435032205
5025 1.06906588886 1.03155563878
5030 1.09185902066 1.05354902935
5035 1.07304330879 1.03539350322
5040 0.987341249851 0.952698467232
5045 1.10170150328 1.06304616938
5050 1.05438519334 1.01739004394
5055 1.11521036155 1.07608104315
5060 1.12504321548 1.08556889233
5065 1.06288620895 1.02559278493
5070 1.07513357749 1.03741043079
5075 1.07270930988 1.03507122331
5080 1.00433734649 0.969098222857
5085 1.06926976138 1.03175235804
5090 1.09607759634 1.05761958812
5095 1.09115675874 1.05287140765
5100 1.03708976387 1.00070145815
5105 1.06492981727 1.02756468929
5110 1.0437176774 1.00709681848
5115 1.09577566276 1.05732824846
5120 1.08738355862 1.04923059757
5125 1.0201107757 0.984318210714
5130 1.03720864887 1.00081617184
5135 1.05569282995 1.01865179958
5140 1.00205993933 0.966900722948
5145 1.02401528754 0.988085725184
5150 1.03036670926 0.994214294952
5155 1.03868854012 1.00224413824
5160 1.06671184967 1.02928419563
5165 0.938138683845 0.905222268679
5170 0.851115439807 0.821252403933
5175 0.949475510254 0.916161320546
5180 1.01166097375 0.976164886451
5185 0.849162397987 0.819367888373
5190 1.01177447508 0.976274405371
5195 1.00585475993 0.970562394902
5200 1.06291645018 1.02562196508
5205 1.00235416163 0.967184621885
5210 1.02272557393 0.98684126368
5215 1.04239206177 1.00581771465
5220 1.07605589901 1.03830039087
5225 0.997646762522 0.962642391005
5230 1.02801402177 0.991944156069
5235 1.03248562766 0.996258866993
5240 1.0785272777 1.04068505645
5245 1.07002075963 1.03247700606
5250 1.03782063698 1.00140668716
5255 1.05529225442 1.01826527902
5260 1.07385015065 1.03617203547
5265 0.932393772132 0.899678928335
5270 0.928698761781 0.896113564588
5275 1.01392778073 0.97835215811
5280 1.05928363981 1.02211661892
5285 1.04806594019 1.01129251404
5290 1.09853930542 1.05999492336
5295 1.05845566466 1.02131769488
5300 1.02763437554 0.991577830459
5305 1.07760147665 1.03979173892
5310 1.09126611824 1.05297693006
5315 1.0669415374 1.02950582432
5320 1.06744852689 1.0299950251
5325 1.00048787121 0.965383813887
5330 0.986073150195 0.951474861312
5335 1.05941142996 1.02223992529
5340 1.01727081853 0.981577898946
5345 1.04278410045 1.00619599789
5350 1.03728600602 1.00089081477
5355 1.07579014953 1.03804396573
5360 1.07405828996 1.03637287181
5365 1.0230172914 0.987122745672
5370 0.987856063176 0.953195217334
5375 1.06106505209 1.02383552689
5380 1.04856520975 1.01177426576
5385 1.04920847416 1.01239495998
5390 1.03517213259 0.998851110687
5395 1.00707572597 0.971740520982
5400 1.01759508313 0.981890786095
5405 0.968994524823 0.934995472634
5410 0.995597645003 0.960665170748
5415 1.0257386421 0.989748612504
5420 1.03383657794 0.997562416561
5425 1.01498765151 0.97937484127
5430 0.996544986135 0.961579272579
5435 0.998168312159 0.96314564106
5440 1.05974389953 1.02256072953
5445 1.00428789023 0.969050501867
5450 1.04623026639 1.00952124842
5455 1.00020310342 0.965109037721
5460 1.03588024641 0.999534378957
5465 1.01060660288 0.975147510227
5470 1.03503650842 0.998720245148
5475 0.984931844183 0.950373600235
5480 1.00122210478 0.966092285448
5485 1.02696654912 0.990933436023
5490 1.02083886484 0.985020753432
5495 1.02227269733 0.986404277133
5500 1.02077499944 0.984959128874
5505 1.01076001179 0.975295536486
5510 1.01415154062 0.978568066958
5515 1.00611583772 0.970814312274
5520 1.03949025659 1.00301772494
5525 1.00738767726 0.972041526857
5530 0.991655317879 0.956861167816
5535 1.01341464957 0.977857031159
5540 1.02918441475 0.993073483542
5545 1.0191389432 0.983380476837
5550 1.03636279873 1.0
5555 1.01404221018 0.978462572585
5560 1.01734362215 0.981648148112
5565 0.99432911865 0.959441153101
5570 0.989205192686 0.954497010018
5575 0.992920584831 0.958082040424
5580 1.00485415247 0.9695968957
5585 0.978015202337 0.943699642183
5590 0.951896897193 0.918497748428
5595 0.976778803225 0.942506624531
5600 0.960593781736 0.926889485911
5605 1.00025521922 0.965159324936
5610 1.02238684754 0.986514422161
5615 0.956592418692 0.923028518449
5620 0.999249588423 0.96418897865
5625 0.978256065676 0.943932054364
5630 1.01668578689 0.981013394279
5635 0.992347371821 0.957528939704
5640 0.985781361331 0.951193310426
5645 0.995604750093 0.960672026542
5650 0.998535416034 0.963499864384
5655 0.97446510326 0.940274105216
5660 0.950948693737 0.91758281453
5665 0.982557893824 0.948082944528
5670 0.990010018215 0.955273596682
5675 0.9978386047 0.962827502028
5680 0.985762539151 0.951175148659
5685 0.960096355144 0.926409512496
5690 0.971264305332 0.937185613491
5695 0.988715123868 0.954024136215
5700 0.972069933144 0.937962974289
5705 0.96513623899 0.931272562242
5710 0.91569958723 0.883570491287
5715 0.972067871178 0.937960984671
5720 0.991959432419 0.957154611909
5725 0.994671060687 0.959771097439
5730 0.987743530494 0.953086633078
5735 0.993065653325 0.958222018908
5740 0.990399706511 0.955649612008
5745 0.99096241042 0.95619257236
5750 0.97794227042 0.943629269223
5755 0.961147001252 0.927423294646
5760 0.976024062887 0.941778365721
5765 0.980904289584 0.9464873602
5770 0.98930784487 0.954596060451
5775 0.977357639375 0.943065151092
5780 0.963192549908 0.929397071261
5785 0.952650704023 0.919225106484
5790 0.969876203575 0.935846215977
5795 0.97958827823 0.945217523657
5800 0.985756277245 0.951169106464
5805 0.971962177365 0.93785899933
5810 0.984720422936 0.950169597112
5815 0.977710319451 0.943405456704
5820 0.990693459069 0.955933057688
5825 0.990327755796 0.955580185824
5830 0.990189372527 0.955446658001
5835 0.986445510223 0.951834156366
5840 0.986375773519 0.95176686651
5845 0.983386969442 0.948882930421
5850 0.97538758671 0.941164221545
5855 0.95041402332 0.917066904061
5860 0.947505129382 0.914260074308
5865 0.967432974092 0.933488711938
5870 0.976386801148 0.942128376607
5875 0.976718734834 0.942448663756
5880 0.972141526663 0.938032055811
5885 0.957330709712 0.923740905097
5890 0.840056169658 0.810581169725
5895 0.870757867272 0.840205638734
5900 0.944090684183 0.910965431541
5905 0.958838605562 0.925195893497
5910 0.961640033038 0.927899027456
5915 0.937904235713 0.904996046614
5920 0.954124442589 0.920647136075
5925 0.957489966034 0.923894573602
5930 0.93737619202 0.904486530359
5935 0.946482554602 0.913273378548
5940 0.946163367803 0.912965391037
5945 0.945920200544 0.912730755772
5950 0.930642769939 0.89798936345
5955 0.935183797781 0.902371060523
5960 0.94614792327 0.912950488405
5965 0.941683112312 0.908642333999
5970 0.945167754308 0.912004710572
5975 0.92810935033 0.895544833781
5980 0.936043495024 0.903200593621
5985 0.915684177715 0.883555622445
5990 0.933560957466 0.900805160708
5995 0.933585447132 0.900828791106
6000 0.926796279302 0.894277834397
6005 0.920339048122 0.888047167696
6010 0.915392390668 0.883274073312
6015 0.915696734979 0.883567739113
6020 0.899011029464 0.867467483937
6025 0.908104778054 0.876242160721
6030 0.922745203375 0.890368898325
6035 0.931138343559 0.898467548908
6040 0.924612526884 0.892170703168
6045 0.925872018141 0.893386002731
6050 0.929654129757 0.897035411626
6055 0.916247643697 0.88409931813
6060 0.927461624191 0.89491983437
6065 0.906599976737 0.874790158276
6070 0.929585452686 0.896969144224
6075 0.92631534111 0.893813770854
6080 0.909247856684 0.87734513222
6085 0.908153620887 0.876289289808
6090 0.908032253582 0.876172180911
6095 0.916468610346 0.884312531736
6100 0.905828041057 0.874045307457
6105 0.900206410649 0.868620922854
6110 0.913328151292 0.881282261779
6115 0.914918950676 0.88281724488
6120 0.899782688474 0.868212067794
6125 0.900328699354 0.868738920823
6130 0.907422031981 0.875583370118
6135 0.886197282274 0.855103331918
6140 0.886236244221 0.855140926809
6145 0.906464089657 0.874659039058
6150 0.904904890602 0.873154547526
6155 0.893561050315 0.862208727876
6160 0.869013984419 0.838522943394
6165 0.867024486904 0.836603251258
6170 0.864128780617 0.833809146442
6175 0.895103283654 0.863696848967
6180 0.902226576425 0.870570207196
6185 0.907334803597 0.87549920231
6190 0.881713450166 0.850776823756
6195 0.902829923595 0.87115238476
6200 0.896572231349 0.865114255784
6205 0.906504842338 0.874698361852
6210 0.904789272842 0.87304298644
6215 0.879043424461 0.848200481081
6220 0.87974832664 0.8488806504
6225 0.894588821746 0.863200437953
6230 0.863113246795 0.832829244594
6235 0.887475321387 0.85633652855
6240 0.876095463388 0.84535595494
6245 0.851198960459 0.8213329941
6250 0.87547902985 0.844761150168
6255 0.841454680944 0.81193061153
6260 0.861133860552 0.830919308956
6265 0.874061145588 0.843393015125
6270 0.876684335522 0.845924165352
6275 0.858020198157 0.827914895444
6280 0.826763653164 0.797755046952
6285 0.868400337547 0.837930827513
6290 0.859538523012 0.829379946927
6295 0.857723367407 0.827628479577
6300 0.835078466282 0.805778118726
6305 0.859431686732 0.829276859205
6310 0.860469752959 0.830278502865
6315 0.834863712591 0.805570900084
6320 0.839091708356 0.809650548419
6325 0.865209586945 0.834852030584
6330 0.862151232268 0.831900984212
6335 0.844733409738 0.815094299766
6340 0.856504096261 0.826451988923
6345 0.855770022495 0.825743671559
6350 0.86689047343 0.836473939906
6355 0.854735507523 0.824745454552
6360 0.844538803604 0.814906521766
6365 0.851415442547 0.821541880495
6370 0.861242619808 0.831024252182
6375 0.866329727202 0.835932868548
6380 0.858744509958 0.828613793361
6385 0.861747351625 0.831511274504
6390 0.860946671864 0.830738688146
6395 0.846161174786 0.816471968908
6400 0.828713127222 0.799636119932
6405 0.854968505879 0.824970277709
6410 0.836899375166 0.80753513749
6415 0.845150251497 0.815496515823
6420 0.830434717321 0.801297304703
6425 0.85612421199 0.826085433629
6430 0.838112421203 0.808705621455
6435 0.850532887962 0.820690292049
6440 0.8296656901 0.800555260294
6445 0.852676216792 0.822758418029
6450 0.822315429811 0.793462898143
6455 0.831023267709 0.801865204659
6460 0.833416587379 0.804174550067
6465 0.831284280112 0.802117058936
6470 0.827016039728 0.797998578044
6475 0.822815910649 0.793945818639
6480 0.830432216657 0.80129489178
6485 0.835578395062 0.806260506535
6490 0.829998201986 0.800876105355
6495 0.769483515641 0.742484694144
6500 0.811927945842 0.783439879194
6505 0.835181926942 0.805877949268
6510 0.83537797885 0.806067122315
6515 0.819836182127 0.791070639672
6520 0.823805195254 0.794900392276
6525 0.826380976327 0.797385797074
6530 0.826039960325 0.79705674628
6535 0.8219781529 0.793137455246
6540 0.825293247907 0.796336233715
6545 0.804319135624 0.776098038839
6550 0.810230274356 0.781801773805
6555 0.782985508091 0.755512943003
6560 0.676338473628 0.652607826578
6565 0.65255741774 0.629661175156
6570 0.777813663173 0.750522562295
6575 0.790726534057 0.76298236006
6580 0.810137359096 0.781712118657
6585 0.807947869425 0.779599451478
6590 0.810944362703 0.782490806977
6595 0.793961656423 0.766103971883
6600 0.813251223196 0.784716726795
6605 0.8040893124 0.775876279409
6610 0.801861842264 0.773726964382
6615 0.810903052766 0.782450946479
6620 0.811172670398 0.782711104053
6625 0.8094349745 0.781034378586
6630 0.806575856822 0.778275578597
6635 0.794616743115 0.766736073589
6640 0.808155673064 0.779799963922
6645 0.795855087201 0.76793096797
6650 0.811809269529 0.78332536687
6655 0.809440045053 0.78103927123
6660 0.805692107968 0.777422837786
6665 0.794631169432 0.76674999373
6670 0.804800447041 0.776562462512
6675 0.802887591381 0.774716723102
6680 0.797276971871 0.769302963059
6685 0.807288851089 0.778963556078
6690 0.809448101204 0.781047044715
6695 0.799965311642 0.771896977216
6700 0.801824379146 0.773690815731
6705 0.798558256485 0.770539291318
6710 0.804840261722 0.776600880218
6715 0.790410963352 0.762677861765
6720 0.781385565289 0.753969137297
6725 0.792022254807 0.764232617935
6730 0.802804080835 0.774636142686
6735 0.796858900533 0.768899560565
6740 0.790770627134 0.763024906046
6745 0.789185305588 0.761495208581
6750 0.786792912396 0.759186757144
6755 0.794753715252 0.766868239792
6760 0.795532352649 0.767619557186
6765 0.792059058624 0.764268130418
6770 0.781830726201 0.754398678875
6775 0.786632602762 0.759032072284
6780 0.79039817633 0.762665523401
6785 0.773731235816 0.746583374819
6790 0.320721728076 0.309468584232
6795 0.000938874930901 0.000905932683079
6800 9.99974521378e-05 9.64888475926e-05
6805 0.000257923093495 0.000248873361539
6810 0.194368684404 0.18754888215
6815 0.775245379909 0.748044392229
6820 0.788158872919 0.760504790293
6825 0.789899001985 0.762183863556
6830 0.786279495195 0.758691354181
6835 0.78983940439 0.762126357058
6840 0.768919255937 0.741940232586
6845 0.779627941862 0.752273183497
6850 0.787015710938 0.759401738367
6855 0.777251404392 0.749980031453
6860 0.778832022753 0.751505190754
6865 0.784339907742 0.756819820915
6870 0.782486786229 0.755031719765
6875 0.783532991252 0.756041216655
6880 0.780005509354 0.752637503301
6885 0.77849033507 0.751175491845
6890 0.783728726118 0.756230083784
6895 0.779056551606 0.751721841577
6900 0.780322894045 0.752943751934
6905 0.777646559825 0.750361322092
6910 0.78172309188 0.754294821113
6915 0.76064909353 0.733960244867
6920 0.774442105788 0.747269302539
6925 0.768561330617 0.74159486577
6930 0.769472619693 0.742474180502
6935 0.770998396073 0.743946422058
6940 0.772690967287 0.745579606129
6945 0.761092136327 0.734387742648
6950 0.765178424533 0.738330655507
6955 0.770947083958 0.743896910328
6960 0.767368431568 0.740443821898
6965 0.759835249338 0.733174955976
6970 0.762110761875 0.735370627743
6975 0.753352238386 0.726919414037
6980 0.739379126455 0.713436575838
6985 0.760855875372 0.734159771366
6990 0.756999757214 0.730438952593
6995 0.760849873779 0.734153980351
7000 0.751843266901 0.725463387743
7005 0.743828396175 0.717729734301
7010 0.752886277398 0.726469802194
7015 0.737771964549 0.711885804324
7020 0.747925835838 0.721683407347
7025 0.741362999872 0.715350841209
7030 0.750640163319 0.724302497384
7035 0.743542574232 0.717453940975
7040 0.750185380499 0.723863671501
7045 0.753346343807 0.726913726281
7050 0.753468835464 0.72703192008
7055 0.75018738925 0.723865609771
7060 0.737880721099 0.71199074494
7065 0.739424090167 0.713479961911
7070 0.740045313772 0.71407938868
7075 0.745171597327 0.719025806635
7080 0.742333817254 0.71628759558
7085 0.731375914596 0.705714172188
7090 0.735239295274 0.709441998663
7095 0.74309588802 0.717022927615
7100 0.740812684263 0.71481983449
7105 0.740173400806 0.714202981533
7110 0.737014344853 0.711154767184
7115 0.74108389134 0.715081525741
7120 0.733867163467 0.708118010761
7125 0.737608379242 0.711727958725
7130 0.726555520543 0.70106291101
7135 0.738236577937 0.712334115851
7140 0.735509876599 0.709703086117
7145 0.726188762547 0.700709021429
7150 0.712574152442 0.687572106325
7155 0.73325793823 0.707530161373
7160 0.727088249816 0.701576948443
7165 0.707905033567 0.68306681254
7170 0.729626969015 0.704026591755
7175 0.724940949072 0.69950498991
7180 0.720190763235 0.694921473555
7185 0.714949249445 0.689863868443
7190 0.714778580755 0.689699187994
7195 0.70711867266 0.682308042631
7200 0.712556962368 0.687555519397
7205 0.713989152663 0.688937458518
7210 0.713528181539 0.68849266146
7215 0.726193051054 0.700713159466
7220 0.723880990482 0.698482222022
7225 0.725166012692 0.699722156737
7230 0.72965426416 0.704052929197
7235 0.714150488359 0.689093133439
7240 0.72234551128 0.697000618087
7245 0.72000747057 0.694744612069
7250 0.71714308676 0.691980730721
7255 0.723240453088 0.697864159125
7260 0.716527146263 0.69138640169
7265 0.720638389177 0.695353393674
7270 0.724956075526 0.699519585623
7275 0.715598327997 0.690490172814
7280 0.719826201899 0.694569703561
7285 0.714662503004 0.689587183056
7290 0.688800530185 0.664632627711
7295 0.711485613435 0.686521760819
7300 0.719838359141 0.694581434242
7305 0.720401258992 0.69512458366
7310 0.71029906046 0.685376840357
7315 0.723545731378 0.698158726135
7320 0.719438556833 0.694195659774
7325 0.709319510882 0.684431660176
7330 0.716536812226 0.691395728504
7335 0.724318147141 0.698904040193
7340 0.725054697663 0.699614747411
7345 0.719082534875 0.693852129537
7350 0.713278336819 0.688251583026
7355 0.705316362693 0.680568970204
7360 0.712592397481 0.6875897112
7365 0.712481983768 0.687483171566
7370 0.720930810728 0.695635555047
7375 0.715704880425 0.690592986644
7380 0.71750986132 0.692334636284
7385 0.698643874338 0.674130599044
7390 0.693046414674 0.668729537108
7395 0.705488699213 0.680735259963
7400 0.701028565338 0.676431618535
