Wave Flux FluxNorm
3600 1.29155350594 1.29204928243
3605 1.28958097368 1.29007599299
3610 1.28313696316 1.28362950887
3615 1.27829225586 1.27878294187
3620 1.27542348842 1.27591307323
3625 1.27335679072 1.27384558221
3630 1.2703540748 1.27084171366
3635 1.26533525971 1.26582097205
3640 1.26270148797 1.2631861893
3645 1.2583381123 1.25882113871
3650 1.25281073684 1.25329164151
3655 1.2492944375 1.2497739924
3660 1.24826374226 1.24874290151
3665 1.24463998313 1.24511775137
3670 1.24331700866 1.24379426906
3675 1.23488312735 1.23535715032
3680 1.22907252965 1.22954432216
3685 1.22621024191 1.22668093569
3690 1.22784898908 1.22832031191
3695 1.22469563068 1.22516574307
3700 1.23690224554 1.23737704356
3705 1.24647953249 1.24695800686
3710 1.24363548311 1.24411286576
3715 1.34327512876 1.34379075914
3720 1.26728837729 1.26777483935
3725 1.40408805643 1.40462703049
3730 1.4975744882 1.49814934802
3735 1.22458190377 1.2250519725
3740 1.72591541371 1.72657792461
3745 1.67257593213 1.67321796811
3750 1.20226166084 1.2027231617
3755 1.65326704122 1.65390166528
3760 2.06786639105 2.06866016345
3765 1.79387240345 1.79456100036
3770 1.20385955339 1.20432166763
3775 1.6424991769 1.6431296676
3780 2.22097042819 2.2218229712
3785 2.35024342518 2.351145591
3790 2.09614717091 2.09695179919
3795 1.40560770061 1.406147258
3800 1.30829612191 1.30879832522
3805 2.01991268938 2.02068805425
3810 2.39904476555 2.39996566428
3815 2.47995310789 2.48090506414
3820 2.38594766985 2.38686354112
3825 2.28960987376 2.29048876475
3830 1.77489052063 1.77557183114
3835 1.18130268251 1.18175613805
3840 1.66467282105 1.66531182334
3845 2.25126504987 2.25212922179
3850 2.46638656099 2.46733330958
3855 2.5029808331 2.50394162879
3860 2.55606041094 2.55704158178
3865 2.5556447304 2.55662574168
3870 2.54430441388 2.54528107207
3875 2.46559531685 2.46654176172
3880 2.20739635633 2.20824368879
3885 1.57991231722 1.58051878329
3890 1.21776860667 1.21823606004
3895 1.86305576899 1.86377092267
3900 2.32843504066 2.3293288351
3905 2.50180206616 2.50276240937
3910 2.586457699 2.58745053817
3915 2.62117540582 2.62218157174
3920 2.63520096701 2.6362125168
3925 2.62359515461 2.62460224939
3930 2.60935424127 2.61035586952
3935 2.58587359592 2.58686621088
3940 2.63758997936 2.6386024462
3945 2.62834924047 2.62935816016
3950 2.59793355998 2.59893080428
3955 2.51630963997 2.51727555207
3960 2.29706291591 2.29794466782
3965 1.74477856914 1.74544832087
3970 1.20939604601 1.20986028548
3975 1.73557160763 1.73623782517
3980 2.28804691811 2.28892520914
3985 2.50904852712 2.51001165196
3990 2.59076277771 2.59175726943
3995 2.62575371017 2.62676163353
4000 2.63867460497 2.63968748815
4005 2.63879914417 2.63981207515
4010 2.64067462623 2.64168827714
4015 2.64343605824 2.64445076916
4020 2.63539537799 2.63640700241
4025 2.50529918992 2.50626087554
4030 2.58974639221 2.59074049378
4035 2.64387641516 2.64489129511
4040 2.64269688222 2.64371130939
4045 2.62640264118 2.62741081364
4050 2.62279241336 2.6237992
4055 2.61573477713 2.61673885461
4060 2.60635466355 2.60735514037
4065 2.58511565465 2.58610797867
4070 2.56517728821 2.56616195867
4075 2.54293228174 2.54390841322
4080 2.51141972354 2.51238375859
4085 2.44432459071 2.44526287058
4090 2.28838249591 2.28926091575
4095 1.89001102952 1.89073653026
4100 1.27046905177 1.27095673476
4105 1.42470230094 1.425249188
4110 2.02020140394 2.02097687963
4115 2.29873464827 2.2996170419
4120 2.3755201459 2.37643201445
4125 2.39482260096 2.39574187896
4130 2.36833264606 2.36924175561
4135 2.41743044167 2.41835839794
4140 2.41400728266 2.41493392491
4145 2.38239658971 2.38331109786
4150 2.42326629988 2.4241964963
4155 2.42306997828 2.42400009935
4160 2.4075608571 2.40848502483
4165 2.39813673984 2.39905729001
4170 2.37765034254 2.3785630288
4175 2.35693099848 2.35783573139
4180 2.35354767782 2.35445111201
4185 2.35176573737 2.35266848754
4190 2.34383999442 2.34473970222
4195 2.34009406719 2.34099233707
4200 2.32633354763 2.32722653539
4205 2.32102085549 2.32191180392
4210 2.31843840172 2.31932835884
4215 2.30963078283 2.31051735906
4220 2.29772017308 2.29860217729
4225 2.28588508474 2.28676254593
4230 2.26761421792 2.26848466564
4235 2.25438619599 2.255251566
4240 2.25716749834 2.25803393597
4245 2.24799228395 2.24885519959
4250 2.24118994946 2.24205025394
4255 2.23092431925 2.23178068317
4260 2.22035634894 2.22120865623
4265 2.20811345406 2.20896106178
4270 2.1967383632 2.19758160448
4275 2.18857985854 2.18941996809
4280 2.1852620422 2.18610087817
4285 2.17390533508 2.17473981165
4290 2.16713217384 2.16796405047
4295 2.14665552295 2.1474795394
4300 2.12973910682 2.13055662972
4305 2.11718637914 2.11799908355
4310 2.10540617891 2.10621436136
4315 2.08575006543 2.08655070267
4320 2.04801782662 2.04880397994
4325 1.97597195511 1.97673045286
4330 1.81709930417 1.81779681697
4335 1.43851604744 1.43906823705
4340 1.03591634192 1.03631398937
4345 1.34000125123 1.3405156249
4350 1.73206687296 1.73273174516
4355 1.90241859779 1.90314886131
4360 1.97486115558 1.97561922694
4365 1.99689281648 1.99765934493
4370 2.00656217643 2.00733241657
4375 2.01418235323 2.01495551845
4380 2.00349667959 2.004265743
4385 1.95409612947 1.95484622996
4390 1.9432554877 1.94400142689
4395 1.9856641158 1.98642633399
4400 1.98617513326 1.98693754761
4405 1.97772923625 1.97848840855
4410 1.97269945862 1.97345670019
4415 1.95769565978 1.95844714198
4420 1.95760517653 1.958356624
4425 1.95335226905 1.954102084
4430 1.94103319185 1.94177827799
4435 1.9293813109 1.93012192434
4440 1.9294848438 1.93022549698
4445 1.92766137986 1.92840133308
4450 1.91745299219 1.91818902681
4455 1.91356591573 1.91430045827
4460 1.90699061511 1.90772263365
4465 1.89123366276 1.89195963282
4470 1.81465144603 1.8153480192
4475 1.84101650666 1.84172320033
4480 1.80866071888 1.80935499245
4485 1.83713997189 1.83784517752
4490 1.86081877118 1.86153306616
4495 1.86326627477 1.86398150926
4500 1.8626741977 1.86338920491
4505 1.85328678533 1.85399818908
4510 1.84157224157 1.84227914857
4515 1.83521646691 1.83592093418
4520 1.82100279181 1.82170180301
4525 1.82313639734 1.82383622755
4530 1.82643431892 1.82713541507
4535 1.81877957623 1.81947773403
4540 1.81485425678 1.8155509078
4545 1.80284814319 1.80354018553
4550 1.78665459945 1.78734042573
4555 1.77994642753 1.78062967881
4560 1.78121114632 1.78189488307
4565 1.7870008296 1.78768678879
4570 1.77798595129 1.77866845002
4575 1.76726419656 1.76794257963
4580 1.75335181268 1.75402485534
4585 1.73945614363 1.74012385229
4590 1.75033501821 1.75100690283
4595 1.74632377832 1.74699412319
4600 1.74645242834 1.7471228226
4605 1.74273110005 1.74340006583
4610 1.7405303397 1.7411984607
4615 1.73091137208 1.73157580073
4620 1.71782033125 1.71847973477
4625 1.71348308627 1.71414082489
4630 1.70588453557 1.70653935741
4635 1.70467578238 1.70533014022
4640 1.71028966613 1.71094617892
4645 1.70753127182 1.70818672577
4650 1.70367958386 1.7043335593
4655 1.70050930281 1.70116206131
4660 1.69167681829 1.69232618634
4665 1.68520480957 1.68585169328
4670 1.68518184845 1.68582872335
4675 1.68759844917 1.6882462517
4680 1.68382116952 1.6844675221
4685 1.68151197334 1.68215743952
4690 1.67830288451 1.67894711884
4695 1.67345861737 1.67410099218
4700 1.66948579601 1.67012664581
4705 1.66181331541 1.66245122004
4710 1.6552608036 1.65589619298
4715 1.64461668388 1.6452479874
4720 1.65050103788 1.65113460017
4725 1.64721131728 1.64784361678
4730 1.64024639417 1.64087602012
4735 1.6331253046 1.63375219704
4740 1.62649232103 1.62711666733
4745 1.62590701465 1.62653113627
4750 1.62029553869 1.62091750628
4755 1.61379833409 1.61441780767
4760 1.60731737962 1.60793436541
4765 1.59666560339 1.59727850038
4770 1.59230438338 1.59291560627
4775 1.5970583485 1.59767139626
4780 1.59473370306 1.59534585847
4785 1.59085543092 1.59146609762
4790 1.58762562324 1.58823505014
4795 1.58127773236 1.58188472256
4800 1.57792584547 1.57853154901
4805 1.57308610439 1.57368995015
4810 1.57004635663 1.57064903555
4815 1.56178769356 1.5623872023
4820 1.55489769375 1.55549455769
4825 1.54497979622 1.54557285307
4830 1.54064809555 1.54123948963
4835 1.52298595965 1.52357057393
4840 1.49311266625 1.49368581335
4845 1.44718526055 1.44774077793
4850 1.34600071653 1.34651739315
4855 1.12941097527 1.12984451163
4860 0.846525134714 0.846850082349
4865 0.95482454511 0.95519106462
4870 1.23880514802 1.23928067649
4875 1.37576227084 1.37629037175
4880 1.43537576259 1.43592674677
4885 1.45331635025 1.45387422111
4890 1.45989207468 1.4604524697
4895 1.46192931943 1.46249049648
4900 1.46308828185 1.46364990377
4905 1.45655371103 1.45711282459
4910 1.45485935007 1.45541781324
4915 1.45234342471 1.45290092211
4920 1.41635969322 1.41690337788
4925 1.41104563429 1.4115872791
4930 1.43593757105 1.43648877089
4935 1.43102298801 1.43157230133
4940 1.4224800226 1.42302605662
4945 1.41720804271 1.41775205302
4950 1.41101919915 1.4115608338
4955 1.40543304971 1.40597254007
4960 1.40197431456 1.40251247725
4965 1.39535962727 1.39589525084
4970 1.38783548692 1.38836822226
4975 1.38577887876 1.38631082465
4980 1.37666465412 1.37719310142
4985 1.37327866781 1.37380581536
4990 1.36289305561 1.36341621654
4995 1.35942773343 1.35994956416
5000 1.34766422397 1.34818153915
5005 1.34052915849 1.3410437348
5010 1.3397405716 1.3402548452
5015 1.3166276653 1.31713306676
5020 1.31194023748 1.31244383963
5025 1.32192154885 1.32242898243
5030 1.31733652955 1.31784220312
5035 1.30258097844 1.30308098794
5040 1.29405118929 1.29454792454
5045 1.29422548234 1.29472228449
5050 1.29369887568 1.29419547569
5055 1.27620830628 1.27669819235
5060 1.28012683018 1.28061822041
5065 1.2844874436 1.2849805077
5070 1.28143853452 1.28193042826
5075 1.27630105967 1.27679098135
5080 1.27468774447 1.27517704686
5085 1.26935100787 1.2698382617
5090 1.26679562787 1.26728190079
5095 1.2597414323 1.26022499738
5100 1.25111961944 1.25159987496
5105 1.25257762075 1.25305843593
5110 1.25378471518 1.25426599372
5115 1.25105111818 1.25153134739
5120 1.24475820862 1.24523602223
5125 1.24141365911 1.24189018889
5130 1.23548781792 1.235962073
5135 1.23305682324 1.23353014515
5140 1.22675827923 1.22722918339
5145 1.22137570345 1.22184454145
5150 1.21904291375 1.21951085627
5155 1.21549752822 1.21596410982
5160 1.21534423494 1.21581075769
5165 1.20516486982 1.20562748511
5170 1.19579688446 1.19625590375
5175 1.20296163551 1.20342340507
5180 1.19941614714 1.19987655572
5185 1.19427592258 1.19473435803
5190 1.19409723649 1.19455560336
5195 1.18976710823 1.19022381293
5200 1.18364080649 1.18409515954
5205 1.18870664382 1.18916294145
5210 1.18595526142 1.1864105029
5215 1.17310131669 1.17355162405
5220 1.17319390077 1.17364424366
5225 1.16732983167 1.16777792358
5230 1.16096339825 1.16140904634
5235 1.15680028535 1.15724433538
5240 1.15814849169 1.15859305925
5245 1.15011234209 1.15055382489
5250 1.14917256453 1.14961368658
5255 1.14672324005 1.1471634219
5260 1.13887449187 1.1393116609
5265 1.13516889403 1.13560464063
5270 1.13475159358 1.13518717999
5275 1.12708839133 1.12752103614
5280 1.12767344086 1.12810631025
5285 1.12666198882 1.12709446996
5290 1.12438230956 1.12481391561
5295 1.11967068312 1.12010048057
5300 1.11739501479 1.11782393869
5305 1.1136998498 1.11412735528
5310 1.11036951512 1.11079574222
5315 1.09572114556 1.09614174972
5320 1.09655746359 1.09697838878
5325 1.09945040051 1.09987243619
5330 1.09580006694 1.0962207014
5335 1.09279515078 1.09321463177
5340 1.09374058943 1.09416043333
5345 1.09046385464 1.09088244073
5350 1.09027579258 1.09069430649
5355 1.08978513792 1.09020346348
5360 1.08266218335 1.08307777469
5365 1.08157435226 1.08198952603
5370 1.08170469935 1.08211992315
5375 1.08327448225 1.08369030863
5380 1.07838705892 1.07880100921
5385 1.07656907423 1.07698232666
5390 1.07403075612 1.07444303419
5395 1.07129535428 1.07170658234
5400 1.06511105256 1.06551990671
5405 1.06478192171 1.06519064952
5410 1.06347960766 1.06388783557
5415 1.06256937119 1.06297724969
5420 1.06202462317 1.06243229256
5425 1.05825856137 1.05866478512
5430 1.05519651377 1.05560156212
5435 1.05435638811 1.05476111397
5440 1.05356328804 1.05396770946
5445 1.05421196358 1.054616634
5450 1.04854271619 1.04894521041
5455 1.04785078841 1.04825301703
5460 1.04545388983 1.04585519838
5465 1.04219201761 1.04259207405
5470 1.03776182452 1.03816018038
5475 1.03943189741 1.03983089434
5480 1.03797708353 1.03837552202
5485 1.0323815538 1.03277784439
5490 1.0300354659 1.03043085592
5495 1.02864995609 1.02904481427
5500 1.02645299449 1.02684700933
5505 1.02029723909 1.02068889099
5510 1.01865642851 1.01904745057
5515 1.02070461878 1.02109642705
5520 1.01733509832 1.01772561317
5525 1.01287952173 1.01326832626
5530 1.00731787796 1.00770454759
5535 1.00680244831 1.00718892009
5540 1.00335450585 1.0037396541
5545 1.00025318531 1.00063714308
5550 0.999616286706 1.0
5555 1.0006956996 1.00107982724
5560 0.997173227137 0.997556002636
5565 0.995747065073 0.996129293125
5570 0.991558701343 0.991939321648
5575 0.989553071616 0.989932922038
5580 0.990783222884 0.991163545513
5585 0.984183335436 0.984561124628
5590 0.984331722874 0.984709569026
5595 0.9831374091 0.983514796803
5600 0.97953263147 0.97990863544
5605 0.976851997343 0.977226972323
5610 0.973935548062 0.974309403532
5615 0.973070600213 0.973444123664
5620 0.968622054262 0.968993870091
5625 0.967759697774 0.968131182579
5630 0.963215725884 0.963585466438
5635 0.96107083579 0.961439753004
5640 0.954768467493 0.955134965477
5645 0.952557663869 0.952923313213
5650 0.950185892452 0.950550631365
5655 0.949858613989 0.950223227274
5660 0.944728953507 0.945091597717
5665 0.940200031089 0.940560936824
5670 0.939239723828 0.939600260939
5675 0.936262502302 0.936621896574
5680 0.929584162618 0.929940993339
5685 0.928497678156 0.928854091819
5690 0.923576656548 0.923931181225
5695 0.924057696798 0.924412406128
5700 0.920624069198 0.920977460493
5705 0.916919872859 0.917271842259
5710 0.912739262845 0.913089627474
5715 0.910996001779 0.911345697239
5720 0.907500735934 0.907849089698
5725 0.902574698389 0.902921161242
5730 0.902045958092 0.902392217982
5735 0.897686894624 0.898031481241
5740 0.894884160174 0.895227670932
5745 0.888514623322 0.888855689066
5750 0.888541622414 0.888882698522
5755 0.883593495068 0.883932671785
5760 0.883009237766 0.88334819021
5765 0.878830294251 0.879167642563
5770 0.876810093147 0.877146665983
5775 0.874805653726 0.875141457137
5780 0.872618452651 0.872953416482
5785 0.869402405969 0.869736135286
5790 0.863979622376 0.8643112701
5795 0.866613801009 0.866946459891
5800 0.864898588774 0.865230589253
5805 0.864878006424 0.865209999003
5810 0.862782313445 0.86311350157
5815 0.858988182456 0.859317914163
5820 0.859444653954 0.859774560883
5825 0.856295112903 0.856623810847
5830 0.856907281131 0.857236214062
5835 0.853811489512 0.85413923409
5840 0.849580717558 0.84990683811
5845 0.849170165927 0.849496128885
5850 0.8461507492 0.846475553123
5855 0.844064029678 0.844388032591
5860 0.841402931155 0.841725912577
5865 0.83813704072 0.838458768496
5870 0.828964072314 0.829282278949
5875 0.812342606409 0.812654432718
5880 0.812796974951 0.813108975675
5885 0.814119199138 0.814431707411
5890 0.807764756049 0.808074825101
5895 0.809008360622 0.809318907045
5900 0.805026183558 0.805335201381
5905 0.810493356733 0.810804473188
5910 0.806459703775 0.806769271869
5915 0.803848100867 0.80415666647
5920 0.797870546992 0.798176818048
5925 0.800354421528 0.800661646045
5930 0.799120594277 0.799427345177
5935 0.799355458097 0.799662299152
5940 0.786152388304 0.78645416122
5945 0.780928486187 0.781228253854
5950 0.786062767525 0.786364506039
5955 0.78519214228 0.785493546596
5960 0.779722940008 0.780022244913
5965 0.778924930919 0.7792239295
5970 0.77671359332 0.777011743055
5975 0.773034684922 0.77333142247
5980 0.773665145275 0.773962124832
5985 0.776213653531 0.776511611359
5990 0.774814136013 0.775111556621
5995 0.77374440647 0.774041416451
6000 0.773319414388 0.773616261232
6005 0.773363420225 0.77366028396
6010 0.765063263052 0.765356940685
6015 0.765587290145 0.765881168931
6020 0.76126744493 0.761559665497
6025 0.763929680046 0.76422292254
6030 0.755727842336 0.756017936469
6035 0.760954788895 0.761246889446
6040 0.756856508115 0.757147035498
6045 0.756260420143 0.756550718711
6050 0.755857577106 0.756147721039
6055 0.754985473151 0.755275282317
6060 0.74968659747 0.749974372606
6065 0.74990522435 0.750193083409
6070 0.747601411937 0.747888386654
6075 0.748185094762 0.748472293531
6080 0.74795017904 0.748237287634
6085 0.743571109721 0.743856537363
6090 0.745737756424 0.746024015756
6095 0.742122598699 0.742407470315
6100 0.73888624104 0.739169870346
6105 0.738764573012 0.739048155614
6110 0.738886479528 0.739170108925
6115 0.739629696009 0.739913610698
6120 0.732204273473 0.732485337835
6125 0.729069891641 0.729349752837
6130 0.73044716235 0.730727552226
6135 0.729358016414 0.72963798821
6140 0.729857946435 0.730138110134
6145 0.72398360422 0.72426151299
6150 0.718379574847 0.718655332452
6155 0.714709708902 0.71498405779
6160 0.710780355153 0.711053195717
6165 0.716993709532 0.717268935158
6170 0.716330911216 0.71660588242
6175 0.713950694108 0.71422475164
6180 0.714169788948 0.714443930581
6185 0.714586315121 0.714860616643
6190 0.71234490214 0.712618343272
6195 0.710031496339 0.710304049445
6200 0.706622160949 0.706893405346
6205 0.705283812655 0.705554543313
6210 0.705036446861 0.705307082565
6215 0.704369552491 0.7046399322
6220 0.701331755013 0.701600968632
6225 0.698502243657 0.698770371138
6230 0.695011231844 0.695278019263
6235 0.69155614576 0.691821606907
6240 0.688101542378 0.688365677439
6245 0.685261883468 0.685524928497
6250 0.686027092371 0.686290431132
6255 0.68514669953 0.685409700344
6260 0.682771034583 0.683033123473
6265 0.681986401869 0.682248189569
6270 0.676747034945 0.677006811458
6275 0.646434093942 0.646682234512
6280 0.634386488317 0.634630004287
6285 0.666339365366 0.666595146786
6290 0.657114730343 0.657366970789
6295 0.656865723471 0.657117868333
6300 0.65721134212 0.657463619651
6305 0.655416304404 0.655667892891
6310 0.657625473884 0.657877910384
6315 0.65502569135 0.655277129896
6320 0.65498749282 0.655238916703
6325 0.65899873568 0.659251699321
6330 0.661143303533 0.661397090389
6335 0.658600489116 0.658853299886
6340 0.65166101123 0.651911158207
6345 0.643448666309 0.643695660891
6350 0.643551701296 0.643798735429
6355 0.651220987532 0.651470965602
6360 0.650740500443 0.650990294073
6365 0.648124023603 0.648372812871
6370 0.640587081255 0.640832977388
6375 0.641359512984 0.641605705622
6380 0.64541840546 0.645666156148
6385 0.643589725256 0.643836773986
6390 0.641383697916 0.641629899838
6395 0.641433053774 0.641679274642
6400 0.63453972564 0.634783300431
6405 0.637667977684 0.637912753287
6410 0.63577091495 0.636014962346
6415 0.635191116386 0.63543494122
6420 0.630771532071 0.631013660401
6425 0.629819148223 0.63006091097
6430 0.628633424502 0.628874732096
6435 0.62959422323 0.629835899638
6440 0.624608640435 0.624848403074
6445 0.624353848553 0.624593513387
6450 0.619361020569 0.619598768853
6455 0.615298278917 0.615534467675
6460 0.612753695688 0.612988907681
6465 0.610099308508 0.610333501586
6470 0.608867375135 0.609101095322
6475 0.599703856135 0.599934058809
6480 0.601105200178 0.601335940773
6485 0.596179653373 0.596408503244
6490 0.595680118096 0.595908776215
6495 0.59890481497 0.599134710923
6500 0.599342049142 0.599572112933
6505 0.599849892015 0.600080150746
6510 0.594577937254 0.59480617229
6515 0.580979392493 0.581202407583
6520 0.58733205427 0.587557507897
6525 0.586732476349 0.586957699822
6530 0.584162631197 0.584386868207
6535 0.578618174835 0.578840283547
6540 0.570952237543 0.571171403603
6545 0.555922856997 0.55613625387
6550 0.534660971345 0.534866206619
6555 0.486875267961 0.487062160186
6560 0.41309245197 0.41325102188
6565 0.404121737244 0.404276863651
6570 0.470389653862 0.47057021791
6575 0.524924600933 0.525126098798
6580 0.549842828348 0.550053891338
6585 0.558431999185 0.55864635922
6590 0.569178794099 0.569397279404
6595 0.5671934522 0.567411175411
6600 0.566747228772 0.566964780696
6605 0.567963578289 0.568181597121
6610 0.566882663164 0.567100267075
6615 0.567579241822 0.567797113123
6620 0.567799550407 0.568017506275
6625 0.566163531523 0.566380859388
6630 0.563582815159 0.563799152388
6635 0.563221141653 0.563437340051
6640 0.563546117425 0.563762440568
6645 0.56390395177 0.564120412271
6650 0.562105979141 0.562321749472
6655 0.561886215639 0.562101901611
6660 0.560456613582 0.560671750786
6665 0.558734353048 0.558948829144
6670 0.557631585158 0.557845637945
6675 0.550805037985 0.55101647033
6680 0.548911245708 0.549121951101
6685 0.553671639076 0.553884171796
6690 0.552029123581 0.552241025804
6695 0.552075688411 0.552287608508
6700 0.551068787638 0.551280321225
6705 0.547147729175 0.547357757623
6710 0.54594502327 0.546154590046
6715 0.546109840083 0.546319470126
6720 0.541887478184 0.542095487429
6725 0.541500355082 0.541708215726
6730 0.538271370041 0.538477991204
6735 0.539570988328 0.539778108364
6740 0.538370322655 0.538576981803
6745 0.53713169538 0.537337879068
6750 0.535767942475 0.535973602671
6755 0.532281506986 0.532485828877
6760 0.533130866844 0.533335514771
6765 0.532231990432 0.532436293316
6770 0.533874161181 0.534079094429
6775 0.532375765675 0.532580123749
6780 0.531314621754 0.531518572496
6785 0.532155392112 0.532359665593
6790 0.532601222092 0.532805666709
6795 0.532336505218 0.532540848221
6800 0.529794239415 0.529997606543
6805 0.527249464334 0.527451854623
6810 0.526533212114 0.526735327462
6815 0.525783039272 0.525984866658
6820 0.523747002712 0.523948048543
6825 0.523599181285 0.523800170374
6830 0.523827393932 0.524028470623
6835 0.522247882501 0.522448352879
6840 0.520282700181 0.520482416203
6845 0.516690358345 0.516888695409
6850 0.514089645948 0.514286984701
6855 0.50923883272 0.509434309437
6860 0.505659660805 0.505853763619
6865 0.504687776127 0.504881505872
6870 0.502301072438 0.502493886023
6875 0.503285479599 0.503478671058
6880 0.50618787021 0.506382175782
6885 0.50287846387 0.503071499092
6890 0.500912364216 0.501104644729
6895 0.500873791255 0.501066056963
6900 0.498412324829 0.498603645676
6905 0.500221610405 0.500413625766
6910 0.498934868918 0.499126390349
6915 0.49718847555 0.497379326609
6920 0.496854052432 0.49704477512
6925 0.496734611513 0.496925288353
6930 0.495320004519 0.495510138346
6935 0.494027638219 0.494217275957
6940 0.494514511133 0.494704335763
6945 0.492924456295 0.493113670566
6950 0.491535205034 0.491723886026
6955 0.493067114679 0.493256383711
6960 0.488724684357 0.488912286501
6965 0.488962997964 0.489150691587
6970 0.486392021355 0.486578728082
6975 0.486672161007 0.486858975268
6980 0.485808706988 0.485995189803
6985 0.486116915534 0.486303516658
6990 0.484844501897 0.485030614591
6995 0.480450350705 0.480634776658
7000 0.484725753938 0.48491182105
7005 0.482878196996 0.483063554903
7010 0.481210172527 0.481394890146
7015 0.479334878543 0.479518876311
7020 0.480094418977 0.480278708302
7025 0.477685756348 0.477869121082
7030 0.475615117294 0.475797687192
7035 0.473182925754 0.473364562029
7040 0.47219104172 0.47237229725
7045 0.472138832163 0.472320067651
7050 0.472234194381 0.472415466476
7055 0.468809436953 0.468989394418
7060 0.466684616412 0.466863758242
7065 0.466423852408 0.466602894141
7070 0.469756385442 0.469936706403
7075 0.467138199121 0.467317515064
7080 0.466533258145 0.466712341874
7085 0.465986561431 0.466165435306
7090 0.462735116848 0.462912742621
7095 0.462824171218 0.463001831175
7100 0.460617692366 0.460794505343
7105 0.45891575732 0.459091916992
7110 0.458372079631 0.458548030606
7115 0.458646381934 0.458822438203
7120 0.457039966144 0.457215405773
7125 0.457233641878 0.457409155851
7130 0.455697992264 0.455872916762
7135 0.45638210345 0.456557290552
7140 0.454081564406 0.454255868422
7145 0.451291218383 0.451464451295
7150 0.448242939466 0.448415002264
7155 0.446694791546 0.446866260071
7160 0.444686263518 0.444856961048
7165 0.448020462332 0.44819243973
7170 0.448347768162 0.448519871199
7175 0.449430698322 0.449603217053
7180 0.448422318202 0.448594449856
7185 0.451472805926 0.451646108542
7190 0.44894845272 0.449120786336
7195 0.444772135596 0.444942866088
7200 0.444124763804 0.444295245797
7205 0.446872866638 0.447044403518
7210 0.441846627015 0.44201623452
7215 0.438462765958 0.438631074532
7220 0.440440966558 0.440610034486
7225 0.43711142389 0.437279213737
7230 0.435008013207 0.435174995638
7235 0.437034478861 0.437202239172
7240 0.436689746843 0.436857374825
7245 0.436448090353 0.436615625573
7250 0.434510840474 0.43467763206
7255 0.43393385292 0.434100423024
7260 0.431637763987 0.431803452712
7265 0.428474457963 0.42863893242
7270 0.427398594301 0.427562655776
7275 0.430068164544 0.430233250761
7280 0.426443801461 0.426607496428
7285 0.425968570753 0.426132083298
7290 0.426981840541 0.42714574204
7295 0.423996598044 0.424159353626
7300 0.423401436494 0.423563963618
7305 0.423912221142 0.424074944336
7310 0.41913439839 0.419295287566
7315 0.414889605433 0.4150488652
7320 0.414705386646 0.414864575699
7325 0.41549902361 0.415658517309
7330 0.416186597046 0.416346354678
7335 0.414389975078 0.414549043057
7340 0.414144348958 0.41430332265
7345 0.41395305228 0.414111952541
7350 0.414741124264 0.414900327035
7355 0.413812827695 0.41397167413
7360 0.411353868577 0.411511771114
7365 0.411984382064 0.41214252663
7370 0.411036339436 0.411194120087
7375 0.410703784122 0.410861437117
7380 0.409938515654 0.410095874893
7385 0.408334225743 0.408490969158
7390 0.408405562875 0.408562333674
7395 0.407439311267 0.407595711159
7400 0.405408103523 0.405563723715
