Wave Flux FluxNorm
3600 0.522573772962 0.518553778137
3605 0.489495174746 0.48572964312
3610 0.49380911198 0.490010394598
3615 0.513477178212 0.509527160615
3620 0.512729823535 0.508785555101
3625 0.528668134876 0.524601258052
3630 0.491517921964 0.487736829982
3635 0.52288434851 0.518861964525
3640 0.550584508258 0.546349035701
3645 0.498784131854 0.494947143217
3650 0.504154422274 0.50027612169
3655 0.544140435591 0.539954535249
3660 0.541035477485 0.536873462604
3665 0.54760264136 0.543390107363
3670 0.514140315078 0.510185196178
3675 0.526821021451 0.522768353886
3680 0.508722848125 0.504809404086
3685 0.489875551783 0.486107094036
3690 0.524662804503 0.520626739418
3695 0.519550121631 0.515553386799
3700 0.563228980367 0.558896237884
3705 0.481478357526 0.477774496739
3710 0.514367674192 0.510410806291
3715 0.566903630019 0.562542619618
3720 0.503557647953 0.499683938166
3725 0.547713177753 0.543499793434
3730 0.553678337697 0.549419065289
3735 0.444677030124 0.441256270315
3740 0.534191868928 0.530082499764
3745 0.513936153752 0.509982605401
3750 0.454181655502 0.450687779614
3755 0.559394567023 0.55509132147
3760 0.513091668059 0.50914461607
3765 0.546838661185 0.542632004246
3770 0.493285093354 0.489490407081
3775 0.543679403086 0.539497049321
3780 0.581993293385 0.577516202974
3785 0.549960702967 0.545730029147
3790 0.546018674919 0.541818325876
3795 0.513726374725 0.509774440138
3800 0.496875070338 0.493052767508
3805 0.567024341356 0.562662402361
3810 0.559758947308 0.555452898693
3815 0.5275094403 0.523451476946
3820 0.537984806086 0.533846259055
3825 0.526771393421 0.522719107629
3830 0.524824978239 0.520787665603
3835 0.444599733175 0.441179567987
3840 0.507296980973 0.503394505679
3845 0.568110805167 0.563740508349
3850 0.566813300614 0.562452985089
3855 0.579311535823 0.574855075326
3860 0.547121795255 0.542912960255
3865 0.592434609636 0.587877197481
3870 0.580563721525 0.576097628359
3875 0.549763984945 0.545534824415
3880 0.564397338546 0.560055608253
3885 0.553407750697 0.549150559829
3890 0.499185565602 0.495345488862
3895 0.562853858645 0.558524001855
3900 0.57348871924 0.56907705183
3905 0.575497115533 0.571069998165
3910 0.611337596149 0.606634769294
3915 0.607490136992 0.602816907424
3920 0.60244906747 0.597814617257
3925 0.604442189534 0.599792406862
3930 0.414018277802 0.410833366082
3935 0.242503218625 0.240637718031
3940 0.585922497253 0.58141518072
3945 0.645223226985 0.640259728685
3950 0.656759867889 0.651707621858
3955 0.674567172336 0.669377940342
3960 0.667636649458 0.662500731785
3965 0.510507752531 0.506580577786
3970 0.317852179178 0.315407042852
3975 0.66337860276 0.658275440894
3980 0.722818456413 0.717258042545
3985 0.737555757711 0.731881974443
3990 0.769352942893 0.763434553932
3995 0.754928732296 0.749121304227
4000 0.758494690788 0.752659830928
4005 0.76662826636 0.760730837474
4010 0.78262307001 0.776602598157
4015 0.797949925625 0.791811549116
4020 0.812463492035 0.806213467249
4025 0.814939988997 0.808670913302
4030 0.809201657392 0.802976724869
4035 0.813497524966 0.807239545691
4040 0.844857721597 0.838358498245
4045 0.813861399448 0.807600621002
4050 0.858983929571 0.852376037766
4055 0.854787157546 0.848211550182
4060 0.852458193653 0.845900502272
4065 0.840812797646 0.834344690615
4070 0.854536963703 0.847963281001
4075 0.851082360966 0.844535253431
4080 0.852486725939 0.845928815068
4085 0.871318765652 0.864615985853
4090 0.89402271242 0.887145278336
4095 0.874298041063 0.86757234264
4100 0.765498858584 0.759610117876
4105 0.833779390432 0.827365389178
4110 0.879667794455 0.872900788217
4115 0.917425362779 0.910367899505
4120 0.883083500782 0.876290218595
4125 0.908276230587 0.901289148694
4130 0.881481346287 0.874700388968
4135 0.887992479366 0.881161433959
4140 0.92040378663 0.913323411282
4145 0.881214971063 0.874436062884
4150 0.890961798725 0.884107911282
4155 0.89039455144 0.883545027651
4160 0.906958914862 0.899981966663
4165 0.909218730816 0.902224398567
4170 0.904649413283 0.897690231349
4175 0.868936678303 0.862252223149
4180 0.892712542984 0.885845187619
4185 0.872405818156 0.865694676006
4190 0.888421996071 0.881587646527
4195 0.889933558336 0.883087580822
4200 0.900517902871 0.89359050334
4205 0.865388542331 0.858731381865
4210 0.886579794166 0.879759616099
4215 0.852649141555 0.846089981271
4220 0.875605581966 0.868869825044
4225 0.83802053445 0.831573907416
4230 0.870220748581 0.86352641548
4235 0.854172911313 0.847602029151
4240 0.867024376979 0.860354632554
4245 0.861267560333 0.854642101278
4250 0.831102757263 0.824709346502
4255 0.850368866662 0.843827247813
4260 0.849223323215 0.842690516669
4265 0.875377252781 0.868643252324
4270 0.839355355569 0.832898460179
4275 0.836578326485 0.830142793901
4280 0.853438637713 0.846873404085
4285 0.843018254343 0.83653318143
4290 0.800663414039 0.794504163522
4295 0.807163498896 0.800954245281
4300 0.73677300471 0.731105242914
4305 0.745330363131 0.739596772282
4310 0.720720999249 0.715176720456
4315 0.827359015946 0.820994404604
4320 0.883265542122 0.876470859548
4325 0.834117846272 0.827701241385
4330 0.894662536957 0.887780180905
4335 0.876727292195 0.869982906311
4340 0.714642670136 0.709145150007
4345 0.864454511153 0.857804535893
4350 0.881871226265 0.875087269723
4355 0.886323182716 0.87950497868
4360 0.907631504807 0.900649382586
4365 0.919772467083 0.912696948277
4370 0.909806525127 0.902807671162
4375 0.878177073624 0.87142153503
4380 0.907944242038 0.900959714028
4385 0.87994508377 0.873175944432
4390 0.91189477425 0.904879856044
4395 0.895643272109 0.888753371572
4400 0.923450553821 0.916346740657
4405 0.929150513411 0.92200285226
4410 0.956333808913 0.948977035264
4415 0.926120481355 0.918996129282
4420 0.955395273973 0.948045720176
4425 0.956316267514 0.948959628804
4430 0.967673398045 0.960229392521
4435 0.959287698913 0.951908201922
4440 0.981701468455 0.974149549421
4445 0.96266318267 0.955257719149
4450 0.995271144852 0.987614838587
4455 0.988830418517 0.981223658724
4460 0.983239457233 0.975675706937
4465 0.997214450687 0.989543195185
4470 1.00165604599 0.993950622702
4475 1.03343511695 1.02548522731
4480 1.03833725195 1.03034965174
4485 1.04063051199 1.03262527045
4490 1.03646565938 1.02849245674
4495 1.04010401899 1.0321028276
4500 1.05358696456 1.04548205313
4505 1.08334300805 1.07500919279
4510 1.08213154249 1.07380704665
4515 1.08325232688 1.0749192092
4520 1.07291599956 1.06466239597
4525 1.08682955915 1.07846892295
4530 1.060972967 1.05281123739
4535 1.05889177445 1.05074605479
4540 1.09324018054 1.08483022946
4545 1.09661864743 1.08818270687
4550 1.06696992691 1.05876206459
4555 1.07521279165 1.06694151957
4560 1.11584665934 1.10726280376
4565 1.10308922291 1.09460350625
4570 1.09840105874 1.08995140665
4575 1.10214436219 1.09366591405
4580 1.10317923706 1.09469282796
4585 1.10425477763 1.09576009474
4590 1.09992425329 1.09146288374
4595 1.10689522562 1.09838023059
4600 1.1037972392 1.095306076
4605 1.10038969892 1.09192474885
4610 1.10535795303 1.09685478375
4615 1.1158871177 1.10730295089
4620 1.10287268062 1.09438862976
4625 1.10490001964 1.0964003731
4630 1.09312714321 1.08471806169
4635 1.09976666596 1.09130650869
4640 1.09612115417 1.08768904067
4645 1.08765806006 1.07929105046
4650 1.08987591608 1.08149184522
4655 1.07994116608 1.07163352011
4660 1.08269740629 1.07436855743
4665 1.07596515037 1.06768809063
4670 1.06665485338 1.05844941481
4675 1.06860441336 1.06038397744
4680 1.07131093143 1.06306967512
4685 1.06291463673 1.05473797046
4690 1.04441267323 1.03637833673
4695 1.04910793245 1.0410374768
4700 1.04720426613 1.03914845478
4705 1.04232072779 1.03430248396
4710 1.04976278168 1.04168728848
4715 1.05838885406 1.05024700321
4720 1.06316710647 1.05498849804
4725 1.06421857361 1.05603187657
4730 1.06589661221 1.05769700655
4735 1.06249408277 1.0543206517
4740 1.07078096747 1.06254378801
4745 1.07276022877 1.06450782348
4750 1.07480236633 1.06653425152
4755 1.07539498836 1.0671223147
4760 1.07811312577 1.06981954234
4765 1.07985084219 1.07154389105
4770 1.09080220994 1.08241101339
4775 1.09620096738 1.0877682399
4780 1.09283468172 1.08442785001
4785 1.08646034688 1.07810255091
4790 1.08873713426 1.08036182369
4795 1.08859103096 1.08021684431
4800 1.08772680604 1.0793592676
4805 1.08951715575 1.08113584472
4810 1.0895887446 1.08120688286
4815 1.08823649997 1.07986504062
4820 1.09202662594 1.08362601035
4825 1.08872653233 1.08035130331
4830 1.08612765872 1.07777242202
4835 1.08679233892 1.07843198904
4840 1.08421155873 1.07587106198
4845 1.08749111631 1.07912539096
4850 1.08230535995 1.07397952699
4855 1.06842629322 1.06020722753
4860 0.889556522918 0.882713445818
4865 1.02348970066 1.01561631797
4870 1.0578695718 1.04973171563
4875 1.06100150814 1.05283955897
4880 1.0673220068 1.05911143603
4885 1.06981147438 1.06158175293
4890 1.0484400152 1.04037469763
4895 1.0729642786 1.06471030362
4900 1.0671059437 1.05889703503
4905 1.07155139606 1.06330828994
4910 1.06985860236 1.06162851836
4915 1.07604839363 1.06777069353
4920 1.03776173573 1.02977856278
4925 1.04950069354 1.0414272165
4930 1.06783431944 1.05961980762
4935 1.03832437092 1.0303368698
4940 1.04930199599 1.04123004747
4945 1.06440362851 1.0562155079
4950 1.06706470924 1.05885611778
4955 1.05440943551 1.04629819707
4960 1.0491298664 1.04105924201
4965 1.05990684746 1.05175331917
4970 1.05818332702 1.05004305722
4975 1.05929129082 1.05114249781
4980 1.04501541962 1.03697644638
4985 1.04138017348 1.03336916504
4990 1.04514371691 1.03710375672
4995 1.03636131979 1.0283889198
5000 1.0427343123 1.03471288689
5005 1.02821739775 1.02030764637
5010 1.03092485882 1.0229942798
5015 1.02373446495 1.01585919936
5020 1.02050349838 1.0126530876
5025 1.03308549246 1.02513829237
5030 1.03772015381 1.02973730074
5035 1.03053095673 1.02260340788
5040 1.00849601154 1.00073797056
5045 1.03106606886 1.02313440356
5050 1.01067524655 1.0029004414
5055 1.03592606897 1.02795701723
5060 1.03263396118 1.02469023459
5065 1.02508622835 1.01720056407
5070 1.02326835194 1.01539667202
5075 1.02783047662 1.01992370171
5080 1.01016653199 1.00239564022
5085 1.02146030307 1.01360253189
5090 1.03112319492 1.02319109017
5095 1.03122234404 1.02328947657
5100 1.0206901562 1.01283830952
5105 1.02168040905 1.01382094466
5110 1.00483247908 0.997102620496
5115 1.03105965347 1.02312803752
5120 1.02983341606 1.02191123317
5125 1.01137076814 1.00359061257
5130 1.01668815891 1.00886709833
5135 1.02216010624 1.0142969517
5140 1.00421647247 0.996491352625
5145 1.01536849723 1.00755758839
5150 1.00786497692 1.00011179029
5155 1.0144533215 1.00664945281
5160 1.02449324813 1.01661214547
5165 0.988056150594 0.980455346999
5170 0.945518565294 0.938244989895
5175 1.00143729302 0.993733552525
5180 1.02476692745 1.01688371946
5185 0.989260300834 0.981650234091
5190 1.00439464286 0.996668152409
5195 1.00200072304 0.99429264826
5200 1.01954684691 1.01170379534
5205 0.986827239004 0.979235889037
5210 1.00645621304 0.998713863578
5215 1.00951509445 1.00174921399
5220 1.02559327847 1.01770371362
5225 0.999122171932 0.991436240933
5230 1.0051897673 0.997457160206
5235 1.00885607492 1.00109526408
5240 1.01913467976 1.01129479886
5245 1.02224059135 1.01437681766
5250 1.01302124444 1.00522839227
5255 1.01962660467 1.01178293955
5260 1.0320979528 1.02415834955
5265 1.00061493368 0.992917519333
5270 0.962598784801 0.955193816672
5275 1.01202688609 1.0042416832
5280 1.0203268645 1.01247781251
5285 1.01804419656 1.01021270441
5290 1.02920547187 1.02128811956
5295 1.02789684968 1.01998956418
5300 1.02189621022 1.01403508574
5305 1.02137826639 1.01352112629
5310 1.03029028236 1.02236458494
5315 1.02100462546 1.01315035966
5320 1.02362158993 1.01574719266
5325 1.00922996619 1.00146627913
5330 0.997050034758 0.989380044056
5335 1.02129927555 1.01344274311
5340 1.00926638673 1.00150241949
5345 1.02333169208 1.01545952489
5350 1.02952747755 1.02160764815
5355 1.03630437723 1.02833241528
5360 1.03241188517 1.02446986694
5365 1.02825157163 1.02034155737
5370 1.00817911857 1.00042351535
5375 1.02386505871 1.01598878851
5380 1.02983781143 1.02191559473
5385 1.02950367472 1.02158402843
5390 1.02924275823 1.02132511908
5395 1.01658877108 1.00876847506
5400 1.02338233317 1.01550977642
5405 1.00291937662 0.995204234926
5410 1.02157727801 1.01371860698
5415 1.02488817222 1.01700403153
5420 1.03011762611 1.02219325689
5425 1.01511761349 1.00730863462
5430 1.00109405408 0.993392954011
5435 1.00875411534 1.00099408885
5440 1.02419461928 1.01631581387
5445 1.00335416103 0.995635674681
5450 1.01259464329 1.00480507283
5455 0.995241932985 0.987585851437
5460 1.01958094552 1.01173763165
5465 1.02165374812 1.01379448883
5470 1.02471808245 1.0168352502
5475 1.01260088548 1.004811267
5480 1.01818342617 1.01035086297
5485 1.02311239041 1.01524191025
5490 1.01773294886 1.00990385103
5495 1.01316864087 1.00537465483
5500 1.00177624853 0.994069900556
5505 1.00805526138 1.00030061095
5510 1.01281360075 1.00502234592
5515 1.01559961581 1.00778692904
5520 1.01674654895 1.00892503919
5525 1.01140858457 1.00362813808
5530 1.00413030573 0.99640584874
5535 1.00518512239 0.997452551029
5540 1.01054157783 1.00276780096
5545 1.00447620931 0.996749091397
5550 1.00775232 1.0
5555 1.00799789166 1.00024368256
5560 1.00853584373 1.00077749633
5565 1.00145341238 0.993749547881
5570 0.99584189901 0.988181202113
5575 0.996551355189 0.98888520067
5580 1.00018227744 0.992488191386
5585 0.994805379437 0.987152656158
5590 0.986865878974 0.979274231762
5595 0.991316611951 0.983690726657
5600 0.990363753852 0.982745198595
5605 0.994191662388 0.98654366024
5610 0.997631182711 0.98995672142
5615 0.983129512703 0.975566608175
5620 0.993539605773 0.985896619691
5625 0.991975997999 0.984345040257
5630 0.989597643411 0.981984981599
5635 0.986734466044 0.97914382975
5640 0.987950374848 0.980350384953
5645 0.987526900425 0.979930168184
5650 0.987235879181 0.979641385675
5655 0.986048143895 0.978462787261
5660 0.98146984661 0.973919709369
5665 0.984290029971 0.976718197951
5670 0.983325765647 0.975761351408
5675 0.986053028445 0.978467634235
5680 0.975556672206 0.968052023146
5685 0.970207553878 0.962744053894
5690 0.971828799261 0.964352827549
5695 0.973418433185 0.965930232922
5700 0.977442878044 0.969923718999
5705 0.972525601675 0.965044269683
5710 0.965938764682 0.958508103145
5715 0.971380217417 0.963907696503
5720 0.977447592665 0.969928397352
5725 0.970297790017 0.962833595876
5730 0.97313598699 0.965649959496
5735 0.969860992293 0.962400158298
5740 0.968371629177 0.960922252382
5745 0.973762914226 0.966272063979
5750 0.969295879482 0.961839392721
5755 0.971475260842 0.96400200879
5760 0.977002056877 0.96948628893
5765 0.972043132943 0.96456551243
5770 0.971571096265 0.964097106981
5775 0.971691301718 0.964216387731
5780 0.976978671266 0.969463083217
5785 0.977753419603 0.97023187166
5790 0.978452354049 0.970925429424
5795 0.977222513736 0.969705049884
5800 0.987056056988 0.979462946797
5805 0.985499917684 0.977918778381
5810 0.988958555404 0.981350809894
5815 0.988010139532 0.980409689886
5820 0.991724094134 0.984095074209
5825 0.988299770651 0.980697092963
5830 0.989854154869 0.982239519795
5835 0.992465587844 0.984830863842
5840 0.990886590374 0.9832640131
5845 0.992563979192 0.984928498296
5850 0.988957456656 0.981349719598
5855 0.99000186001 0.982386088687
5860 0.988729498566 0.981123515118
5865 0.991330204528 0.983704214671
5870 0.98499256436 0.977415327965
5875 0.982580583889 0.975021902097
5880 0.977602046476 0.970081662999
5885 0.9384164285 0.931197487593
5890 0.921146272292 0.914060185237
5895 0.935389348248 0.928193693713
5900 0.97203642512 0.964558856208
5905 0.966044180759 0.958612708288
5910 0.966194508947 0.958761880049
5915 0.956801475016 0.949441103759
5920 0.96120648195 0.953812224367
5925 0.966367397649 0.958933438773
5930 0.96784877011 0.960403415505
5935 0.955651009934 0.948299488841
5940 0.949257575202 0.941955236782
5945 0.94774038393 0.940449716782
5950 0.951712385079 0.944391162582
5955 0.947986487026 0.940693926684
5960 0.947487883045 0.940199158306
5965 0.943701891812 0.936442291508
5970 0.947031945304 0.93974672795
5975 0.946838480449 0.93955475136
5980 0.946834097311 0.93955040194
5985 0.940180205818 0.93294769673
5990 0.943018735609 0.935764390609
5995 0.941452924127 0.934210624419
6000 0.944262134144 0.936998224072
6005 0.945055769181 0.937785753926
6010 0.945597409463 0.93832322754
6015 0.943098236328 0.935843279754
6020 0.9377442296 0.930530459706
6025 0.938830745857 0.931608617738
6030 0.936738414164 0.929532381691
6035 0.938047021999 0.93083092282
6040 0.938219857345 0.931002428598
6045 0.938403436035 0.931184595075
6050 0.934626870232 0.927437081199
6055 0.933779714593 0.92659644246
6060 0.9330066688 0.925829343464
6065 0.926069427334 0.918945468004
6070 0.936304580429 0.929101885302
6075 0.929666004368 0.922514377708
6080 0.931490589782 0.924324927163
6085 0.927946352262 0.920807954342
6090 0.933325049822 0.926145275282
6095 0.932348161149 0.925175901505
6100 0.923845740764 0.916738887552
6105 0.927947548207 0.920809141087
6110 0.932939729003 0.925762918614
6115 0.92634963855 0.919223523643
6120 0.923957124416 0.916849414364
6125 0.927597797067 0.920462080471
6130 0.923969450787 0.916861645912
6135 0.899481107696 0.892561683903
6140 0.893364040932 0.8864916738
6145 0.906253525414 0.899282003552
6150 0.900086619015 0.893162537215
6155 0.900504447439 0.893577151417
6160 0.897189185707 0.890287392946
6165 0.893395368286 0.886522760162
6170 0.897060220271 0.8901594196
6175 0.904428156878 0.897470676999
6180 0.906736683056 0.899761444415
6185 0.902671738205 0.8957277699
6190 0.903834065776 0.896881156052
6195 0.91353714293 0.906509590501
6200 0.915662890625 0.908618985492
6205 0.914074429606 0.907042744001
6210 0.908716844917 0.901726373518
6215 0.90716724031 0.900188689529
6220 0.908078706574 0.90109314417
6225 0.912601999621 0.905581640955
6230 0.903115146161 0.896167766859
6235 0.905889025908 0.898920308026
6240 0.905655674368 0.898688751586
6245 0.901564091238 0.894628643711
6250 0.899603952074 0.892683583278
6255 0.896435412279 0.889539418057
6260 0.902610240932 0.895666745706
6265 0.896583081914 0.889685951718
6270 0.877734940927 0.87098280352
6275 0.850946431044 0.844400369175
6280 0.884853171372 0.878046275669
6285 0.887250404182 0.880425067324
6290 0.878628357579 0.8718693474
6295 0.880974562369 0.874197503578
6300 0.883173385295 0.876379411654
6305 0.881887788859 0.875103704906
6310 0.889030177639 0.882191149547
6315 0.8858397365 0.879025251463
6320 0.887655519364 0.880827066083
6325 0.894466432363 0.887585584882
6330 0.891054306212 0.884199707138
6335 0.884163727533 0.877362135503
6340 0.888016075134 0.881184848212
6345 0.88825705808 0.881423977352
6350 0.884210386538 0.877408435575
6355 0.887022775747 0.880199189963
6360 0.885627407992 0.878814556331
6365 0.88245835259 0.875669879471
6370 0.886782201729 0.879960466605
6375 0.888646274632 0.881810199784
6380 0.885113110335 0.878304215003
6385 0.87999846157 0.873228911614
6390 0.877863636739 0.871110509316
6395 0.871065562602 0.864364730614
6400 0.879078628092 0.872316154125
6405 0.878996240452 0.872234400266
6410 0.878279316388 0.871522991273
6415 0.878505919172 0.871747850873
6420 0.870395310412 0.863699634462
6425 0.877296422309 0.870547658287
6430 0.870052999607 0.863359956946
6435 0.876881746271 0.870136172221
6440 0.866089961728 0.859427405465
6445 0.872459724874 0.865748168037
6450 0.869158895242 0.862472730643
6455 0.865466762701 0.85880900051
6460 0.864788492559 0.858135948086
6465 0.863020731898 0.856381786249
6470 0.861673173263 0.855044593957
6475 0.860530422632 0.853910634145
6480 0.863959695816 0.857313527014
6485 0.867233193092 0.860561842311
6490 0.860914642466 0.854291898298
6495 0.843364521448 0.836876784812
6500 0.854984073132 0.848406950959
6505 0.857847850819 0.851248698509
6510 0.847242063478 0.840724498137
6515 0.859957954288 0.853342569619
6520 0.855177496474 0.848598886356
6525 0.857870444591 0.851271118474
6530 0.855986728984 0.849401893696
6535 0.855630629058 0.849048533134
6540 0.852427717579 0.84587026064
6545 0.847554670149 0.841034700024
6550 0.849849504059 0.843311880502
6555 0.846223578333 0.839713847877
6560 0.756473806409 0.750654492573
6565 0.725033448333 0.719455995232
6570 0.843370492122 0.836882709555
6575 0.8494805532 0.842945767865
6580 0.85629617133 0.849708955599
6585 0.847481366113 0.840961959893
6590 0.844675823545 0.838177999476
6595 0.842214608272 0.835735717554
6600 0.848384928667 0.841858571625
6605 0.845563215689 0.839058565193
6610 0.844683378365 0.83818549618
6615 0.844662580681 0.838164858485
6620 0.837475659341 0.831033223859
6625 0.835050710655 0.828626929537
6630 0.838332173187 0.831883148815
6635 0.837774140201 0.8313294086
6640 0.837091646877 0.830652165482
6645 0.835688426199 0.829259739337
6650 0.833869997038 0.827455298777
6655 0.834896619775 0.828474024029
6660 0.832612054316 0.82620703301
6665 0.829496241013 0.823115188674
6670 0.834467892087 0.828048594408
6675 0.832545269663 0.826140762111
6680 0.826168335007 0.819812883196
6685 0.831209720814 0.824815487217
6690 0.833025148939 0.826616949827
6695 0.83164633293 0.825248740614
6700 0.831717263398 0.825319125435
6705 0.826271518837 0.819915273266
6710 0.82795295013 0.82158376984
6715 0.825268483493 0.818919953956
6720 0.824612020335 0.818268540761
6725 0.829172432323 0.822793870942
6730 0.821751071354 0.815429600156
6735 0.822372894338 0.816046639653
6740 0.823603604799 0.817267882648
6745 0.82653425975 0.820175992997
6750 0.820303469593 0.813993134338
6755 0.823752704821 0.81741583569
6760 0.823930754293 0.817592515484
6765 0.819860024068 0.813553100099
6770 0.821654562346 0.815333833562
6775 0.818967924715 0.812667863385
6780 0.816906453773 0.810622250687
6785 0.81897245087 0.812672354722
6790 0.813580232631 0.807321617113
6795 0.814665648738 0.808398683457
6800 0.811950950865 0.805704868896
6805 0.815168171855 0.808897340822
6810 0.812180630893 0.805932782068
6815 0.812860247769 0.806607170866
6820 0.808267258316 0.802049513829
6825 0.810939805018 0.804701501474
6830 0.813530376409 0.807272144418
6835 0.807094662595 0.800885938517
6840 0.805215008154 0.799020743663
6845 0.802528958886 0.796355357323
6850 0.805572919317 0.799375901528
6855 0.80233655394 0.796164432487
6860 0.797728562652 0.79159188902
6865 0.778579828604 0.772590460128
6870 0.783953330804 0.777922625675
6875 0.789560891711 0.783487049389
6880 0.790483428481 0.784402489375
6885 0.783429372929 0.777402698442
6890 0.785571284572 0.779528133036
6895 0.785659717057 0.779615885238
6900 0.789971123629 0.783894125522
6905 0.789719941888 0.783644876043
6910 0.783774443176 0.777745114173
6915 0.78856042197 0.782494275945
6920 0.793488629969 0.787384572798
6925 0.786812479356 0.780759779701
6930 0.785300877222 0.779259805844
6935 0.782250974304 0.776233364865
6940 0.784029834775 0.777998541125
6945 0.780437605519 0.774433945753
6950 0.78066305255 0.774657658491
6955 0.781610955343 0.775598269368
6960 0.779260180802 0.773265578593
6965 0.778864497065 0.772872938725
6970 0.772757697551 0.766813116889
6975 0.770066847721 0.764142966916
6980 0.775480683676 0.769515155942
6985 0.774734138699 0.7687743539
6990 0.778302220349 0.772314987426
6995 0.78723629079 0.781180330888
7000 0.783089484057 0.777065424228
7005 0.773271895839 0.767323359612
7010 0.779056224651 0.773063191412
7015 0.777473855593 0.771492995018
7020 0.775168161183 0.769205037587
7025 0.779461791782 0.773465638642
7030 0.782709685304 0.776688547147
7035 0.778246397922 0.772259594423
7040 0.780660089942 0.774654718673
7045 0.77755490314 0.771573419092
7050 0.780050002625 0.774049324565
7055 0.772116981277 0.766177329443
7060 0.769323049861 0.763404890858
7065 0.771431868435 0.765497486957
7070 0.773482250422 0.767532096004
7075 0.773015882889 0.767069316089
7080 0.773643162557 0.767691770293
7085 0.7732698859 0.767321365135
7090 0.773549987622 0.767599312123
7095 0.776110100992 0.77013973135
7100 0.775385738838 0.769420941485
7105 0.777353125981 0.771373194141
7110 0.776822626353 0.770846775479
7115 0.779194339707 0.773200243992
7120 0.77678383116 0.770808278725
7125 0.778390052051 0.772402143467
7130 0.777375934384 0.771395827086
7135 0.774768080739 0.768808034835
7140 0.776260140213 0.770288616366
7145 0.775218631179 0.769255119332
7150 0.772177401878 0.766237285247
7155 0.773381197256 0.767431820208
7160 0.770343202079 0.764417195368
7165 0.768334457243 0.76242390317
7170 0.768831088288 0.76291671379
7175 0.769146415844 0.76322961563
7180 0.765661372418 0.759771381542
7185 0.768071136285 0.762162607857
7190 0.76552432242 0.759635385826
7195 0.765166426777 0.759280243361
7200 0.76331960014 0.757447623777
7205 0.759886955294 0.754041385183
7210 0.76182039008 0.755959946667
7215 0.761922632117 0.756061402188
7220 0.758782095504 0.752945024731
7225 0.760901039109 0.755047667972
7230 0.75822933408 0.752396515525
7235 0.755466696986 0.749655130525
7240 0.746247403585 0.740506758233
7245 0.749248712516 0.743484979043
7250 0.748636724881 0.742877699236
7255 0.752241283184 0.746454528812
7260 0.747488408773 0.741738216761
7265 0.738013959328 0.73233665126
7270 0.738642957972 0.732960811216
7275 0.744462707296 0.738735791049
7280 0.740572455831 0.734875466059
7285 0.73626470969 0.730600858046
7290 0.733278272536 0.72763739461
7295 0.735550318375 0.729891962318
7300 0.736151743238 0.73048876061
7305 0.742732704586 0.737019096703
7310 0.745466800612 0.739732160192
7315 0.748153587808 0.742398278784
7320 0.742511981448 0.736800071518
7325 0.743596646219 0.737876392305
7330 0.75048987668 0.744716595324
7335 0.743881155974 0.738158713417
7340 0.74282873268 0.737114386083
7345 0.74164450325 0.735939266555
7350 0.7382434031 0.732564329993
7355 0.739882991254 0.734191305314
7360 0.737491789417 0.731818498237
7365 0.737179951977 0.731509059664
7370 0.738203705933 0.732524938204
7375 0.735803036116 0.730142735981
7380 0.735562778807 0.729904326896
7385 0.732892756297 0.727254844025
7390 0.728239204635 0.722637090665
7395 0.731383441702 0.72575714011
7400 0.732515494631 0.726880484514
