Wave Flux FluxNorm
3600 0.789408770948 0.766714141999
3605 0.709880207275 0.68947193656
3610 0.699042490234 0.678945791896
3615 0.721294985342 0.700558552384
3620 0.68516431048 0.665466594458
3625 0.781581051841 0.759111461158
3630 0.742091722282 0.720757406142
3635 0.707702608192 0.687356941043
3640 0.792125841674 0.769353099947
3645 0.713125888111 0.692624307662
3650 0.735666597855 0.714516996935
3655 0.811225770374 0.787903926826
3660 0.831780602131 0.807867829906
3665 0.808128863406 0.784896052507
3670 0.78769642381 0.765051022948
3675 0.811517453964 0.788187224835
3680 0.759646881494 0.737807873946
3685 0.766955385 0.74490626606
3690 0.802374334747 0.779306960182
3695 0.826192427521 0.802440309134
3700 0.876719261654 0.851514552678
3705 0.72609726996 0.705222776632
3710 0.769233000825 0.74711840295
3715 0.89558253465 0.86983552744
3720 0.76649753644 0.74446158014
3725 0.847221028636 0.822864361229
3730 0.872788701015 0.847696991309
3735 0.632143878525 0.613970441272
3740 0.89592994876 0.87017295378
3745 0.820017540367 0.796442943156
3750 0.630599294163 0.612470262003
3755 0.956593716276 0.929092705084
3760 0.875945661034 0.850763192219
3765 0.925176674523 0.898578868529
3770 0.710478230265 0.690052767051
3775 0.90190440635 0.875975652323
3780 1.06399538724 1.03340669681
3785 1.06588787017 1.03524477296
3790 0.950518243983 0.923191895898
3795 0.785602789144 0.763017577963
3800 0.761716425984 0.73981792132
3805 1.02692787447 0.997404834027
3810 1.10444363398 1.0726921012
3815 0.973975348256 0.945974634371
3820 0.994805871109 0.966206302734
3825 0.901695396666 0.875772651435
3830 0.794440824315 0.771601529398
3835 0.570786516381 0.554377035419
3840 0.755699702622 0.7339741721
3845 1.00163125159 0.97283546108
3850 1.0947926893 1.0633186105
3855 1.09698426421 1.06544718006
3860 1.03400242523 1.00427599929
3865 1.14830815761 1.1152955683
3870 1.10953677634 1.07763882135
3875 1.0447671035 1.01473120495
3880 1.0090838366 0.980073792513
3885 0.83674247992 0.812687059197
3890 0.66337078774 0.64429961139
3895 0.905258521383 0.879233340259
3900 1.00443489513 0.975558502965
3905 0.978989970981 0.95084509224
3910 1.09765616031 1.06609975989
3915 1.07518277608 1.0442724606
3920 1.02644245407 0.99693336893
3925 1.00049845821 0.971735234257
3930 0.563365673565 0.547169533625
3935 0.326487553634 0.317101397616
3940 0.843172220984 0.818931952318
3945 0.980527095196 0.952338025834
3950 1.0324066442 1.00272609519
3955 1.03501551278 1.00525996168
3960 0.985294100322 0.956967984835
3965 0.632414210551 0.614233001551
3970 0.369035268871 0.358425913105
3975 0.823786804216 0.800103844838
3980 1.06385357968 1.03326896606
3985 1.07948769221 1.04845361515
3990 1.15131398075 1.11821497735
3995 1.15885479304 1.12553899963
4000 1.18435302183 1.15030418254
4005 1.13804264044 1.10532517339
4010 1.21726179054 1.18226686055
4015 1.21814533009 1.18312499932
4020 1.25681221886 1.22068025781
4025 1.23376486824 1.19829549302
4030 1.17664020689 1.1428131025
4035 1.19908588831 1.1646134954
4040 1.26435514682 1.22800633493
4045 1.14345181902 1.11057884407
4050 1.25558500099 1.21948832109
4055 1.17623676179 1.142421256
4060 1.20603350404 1.17136137487
4065 1.16197811909 1.1285725335
4070 1.2040042044 1.16939041535
4075 1.15522616119 1.12201468693
4080 1.14112832261 1.10832214561
4085 1.14713713829 1.11415821449
4090 1.18602569098 1.15192876431
4095 1.08127362824 1.05018820749
4100 0.789171243859 0.766483443551
4105 0.912367009009 0.886137466728
4110 1.08895034876 1.05764423079
4115 1.19512202375 1.16076358757
4120 1.1685527947 1.13495819447
4125 1.19431236119 1.15997720191
4130 1.17454608717 1.14077918641
4135 1.19963068807 1.16514263277
4140 1.28354085012 1.24664047049
4145 1.22119247247 1.18608453973
4150 1.23841050209 1.20280757004
4155 1.18673524764 1.15261792199
4160 1.23848926316 1.20288406682
4165 1.27622358042 1.23953356419
4170 1.21123998325 1.17641817356
4175 1.1464864356 1.11352621878
4180 1.20402271434 1.16940839315
4185 1.20010721329 1.16560545842
4190 1.22942003505 1.19407556898
4195 1.24280220027 1.20707301175
4200 1.16896232717 1.13535595333
4205 1.21111587642 1.17629763466
4210 1.25511414226 1.21903099903
4215 1.2270958507 1.19181820236
4220 1.24843974628 1.21254848455
4225 1.11418651595 1.08215488609
4230 1.23843577301 1.20283211445
4235 1.1893468075 1.15515440239
4240 1.19930176619 1.16482316704
4245 1.22091866867 1.18581860748
4250 1.19089384766 1.15665696686
4255 1.23531770057 1.19980368314
4260 1.17293120558 1.13921073088
4265 1.26719966797 1.23076907925
4270 1.1755234287 1.14172843045
4275 1.19084645062 1.15661093244
4280 1.22797098552 1.19266817803
4285 1.18778255798 1.15363512332
4290 1.08814613419 1.0568631365
4295 1.15684766772 1.12358957693
4300 0.999447725459 0.970714708906
4305 1.04562519421 1.01556462651
4310 1.04994768914 1.01976285449
4315 1.14390492287 1.11101892169
4320 1.20059404139 1.16607829076
4325 1.08141693459 1.05032739394
4330 1.15336910814 1.1202110221
4335 1.05689309923 1.02650859173
4340 0.706077076224 0.68577814132
4345 0.993373223513 0.964814842172
4350 1.10360598314 1.0718785319
4355 1.16604662101 1.1325240705
4360 1.21582263865 1.18086908269
4365 1.26221347909 1.22592623778
4370 1.21054011391 1.17573842469
4375 1.1779817414 1.14411606938
4380 1.2502052197 1.21426320257
4385 1.11156939051 1.07961300011
4390 1.20348837191 1.16888941248
4395 1.19629691658 1.16190470353
4400 1.19244740143 1.15816585768
4405 1.19860093319 1.16414248221
4410 1.23552096552 1.20000110446
4415 1.19569300859 1.16131815723
4420 1.2572036631 1.22106044846
4425 1.23327660469 1.19782126651
4430 1.23959048828 1.20395363294
4435 1.19701138905 1.1625986357
4440 1.25899247759 1.22279783652
4445 1.2152611972 1.18032378206
4450 1.23781500569 1.20222919351
4455 1.15934947498 1.12601946
4460 1.17559296699 1.14179596959
4465 1.21567877194 1.18072935199
4470 1.20380095483 1.16919300898
4475 1.27233571632 1.23575747189
4480 1.19384583366 1.15952408653
4485 1.25074155878 1.21478412249
4490 1.21110973491 1.17629166972
4495 1.2439390371 1.20817716579
4500 1.26406847189 1.22772790159
4505 1.30916803936 1.27153090639
4510 1.29591062806 1.25865463099
4515 1.26623533604 1.22983247079
4520 1.26047557499 1.2242382965
4525 1.22025004047 1.1851692016
4530 1.18126904525 1.14730886687
4535 1.17868215128 1.14479634325
4540 1.26816887881 1.23171042635
4545 1.2436880229 1.20793336797
4550 1.1743884068 1.14062603917
4555 1.19515228013 1.16079297411
4560 1.27400972969 1.23738335923
4565 1.23984446067 1.2042003039
4570 1.2603346036 1.22410137789
4575 1.26819867229 1.23173936329
4580 1.22458375603 1.18937832764
4585 1.20905228943 1.17429337352
4590 1.23296211632 1.19751581934
4595 1.23770792284 1.20212518917
4600 1.23503798954 1.1995320135
4605 1.24653926407 1.2107026391
4610 1.26739522993 1.23095901902
4615 1.24817353822 1.21228992968
4620 1.23870750205 1.20309603158
4625 1.25389328407 1.21784523916
4630 1.23944230962 1.20380971425
4635 1.23745554269 1.20188006467
4640 1.24271858069 1.20699179615
4645 1.22035718077 1.18527326174
4650 1.21778954479 1.18277944245
4655 1.21014171537 1.17535147966
4660 1.25706173922 1.22092260474
4665 1.19635885162 1.16196485801
4670 1.18239205706 1.14839959334
4675 1.23410456608 1.19862542493
4680 1.20682948197 1.17213446931
4685 1.22894716523 1.19361629364
4690 1.21557087825 1.18062456012
4695 1.2307499211 1.19536722228
4700 1.18898382857 1.15480185871
4705 1.17147500481 1.13779639426
4710 1.17747290588 1.14362186231
4715 1.20003388777 1.16553424093
4720 1.22769786389 1.19240290834
4725 1.22740127884 1.19211484978
4730 1.17335581174 1.13962313007
4735 1.19208659509 1.15781542412
4740 1.20365997344 1.16905608065
4745 1.20804340287 1.17331349133
4750 1.21361360339 1.17872355475
4755 1.18117027358 1.14721293479
4760 1.19552675251 1.16115668082
4765 1.15809771108 1.12480368293
4770 1.19789786509 1.16345962654
4775 1.21542269858 1.18048064045
4780 1.20317511729 1.16858516358
4785 1.18108926705 1.1471342571
4790 1.18442088934 1.15037009894
4795 1.22083185639 1.18573429096
4800 1.19241186095 1.15813133896
4805 1.18244020365 1.14844635577
4810 1.1858890204 1.15179602286
4815 1.20977228655 1.17499267152
4820 1.20504425505 1.17040056569
4825 1.1618614434 1.12845921211
4830 1.1705175434 1.13686645881
4835 1.17353398036 1.13979617654
4840 1.14624801252 1.1132946501
4845 1.14216243182 1.10932652533
4850 1.10656907537 1.0747564385
4855 1.00910441133 0.980093775736
4860 0.73764065577 0.716434302869
4865 0.896404381182 0.870633746794
4870 1.03731576444 1.00749408366
4875 1.08140922423 1.05031990525
4880 1.13130630998 1.09878250498
4885 1.112995788 1.08099839025
4890 1.09586663261 1.06436167913
4895 1.18312367069 1.14911017389
4900 1.17077966545 1.13712104514
4905 1.16793431899 1.13435749925
4910 1.13889888096 1.10615679794
4915 1.17974931694 1.14583282907
4920 1.09032246058 1.05897689591
4925 1.13061389746 1.09810999855
4930 1.17669470174 1.14286603068
4935 1.12136796436 1.0891298758
4940 1.12971102399 1.0972330817
4945 1.17666465026 1.14283684315
4950 1.1746770831 1.14090641635
4955 1.14826163854 1.1152503866
4960 1.15441271705 1.12122462841
4965 1.16440016859 1.13092495176
4970 1.14958437195 1.11653509289
4975 1.18100432724 1.14705175922
4980 1.12220686473 1.08994465872
4985 1.0815981971 1.05050344536
4990 1.13853829087 1.10580657442
4995 1.14560915713 1.11267416109
5000 1.12363479555 1.0913315381
5005 1.09424716688 1.06278877125
5010 1.12954701549 1.09707378826
5015 1.07765258906 1.04667126919
5020 1.08860403139 1.05730786966
5025 1.12474925403 1.09241395713
5030 1.13167962981 1.09914509228
5035 1.12127159278 1.08903627479
5040 1.05721516797 1.02682140134
5045 1.13373693244 1.10114324973
5050 1.10069031564 1.06904668661
5055 1.14503625544 1.11211772969
5060 1.15803649404 1.12474422581
5065 1.11760586367 1.08547593135
5070 1.12605918653 1.09368623052
5075 1.11668718551 1.08458366416
5080 1.06738547972 1.03669932788
5085 1.11778177823 1.08564678856
5090 1.1374729725 1.10477188277
5095 1.1405533268 1.1077636803
5100 1.09122695331 1.05985538548
5105 1.12831641579 1.09587856694
5110 1.10273030847 1.0710280319
5115 1.13914642843 1.1063972287
5120 1.13963446333 1.10687123313
5125 1.08527200778 1.05407163805
5130 1.09152933956 1.06014907845
5135 1.1051975969 1.07342438852
5140 1.06672906504 1.0360617844
5145 1.08947042342 1.05814935388
5150 1.09548132477 1.06398744847
5155 1.09685035517 1.06531712076
5160 1.12077134428 1.08855040789
5165 1.05420418202 1.02389697791
5170 0.97451081371 0.946494705785
5175 1.06739991077 1.03671334406
5180 1.10722208663 1.07539067641
5185 0.999920987888 0.971174365563
5190 1.0614322285 1.03091722605
5195 1.04681842144 1.01672354978
5200 1.07751553926 1.04653815942
5205 1.03587670858 1.00609639906
5210 1.055275353 1.02493735391
5215 1.06010887349 1.02963191603
5220 1.09449946739 1.0630338184
5225 1.04228530526 1.01232075567
5230 1.04882058455 1.01866815291
5235 1.0492440649 1.01907945868
5240 1.08533073559 1.0541286775
5245 1.10383360414 1.07209960904
5250 1.08260918793 1.05148537132
5255 1.08600877237 1.05478722147
5260 1.08859764741 1.05730166921
5265 0.992521918623 0.963988011356
5270 1.00005292921 0.971302513716
5275 1.03775972275 1.00792527865
5280 1.08048398362 1.04942126428
5285 1.06961502757 1.03886477869
5290 1.11234135887 1.08036277523
5295 1.0875697315 1.05630330475
5300 1.06786694011 1.03716694682
5305 1.09084109586 1.05948062101
5310 1.09547525732 1.06398155545
5315 1.07111343059 1.04032010429
5320 1.0797276815 1.04868670501
5325 1.03895946733 1.00909053191
5330 1.02522689878 0.995752759514
5335 1.06579982289 1.03515925693
5340 1.03264625784 1.0029588202
5345 1.06232072921 1.03178018335
5350 1.05486863045 1.02454232418
5355 1.08193335943 1.05082897214
5360 1.08466112372 1.05347831623
5365 1.03652597782 1.00672700253
5370 1.01786696013 0.988604410951
5375 1.07253404788 1.0416998804
5380 1.05249779098 1.02223964372
5385 1.0542915624 1.0239818462
5390 0.99066454205 0.962184032304
5395 1.04321263352 1.01322142427
5400 1.03459458838 1.0048511384
5405 1.00005614597 0.971305637999
5410 1.01344006138 0.984304780644
5415 1.03142104496 1.00176883084
5420 1.04497769474 1.01493574193
5425 1.02940143738 0.999807284745
5430 1.02385768539 0.994422909488
5435 1.02323858281 0.993821605427
5440 1.06501418094 1.03439620132
5445 1.01905188712 0.989755272601
5450 1.05173307044 1.02149690806
5455 1.01774865309 0.988489505108
5460 1.04077807843 1.01085685995
5465 1.01907379296 0.989776548673
5470 1.04177575203 1.01182585154
5475 1.00348537894 0.974636284318
5480 1.01760772813 0.988352631588
5485 1.0361619121 1.0063734033
5490 1.03110028755 1.00145729485
5495 1.02670093756 0.997184421307
5500 1.01907158332 0.989774402558
5505 1.01562802245 0.986429840253
5510 1.0180736468 0.98880515561
5515 1.02312512693 0.993711411271
5520 1.03315297781 1.00345097254
5525 1.00612556633 0.977200569242
5530 0.999787209673 0.971044433324
5535 1.00692087828 0.977973016848
5540 1.02631663579 0.996811167787
5545 1.01281167847 0.983694463049
5550 1.02959985698 1.0
5555 1.01493716166 0.985758840948
5560 1.01474864507 0.985575743999
5565 0.995267861134 0.966655011057
5570 0.99141838075 0.962916198976
5575 0.993394506291 0.964835513093
5580 1.00522634089 0.976327195535
5585 0.987773845727 0.959376440303
5590 0.963238360464 0.935546323101
5595 0.974667544043 0.946646930295
5600 0.96362184331 0.935918781239
5605 0.992722689154 0.964183009956
5610 1.01216945635 0.983070704107
5615 0.968714080263 0.940864622013
5620 0.994118831348 0.965539014606
5625 0.979403928673 0.951247149106
5630 1.00107477772 0.97229498521
5635 0.98785924845 0.959459387792
5640 0.977507167914 0.94940491812
5645 0.990869444534 0.962383044068
5650 0.989708917198 0.961255880609
5655 0.967209558376 0.939403353466
5660 0.952135826685 0.924762974887
5665 0.973432589434 0.945447479264
5670 0.979467707385 0.95130909425
5675 0.981235552295 0.953026115575
5680 0.971872379398 0.943932123542
5685 0.949747697044 0.922443501331
5690 0.958328885842 0.930777990444
5695 0.973735309763 0.945741496719
5700 0.965054739945 0.937310483681
5705 0.958773834096 0.931210146928
5710 0.926619248724 0.899979970316
5715 0.960836554718 0.933213566613
5720 0.968752275674 0.940901719348
5725 0.974416739804 0.9464033364
5730 0.968742275102 0.940892006282
5735 0.97220557625 0.944255741352
5740 0.96953636134 0.941663263418
5745 0.96630216596 0.938522047578
5750 0.959376620046 0.931795603449
5755 0.950024175649 0.922712031482
5760 0.957453906648 0.929928165934
5765 0.957146434904 0.929629533662
5770 0.963508563356 0.935808757959
5775 0.957822969329 0.93028661847
5780 0.952626957667 0.925239986396
5785 0.945651518412 0.918465083304
5790 0.952542121015 0.925157588704
5795 0.957433189252 0.92990804414
5800 0.960061282335 0.932460582454
5805 0.953237304783 0.925832786708
5810 0.959506377147 0.931921630176
5815 0.956435107316 0.928938655955
5820 0.961389559323 0.933750672948
5825 0.961665935693 0.934019103802
5830 0.962767637365 0.93508913277
5835 0.959445293459 0.931862302577
5840 0.958603274616 0.931044490844
5845 0.958968981804 0.931399684355
5850 0.951716077423 0.924355292951
5855 0.929553342606 0.902829712246
5860 0.929331017104 0.902613778356
5865 0.945818629765 0.91862739039
5870 0.950421396304 0.923097832483
5875 0.948424721533 0.921158559903
5880 0.94248386389 0.915388495346
5885 0.929049597458 0.902340449213
5890 0.856340284438 0.831721448514
5895 0.877521235203 0.852293470374
5900 0.914778364799 0.888479498707
5905 0.929966197621 0.903230698135
5910 0.927437979814 0.900775163793
5915 0.910690512729 0.884509167862
5920 0.919030651497 0.892609536866
5925 0.9256272846 0.899016524064
5930 0.910119477464 0.883954549229
5935 0.916254949937 0.889913633655
5940 0.912218045839 0.885992786084
5945 0.909604039837 0.883453929864
5950 0.903271526343 0.877303469128
5955 0.913296950753 0.887040673676
5960 0.913868985244 0.887596262807
5965 0.912172793078 0.885948834291
5970 0.909981826864 0.883820855931
5975 0.899164418797 0.873314436381
5980 0.906208176151 0.880155693502
5985 0.889591210498 0.864016447231
5990 0.898977453351 0.873132845984
5995 0.901102947594 0.875197234619
6000 0.895555747291 0.869809510189
6005 0.889156619616 0.863594350356
6010 0.886411154779 0.860927814596
6015 0.88527861846 0.859827837443
6020 0.87398926351 0.84886303896
6025 0.87652632701 0.851327164691
6030 0.890737498786 0.865129780999
6035 0.893795709379 0.868100071419
6040 0.888767581444 0.863216496601
6045 0.887842009616 0.862317533939
6050 0.890699109441 0.865092495305
6055 0.878936461205 0.853668010194
6060 0.889617380674 0.864041865043
6065 0.874008549972 0.848881770958
6070 0.889818287084 0.864236995616
6075 0.886656671199 0.86116627269
6080 0.876799384878 0.851592372448
6085 0.87916199562 0.853887060744
6090 0.879706322238 0.854415738574
6095 0.880834438761 0.855511422995
6100 0.872807747251 0.847715489987
6105 0.869325748877 0.844333595215
6110 0.881467108959 0.856125904624
6115 0.880465704918 0.855153289842
6120 0.871419221923 0.846366883226
6125 0.871049108728 0.846007410376
6130 0.875255904346 0.850093265273
6135 0.858236963044 0.833563599708
6140 0.851700082184 0.827214646942
6145 0.868242124994 0.843281124319
6150 0.864719331648 0.839859607386
6155 0.860243125373 0.835512087089
6160 0.848646021709 0.824248387327
6165 0.849215582436 0.824801573813
6170 0.841515315627 0.817322681157
6175 0.86125418753 0.836494082327
6180 0.867091301522 0.842163385749
6185 0.869260058366 0.844269793233
6190 0.853578484969 0.829039047724
6195 0.862825065215 0.838019799016
6200 0.862400918762 0.837607846305
6205 0.866384835454 0.841477229799
6210 0.864743661676 0.839883237952
6215 0.849112651363 0.824701601894
6220 0.848108144012 0.823725973019
6225 0.858413235026 0.833734804066
6230 0.834554709592 0.810562184846
6235 0.846499002495 0.822163092541
6240 0.837387752018 0.813313780437
6245 0.820781993202 0.797185418817
6250 0.834943568424 0.810939864417
6255 0.818304429952 0.79477908277
6260 0.835979032728 0.811945560268
6265 0.837337212627 0.813264693996
6270 0.836437139167 0.812390496654
6275 0.809698898039 0.786420950381
6280 0.795477766265 0.772608660415
6285 0.828965943211 0.805134089316
6290 0.816024650961 0.792564844904
6295 0.815483934058 0.792039673013
6300 0.800954140107 0.777927594566
6305 0.817241448381 0.793746660744
6310 0.820104396803 0.796527302566
6315 0.804846820249 0.78170836446
6320 0.80725598894 0.784048272216
6325 0.82383776416 0.800153339741
6330 0.82169358567 0.798070804011
6335 0.807971203149 0.784742924808
6340 0.817270592117 0.79377496663
6345 0.811862687423 0.788522533213
6350 0.819277006423 0.795723698744
6355 0.817859134642 0.794346589208
6360 0.811007554064 0.787691983992
6365 0.814525704916 0.791108991899
6370 0.812390495109 0.789035167012
6375 0.822244431086 0.79860581323
6380 0.816804990525 0.793322750568
6385 0.817862419277 0.794349779414
6390 0.818246497029 0.794722815354
6395 0.808331124551 0.785092498867
6400 0.79877259401 0.775808765506
6405 0.813205945581 0.789827174185
6410 0.801726848551 0.778678088497
6415 0.805238416492 0.782088702744
6420 0.793779379002 0.770959099906
6425 0.814645150923 0.791225003966
6430 0.800815063078 0.777792515848
6435 0.807155801463 0.783950965018
6440 0.795722271532 0.772846136425
6445 0.811010578356 0.78769492134
6450 0.793804422918 0.770983423838
6455 0.787822645065 0.765173615481
6460 0.792437264144 0.769655569366
6465 0.795636132007 0.772762473316
6470 0.792552166417 0.769767168326
6475 0.787529818689 0.764889207539
6480 0.79375968983 0.770939976776
6485 0.797083500047 0.774168231126
6490 0.789717193765 0.767013698002
6495 0.741736749533 0.720412638467
6500 0.778821309835 0.756431058682
6505 0.796227242833 0.77333659036
6510 0.793567021702 0.770752847644
6515 0.775016356439 0.752735493487
6520 0.784634391016 0.762077020209
6525 0.783840293428 0.761305752048
6530 0.779825129476 0.757406019619
6535 0.776709871466 0.754380321831
6540 0.772395662184 0.750190141293
6545 0.75054400401 0.72896669412
6550 0.743930838512 0.722543649815
6555 0.705797319678 0.685506427465
6560 0.573366627281 0.556882970985
6565 0.547941973665 0.532189248036
6570 0.694352246774 0.674390387747
6575 0.73142554245 0.710397867182
6580 0.75179425324 0.730181000068
6585 0.75656949413 0.734818958064
6590 0.760548488628 0.738683560872
6595 0.754261799786 0.73257760738
6600 0.767545450355 0.745479367689
6605 0.76079631495 0.738924262461
6610 0.761430607021 0.739540319337
6615 0.764829730969 0.742841722231
6620 0.767027597802 0.744976402824
6625 0.764474030911 0.742496248157
6630 0.762576909394 0.740653666785
6635 0.754388150125 0.732700325286
6640 0.759622700515 0.737784388143
6645 0.753454028266 0.731793058397
6650 0.761967047479 0.740061337725
6655 0.758529266386 0.736722389036
6660 0.755783698622 0.734055753308
6665 0.750992561067 0.729402355658
6670 0.753026960633 0.731378268486
6675 0.750053180884 0.728489981616
6680 0.742810248969 0.721455275982
6685 0.753980383035 0.732304281049
6690 0.75418101945 0.732499149389
6695 0.746527243806 0.725065411329
6700 0.744308394503 0.722910351488
6705 0.74312141437 0.721757495722
6710 0.745637046989 0.724200806685
6715 0.73582207493 0.714668004216
6720 0.727605915818 0.70668805059
6725 0.733875447922 0.712777340582
6730 0.742372555135 0.721030165361
6735 0.736241131479 0.715075013353
6740 0.734659617327 0.713538965983
6745 0.730985417202 0.709970395048
6750 0.728644161796 0.707696448145
6755 0.733942896626 0.71284285021
6760 0.730809259691 0.709799301871
6765 0.734200868239 0.713093405424
6770 0.730670882649 0.709664903015
6775 0.733539626132 0.712451173297
6780 0.736362600326 0.715192990105
6785 0.728537340041 0.707592697397
6790 0.731179447488 0.710158847178
6795 0.734160755232 0.713054445622
6800 0.730560944783 0.709558125741
6805 0.731708956539 0.710673133429
6810 0.7282147046 0.707279337368
6815 0.728980483623 0.708023101092
6820 0.723193722609 0.702402703055
6825 0.727227941014 0.706320942144
6830 0.718655764001 0.697995205738
6835 0.715144083618 0.694584482281
6840 0.709736469742 0.689332331323
6845 0.710930053904 0.69049160126
6850 0.713898022378 0.693374243924
6855 0.701668839259 0.681496636292
6860 0.705323643226 0.685046368687
6865 0.672314530115 0.652986231065
6870 0.635039377475 0.616782697831
6875 0.654268658421 0.63545915822
6880 0.67981475699 0.660270834714
6885 0.662149318033 0.643113257586
6890 0.664160953978 0.645067061223
6895 0.664737694638 0.645627221227
6900 0.667919097297 0.648717162079
6905 0.670295140831 0.651024896989
6910 0.679496593519 0.659961818091
6915 0.672982920386 0.653635405855
6920 0.67680086567 0.657343589436
6925 0.674541961027 0.655149625802
6930 0.677213420362 0.657744283637
6935 0.677983506559 0.658492230707
6940 0.677787160203 0.658301529091
6945 0.671968980952 0.652650616058
6950 0.672834613025 0.653491362166
6955 0.672538650958 0.653203908682
6960 0.676171410646 0.656732230547
6965 0.672540324352 0.653205533967
6970 0.672470954629 0.653138158547
6975 0.668842994118 0.649614497888
6980 0.662929694122 0.643871198725
6985 0.679916823189 0.660369966622
6990 0.675329042265 0.655914079326
6995 0.673798974185 0.65442799901
7000 0.670217464039 0.650949453319
7005 0.660170745575 0.641191566897
7010 0.671799537279 0.652486043703
7015 0.662983526486 0.643923483469
7020 0.669770763062 0.650515594501
7025 0.66521431984 0.646090143982
7030 0.6721706702 0.652846506963
7035 0.670259833394 0.650990604601
7040 0.675205525406 0.655794113439
7045 0.674855967787 0.655454605215
7050 0.673883590906 0.654510183094
7055 0.671077026655 0.651784304461
7060 0.667011450659 0.647835609277
7065 0.668679881475 0.649456074553
7070 0.669979890043 0.650718709312
7075 0.672818070084 0.653475294817
7080 0.673137304297 0.653785351399
7085 0.66736765254 0.648181570748
7090 0.670300589222 0.651030188744
7095 0.674346856706 0.654960130515
7100 0.675337213472 0.655922015619
7105 0.675146584322 0.655736866846
7110 0.669400031956 0.650155521504
7115 0.663749017622 0.644666967581
7120 0.668688956184 0.649464888374
7125 0.677434809733 0.657959308308
7130 0.667339611047 0.648154335416
7135 0.672611173947 0.653274346715
7140 0.670885852097 0.651598625959
7145 0.665078922837 0.645958639493
7150 0.660004407511 0.641030010869
7155 0.667626311779 0.648432793821
7160 0.668129149854 0.648921175856
7165 0.634204663929 0.615971981376
7170 0.643432029314 0.624934070213
7175 0.637889606254 0.619550985685
7180 0.636466072037 0.618168376502
7185 0.622417939279 0.604524112021
7190 0.629330924803 0.611238356858
7195 0.631621181389 0.613462771101
7200 0.628962785726 0.610880801372
7205 0.625936449553 0.607941469017
7210 0.63558472499 0.617312367208
7215 0.638136515893 0.619790796945
7220 0.629143457807 0.611056279331
7225 0.628953235342 0.610871525552
7230 0.630373911887 0.612251359218
7235 0.622244482922 0.604355642343
7240 0.619025992737 0.601229680191
7245 0.623021236855 0.605110065459
7250 0.618489992072 0.600709088952
7255 0.628969001094 0.610886838056
7260 0.624713721256 0.606753892806
7265 0.613348972324 0.595715867835
7270 0.616838657832 0.599105228745
7275 0.606378589967 0.58894587626
7280 0.623286783638 0.605367978067
7285 0.612385760553 0.594780347337
7290 0.592524566995 0.575490141123
7295 0.612581486261 0.594970446147
7300 0.610806291926 0.593246286685
7305 0.613287053021 0.595655728644
7310 0.607966707433 0.590488337106
7315 0.614331572476 0.59667021932
7320 0.612298943066 0.594696025756
7325 0.610978453037 0.593413498355
7330 0.610025287184 0.592487734966
7335 0.615955103791 0.598247075905
7340 0.613168002237 0.595540100438
7345 0.618094439967 0.600324908533
7350 0.61670068772 0.598971225121
7355 0.609137387648 0.591625361559
7360 0.609092155922 0.591581430195
7365 0.609175690461 0.591662563209
7370 0.61297692814 0.595354519509
7375 0.606503336638 0.589067036602
7380 0.618489117349 0.600708239376
7385 0.610288256372 0.592743144081
7390 0.605028157837 0.58763426756
7395 0.613586356797 0.595946427766
7400 0.618832403945 0.601041656862
