Wave Flux FluxNorm
3600 0.771530203878 0.753636991599
3605 0.689183556887 0.673200115641
3610 0.669730734528 0.654198440208
3615 0.710160457158 0.693690522801
3620 0.655899421105 0.640687900524
3625 0.762299402109 0.744620269194
3630 0.715072176782 0.698488330564
3635 0.687252224351 0.671313574279
3640 0.768518470913 0.750695106292
3645 0.691495352153 0.6754582961
3650 0.716093857317 0.699486316438
3655 0.789939038494 0.771618891295
3660 0.812526940927 0.793682938497
3665 0.783084045838 0.764922878596
3670 0.766090361752 0.748323309472
3675 0.787555406569 0.769290540203
3680 0.73464849439 0.717610637162
3685 0.74386791173 0.726616239164
3690 0.777769718927 0.759731800754
3695 0.799375909385 0.780836903698
3700 0.834195462919 0.814848927391
3705 0.694111247341 0.678013523841
3710 0.732384511576 0.715399160297
3715 0.855480099526 0.835639933912
3720 0.703525450132 0.687209393859
3725 0.798585652144 0.780064973984
3730 0.808227153618 0.789482871208
3735 0.586182613551 0.572587954669
3740 0.828572535224 0.809356405789
3745 0.740041527568 0.722878595927
3750 0.596313228182 0.582483621612
3755 0.885385485538 0.864851758716
3760 0.80355186131 0.784916007575
3765 0.846958645451 0.827316108116
3770 0.680777302093 0.664988817443
3775 0.851101529616 0.831362911136
3780 0.976318773829 0.953676135882
3785 0.978827268785 0.9561264542
3790 0.883056569182 0.862576854237
3795 0.739615564453 0.722462511685
3800 0.726050267399 0.709211818957
3805 0.950512458911 0.928468317132
3810 1.01374421394 0.990233610826
3815 0.882061870385 0.861605224345
3820 0.890983739855 0.870320179162
3825 0.811079637654 0.792269200864
3830 0.717918301986 0.701268448861
3835 0.541112642775 0.528563239867
3840 0.690178957894 0.674172431459
3845 0.939643555712 0.917851483899
3850 1.00952686752 0.986114072461
3855 1.00792634835 0.984550672292
3860 0.931298228134 0.909699699901
3865 1.06148693014 1.03686908514
3870 1.02206313938 0.998359604994
3875 0.969304582319 0.946824616445
3880 0.946013348296 0.924073549213
3885 0.80330885128 0.784678633397
3890 0.653569920265 0.638412425116
3895 0.871599712494 0.851385703244
3900 0.955942138273 0.933772072188
3905 0.920923310434 0.899565395729
3910 1.04303327549 1.01884340487
3915 1.03098196601 1.00707158754
3920 0.968340292913 0.945882690693
3925 0.940478584216 0.918667146548
3930 0.528479430069 0.516223014728
3935 0.317161564457 0.309806001225
3940 0.809192560124 0.790425888152
3945 0.944420192377 0.922517341526
3950 1.01219981623 0.98872503055
3955 1.01099039725 0.987543660232
3960 0.962739435145 0.940411727175
3965 0.621744995699 0.607325579407
3970 0.368696180482 0.360145434198
3975 0.824684934021 0.805558965246
3980 1.05740662647 1.03288341126
3985 1.07261845308 1.04774244747
3990 1.13518156009 1.10885460033
3995 1.14058660561 1.11413429285
4000 1.16990664451 1.14277434582
4005 1.12620437274 1.10008561056
4010 1.20127251062 1.17341277949
4015 1.19937806162 1.17156226627
4020 1.23015429765 1.20162474447
4025 1.2174658388 1.18923055445
4030 1.1656774686 1.13864325232
4035 1.17875407353 1.1514165866
4040 1.24545942093 1.21657491363
4045 1.12156560226 1.09555442174
4050 1.24373845276 1.2148938579
4055 1.17116709634 1.14400556544
4060 1.19450002538 1.16679736071
4065 1.14476160425 1.11821246555
4070 1.19097269837 1.16335183893
4075 1.15298054886 1.12624079763
4080 1.14109067871 1.11462667556
4085 1.15522924631 1.12843734364
4090 1.19536068745 1.16763806243
4095 1.1022186521 1.07665616314
4100 0.828413989874 0.809201537398
4105 0.943692535972 0.921806560818
4110 1.11415757394 1.0883181993
4115 1.20187932616 1.17400552186
4120 1.16765217759 1.14057216416
4125 1.19963562279 1.17181385412
4130 1.18029479441 1.15292157532
4135 1.18826777937 1.16070965201
4140 1.26040763436 1.23117645035
4145 1.2027630804 1.1748687802
4150 1.22380327107 1.19542100994
4155 1.17485547254 1.14760840138
4160 1.22859541399 1.2001020142
4165 1.2562357892 1.227101358
4170 1.19597881942 1.16824185878
4175 1.13962866931 1.11319857286
4180 1.19035968062 1.1627530382
4185 1.18125289778 1.15385745849
4190 1.20325740537 1.17535164087
4195 1.21646004996 1.18824809171
4200 1.14579798668 1.11922481235
4205 1.19083033681 1.163212779
4210 1.22994358314 1.20141891682
4215 1.19932037088 1.17150591348
4220 1.2163567039 1.18814714244
4225 1.08083178573 1.05576529775
4230 1.19893384845 1.17112835522
4235 1.16133348166 1.13440001048
4240 1.17270430691 1.14550712526
4245 1.18946038723 1.16187460109
4250 1.15271388744 1.12598032058
4255 1.19997528439 1.17214563834
4260 1.14138756458 1.1149166761
4265 1.22554402164 1.19712138928
4270 1.1374554311 1.11107573607
4275 1.15318356209 1.12643910261
4280 1.19099378685 1.16337243833
4285 1.15057650879 1.1238925117
4290 1.06001189079 1.03542825468
4295 1.1179365955 1.09200957837
4300 0.959552957613 0.93729914995
4305 0.99178334418 0.968782054246
4310 0.978575515591 0.955880539628
4315 1.12472264212 1.09863824401
4320 1.19338470656 1.16570790819
4325 1.05165658908 1.02726672787
4330 1.15702491645 1.13019136886
4335 1.07770647053 1.05271246439
4340 0.737285952622 0.720186927861
4345 1.01857586076 0.994953202815
4350 1.11050772894 1.08475300096
4355 1.15782362119 1.13097155016
4360 1.20394129218 1.17601966707
4365 1.24098577424 1.21220501908
4370 1.19695721782 1.16919756631
4375 1.15825112185 1.13138913629
4380 1.21522528054 1.18704195888
4385 1.0869601743 1.06175155766
4390 1.19023042491 1.16262678017
4395 1.18384740721 1.15639179646
4400 1.1827211501 1.15529165933
4405 1.17197226893 1.14479206459
4410 1.22483274887 1.19642661224
4415 1.18756121501 1.16001947418
4420 1.24790950603 1.21896817673
4425 1.22633941871 1.19789833963
4430 1.23462386699 1.20599065623
4435 1.19040060395 1.16279301244
4440 1.25144847188 1.22242506742
4445 1.21349002941 1.18534695142
4450 1.2319066968 1.20333650224
4455 1.15761827464 1.13077096597
4460 1.1737371625 1.14651602702
4465 1.21566930572 1.18747568629
4470 1.2036310705 1.17571664
4475 1.26585315686 1.23649568111
4480 1.20481286598 1.17687102746
4485 1.24784552896 1.2189056834
4490 1.21565786008 1.1874645061
4495 1.23886111671 1.21012963629
4500 1.26222512922 1.23295179414
4505 1.29750279183 1.26741130251
4510 1.28668540586 1.25684479173
4515 1.25797445115 1.22879969716
4520 1.25596681328 1.22683862012
4525 1.21567958916 1.18748573124
4530 1.18037433792 1.15299927407
4535 1.17778060737 1.15046569692
4540 1.26084611713 1.23160476389
4545 1.234822135 1.20618432603
4550 1.17999374917 1.15262751188
4555 1.19585119832 1.16811719745
4560 1.26019413658 1.23096790397
4565 1.23670559372 1.20802410387
4570 1.24889174624 1.21992763697
4575 1.25539243645 1.22627756415
4580 1.21627055471 1.1880629912
4585 1.20439664656 1.17646446094
4590 1.22542017163 1.19700041158
4595 1.22866487019 1.20016985958
4600 1.22167250995 1.19333966511
4605 1.22736561631 1.19890073781
4610 1.24836746659 1.21941551633
4615 1.2344830336 1.20585308903
4620 1.22879337765 1.20029538672
4625 1.23899193153 1.21025741727
4630 1.22574374158 1.19731647735
4635 1.22794441958 1.19946611755
4640 1.22580347245 1.19737482295
4645 1.21140812877 1.18331333391
4650 1.20828781784 1.18026538876
4655 1.19908456964 1.17127558091
4660 1.24184711754 1.21304638624
4665 1.18968123556 1.16209032753
4670 1.17323386364 1.14602440059
4675 1.21686593996 1.18864456837
4680 1.19618723034 1.16844543626
4685 1.21453156404 1.18636433094
4690 1.20552955587 1.17757109599
4695 1.22447633329 1.1960784626
4700 1.1826758212 1.15524738169
4705 1.16786759775 1.14078258832
4710 1.17666825116 1.14937913832
4715 1.1980377089 1.1702529988
4720 1.21857887091 1.19031777328
4725 1.21886819164 1.19060038412
4730 1.17637938897 1.14909697537
4735 1.18812222769 1.16056747594
4740 1.19973644548 1.17191233854
4745 1.20294840725 1.17504980898
4750 1.20585055479 1.17788465035
4755 1.17585676763 1.14858647459
4760 1.18969341853 1.16210222796
4765 1.1563140017 1.12949694154
4770 1.19063542288 1.16302238549
4775 1.20359821096 1.17568454254
4780 1.19734319723 1.16957459415
4785 1.1742265126 1.14699402818
4790 1.17290486487 1.14570303191
4795 1.20637966777 1.17840149223
4800 1.18381116509 1.15635639486
4805 1.17944418039 1.15209068861
4810 1.18061828121 1.15323755986
4815 1.19658218593 1.16883123211
4820 1.19354099427 1.16586057131
4825 1.16194104621 1.13499348448
4830 1.16845040006 1.14135187437
4835 1.16912475582 1.14201059058
4840 1.14359123683 1.11706924112
4845 1.14300835272 1.11649987517
4850 1.11439306025 1.08854822425
4855 1.02894479844 1.00508166566
4860 0.764462708219 0.746733404235
4865 0.917624946409 0.896343526867
4870 1.04205239707 1.01788527484
4875 1.08653246911 1.06133377174
4880 1.12574308572 1.09963502163
4885 1.11374164246 1.08791191404
4890 1.08734118069 1.0621237278
4895 1.16701415865 1.13994894206
4900 1.15937873832 1.13249060125
4905 1.15386657634 1.1271062765
4910 1.1286774511 1.10250133366
4915 1.16236609047 1.13540867118
4920 1.0787221828 1.05370462042
4925 1.12295642029 1.09691298413
4930 1.16490896463 1.13789257139
4935 1.11248367676 1.08668312289
4940 1.11527690991 1.0894115758
4945 1.16261477489 1.13565158815
4950 1.16452555676 1.13751805545
4955 1.13399252734 1.10769314345
4960 1.13931922699 1.11289630708
4965 1.15353738669 1.12678472137
4970 1.13909991767 1.11268208395
4975 1.16269122858 1.13572626873
4980 1.11490982907 1.08905300824
4985 1.07315632355 1.04826784373
4990 1.12940656921 1.10321354217
4995 1.1379326654 1.11154190242
5000 1.11035231996 1.0846011962
5005 1.08633883227 1.0611446257
5010 1.11280261025 1.08699465973
5015 1.07131611986 1.04647031777
5020 1.08347179054 1.05834407597
5025 1.11197455701 1.08618581057
5030 1.12099919119 1.09500114679
5035 1.11032323122 1.08457278208
5040 1.05460818235 1.03014986823
5045 1.12334975553 1.09729719721
5050 1.08780202108 1.06257388045
5055 1.12947936045 1.10328464525
5060 1.14335120637 1.11683477741
5065 1.09927657879 1.07378232195
5070 1.10706300423 1.08138816578
5075 1.09733619261 1.07188693691
5080 1.05152777276 1.02714089903
5085 1.09879986457 1.07331666362
5090 1.11828253313 1.09234749306
5095 1.11920010147 1.09324378129
5100 1.0746577479 1.04973444728
5105 1.10687833485 1.08120777922
5110 1.08230782349 1.05720710347
5115 1.11739964545 1.09148508117
5120 1.11420094201 1.08836056159
5125 1.06928613955 1.04448741646
5130 1.07737521652 1.05238889278
5135 1.08384040067 1.05870413735
5140 1.05255309396 1.02814244114
5145 1.07382846866 1.04892440056
5150 1.0752152825 1.05027905162
5155 1.082540188 1.05743407901
5160 1.09527014466 1.06986880444
5165 1.03055226178 1.00665184895
5170 0.956098985451 0.933925281789
5175 1.03013877302 1.00624794975
5180 1.07980194972 1.05475934555
5185 0.961521230065 0.939221774523
5190 1.04104656445 1.01690276933
5195 1.03339789303 1.00943148475
5200 1.06770978687 1.04294762232
5205 1.03287165074 1.00891744699
5210 1.05063932811 1.02627305906
5215 1.05522040413 1.03074789145
5220 1.08400504764 1.05886496585
5225 1.03776658538 1.01369885904
5230 1.04232313963 1.01814973837
5235 1.03709761663 1.01304540491
5240 1.07539623398 1.0504558065
5245 1.07649973995 1.05153372013
5250 1.05883491207 1.03427857227
5255 1.06421797056 1.03953678768
5260 1.06383070166 1.03915850026
5265 0.978672579385 0.955975352333
5270 0.978259998787 0.955572340242
5275 1.01996449837 0.996309635353
5280 1.05429854647 1.02984741338
5285 1.04512361835 1.02088526881
5290 1.08242596194 1.05732250206
5295 1.06073035221 1.03613005365
5300 1.04074224994 1.01660551244
5305 1.06205213981 1.03742118655
5310 1.06905445414 1.04426110426
5315 1.04795434712 1.02365034774
5320 1.05670722515 1.03220023034
5325 1.01909006128 0.995455478074
5330 1.00668461997 0.983337741892
5335 1.04635342919 1.02208655806
5340 1.02078102797 0.997107228126
5345 1.04043752829 1.01630785785
5350 1.03669935258 1.01265637735
5355 1.06083690219 1.03623413254
5360 1.05991449575 1.03533311841
5365 1.02115611691 0.997473618055
5370 1.00478320099 0.98148042034
5375 1.05039865729 1.02603796984
5380 1.04089498399 1.0167547043
5385 1.04249646175 1.01831904084
5390 1.03479826306 1.01079937761
5395 1.02431188086 1.000556194
5400 1.02089021568 0.997213883563
5405 0.988127547302 0.965211042059
5410 1.00841646061 0.985029417947
5415 1.02066041208 0.996989409539
5420 1.03422292616 1.01023738383
5425 1.016701422 0.993122235754
5430 1.01069586707 0.987255960753
5435 1.01556191141 0.992009152527
5440 1.05144908743 1.02706403857
5445 1.01217564821 0.988701423028
5450 1.03987980707 1.01576307122
5455 1.00774406945 0.984372620779
5460 1.03504354256 1.01103896863
5465 1.01697626523 0.993390704867
5470 1.03657928815 1.01253909743
5475 1.00146249103 0.978236723782
5480 1.00176944041 0.978536554434
5485 1.03115963135 1.00724513249
5490 1.02694653138 1.0031297421
5495 1.02471415218 1.0009491359
5500 1.01859375317 0.994970680269
5505 1.01508708338 0.991545336641
5510 1.02111505715 0.997433510544
5515 1.02173755132 0.998041567926
5520 1.03159978797 1.00767508107
5525 1.00869372551 0.985300252564
5530 0.997445603412 0.974312995215
5535 1.0084476314 0.985059865823
5540 1.02343293288 0.999697630452
5545 1.01164920188 0.98818718597
5550 1.02374248143 1.0
5555 1.01093471166 0.987489266099
5560 1.01194451856 0.988475653706
5565 0.996116336296 0.973014556261
5570 0.990078940419 0.96711717876
5575 0.990189207169 0.96722488822
5580 1.00422946579 0.980939527279
5585 0.986738801677 0.963854504013
5590 0.962297449686 0.939979992176
5595 0.975469540206 0.952846597557
5600 0.963452306226 0.941108065457
5605 0.98909883242 0.966159801278
5610 1.00897350386 0.985573542334
5615 0.966413647549 0.944000727798
5620 0.990712778742 0.9677363172
5625 0.976302384681 0.953660126828
5630 0.998886427757 0.975720404179
5635 0.985922255637 0.963056895186
5640 0.978693406045 0.955995695985
5645 0.989048992826 0.966111117557
5650 0.9884383376 0.965514624554
5655 0.971294973657 0.948768846926
5660 0.952957434772 0.930856589481
5665 0.975554232437 0.952929325618
5670 0.97993605549 0.957209526091
5675 0.983258834465 0.960455243676
5680 0.974245464797 0.95165091072
5685 0.956361193638 0.934181408884
5690 0.960860200353 0.938576075313
5695 0.974263155444 0.951668191088
5700 0.968470608827 0.94600998434
5705 0.96272084073 0.940393563999
5710 0.93136763169 0.90976749386
5715 0.964814165807 0.942438340995
5720 0.973312252741 0.950739341578
5725 0.97554223544 0.952917606853
5730 0.971493452622 0.948962722797
5735 0.972345054315 0.949794574271
5740 0.971974019161 0.949432144109
5745 0.97302791461 0.950461597774
5750 0.963512003842 0.941166378575
5755 0.953241280025 0.931133851838
5760 0.964150341884 0.941789912377
5765 0.961118417598 0.938828304022
5770 0.969909920211 0.947415915431
5775 0.963674291447 0.94132490243
5780 0.961186748275 0.938895049985
5785 0.953176568968 0.93107064155
5790 0.955996063425 0.933824746715
5795 0.964063437631 0.941705023594
5800 0.968059603847 0.945608511326
5805 0.963319492692 0.940978332114
5810 0.964397561826 0.942031398831
5815 0.961827112256 0.93952056274
5820 0.969247951213 0.946769298718
5825 0.972475452517 0.949921948298
5830 0.971558947179 0.949026698414
5835 0.970882370369 0.948365812672
5840 0.968192053197 0.945737888931
5845 0.965825304485 0.943426029498
5850 0.962320835028 0.940002835169
5855 0.94264662395 0.92078490543
5860 0.942472922274 0.920615232218
5865 0.955852153649 0.933684174474
5870 0.959186308502 0.936941004109
5875 0.95856921847 0.936338225536
5880 0.953350245243 0.931240289951
5885 0.940159330212 0.918355296635
5890 0.866272871806 0.846182401843
5895 0.886235551905 0.865682110472
5900 0.930639270953 0.909056025156
5905 0.943259859284 0.921383918703
5910 0.940240867888 0.918434943301
5915 0.926087865347 0.904610175063
5920 0.934837447289 0.913156838018
5925 0.9385824643 0.916815001159
5930 0.92632224332 0.904839117378
5935 0.933655830401 0.912002625012
5940 0.926364781448 0.904880668968
5945 0.923270195449 0.901857852141
5950 0.919118337301 0.897802283262
5955 0.926121422563 0.904642954025
5960 0.927035564232 0.905535895058
5965 0.925680996695 0.904212742447
5970 0.924652000189 0.903207610274
5975 0.916527579808 0.895271610226
5980 0.920472925323 0.899125455882
5985 0.903699233294 0.882740776793
5990 0.915684582928 0.894448164003
5995 0.918110171253 0.896817498448
6000 0.914457803128 0.893249835495
6005 0.905983996078 0.884972551702
6010 0.902276973357 0.881351501693
6015 0.902772981613 0.881836006601
6020 0.889833684923 0.869196796131
6025 0.891486902619 0.870811672651
6030 0.903230439247 0.882282854946
6035 0.905709161261 0.884704090813
6040 0.902675582243 0.881740866103
6045 0.896969287362 0.876166910752
6050 0.901899445299 0.88098272921
6055 0.892293600652 0.871599661865
6060 0.897505160743 0.876690356239
6065 0.883504466286 0.863014363779
6070 0.895639620742 0.874868081561
6075 0.895266132422 0.874503255125
6080 0.884590246374 0.864074962619
6085 0.88651966793 0.86595963732
6090 0.887786731045 0.867197314899
6095 0.888268025031 0.867667446787
6100 0.88009364857 0.859682649233
6105 0.874253146272 0.853977598986
6110 0.885034450961 0.86450886528
6115 0.881805708819 0.861355003639
6120 0.8768264161 0.856491189927
6125 0.874457150869 0.854176872339
6130 0.877799573832 0.857441778331
6135 0.861184792956 0.841212324951
6140 0.855849949565 0.836001206445
6145 0.871041170622 0.850840114991
6150 0.869249430939 0.849089929065
6155 0.86192939667 0.841939659928
6160 0.851888985795 0.83213210475
6165 0.850401648701 0.830679261753
6170 0.846243702397 0.826617745913
6175 0.863028807694 0.843013573577
6180 0.868011469187 0.847880677935
6185 0.867744508792 0.847619908846
6190 0.853058675578 0.833274667263
6195 0.861176544774 0.84120426806
6200 0.858248490369 0.838344120651
6205 0.866463450413 0.846368560579
6210 0.861430302692 0.841452140862
6215 0.850259041794 0.830539962165
6220 0.847235013939 0.827586067108
6225 0.855937090054 0.836086325984
6230 0.836532505188 0.817131769328
6235 0.848367572156 0.828692359205
6240 0.841671316738 0.822151402334
6245 0.827368965495 0.808180749068
6250 0.836608474883 0.817205977145
6255 0.819426055712 0.800422050052
6260 0.836734953739 0.817329522722
6265 0.837642227876 0.818215755494
6270 0.841681641238 0.822161487391
6275 0.821748760092 0.802690886621
6280 0.80426949697 0.785616999937
6285 0.8338799085 0.814540691262
6290 0.820891022157 0.801853041215
6295 0.823596869539 0.804496134992
6300 0.810677851419 0.791876732795
6305 0.823187407585 0.804096169218
6310 0.825480292159 0.806335877559
6315 0.81491395184 0.796014590213
6320 0.813470401292 0.794604518272
6325 0.82996922985 0.810720708483
6330 0.830010919678 0.810761431447
6335 0.815703082184 0.796785419164
6340 0.824170553187 0.805056513856
6345 0.822647084794 0.803568377512
6350 0.827361825191 0.80817377436
6355 0.824962498561 0.805830092552
6360 0.816502957075 0.797566743478
6365 0.820982613426 0.801942508313
6370 0.821600927847 0.802546482879
6375 0.829088471112 0.809860376169
6380 0.826557710439 0.807388308516
6385 0.825429369028 0.806286135429
6390 0.824811408222 0.805682506277
6395 0.813279117345 0.794417670553
6400 0.807377494512 0.788652917268
6405 0.820882840911 0.801845049707
6410 0.810263564552 0.791472054006
6415 0.81515731178 0.796252306186
6420 0.803056488626 0.784432123499
6425 0.821937123321 0.802874881359
6430 0.808358589597 0.789611258943
6435 0.817091691206 0.798141823775
6440 0.801136869529 0.78255702392
6445 0.818719011043 0.799731403056
6450 0.802487851786 0.7838766744
6455 0.801661326651 0.783069317911
6460 0.8026244429 0.784010097713
6465 0.800377855357 0.78181561269
6470 0.797274714536 0.778784439443
6475 0.797276623057 0.778786303703
6480 0.801425456815 0.782838918333
6485 0.801885593278 0.783288383381
6490 0.796302992337 0.777835253279
6495 0.75396203209 0.736476258205
6500 0.789121655933 0.770820465348
6505 0.802349972295 0.783741992589
6510 0.800456600303 0.781892531395
6515 0.782610567489 0.764460381086
6520 0.794013113128 0.775598480604
6525 0.793283082783 0.774885381013
6530 0.791301489256 0.772949744305
6535 0.792249081703 0.77387536033
6540 0.782579242533 0.764429782614
6545 0.762775189999 0.745085022683
6550 0.757506077304 0.739938110456
6555 0.724762513867 0.707953930811
6560 0.599151325729 0.585255898428
6565 0.561585061836 0.548560865668
6570 0.71329108794 0.696748548465
6575 0.746215911064 0.728909784051
6580 0.765733469692 0.7479746944
6585 0.771195534559 0.753310083881
6590 0.775479012097 0.757494219653
6595 0.768788225619 0.750958604887
6600 0.78156168688 0.763435825958
6605 0.772165980033 0.754258022929
6610 0.774279337518 0.756322367745
6615 0.776789278101 0.758774098165
6620 0.778895188537 0.760831168643
6625 0.778746538943 0.760685966508
6630 0.774887023303 0.756915960173
6635 0.768229650048 0.750412983717
6640 0.77389205412 0.755944066166
6645 0.765506341869 0.747752834091
6650 0.774760885413 0.756792747655
6655 0.772809793759 0.754886905424
6660 0.771704897606 0.753807633856
6665 0.767757740367 0.749952018493
6670 0.76693284811 0.749146257014
6675 0.76640253543 0.748628243266
6680 0.761141516855 0.74348923744
6685 0.772018246456 0.754113715567
6690 0.772259784927 0.754349652314
6695 0.766970608703 0.749183141869
6700 0.762612636516 0.744926239116
6705 0.761486070754 0.743825800497
6710 0.763058064302 0.745361336608
6715 0.75712894415 0.739569723717
6720 0.745854693457 0.728556943748
6725 0.754160675555 0.736670294761
6730 0.760535784084 0.742897552733
6735 0.755695205284 0.738169235908
6740 0.752770895158 0.735312745941
6745 0.750345276327 0.732943381697
6750 0.750737624655 0.733326630741
6755 0.754461521063 0.736964163105
6760 0.747437656782 0.730103195227
6765 0.750171197356 0.73277333994
6770 0.742080637382 0.724870415013
6775 0.744980205446 0.727702736732
6780 0.748446046018 0.731088198051
6785 0.736403823984 0.719325257417
6790 0.738499690703 0.721372517111
6795 0.743984483443 0.726730107364
6800 0.741192781411 0.724003150064
6805 0.743743896546 0.726495100121
6810 0.744252351486 0.726991763051
6815 0.744944555989 0.727667914052
6820 0.74377658611 0.726527031554
6825 0.747064266444 0.729738464501
6830 0.740025177564 0.72286262511
6835 0.742409296518 0.725191451936
6840 0.735702895332 0.718640584596
6845 0.735375207965 0.718320496906
6850 0.738769834366 0.721636395643
6855 0.73018791009 0.713253502061
6860 0.736373856696 0.719295985126
6865 0.717547742808 0.700906483636
6870 0.681270744349 0.66547081586
6875 0.698010859402 0.681822696686
6880 0.720186545451 0.703484087565
6885 0.706461862301 0.690077705199
6890 0.7073088848 0.69090508368
6895 0.710230665474 0.693759102857
6900 0.712527964688 0.696003123453
6905 0.714106128855 0.697544687074
6910 0.716806275532 0.700182212357
6915 0.713186894272 0.696646771242
6920 0.714981979483 0.698400225107
6925 0.716729751379 0.70010746294
6930 0.721284467444 0.704556546716
6935 0.719476902319 0.702790902369
6940 0.718581955613 0.701916711133
6945 0.713185472015 0.69664538197
6950 0.713846804393 0.697291376827
6955 0.713176162968 0.696636288817
6960 0.716231401432 0.69962067065
6965 0.715288485279 0.698699622467
6970 0.713820283834 0.697265471328
6975 0.710578922645 0.6940992833
6980 0.701940579953 0.68566127975
6985 0.715080780674 0.698496734915
6990 0.713208082254 0.696667467835
6995 0.709564822182 0.693108701702
7000 0.7096595056 0.693201189236
7005 0.701529751177 0.685259978853
7010 0.70725359352 0.690851074707
7015 0.699141860943 0.68292746821
7020 0.704771017322 0.688426074043
7025 0.703066896007 0.686761474452
7030 0.711273969681 0.69477821091
7035 0.706264234428 0.689884660682
7040 0.706709320102 0.690319423996
7045 0.706613132336 0.690225467002
7050 0.704319701295 0.687985224869
7055 0.700709432254 0.684458684643
7060 0.700680123898 0.684430056002
7065 0.700085415495 0.683849139987
7070 0.702761912183 0.686463563767
7075 0.703319324009 0.687008048182
7080 0.700921360726 0.684665698102
7085 0.696425104089 0.680273717972
7090 0.697899616328 0.681714033545
7095 0.700372780497 0.684129840463
7100 0.700777879562 0.684525544532
7105 0.700195669863 0.683956837352
7110 0.6953595494 0.679232875466
7115 0.693083205432 0.677009324125
7120 0.691089413288 0.675061771708
7125 0.694631895894 0.678522097591
7130 0.68605961288 0.670148621674
7135 0.689350800965 0.67336348102
7140 0.685931886354 0.670023857362
7145 0.680075815549 0.664303599669
7150 0.671637534523 0.656061017986
7155 0.683021966773 0.667181424198
7160 0.683412787566 0.667563181133
7165 0.659958702782 0.644653039951
7170 0.669618538211 0.654088845932
7175 0.665817865735 0.650376318079
7180 0.665313450734 0.649883601395
7185 0.649328549308 0.634269419395
7190 0.655076820712 0.639884377755
7195 0.65925626173 0.643966889806
7200 0.655099408411 0.639906441604
7205 0.650495730445 0.635409531444
7210 0.659005045318 0.643721499567
7215 0.66398006102 0.648581135455
7220 0.65707092528 0.64183223535
7225 0.657312301336 0.642068013449
7230 0.662382433329 0.647020559704
7235 0.656383624257 0.641160874109
7240 0.650857517205 0.6357629277
7245 0.655499558168 0.640297311148
7250 0.649981648339 0.634907371852
7255 0.658554752866 0.64328165023
7260 0.656328479802 0.641107008556
7265 0.64823955555 0.633205681417
7270 0.652325117552 0.63719649168
7275 0.641085892137 0.626217924688
7280 0.664485720009 0.649075067276
7285 0.644706494556 0.629754558642
7290 0.627147576418 0.612602864288
7295 0.645646695932 0.630672955008
7300 0.64594605908 0.630965375371
7305 0.648396642728 0.633359125452
7310 0.642485035397 0.627584619229
7315 0.651199026311 0.636096516578
7320 0.649095633088 0.634041904933
7325 0.643000479098 0.628088108837
7330 0.647178182764 0.632168923828
7335 0.651360115231 0.636253869548
7340 0.648950673375 0.633900307105
7345 0.650607451903 0.635518661874
7350 0.647978996356 0.632951165072
7355 0.641284522495 0.62641194844
7360 0.642954231403 0.628042933711
7365 0.645907563954 0.630927773019
7370 0.643933556853 0.628999546793
7375 0.640573075549 0.625717001265
7380 0.647549108137 0.632531246756
7385 0.641814534629 0.626929668613
7390 0.635602293905 0.62086150124
7395 0.641044899263 0.626177882515
7400 0.645360549442 0.630393444785
