Wave Flux FluxNorm
3600 0.696813905447 0.684152131074
3605 0.619041088648 0.607792520658
3610 0.596066956644 0.585235850581
3615 0.638731997939 0.627125627315
3620 0.586697939008 0.576037076946
3625 0.690921542899 0.678366838384
3630 0.636787896298 0.625216851858
3635 0.618570863585 0.607330840034
3640 0.693836447131 0.68122877602
3645 0.626504915998 0.615120723134
3650 0.640118528968 0.628486963751
3655 0.717711368953 0.704669867704
3660 0.735152882381 0.72179445217
3665 0.716020496815 0.703009720328
3670 0.699137908026 0.686433904306
3675 0.719277919481 0.706207952512
3680 0.664743230875 0.652664211299
3685 0.669680640509 0.657511903482
3690 0.704067147053 0.691273574351
3695 0.729050030615 0.71580249505
3700 0.760709494623 0.746886676352
3705 0.627770952103 0.616363754154
3710 0.666492429809 0.654381625617
3715 0.778451232733 0.76430603013
3720 0.614219943072 0.603058979903
3725 0.721925992477 0.708807907491
3730 0.728366818333 0.715131697389
3735 0.517334097399 0.507933642607
3740 0.728630970148 0.715391049313
3745 0.64411848735 0.632414239067
3750 0.539653260265 0.529847244961
3755 0.790776476316 0.776407312262
3760 0.70632604794 0.693491428851
3765 0.741099076529 0.72763259829
3770 0.631323117688 0.619851373497
3775 0.77696760066 0.762849357069
3780 0.870364395486 0.854549042905
3785 0.86456351262 0.848853567623
3790 0.788106489097 0.773785841261
3795 0.673232492717 0.660999215142
3800 0.661247193734 0.649231700493
3805 0.846503268295 0.831121495192
3810 0.888713346619 0.872564576067
3815 0.764449440035 0.750558663382
3820 0.761778412058 0.747936170536
3825 0.691266974258 0.678705992924
3830 0.620451463616 0.609177267765
3835 0.485611031755 0.476787015373
3840 0.601025084126 0.59010388415
3845 0.826382046636 0.811365895353
3850 0.876732871867 0.860801797986
3855 0.870179796862 0.854367798615
3860 0.781941847227 0.767733216824
3865 0.918310247222 0.901623672709
3870 0.873228140125 0.857360750569
3875 0.835829209235 0.820641393982
3880 0.815694633592 0.800872682815
3885 0.710493779531 0.697583428777
3890 0.604850961928 0.593860242097
3895 0.781617549582 0.767414811977
3900 0.836961055706 0.821752673722
3905 0.801141691638 0.786584181719
3910 0.911665421524 0.895099589843
3915 0.90358458299 0.887165587865
3920 0.841733563946 0.826438460928
3925 0.819040224253 0.804157480897
3930 0.460196811457 0.451834595738
3935 0.285321700507 0.280137132622
3940 0.718491028925 0.705435360509
3945 0.834959967587 0.819787947285
3950 0.900820187442 0.884451424025
3955 0.900509528874 0.884146410421
3960 0.854104300137 0.838584409023
3965 0.554885547403 0.544802746889
3970 0.341875024625 0.335662828813
3975 0.753197701562 0.739511379747
3980 0.950215141796 0.932948824869
3985 0.960751186647 0.943293419719
3990 1.01868924254 1.00017868579
3995 1.01325478947 0.994842981915
4000 1.03106348134 1.01232807284
4005 0.993074600338 0.975029486103
4010 1.06437999321 1.04503919186
4015 1.05950168275 1.04024952496
4020 1.08055448531 1.06091977799
4025 1.07859715232 1.05899801161
4030 1.03010171411 1.01138378184
4035 1.0416379249 1.02271036866
4040 1.0977869742 1.0778391361
4045 0.976252691212 0.958513247136
4050 1.09591515491 1.07600132955
4055 1.04809482771 1.02904994338
4060 1.05921714494 1.03997015748
4065 1.00652975043 0.988240143258
4070 1.05125576964 1.03215344797
4075 1.0332024194 1.01442814436
4080 1.03319467682 1.01442054247
4085 1.03876942361 1.01989399079
4090 1.08859586082 1.06881503402
4095 1.01505891097 0.996614320811
4100 0.778544225127 0.764397332764
4105 0.886015254464 0.869915510824
4110 1.02655304682 1.00789959723
4115 1.09391636824 1.07403886274
4120 1.06247581297 1.0431696124
4125 1.09024634873 1.07043553099
4130 1.07507515981 1.05554001707
4135 1.07043978945 1.05098887582
4140 1.13292720959 1.11234083983
4145 1.07804397263 1.05845488372
4150 1.10465471238 1.08458208091
4155 1.06405098632 1.04471616335
4160 1.11281451958 1.09259361661
4165 1.13291660359 1.11233042655
4170 1.08280359361 1.06312801784
4175 1.03690232413 1.01806081828
4180 1.08102759611 1.06138429191
4185 1.07004759596 1.05060380886
4190 1.08226874076 1.06260288378
4195 1.09418214306 1.07429980818
4200 1.03254059078 1.01377834179
4205 1.07910144188 1.05949313775
4210 1.10466926931 1.08459637333
4215 1.07848474304 1.05888764491
4220 1.09709239882 1.07715718181
4225 0.967170251296 0.94959584383
4230 1.07385190457 1.05433898954
4235 1.04296992447 1.02401816453
4240 1.05807498535 1.03884875202
4245 1.06987317966 1.05043256187
4250 1.02714236083 1.00847820284
4255 1.07001641816 1.05057319759
4260 1.02399269739 1.00538577179
4265 1.10314587133 1.08310065695
4270 1.00591094784 0.987632584911
4275 1.01949405878 1.00096887774
4280 1.05356118092 1.03441696773
4285 1.02606996909 1.00742529748
4290 0.950705293572 0.933430070118
4295 0.988853218549 0.970884810853
4300 0.835631284937 0.820447066158
4305 0.855771275606 0.840221093955
4310 0.830013762111 0.814931619089
4315 1.01766851905 0.999176509817
4320 1.09269392722 1.07283863464
4325 0.942037764975 0.924920038797
4330 1.06735530381 1.04796043823
4335 1.01037851456 0.992018971671
4340 0.709230007475 0.696342620667
4345 0.960975604824 0.943513760004
4350 1.02877850723 1.0100846189
4355 1.05804641094 1.03882069684
4360 1.09550320701 1.07559686714
4365 1.12126133597 1.10088694628
4370 1.0901862264 1.07037650114
4375 1.0537025355 1.03455575376
4380 1.09496091323 1.07506442735
4385 0.98095409501 0.963129221936
4390 1.07549651323 1.05595371409
4395 1.08116764869 1.0615217996
4400 1.08122223413 1.06157539318
4405 1.05934268644 1.04009341777
4410 1.12431547483 1.10388558853
4415 1.08788231072 1.06811444981
4420 1.14879705931 1.12792231922
4425 1.13093393452 1.11038378447
4430 1.13599280124 1.11535072675
4435 1.09774500932 1.07779793376
4440 1.15088739319 1.12997466974
4445 1.11932282625 1.09898366114
4450 1.13882006218 1.11812661367
4455 1.0743547927 1.05483273971
4460 1.09224034538 1.07239329482
4465 1.12805892681 1.1075610184
4470 1.11876448055 1.09843546111
4475 1.16740686107 1.1461939631
4480 1.12499958553 1.10455726828
4485 1.15466400992 1.13368266174
4490 1.13471965648 1.11410071625
4495 1.15253553852 1.13159286669
4500 1.17130023501 1.15001659072
4505 1.20136235057 1.17953244892
4510 1.19440369654 1.17270024028
4515 1.17341200104 1.15208998395
4520 1.16941430776 1.14816493257
4525 1.13600414811 1.11536186744
4530 1.10420502038 1.08414056024
4535 1.10529042573 1.08520624274
4540 1.18195829733 1.16048098586
4545 1.16023454335 1.13915197325
4550 1.11212369112 1.09191534117
4555 1.12575334216 1.10529732843
4560 1.18271782543 1.16122671261
4565 1.16171601695 1.14060652706
4570 1.16667991486 1.14548022621
4575 1.17952230968 1.15808926244
4580 1.14835636817 1.12748963586
4585 1.13549578292 1.11486273973
4590 1.15334285292 1.13238551142
4595 1.15562463099 1.1346258274
4600 1.14968397205 1.12879311592
4605 1.15617834117 1.13516947614
4610 1.16892017101 1.14767977476
4615 1.15760746823 1.1365726346
4620 1.15664330263 1.13562598881
4625 1.16050890906 1.13942135347
4630 1.14964792092 1.12875771986
4635 1.14979352882 1.12890068193
4640 1.15377372744 1.13280855654
4645 1.13823109162 1.11754834526
4650 1.134299481 1.11368817576
4655 1.12587486382 1.10541664193
4660 1.16472394742 1.14355980056
4665 1.12638111751 1.10591369651
4670 1.11240389006 1.09219044863
4675 1.14892954656 1.12805239905
4680 1.12664906082 1.10617677102
4685 1.14416972466 1.12337906767
4690 1.13553980259 1.11490595952
4695 1.15025050244 1.1293493519
4700 1.11636958826 1.09608408631
4705 1.10136411699 1.08135127878
4710 1.10974681887 1.08958165896
4715 1.12651749847 1.10604759929
4720 1.14879683299 1.12792209701
4725 1.1477921324 1.12693565279
4730 1.11629320097 1.09600908704
4735 1.12100701245 1.10063724407
4740 1.13700348674 1.11634304713
4745 1.14164849122 1.12090364745
4750 1.14619268626 1.12536527012
4755 1.11903623111 1.09870227371
4760 1.13495358899 1.11433039798
4765 1.11422596289 1.09397941266
4770 1.14042967193 1.11970697527
4775 1.15618440863 1.13517543335
4780 1.14635761666 1.12552720358
4785 1.12996271203 1.10943021002
4790 1.13097320183 1.11042233826
4795 1.15550848255 1.13451178949
4800 1.13841809583 1.11773195143
4805 1.13607480057 1.11543123608
4810 1.13669647033 1.11604160951
4815 1.15559546013 1.1345971866
4820 1.1497317813 1.12884005642
4825 1.12537463084 1.10492549865
4830 1.13100402816 1.11045260445
4835 1.13266362252 1.11208204239
4840 1.11094718736 1.0907602156
4845 1.11585954642 1.09558331241
4850 1.09494164175 1.07504550605
4855 1.02569826264 1.00706034529
4860 0.77153607302 0.757516525476
4865 0.927183185867 0.910335381583
4870 1.03299952983 1.01422894148
4875 1.07486134962 1.05533009201
4880 1.09579854888 1.07588684236
4885 1.09793229862 1.07798181983
4890 1.05578628446 1.03660163901
4895 1.12408967787 1.10366389451
4900 1.12309850867 1.1026907358
4905 1.11614440865 1.09586299842
4910 1.09799966826 1.0780479653
4915 1.12318970669 1.10278027667
4920 1.03972378368 1.02083100922
4925 1.08854023752 1.06876042146
4930 1.12408456902 1.1036588785
4935 1.08209817276 1.06243541517
4940 1.08369345483 1.06400170944
4945 1.12064723895 1.10028400799
4950 1.1222383616 1.10184621842
4955 1.08601072192 1.06627686957
4960 1.08872935327 1.06894610079
4965 1.1078224286 1.0876922367
4970 1.10133724112 1.08132489127
4975 1.11044502572 1.09026717872
4980 1.07173460166 1.05226016005
4985 1.04333316416 1.0243748038
4990 1.08102866283 1.06138533925
4995 1.09079528191 1.07097448953
5000 1.07567194609 1.05612595917
5005 1.04268615331 1.02373954976
5010 1.0738640478 1.05435091212
5015 1.03655008714 1.01771498177
5020 1.05155214802 1.03244444088
5025 1.07519794036 1.05566056658
5030 1.07688196254 1.05731398847
5035 1.06993905411 1.05049723932
5040 1.02555375213 1.00691846068
5045 1.08077788397 1.06113911729
5050 1.05126742696 1.03216489346
5055 1.08714830793 1.06739378455
5060 1.09318558397 1.07332135752
5065 1.06618057788 1.04680705819
5070 1.07184183651 1.05236544634
5075 1.06651335655 1.04713378995
5080 1.01843764262 0.999931657676
5085 1.06496124629 1.04560988302
5090 1.08271062325 1.06303673684
5095 1.07802361376 1.05843489479
5100 1.04540304047 1.02640706848
5105 1.06083311915 1.04155676789
5110 1.04469845569 1.02571528668
5115 1.08153386119 1.06188135767
5120 1.08364083321 1.063950044
5125 1.03669346798 1.01785575724
5130 1.04898309423 1.02992206925
5135 1.05043856698 1.03135109467
5140 1.01008590584 0.991731679929
5145 1.04470796191 1.02572462017
5150 1.04309585682 1.02414180856
5155 1.05512715494 1.0359544865
5160 1.06865345581 1.04923500156
5165 0.998585543614 0.980440290274
5170 0.914094787779 0.897484812192
5175 0.994656147207 0.976582294754
5180 1.0401777342 1.02127671102
5185 0.925781615172 0.908959278766
5190 1.01188806046 0.993501087684
5195 1.00487584554 0.986616291403
5200 1.03366237416 1.0148797413
5205 0.991485229967 0.97346899611
5210 1.00955231728 0.991207787188
5215 1.01291491245 0.994509280787
5220 1.03980098916 1.0209068118
5225 0.995156325537 0.977073384366
5230 1.00137570809 0.983179754794
5235 1.00754515519 0.989237097147
5240 1.04576214711 1.02675964982
5245 1.04923409846 1.03016851249
5250 1.0382862567 1.01941960348
5255 1.03954032112 1.02065088034
5260 1.04494664665 1.02595896777
5265 0.963982402465 0.946465921258
5270 0.952536882918 0.935228377736
5275 1.00721410524 0.98891206269
5280 1.03297165278 1.01420157098
5285 1.02748813721 1.00881769613
5290 1.05751716643 1.0383010692
5295 1.04420894528 1.02523467114
5300 1.02434014688 1.00572690779
5305 1.0462818619 1.02726992089
5310 1.0505639831 1.03147423186
5315 1.03312796389 1.01435504178
5320 1.03626330528 1.01743341102
5325 0.995655576273 0.977563563239
5330 0.987435408718 0.969492763982
5335 1.03026521789 1.0115443146
5340 0.99864493134 0.980498598869
5345 1.01925921423 1.00073830054
5350 1.01719004347 0.998706728591
5355 1.03939812677 1.02051126981
5360 1.0447670859 1.02578266982
5365 1.0007485318 0.982563974896
5370 0.986296520297 0.968374570251
5375 1.03487330667 1.01606867001
5380 1.02632333363 1.00767405814
5385 1.03131464086 1.01257466856
5390 0.977392912737 0.959632749747
5395 1.01456326408 0.996127680293
5400 1.01015433296 0.991798863661
5405 0.981712251564 0.963873602061
5410 1.00004590296 0.9818741135
5415 1.01544655099 0.996994917034
5420 1.02395680209 1.00535052875
5425 1.00640553371 0.988118183683
5430 0.993988934148 0.975927205593
5435 1.0030808379 0.984853900772
5440 1.03816503039 1.01930057996
5445 1.00054284371 0.982362024359
5450 1.02333901114 1.00474396364
5455 0.997477306799 0.979352191181
5460 1.0249343576 1.00631032114
5465 1.01349466923 0.995078502832
5470 1.03012037651 1.01140210513
5475 0.993574750823 0.975520548375
5480 1.00843107865 0.990106922529
5485 1.02072325491 1.0021757382
5490 1.01896018592 1.00044470586
5495 1.02076433733 1.00221607412
5500 1.01273511475 0.994332750186
5505 1.00490096825 0.986640957609
5510 1.0090688893 0.990733143557
5515 1.00860100118 0.990273757405
5520 1.02199659449 1.00342593999
5525 1.00314085342 0.98491282575
5530 0.987118603899 0.969181715809
5535 1.00192550404 0.983719560424
5540 1.01515936573 0.996712950206
5545 1.00878355801 0.99045299701
5550 1.01850724977 1.0
5555 1.01004127947 0.991687864466
5560 1.00823902147 0.989918355214
5565 0.997533935688 0.979407791069
5570 0.986359616629 0.968436520062
5575 0.985375113041 0.967469905845
5580 0.998936120648 0.980784496989
5585 0.980779257548 0.962957561437
5590 0.962866798047 0.945370588439
5595 0.974140760043 0.956439691775
5600 0.965001963302 0.947466955701
5605 0.984628748395 0.966737103358
5610 1.00674702435 0.988453469106
5615 0.967876121771 0.950288887964
5620 0.991037651948 0.97302955101
5625 0.978723819134 0.960939472303
5630 0.996805556424 0.978692647152
5635 0.980820104724 0.962997666381
5640 0.977365826717 0.959606155906
5645 0.98527065689 0.967367347762
5650 0.985796413 0.967883550382
5655 0.967775701783 0.950190292703
5660 0.955042077526 0.937688050564
5665 0.97372913388 0.956035545252
5670 0.978306659092 0.960529892457
5675 0.975461438931 0.957736372665
5680 0.969905223495 0.952281118972
5685 0.958527943379 0.941110574905
5690 0.959666356576 0.942228302047
5695 0.971385608425 0.953734603894
5700 0.965846025262 0.948295680249
5705 0.957543685455 0.940144201888
5710 0.927703116642 0.910845864719
5715 0.960627697048 0.943172174044
5720 0.964685211586 0.947155959667
5725 0.972042432853 0.954379493194
5730 0.968133641611 0.950541728423
5735 0.966595626919 0.949031660928
5740 0.965740438334 0.948192011936
5745 0.961572805857 0.944100109323
5750 0.958990026264 0.941564261302
5755 0.949852670526 0.932592940048
5760 0.958830533817 0.941407666985
5765 0.954692544213 0.937344868606
5770 0.957929342091 0.940522850774
5775 0.95524792693 0.937890159488
5780 0.953576400552 0.936249006341
5785 0.949329232354 0.932079013248
5790 0.956366396948 0.938988305838
5795 0.956887046614 0.939499494802
5800 0.966592131047 0.949028228578
5805 0.957922777057 0.940516405034
5810 0.96545174614 0.947908565555
5815 0.959527619335 0.942092085794
5820 0.970895393638 0.953253296777
5825 0.969790084306 0.952168071972
5830 0.968689474178 0.951087460981
5835 0.968296450529 0.950701578948
5840 0.970804413297 0.953163969636
5845 0.967223847005 0.949648465654
5850 0.965565378376 0.948020132985
5855 0.95025033356 0.932983377165
5860 0.948547649386 0.931311632389
5865 0.961862367265 0.944384409123
5870 0.96107172344 0.943608132052
5875 0.961244834207 0.943778097231
5880 0.95459216921 0.937246317513
5885 0.94408592572 0.926930982504
5890 0.865021377518 0.849303112678
5895 0.887996429441 0.871860685959
5900 0.931257335922 0.914335500438
5905 0.949805594282 0.932546719224
5910 0.942764401472 0.925633471615
5915 0.93241400847 0.915471155142
5920 0.94110799882 0.924007167381
5925 0.940970076866 0.923871751601
5930 0.936137764519 0.919127246986
5935 0.943643024105 0.926496128835
5940 0.930684107946 0.913772688563
5945 0.926490529314 0.909655311261
5950 0.921912243408 0.905160217184
5955 0.931349864768 0.914426347948
5960 0.935393684036 0.918396687155
5965 0.932300473644 0.915359683351
5970 0.929223224817 0.912338351076
5975 0.920533056755 0.903806091669
5980 0.926422535839 0.909588553292
5985 0.906736729707 0.890260457065
5990 0.920515424249 0.903788779563
5995 0.923834974069 0.907048009991
6000 0.915880916998 0.899238485737
6005 0.914728631816 0.898107138677
6010 0.912152440049 0.895577758776
6015 0.903909508453 0.887484609122
6020 0.899509227615 0.883164285591
6025 0.891660776728 0.875458448554
6030 0.911384647694 0.894823917941
6035 0.913178641621 0.896585313285
6040 0.90323876819 0.88682605685
6045 0.89918359343 0.88284456849
6050 0.906289329205 0.889821186257
6055 0.901143510359 0.884768871856
6060 0.895038027091 0.878774331052
6065 0.879707919129 0.863722785798
6070 0.897448073765 0.881140584875
6075 0.894013277871 0.877768202504
6080 0.888964465964 0.872811132333
6085 0.88655661704 0.870447036324
6090 0.893306706014 0.877074469733
6095 0.891366681828 0.87516969764
6100 0.886289284284 0.87018456126
6105 0.876003171296 0.860085356771
6110 0.892878696141 0.876654237208
6115 0.888523356475 0.872378038224
6120 0.876434901014 0.860509241548
6125 0.882363386228 0.866330000522
6130 0.886703459559 0.870591210574
6135 0.869406249167 0.853608307021
6140 0.862056512975 0.846392122557
6145 0.874580177252 0.858688219889
6150 0.875595599658 0.8596851911
6155 0.872845593381 0.856985155065
6160 0.855539808357 0.839993832687
6165 0.861720533805 0.846062248449
6170 0.851524209055 0.836051200661
6175 0.870739067093 0.854916906372
6180 0.870778621281 0.854955741822
6185 0.885053313662 0.868971049404
6190 0.871055054045 0.855227151539
6195 0.873162005314 0.85729581749
6200 0.863986556247 0.848287095098
6205 0.87087232052 0.855047738457
6210 0.872758037999 0.856899190648
6215 0.859660425921 0.844039574694
6220 0.857414135323 0.841834101342
6225 0.86451946203 0.848810317474
6230 0.842729316445 0.827416119652
6235 0.855804288833 0.840253507301
6240 0.845807746006 0.830438611207
6245 0.841682396545 0.826388223286
6250 0.848517044964 0.833098679615
6255 0.832427358386 0.817301358013
6260 0.845080522286 0.829724601837
6265 0.83863454122 0.823395750405
6270 0.853327562762 0.837821785708
6275 0.833508524659 0.818362878462
6280 0.814024124163 0.799232528138
6285 0.842750074086 0.827436500107
6290 0.837055686917 0.821845585393
6295 0.829651528447 0.814575967556
6300 0.823065662647 0.80810977323
6305 0.834860643635 0.819690428144
6310 0.83959443571 0.824338202695
6315 0.825724895154 0.810720684941
6320 0.836640750644 0.821438188909
6325 0.845887699093 0.83051711147
6330 0.834729216568 0.819561389233
6335 0.830002893362 0.814920947835
6340 0.837024040372 0.821814513896
6345 0.832726970127 0.817595525523
6350 0.84605987808 0.8306861618
6355 0.83853091196 0.823294004187
6360 0.833946362219 0.818792760095
6365 0.847058670199 0.831666804913
6370 0.848829967441 0.833405915991
6375 0.844705251799 0.829356150373
6380 0.843710642268 0.828379613847
6385 0.847033118615 0.831641717625
6390 0.843455978185 0.828129577254
6395 0.830947327101 0.81584822031
6400 0.821813313458 0.806880180421
6405 0.845143703218 0.82978663471
6410 0.831145197253 0.816042494973
6415 0.836369107933 0.821171482206
6420 0.820490189294 0.805581098688
6425 0.845330803347 0.829970335052
6430 0.831748955154 0.816635282016
6435 0.836780347021 0.821575248686
6440 0.825768049115 0.810763054754
6445 0.843970899188 0.828635141651
6450 0.825172666162 0.810178490478
6455 0.828732117367 0.813673263053
6460 0.818742537343 0.803865203243
6465 0.820368740955 0.805461857181
6470 0.816213150299 0.801381777577
6475 0.811669562724 0.796920751329
6480 0.823035640204 0.808080296323
6485 0.814525240353 0.799724538568
6490 0.817675227329 0.802817287271
6495 0.771989001892 0.757961224197
6500 0.817227910807 0.802378098917
6505 0.828123934501 0.813076131452
6510 0.828157678874 0.813109262657
6515 0.798834280255 0.784318698206
6520 0.809974853095 0.795256836194
6525 0.823054346094 0.808098662309
6530 0.818483396818 0.803610771548
6535 0.81334812485 0.798568812378
6540 0.818773916811 0.803896012516
6545 0.791338938894 0.776959554358
6550 0.786393933014 0.772104403959
6555 0.756730792073 0.742980270628
6560 0.62885213697 0.617425292858
6565 0.594992788867 0.584181201459
6570 0.749924312501 0.736297471292
6575 0.779651127234 0.765484121402
6580 0.795070452117 0.780623262421
6585 0.801395158123 0.786833042476
6590 0.803522885751 0.78892210726
6595 0.799037552362 0.784518276664
6600 0.816012587574 0.801184859269
6605 0.805543685084 0.790906186738
6610 0.806850634212 0.792189387353
6615 0.809545721115 0.794835501952
6620 0.812252928067 0.797493516367
6625 0.809168065736 0.794464708931
6630 0.812098838751 0.797342227001
6635 0.797238569444 0.782751982984
6640 0.803390690501 0.788792314124
6645 0.790397820166 0.776035536656
6650 0.804624054994 0.790003267206
6655 0.803679209755 0.789075590708
6660 0.792149120465 0.777755014155
6665 0.792988976527 0.778579609231
6670 0.794095662723 0.779666185881
6675 0.794211072318 0.779779498374
6680 0.791977772413 0.777586779661
6685 0.797778549368 0.783282150957
6690 0.790884471715 0.776513345281
6695 0.790632255847 0.776265712417
6700 0.783846295078 0.769603059038
6705 0.782089700785 0.767878383742
6710 0.777236464898 0.763113335787
6715 0.784111256265 0.769863205627
6720 0.775760842501 0.761664526859
6725 0.784030530766 0.769783946988
6730 0.782132538749 0.767920443299
6735 0.772857941274 0.758814374121
6740 0.768773747918 0.75480439446
6745 0.770146235152 0.756151942289
6750 0.762648962153 0.748790901903
6755 0.771564254102 0.757544194481
6760 0.77308903531 0.759041268957
6765 0.77510595219 0.761021536531
6770 0.770326224889 0.756328661441
6775 0.775301173218 0.761213210206
6780 0.775973341446 0.761873164495
6785 0.771176231277 0.757163222401
6790 0.774497410293 0.760424052421
6795 0.768758783065 0.754789701532
6800 0.768273168566 0.754312911112
6805 0.763430074776 0.749557820963
6810 0.759914461158 0.746106089404
6815 0.761875305839 0.748031303664
6820 0.755736173409 0.742003725135
6825 0.756007929713 0.742270543367
6830 0.75331143221 0.7396230438
6835 0.753933227901 0.740233540869
6840 0.744870118413 0.73133511674
6845 0.749569429812 0.735949037161
6850 0.750898601814 0.737254056838
6855 0.73781371443 0.724406934358
6860 0.741480943036 0.728007525917
6865 0.746751625787 0.733182435327
6870 0.743561158734 0.730049942109
6875 0.743574280863 0.730062825796
6880 0.739919958028 0.726474905498
6885 0.744387631903 0.730861397471
6890 0.754366638301 0.740659075789
6895 0.7475206281 0.733937464133
6900 0.73847290585 0.72505414764
6905 0.731583560571 0.718289988347
6910 0.73909643148 0.725666343214
6915 0.727657635248 0.714435400838
6920 0.733553684488 0.72022431323
6925 0.730326529649 0.717055798878
6930 0.729908613868 0.716645477026
6935 0.73523277291 0.721872891011
6940 0.731231648841 0.717944471189
6945 0.730271452752 0.717001722781
6950 0.729133408623 0.715884358001
6955 0.729216863403 0.715966296328
6960 0.729884411484 0.716621714422
6965 0.722896553078 0.709760832079
6970 0.719364038899 0.706292507057
6975 0.716340865109 0.703324267224
6980 0.714057565363 0.701082457215
6985 0.728352394437 0.715117535588
6990 0.72879765603 0.715554706353
6995 0.728074843121 0.714845027645
7000 0.727290852326 0.714075282712
7005 0.714591271053 0.701606464964
7010 0.727292497037 0.714076897537
7015 0.720368388362 0.707278606531
7020 0.723076917526 0.709937919133
7025 0.722557143645 0.70942759004
7030 0.728856630618 0.715612609316
7035 0.718751260078 0.705690863014
7040 0.72144787849 0.708338481293
7045 0.72781839837 0.71459324274
7050 0.726678167096 0.713473730558
7055 0.724378709583 0.711216056385
7060 0.710850017158 0.697933193226
7065 0.706915587657 0.694070256068
7070 0.713314043141 0.700352445503
7075 0.713280395067 0.700319408846
7080 0.712247161594 0.699304950213
7085 0.711591644184 0.69866134418
7090 0.708738954421 0.695860490516
7095 0.714577749441 0.701593189052
7100 0.711402789973 0.698475921631
7105 0.714503509941 0.701520298554
7110 0.7120551296 0.699116407623
7115 0.710932441691 0.698014120027
7120 0.707310933917 0.694458418509
7125 0.710507408407 0.697596810003
7130 0.704301581266 0.69150374867
7135 0.710363303686 0.697455323803
7140 0.707247072901 0.694395717908
7145 0.701177171692 0.688436112603
7150 0.695649327449 0.683008714571
7155 0.703204965742 0.690427059698
7160 0.698712264206 0.686015994841
7165 0.688703444685 0.676189045133
7170 0.701864476287 0.689110928217
7175 0.701687247206 0.688936919558
7180 0.71222337889 0.699281599664
7185 0.688719097218 0.676204413244
7190 0.689401640011 0.676874553583
7195 0.686084885193 0.673618067368
7200 0.681873879894 0.669483580059
7205 0.680370360562 0.66800738111
7210 0.684857413491 0.6724129
7215 0.687223368071 0.674735862925
7220 0.688432817497 0.675923335499
7225 0.687366290789 0.6748761886
7230 0.689828853558 0.677294004252
7235 0.685296533699 0.672844040974
7240 0.679318077905 0.666974219433
7245 0.681758968535 0.669370756749
7250 0.675286051885 0.663015459179
7255 0.677736604994 0.665421483396
7260 0.674850039063 0.662587369126
7265 0.671418927705 0.659218604339
7270 0.671239073304 0.659042018064
7275 0.670186702812 0.65800877015
7280 0.677492644591 0.665181955987
7285 0.664254219276 0.652184085507
7290 0.653386973173 0.641514307648
7295 0.664597387416 0.652521017955
7300 0.662305180359 0.650270462489
7305 0.647103798221 0.635345303987
7310 0.653506856297 0.641632012381
7315 0.664737462766 0.652658548001
7320 0.663917335762 0.651853323489
7325 0.654544472353 0.642650773962
7330 0.660690887329 0.648685502706
7335 0.664433554504 0.652360162043
7340 0.663451267095 0.651395723735
7345 0.66726428672 0.655139457151
7350 0.662282859532 0.650248547253
7355 0.66206129584 0.650031009585
7360 0.662861210689 0.650816389217
7365 0.658689360674 0.646720345703
7370 0.658926460625 0.646953137321
7375 0.659679324258 0.647692320703
7380 0.660427435846 0.648426838388
7385 0.651638647782 0.639797751
7390 0.646733950286 0.634982176543
7395 0.653773817858 0.641894122996
7400 0.659626888592 0.647640837842
