Wave Flux FluxNorm
3600 0.707822529934 0.728970042634
3605 0.679998102636 0.700314308892
3610 0.676223475695 0.696426907961
3615 0.682572858757 0.702965990635
3620 0.683097587113 0.703506396225
3625 0.711787927959 0.73305391429
3630 0.693833731034 0.714563302385
3635 0.704675223453 0.725728704526
3640 0.710102305263 0.731317930485
3645 0.694825122202 0.715584313206
3650 0.704680035885 0.725733660739
3655 0.735618252054 0.757596213576
3660 0.732830477172 0.754725148742
3665 0.735643540576 0.75762225764
3670 0.738001338689 0.76005049935
3675 0.733312202452 0.755221266459
3680 0.714906637335 0.7362658009
3685 0.717757584957 0.739201925878
3690 0.745507249634 0.767780663325
3695 0.760884073612 0.783616898479
3700 0.79642651083 0.82022123202
3705 0.727443808218 0.749177543048
3710 0.756296375294 0.778892134153
3715 0.8679204263 0.893851160999
3720 0.803474136526 0.827479418624
3725 0.888355474547 0.914896744265
3730 0.979399082216 1.00866044881
3735 0.700184741621 0.721104061209
3740 1.08619762843 1.11864979995
3745 1.02474573105 1.05536191299
3750 0.702179131926 0.723158037629
3755 1.06551343959 1.09734763255
3760 1.23683421986 1.27378693931
3765 1.14597806955 1.18021629277
3770 0.746294209979 0.768591135572
3775 1.0645879801 1.09639452323
3780 1.51386020816 1.55908959353
3785 1.5862438233 1.6336358036
3790 1.37214687348 1.41314230978
3795 0.912091254106 0.939341674323
3800 0.831509943436 0.856352847335
3805 1.34527210755 1.38546461029
3810 1.67843551819 1.72858189661
3815 1.70797544794 1.75900438662
3820 1.74731230522 1.79951650557
3825 1.48575027899 1.53013982802
3830 1.11748146952 1.15086830388
3835 0.691155584141 0.71180514088
3840 1.02684179062 1.05752059624
3845 1.51196164267 1.55713430487
3850 1.78320081672 1.83647725301
3855 1.90000334567 1.95676947444
3860 1.95369192947 2.0120621044
3865 2.01051021332 2.07057794001
3870 1.97318865376 2.03214132954
3875 1.76629035777 1.81906156268
3880 1.46971486372 1.51362532493
3885 1.02185929199 1.0523892362
3890 0.73448672492 0.756430879967
3895 1.18376383742 1.21913098064
3900 1.50683665891 1.5518562027
3905 1.73739557666 1.78930349632
3910 1.98837562202 2.04778203668
3915 1.98557710309 2.0448999068
3920 2.03770274872 2.09858290291
3925 2.05796755388 2.11945315675
3930 1.62035469281 1.66876579869
3935 1.22508354061 1.2616851867
3940 1.91977796031 1.97713489242
3945 1.95064283008 2.0089219075
3950 1.8735311613 1.9295063844
3955 1.74310543633 1.79518394866
3960 1.48525802929 1.52963287144
3965 1.00499442769 1.03502050276
3970 0.584904574933 0.602379685435
3975 1.0643473257 1.09614667883
3980 1.48342683398 1.52774696577
3985 1.72835729052 1.7799951746
3990 1.92014657587 1.97751452105
3995 2.0073764168 2.06735051549
4000 2.04375765699 2.10481871281
4005 2.03679131715 2.09764424062
4010 2.12546452469 2.18896672493
4015 2.1154963795 2.17870076289
4020 2.16677608375 2.23151254355
4025 2.10083810697 2.16360454724
4030 2.05669029583 2.11813773825
4035 2.09560790436 2.15821808261
4040 2.15921135381 2.22372180325
4045 2.06668874827 2.12843491302
4050 2.09949916577 2.16222560269
4055 2.03770265614 2.09858280756
4060 2.05066846936 2.11193599853
4065 1.98225939388 2.04148307487
4070 1.96343337451 2.0220945932
4075 1.87938488623 1.93553500023
4080 1.81861223874 1.87294665702
4085 1.72188780597 1.77333240218
4090 1.55569672585 1.60217605489
4095 1.234671511 1.27155961551
4100 0.773859662308 0.796980156986
4105 0.891321281365 0.91795116007
4110 1.30114488006 1.34001899993
4115 1.58522016723 1.63258156391
4120 1.71661181139 1.76789877747
4125 1.79831787074 1.8520459571
4130 1.79366046571 1.84724940343
4135 1.89643967347 1.95309933092
4140 1.98257916534 2.04181240009
4145 1.93291733437 1.99066682969
4150 1.96390793503 2.02258333209
4155 1.92456131696 1.98206116074
4160 1.94688157386 2.00504827677
4165 1.96016002955 2.01872345098
4170 1.90961425341 1.9666675259
4175 1.83244744339 1.88719521412
4180 1.86463010893 1.92033939655
4185 1.89939101774 1.95613885208
4190 1.93039591973 1.9880700831
4195 1.94361671332 2.00168587245
4200 1.86950665538 1.92536163889
4205 1.91486370203 1.97207381154
4210 1.94551156549 2.00363733685
4215 1.91259842965 1.96974085995
4220 1.92408705345 1.98157272772
4225 1.8336933864 1.88847838198
4230 1.889122079 1.94556310973
4235 1.85213930694 1.90747540866
4240 1.89645130482 1.95311130978
4245 1.87417780309 1.93017234581
4250 1.83946452104 1.89442193999
4255 1.88755987913 1.94395423623
4260 1.85601970391 1.91147173969
4265 1.91812743241 1.97543505194
4270 1.83327902403 1.88805163977
4275 1.82762281829 1.88222644437
4280 1.87953519754 1.93568980237
4285 1.83179006652 1.88651819689
4290 1.75306644452 1.80544256047
4295 1.76869793266 1.82154106834
4300 1.65871434175 1.70827151339
4305 1.68624001397 1.73661956619
4310 1.69012028341 1.74061576589
4315 1.60440445089 1.65233901367
4320 1.59192661067 1.6394883748
4325 1.45835342721 1.50192444441
4330 1.31567929128 1.35498765368
4335 1.02864573105 1.05937843273
4340 0.665268680509 0.685144817923
4345 0.944239049178 0.972449944479
4350 1.22847648812 1.26517950482
4355 1.4414798532 1.48454674103
4360 1.59542543577 1.6430917338
4365 1.67179621992 1.72174423697
4370 1.67428472869 1.72430709456
4375 1.68705640452 1.73746034792
4380 1.74509762329 1.79723565591
4385 1.64106153339 1.6900912946
4390 1.71521035162 1.76645544648
4395 1.67837084669 1.72851529292
4400 1.68730284963 1.73771415604
4405 1.71684016163 1.7681339501
4410 1.73271653606 1.78448466069
4415 1.65362391091 1.70302899647
4420 1.70113219705 1.7519566809
4425 1.73894564364 1.79089987444
4430 1.73423865724 1.78605225808
4435 1.71059076904 1.76169784529
4440 1.71465679919 1.76588535565
4445 1.66351363395 1.71321419336
4450 1.69544793026 1.74610258608
4455 1.66231220742 1.71197687198
4460 1.67434819035 1.72437245225
4465 1.65372074538 1.70312872406
4470 1.63092233387 1.67964916765
4475 1.6910348291 1.74155763533
4480 1.57203004023 1.61899735737
4485 1.64830337772 1.69754950248
4490 1.63225965805 1.68102644688
4495 1.67119224321 1.72112221533
4500 1.6659251725 1.7156977811
4505 1.6875297993 1.73794788626
4510 1.67534675352 1.72540084936
4515 1.65536308546 1.7048201321
4520 1.61941731693 1.66780041697
4525 1.61345941755 1.66166451428
4530 1.59352614994 1.64113570328
4535 1.59433911364 1.64197295578
4540 1.64340053735 1.69250018064
4545 1.62312811329 1.67162208026
4550 1.53392178658 1.57975054886
4555 1.54060428021 1.5866326944
4560 1.59425551741 1.64188686196
4565 1.5937139799 1.64132914501
4570 1.60349805419 1.65140553669
4575 1.59374169443 1.64135768757
4580 1.56607063915 1.61285990811
4585 1.52958091501 1.57527998569
4590 1.550167643 1.59648178042
4595 1.58565656835 1.63303100332
4600 1.59349738793 1.64110608195
4605 1.59949498025 1.64728286348
4610 1.60217930194 1.65004738426
4615 1.57173224962 1.61869066971
4620 1.54851806854 1.59478292186
4625 1.57446555751 1.62150564025
4630 1.54462293107 1.59077140991
4635 1.53992950565 1.58593775969
4640 1.5668362953 1.61364843966
4645 1.55685461133 1.60336853434
4650 1.55057615525 1.59690249772
4655 1.53760883282 1.58354775246
4660 1.54790690027 1.59415349379
4665 1.51124387617 1.55639509376
4670 1.49961642015 1.5444202459
4675 1.54088643644 1.58692328057
4680 1.66013253833 1.70973208123
4685 1.5716806205 1.61863749807
4690 1.52178835945 1.56725461306
4695 1.66073885371 1.71035651141
4700 1.46953199616 1.51343699387
4705 1.74241916415 1.79447717282
4710 1.77867298161 1.83181414042
4715 1.32188863222 1.36138251021
4720 1.46750835341 1.51135289103
4725 1.44634847892 1.48956082598
4730 1.47257636349 1.51657231732
4735 1.46257608899 1.50627326605
4740 1.6116840748 1.65983612987
4745 1.5729521035 1.61994696899
4750 1.68233451147 1.73259737955
4755 1.46271749611 1.50641889797
4760 1.45389143661 1.49732914355
4765 1.28047861721 1.3187352941
4770 1.409061242 1.45115956361
4775 1.52429959313 1.56984087452
4780 1.35073715223 1.39109293334
4785 1.63863392058 1.68759115235
4790 1.0799720331 1.11223820339
4795 1.60298168979 1.65087374494
4800 1.10877557517 1.14190230478
4805 1.38472070126 1.42609180401
4810 1.72052524638 1.77192913359
4815 0.877869314251 0.904097290455
4820 1.56123488072 1.60787967242
4825 1.72441515814 1.7759352637
4830 1.40088682173 1.44274091735
4835 1.23238018817 1.26919983516
4840 1.37408553073 1.41513888801
4845 1.54771127713 1.59395202606
4850 1.66971549998 1.71960135166
4855 0.961675031968 0.990406859639
4860 0.827585015765 0.85231065516
4865 1.24736412518 1.28463144512
4870 1.7500373958 1.80232301329
4875 1.17458822197 1.20968122662
4880 1.17510331351 1.21021170748
4885 1.12746712695 1.16115230138
4890 1.43649826889 1.47941632264
4895 1.45648870622 1.50000401142
4900 1.17282366874 1.2078639541
4905 1.42865190374 1.47133553276
4910 1.28143396492 1.3197191846
4915 1.19633374624 1.23207643882
4920 1.03763534006 1.06863662302
4925 1.39360318112 1.43523966445
4930 1.37364974859 1.41469008607
4935 1.49783343925 1.54258399513
4940 1.34454739877 1.38471824949
4945 0.742097015218 0.764268541823
4950 1.70530987421 1.75625917392
4955 1.17683693185 1.21199712089
4960 1.7758987232 1.82895699588
4965 1.53727378168 1.58320269104
4970 2.29911090565 2.36780111403
4975 1.80160550109 1.8554318115
4980 1.53047788267 1.57620375192
4985 1.49059125382 1.53512543596
4990 1.43773507063 1.48069007612
4995 1.4673031198 1.51114152569
5000 1.12941031026 1.1631535409
5005 0.934085376929 0.961992912414
5010 0.627090615778 0.645826112602
5015 0.495168540184 0.509962619984
5020 1.16199470501 1.19671145496
5025 1.19480455437 1.23050155951
5030 0.849509024622 0.874889684501
5035 1.65991680201 1.70950989938
5040 1.46534378134 1.50912364835
5045 1.30454821572 1.34352401657
5050 0.889191953482 0.915758214562
5055 1.43897403804 1.48196605999
5060 1.06877544137 1.10070709269
5065 1.1369596699 1.17092845168
5070 1.344001801 1.38415635098
5075 1.26724192423 1.30510313033
5080 1.22804237221 1.26473241889
5085 1.57508796162 1.62214663984
5090 1.14029735753 1.17436585893
5095 1.91320205493 1.97036251966
5100 0.866383127381 0.892267932419
5105 0.65412343439 0.673666586877
5110 1.68805727083 1.73849111697
5115 2.13749613886 2.20135780592
5120 1.51250491467 1.55769380813
5125 0.810615282614 0.834833919714
5130 1.18883232001 1.22435089355
5135 2.00101461099 2.06079863892
5140 1.53047439611 1.5762001612
5145 1.41082993052 1.45298109499
5150 1.66115805863 1.71078824085
5155 0.979496219585 1.00876048834
5160 1.08262169686 1.11496703078
5165 1.2384352478 1.27543580093
5170 0.516016759595 0.53143371867
5175 1.38354098198 1.42487683843
5180 1.305716234 1.34472693156
5185 1.18245279593 1.21778076934
5190 0.80077121054 0.824695737703
5195 0.762222979581 0.78499580675
5200 0.93980598325 0.967884432474
5205 0.589568469109 0.607182922111
5210 0.997476442663 1.02727790397
5215 1.4443822055 1.4875358065
5220 1.1680761995 1.20297464539
5225 0.959742753698 0.988416850966
5230 1.00433198268 1.03433826598
5235 0.744810367472 0.767062960514
5240 1.53993967372 1.58594823155
5245 1.26342469689 1.30117185623
5250 1.62821536399 1.67686132203
5255 1.05822153111 1.08983786476
5260 1.17124902348 1.20624226338
5265 1.28909796832 1.32761216433
5270 0.916827993845 0.944219932958
5275 1.11837322268 1.15178669983
5280 1.1527495756 1.18719011014
5285 1.21698759751 1.25334736226
5290 1.41186707892 1.45404923012
5295 0.969044447462 0.997996450107
5300 0.905218199229 0.932263274166
5305 1.13614703831 1.17009154121
5310 1.34897638367 1.38927955854
5315 1.01533245504 1.04566739788
5320 1.42980987834 1.472528104
5325 1.67878064739 1.72893733718
5330 1.42074079082 1.46318806065
5335 1.13530850552 1.16922795569
5340 1.10685749005 1.1399269133
5345 0.576160257764 0.593374115551
5350 1.1174573779 1.15084349249
5355 1.2225849395 1.25911193523
5360 1.22645436121 1.26309696311
5365 1.5229177596 1.56841775614
5370 1.16898087637 1.20390635117
5375 1.13168396453 1.16549512481
5380 1.13021028664 1.16397741806
5385 1.22528480481 1.26189246404
5390 1.10545113685 1.13847854269
5395 1.12663326734 1.16029352866
5400 0.269694397224 0.277752018237
5405 0.928548006849 0.956290103118
5410 0.799887139733 0.823785253639
5415 0.598089609496 0.615958647394
5420 0.897845399214 0.924670198058
5425 0.960172000218 0.988858922024
5430 1.00564595838 1.03569149914
5435 0.941091311792 0.969208162593
5440 1.10957891237 1.14272964317
5445 1.2700990097 1.30804557653
5450 0.882821328192 0.90919725501
5455 1.09582405984 1.12856383887
5460 1.09343777723 1.12610626164
5465 1.24054362244 1.27760716718
5470 0.814545930951 0.83888200347
5475 0.981802070679 1.01113523101
5480 1.35037398252 1.39071891326
5485 1.30240370895 1.34131543867
5490 0.952928840475 0.981399359431
5495 1.17722595101 1.21239776272
5500 1.10452059481 1.13752019897
5505 0.987310347548 1.01680807788
5510 1.07498029913 1.1070973321
5515 1.20135081424 1.23724340105
5520 1.09151897495 1.12413013157
5525 0.898326107217 0.925165268105
5530 1.15612879935 1.19067029447
5535 1.02900887215 1.05975242336
5540 1.20092320506 1.23680301625
5545 0.765069138326 0.787926999774
5550 0.97098987412 1.0
5555 0.981516992456 1.01084163555
5560 1.03131718595 1.06212970232
5565 1.201033297 1.23691639739
5570 1.05769179348 1.08929230023
5575 1.07690883454 1.10908348609
5580 0.925415754874 0.953064269299
5585 0.886977737821 0.913477845096
5590 0.687577565005 0.708120221778
5595 1.06780909974 1.09971187981
5600 1.02811590833 1.05883278058
5605 0.958401355583 0.987035376092
5610 1.04316029409 1.0743266453
5615 0.877131706195 0.903337644989
5620 0.931221667089 0.959043643924
5625 0.865415435787 0.891271329242
5630 0.903398822492 0.93038954017
5635 0.951038480276 0.97945252121
5640 1.0157294365 1.0460762399
5645 1.07418249975 1.10627569698
5650 0.987964658892 1.01748193799
5655 1.09302267715 1.12567875967
5660 0.812701401067 0.83698236483
5665 0.953587491039 0.982077688404
5670 0.97449746498 1.00361238665
5675 0.947277937872 0.975579625618
5680 0.934244985165 0.962157289242
5685 1.08777690885 1.1202762643
5690 0.938512542298 0.966552347571
5695 1.06993466503 1.10190095031
5700 0.849873212813 0.87526475349
5705 0.858602853909 0.884255208827
5710 0.855104862221 0.880652708141
5715 0.886079108957 0.912552368025
5720 0.823385244004 0.847985407418
5725 1.03553240634 1.06647086024
5730 1.03417796761 1.06507595514
5735 0.959453099594 0.988118542908
5740 1.0517666754 1.08319015824
5745 0.909407401729 0.936577636871
5750 0.889640843467 0.91622051597
5755 0.785403668446 0.808869061748
5760 0.776919352474 0.800131261078
5765 0.943970976562 0.972173862696
5770 1.02778119963 1.05848807184
5775 0.80051490008 0.824431769492
5780 0.958170132772 0.98679724507
5785 0.89495175319 0.921690098984
5790 0.91202339869 0.9392717916
5795 0.816424175235 0.840816363791
5800 0.928931362989 0.956684912735
5805 0.784742970093 0.808188623804
5810 0.914837726733 0.942170202921
5815 0.969577664876 0.998545598382
5820 0.892099558265 0.918752689438
5825 1.03266206901 1.06351476625
5830 0.86019301173 0.885892875567
5835 0.965339200718 0.994180502236
5840 0.935968295915 0.963932087102
5845 0.903133118844 0.930115898132
5850 0.890030187429 0.916621492305
5855 0.99133843399 1.02095651089
5860 0.823016492814 0.847605639101
5865 0.834210923312 0.859134524001
5870 0.992732463694 1.02239218982
5875 0.84713023677 0.872439825943
5880 0.819338390217 0.843817646357
5885 0.854440577403 0.87996857658
5890 0.6839656643 0.70440040883
5895 0.816097051162 0.840479466279
5900 0.599749898279 0.617668540388
5905 0.927085855485 0.954784267267
5910 0.855279802085 0.880832874659
5915 0.881793809648 0.908139037441
5920 0.908102127339 0.935233364984
5925 0.840959049527 0.86608426302
5930 0.907209360542 0.934313925121
5935 0.810173513831 0.834378952268
5940 0.835165620424 0.860117744462
5945 0.817412175558 0.841833882458
5950 0.806997825597 0.83110838445
5955 0.954198015791 0.982706453717
5960 0.929196903266 0.956958386521
5965 0.932307718165 0.960162142793
5970 0.775924819736 0.799107014827
5975 0.739237585697 0.761323681534
5980 0.76499657443 0.787852267897
5985 0.834153769042 0.859075662141
5990 0.857728534386 0.883354767384
5995 0.817439722869 0.841862252796
6000 0.884321853174 0.910742610962
6005 0.823319019992 0.84791720484
6010 0.822943173484 0.84753012922
6015 0.815541475164 0.839907291416
6020 0.814616533457 0.838954715357
6025 0.812826173304 0.83711086487
6030 0.817184286285 0.841599184571
6035 0.817287044356 0.841705012729
6040 0.81343695287 0.83773989261
6045 0.807879114027 0.832016003008
6050 0.808235180195 0.832382707315
6055 0.805244095375 0.82930225828
6060 0.806284790607 0.830374046216
6065 0.804323257752 0.828353908923
6070 0.803973470843 0.82799367148
6075 0.80369524159 0.827707129612
6080 0.797829060824 0.8216656858
6085 0.79655942715 0.820358119463
6090 0.796290079619 0.820080724673
6095 0.796555401502 0.820353973541
6100 0.787317479272 0.810840051227
6105 0.787313793882 0.810836255729
6110 0.790816735043 0.814443853763
6115 0.788036587003 0.811580643637
6120 0.783165611057 0.806564138238
6125 0.778112285829 0.801359835533
6130 0.780849896578 0.804179237488
6135 0.77615409162 0.799343136635
6140 0.766193453429 0.789084905878
6145 0.765161153585 0.78802176416
6150 0.76394018537 0.786764317252
6155 0.757928807169 0.780573337962
6160 0.750101648727 0.772512328625
6165 0.757202441495 0.779825270764
6170 0.760466311154 0.783186654591
6175 0.760515097558 0.78323689858
6180 0.762944165214 0.785738539143
6185 0.763508941405 0.786320189072
6190 0.755088915175 0.777648598921
6195 0.756523654044 0.779126203277
6200 0.757538343933 0.780171208911
6205 0.755943526394 0.778528743237
6210 0.752269711624 0.774745166428
6215 0.748042443668 0.77039160099
6220 0.746369592806 0.768668770601
6225 0.747593251848 0.76992898873
6230 0.736988873066 0.759007784437
6235 0.730594229949 0.752422089479
6240 0.726477799353 0.748182672874
6245 0.722027553638 0.743599467803
6250 0.720480325415 0.742006013263
6255 0.725611024403 0.747290001413
6260 0.727804371603 0.749548878934
6265 0.729058180145 0.750840147335
6270 0.725921867905 0.747610131942
6275 0.710932588137 0.732173019602
6280 0.685161091314 0.705631551447
6285 0.713643122991 0.734964536719
6290 0.707422333515 0.728557889603
6295 0.704698324855 0.725752496125
6300 0.702096597172 0.723073036995
6305 0.704846444102 0.72590504071
6310 0.708858933785 0.730037410975
6315 0.703298237887 0.724310578959
6320 0.701882648851 0.722852696571
6325 0.707652398359 0.728794828062
6330 0.707990712838 0.729143250315
6335 0.705929983831 0.727020953201
6340 0.702802245505 0.723799767884
6345 0.687911792101 0.708464434528
6350 0.692782717479 0.713480887849
6355 0.704067266324 0.725102583549
6360 0.70051693138 0.721446175754
6365 0.699348110627 0.720242434311
6370 0.686543063022 0.707054812126
6375 0.693962727293 0.714696152647
6380 0.699108711701 0.719995882897
6385 0.696150311513 0.716949095009
6390 0.696690997521 0.717505935016
6395 0.69242954445 0.71311716312
6400 0.689680755662 0.710286249161
6405 0.690718522577 0.71135502129
6410 0.6877345637 0.7082819111
6415 0.683223546208 0.703636118582
6420 0.681980597521 0.702356034495
6425 0.68818260831 0.708743341874
6430 0.682875613174 0.703277790402
6435 0.678520793599 0.698792862505
6440 0.678861375433 0.699143619853
6445 0.679670757755 0.699977183975
6450 0.677382706238 0.69762077267
6455 0.656421578329 0.676033392134
6460 0.660892507322 0.680637898434
6465 0.669502688855 0.689505325132
6470 0.670585205461 0.690620183932
6475 0.661287381809 0.68104457053
6480 0.664105717263 0.68394710899
6485 0.663190201105 0.683004240087
6490 0.656732058536 0.676353148514
6495 0.641723878291 0.66089657101
6500 0.656478118595 0.676091621646
6505 0.662543083277 0.682337788411
6510 0.659483394313 0.679186685557
6515 0.638863318928 0.657950547123
6520 0.643808504765 0.663043479572
6525 0.643761128854 0.662994688217
6530 0.638119221733 0.657184218642
6535 0.629139248508 0.647935952039
6540 0.614339980026 0.632694527924
6545 0.586273980082 0.603790004106
6550 0.557641043522 0.574301605388
6555 0.503461005486 0.518502838089
6560 0.40830981702 0.420508831145
6565 0.398085730121 0.409979280661
6570 0.49657301097 0.511409051943
6575 0.54889053868 0.565289662961
6580 0.583034466565 0.600453704107
6585 0.598388204044 0.616266163009
6590 0.610289705584 0.628523244011
6595 0.620068752774 0.638594458399
6600 0.62682705524 0.645554677703
6605 0.627827746268 0.646585266234
6610 0.628990544388 0.647782805107
6615 0.630955885528 0.649806864464
6620 0.630129503677 0.64895579292
6625 0.630836029769 0.649683427791
6630 0.629311654928 0.648113509421
6635 0.628724759328 0.647509079225
6640 0.629006100908 0.647798826407
6645 0.626144606323 0.644851839357
6650 0.626608190453 0.645329273924
6655 0.623977653726 0.642620145026
6660 0.621858872962 0.640438061752
6665 0.620692545441 0.63923688803
6670 0.619390341078 0.637895777893
6675 0.615077463062 0.633454044636
6680 0.613411728466 0.631738543125
6685 0.616153203418 0.634561924734
6690 0.614768480603 0.633135830752
6695 0.609375154462 0.627581368976
6700 0.607890217769 0.626052067042
6705 0.606069093811 0.624176533623
6710 0.607046540203 0.625183183041
6715 0.600919517169 0.618873103814
6720 0.596655571241 0.614481764583
6725 0.595976088679 0.613781981217
6730 0.600116603842 0.618046201961
6735 0.59619323786 0.614005618133
6740 0.592802454407 0.610513528727
6745 0.590451038191 0.608091859584
6750 0.589053322498 0.606652384539
6755 0.588755165695 0.606345319748
6760 0.588392962118 0.605972294666
6765 0.590892700111 0.608546716975
6770 0.588429991496 0.606010430365
6775 0.588034582099 0.605603207378
6780 0.588684133831 0.606272165675
6785 0.586066622149 0.60357645097
6790 0.580702685128 0.598052256368
6795 0.577891208003 0.595156781142
6800 0.578675982202 0.595965001929
6805 0.580128717721 0.597461140619
6810 0.580156965657 0.597490232515
6815 0.579594364758 0.596910822868
6820 0.57938799932 0.59669829188
6825 0.575228956475 0.592414989906
6830 0.577385497361 0.594635961456
6835 0.574920942605 0.592097773549
6840 0.57100436868 0.588064184704
6845 0.568671880149 0.585662008746
6850 0.567360530407 0.584311479995
6855 0.567608752293 0.584567117971
6860 0.566110397358 0.583023996899
6865 0.564781572788 0.581655471227
6870 0.546970352003 0.56331210714
6875 0.555951946186 0.572562043132
6880 0.555426436406 0.572020832771
6885 0.559532650587 0.576249727727
6890 0.569589245224 0.586606781807
6895 0.56435967547 0.581220968943
6900 0.55337179936 0.569904809627
6905 0.54663836103 0.562970197321
6910 0.549861382913 0.566289512968
6915 0.551733093349 0.56821714423
6920 0.547008104101 0.563350987153
6925 0.549332007688 0.565744321676
6930 0.547016150915 0.563359274381
6935 0.544743634605 0.561018862425
6940 0.542854968081 0.559073768481
6945 0.541058828379 0.557223965769
6950 0.541877610855 0.558067210892
6955 0.541188957346 0.557357982581
6960 0.540169611393 0.556308181775
6965 0.539791205849 0.555918470662
6970 0.536952122157 0.552994564072
6975 0.53650085832 0.55252981789
6980 0.534589662945 0.550561522003
6985 0.535712913508 0.551718331763
6990 0.532534443177 0.548444898727
6995 0.537260203649 0.553311850071
7000 0.533128247904 0.549056444474
7005 0.528422304888 0.54420990267
7010 0.532381786766 0.548287681423
7015 0.532050595305 0.547946595002
7020 0.530086644985 0.545923968018
7025 0.53160785859 0.547490630705
7030 0.532013943629 0.547908848288
7035 0.526097139488 0.541815268635
7040 0.525086373629 0.540774304269
7045 0.528595965445 0.544388751658
7050 0.530117010355 0.54595524061
7055 0.529688733242 0.545514167923
7060 0.524585065735 0.54025801887
7065 0.525661016162 0.541366115314
7070 0.523665335743 0.539310810237
7075 0.522406088904 0.538013941059
7080 0.522742823037 0.53836073575
7085 0.52081596368 0.536376307891
7090 0.521124735074 0.536694304404
7095 0.519353259364 0.534869902567
7100 0.518835785848 0.534336968569
7105 0.517564140972 0.53302733094
7110 0.509418352525 0.524638171934
7115 0.503791429292 0.518843133919
7120 0.507930940015 0.523106320213
7125 0.512767286705 0.528087161743
7130 0.51259497279 0.52790969963
7135 0.510797606791 0.526058633983
7140 0.51052943439 0.525782449434
7145 0.506207194718 0.521331074824
7150 0.50335505445 0.518393721568
7155 0.505038957721 0.520127934577
7160 0.50253011845 0.517544139074
7165 0.500835502985 0.515798893824
7170 0.508666085137 0.523863429161
7175 0.518511703888 0.534003204058
7180 0.524517065538 0.540187987041
7185 0.504849141677 0.519932447426
7190 0.499889309578 0.514824431131
7195 0.497962841971 0.512840406726
7200 0.499250992466 0.51416704311
7205 0.49500322098 0.509792361561
7210 0.49549554838 0.510299398157
7215 0.494218828171 0.50898453356
7220 0.48807696146 0.502659167174
7225 0.490827435361 0.505491816592
7230 0.492572646094 0.507289168737
7235 0.488488870081 0.503083382331
7240 0.484824255031 0.499309280099
7245 0.484958601741 0.499447640668
7250 0.482710483377 0.497132355592
7255 0.483813220464 0.498268038997
7260 0.487140319266 0.501694541055
7265 0.481826073347 0.49622152217
7270 0.48437500879 0.498846611793
7275 0.482693208224 0.497114564312
7280 0.491914076326 0.506610922974
7285 0.480643072126 0.49500317659
7290 0.47155044996 0.485638895449
7295 0.47245492271 0.486570391002
7300 0.472777065746 0.48690215866
7305 0.467127013671 0.481083300786
7310 0.463503662748 0.477351695524
7315 0.468592631188 0.482592706348
7320 0.468936417217 0.482946763623
7325 0.463248353516 0.477088758455
7330 0.462473301771 0.476290550599
7335 0.464604954263 0.478485890168
7340 0.464490013545 0.478367515383
7345 0.462914500059 0.476744930506
7350 0.466496750233 0.480434207057
7355 0.459164671369 0.472883068719
7360 0.461679238399 0.47547276311
7365 0.458526419132 0.472225747511
7370 0.455605733209 0.469217800671
7375 0.454451226414 0.468028800842
7380 0.458354194481 0.472048377329
7385 0.454370170565 0.467945323299
7390 0.449358543095 0.46278396415
7395 0.452043767858 0.46554941499
7400 0.449424774475 0.462852174316
