Wave Flux FluxNorm
3600 1.98786953853 1.99085612522
3605 1.99112820072 1.99411968325
3610 1.97905930882 1.98203265897
3615 1.97469957384 1.9776663739
3620 1.97779777864 1.98076923346
3625 1.96967069292 1.97262993756
3630 1.97780312358 1.98077458643
3635 1.9660084613 1.96896220378
3640 1.96826152887 1.97121865638
3645 1.98537826542 1.9883611092
3650 1.97637169199 1.97934100425
3655 1.95966251357 1.96260672186
3660 1.96235381614 1.96530206786
3665 1.93680243665 1.93971229983
3670 1.89912667353 1.90197993242
3675 1.8839136333 1.88674403603
3680 1.87463109157 1.87744754816
3685 1.84749455459 1.85027024109
3690 1.80492883389 1.80764056941
3695 1.79633069556 1.79902951318
3700 1.81069309078 1.81341348655
3705 1.82754687744 1.83029259443
3710 1.85054766612 1.85332793963
3715 1.9445785884 1.94750013452
3720 1.85894534745 1.86173823769
3725 1.97911419586 1.98208762847
3730 2.1413237122 2.14454084933
3735 1.79601955775 1.79871790792
3740 2.35103597445 2.35456818449
3745 2.36966398443 2.3732241813
3750 1.79808058796 1.80078203463
3755 2.27449283351 2.27791004469
3760 2.75772968178 2.7618729108
3765 2.46180423515 2.46550286406
3770 1.74062659451 1.74324172197
3775 2.1753538094 2.17862207354
3780 2.73172490283 2.73582906212
3785 2.85113901198 2.85542257971
3790 2.65693755506 2.6609293534
3795 1.98199360447 1.98497136312
3800 1.79683328866 1.79953286138
3805 2.50336137306 2.50712243766
3810 2.84148528301 2.84575434692
3815 2.92338703839 2.92777915198
3820 2.67083098685 2.67484365877
3825 2.79782566418 2.80202913363
3830 2.39529677543 2.39889548315
3835 1.72321104436 1.7258000066
3840 2.19569279008 2.19899161163
3845 2.70735964556 2.71142719834
3850 2.86673109578 2.87103808916
3855 2.87390982081 2.87822759954
3860 2.9309289338 2.93533237838
3865 2.87989437114 2.88422114109
3870 2.81348403814 2.81771103283
3875 2.79632211543 2.80052332595
3880 2.64477448789 2.64874801237
3885 2.10528071753 2.10844370345
3890 1.6514124139 1.65389350546
3895 2.28981046756 2.29325069205
3900 2.72479517646 2.72888892449
3905 2.83969006978 2.84395643656
3910 2.85583249977 2.86012311903
3915 2.8914839051 2.89582808724
3920 2.83036078576 2.83461313617
3925 2.77722010284 2.78139261438
3930 2.88038063994 2.88470814046
3935 2.92096621652 2.92535469306
3940 2.86408622038 2.86838924008
3945 2.8161245949 2.82035555677
3950 2.78505798606 2.78924227328
3955 2.72042462557 2.72451180726
3960 2.57699865163 2.58087034931
3965 2.17809191815 2.18136429604
3970 1.70078238647 1.70333765176
3975 2.0724215655 2.07553518365
3980 2.49704073386 2.5007923023
3985 2.65869425236 2.66268868998
3990 2.69397181845 2.69801925728
3995 2.69052840431 2.69457066974
4000 2.71856284374 2.72264722828
4005 2.69058076279 2.69462310688
4010 2.5918363121 2.59573030197
4015 2.68876490642 2.69280452236
4020 2.69231669107 2.69636164323
4025 2.46068687865 2.46438382885
4030 2.59848913521 2.60239312031
4035 2.69021050357 2.69425229139
4040 2.67440779587 2.6784258416
4045 2.67534306836 2.67936251925
4050 2.67114516743 2.67515831138
4055 2.66392079155 2.66792308155
4060 2.64119426041 2.64516240594
4065 2.64868003683 2.65265942903
4070 2.62947901901 2.63342956349
4075 2.59699263805 2.60089437481
4080 2.57730832716 2.58118049009
4085 2.5329049801 2.53671043119
4090 2.43638183273 2.44004226688
4095 2.16132102673 2.16456820793
4100 1.65463120424 1.65711713173
4105 1.75210960049 1.75474198008
4110 2.23465079002 2.23800814229
4115 2.43195267358 2.43560645334
4120 2.46528424593 2.46898810323
4125 2.51064138406 2.51441338619
4130 2.47436359271 2.47808109088
4135 2.51005217082 2.51382328771
4140 2.46811972769 2.47182784504
4145 2.39485762836 2.39845567631
4150 2.50022347306 2.50397982326
4155 2.50894472633 2.5127141794
4160 2.52759047429 2.53138794083
4165 2.51733712345 2.5211191853
4170 2.51128427781 2.51505724583
4175 2.55948265113 2.56332803267
4180 2.55025212079 2.55408363432
4185 2.50552547918 2.50928979515
4190 2.47869469992 2.48241870517
4195 2.4709262066 2.47463854042
4200 2.47525005169 2.47896888168
4205 2.48066205962 2.48438902064
4210 2.4618989871 2.46559775837
4215 2.45776136928 2.46145392417
4220 2.44705646641 2.45073293819
4225 2.45570827259 2.4593977429
4230 2.46152367259 2.46522187999
4235 2.46197451834 2.46567340309
4240 2.42871368681 2.43236260029
4245 2.4326556852 2.43631052117
4250 2.42910942562 2.43275893367
4255 2.41779921004 2.42143172556
4260 2.41859144103 2.42222514679
4265 2.36932470268 2.37288438981
4270 2.37871746979 2.38229126867
4275 2.40666744996 2.41028324105
4280 2.36872510551 2.3722838918
4285 2.36653642532 2.37009192333
4290 2.39247978649 2.39607426195
4295 2.38439983828 2.38798217438
4300 2.40999416783 2.413614957
4305 2.38167987956 2.38525812919
4310 2.34993566139 2.35346621831
4315 2.35067451519 2.35420618217
4320 2.29221203486 2.29565586748
4325 2.24597156526 2.24934592593
4330 2.12724212329 2.13043810416
4335 1.8445673785 1.84733866719
4340 1.60553224112 1.60794440204
4345 1.7401787757 1.74279323036
4350 2.05499681028 2.05808424938
4355 2.1725526054 2.175816661
4360 2.1921936417 2.19548720611
4365 2.2047184749 2.20803085669
4370 2.2188969477 2.2222306313
4375 2.22261340396 2.22595267119
4380 2.20499366436 2.20830645959
4385 2.17836362155 2.18163640765
4390 2.10362687766 2.10678737884
4395 2.21393200267 2.21725822692
4400 2.2113942904 2.21471670197
4405 2.17421304563 2.17747959588
4410 2.17255212721 2.17581618209
4415 2.20442895206 2.20774089886
4420 2.17474401131 2.17801135929
4425 2.12444149377 2.12763326695
4430 2.10435258987 2.10751418137
4435 2.08489755739 2.08802991953
4440 2.0960754337 2.09922458955
4445 2.11332413487 2.11649920527
4450 2.08985464053 2.09299445023
4455 2.08065688709 2.08378287803
4460 2.07002096039 2.07313097185
4465 2.06348572984 2.06658592273
4470 1.93140159689 1.93430334582
4475 1.96833288052 1.97129011522
4480 1.96298603875 1.96593524032
4485 2.0128560671 2.0158801937
4490 2.0667451433 2.06985023316
4495 2.03352664492 2.03658182711
4500 2.01982999771 2.02286460198
4505 2.01663484206 2.01966464591
4510 2.00986262449 2.01288225371
4515 2.01782730818 2.0208589036
4520 2.03312740246 2.03618198483
4525 2.00236869327 2.00537706357
4530 1.98956382987 1.99255296207
4535 1.98746937985 1.99045536534
4540 1.97344026628 1.97640517435
4545 1.97742035741 1.98039124518
4550 1.99005725261 1.99304712613
4555 1.99551975647 1.99851783689
4560 1.97741543205 1.98038631243
4565 1.95037277095 1.95330302228
4570 1.94152699262 1.944443954
4575 1.94796301653 1.95088964743
4580 1.9616005691 1.96454768914
4585 1.97785795099 1.98082949621
4590 1.93676258907 1.93967239238
4595 1.90648833228 1.90935265137
4600 1.88455933495 1.88739070779
4605 1.87697393164 1.87979390813
4610 1.87450258129 1.8773188448
4615 1.89012684719 1.89296658469
4620 1.90078446032 1.90364020988
4625 1.88228172931 1.88510968026
4630 1.89996662219 1.90282114302
4635 1.87508925449 1.87790639943
4640 1.85193617381 1.85471853343
4645 1.84673578494 1.84951033146
4650 1.84525122201 1.84802353812
4655 1.85390577388 1.85669109263
4660 1.85117140646 1.85395261709
4665 1.85321240748 1.85599668452
4670 1.85097023331 1.85375114169
4675 1.82494193773 1.82768374105
4680 1.83776285485 1.84052392039
4685 1.82802060245 1.83076703117
4690 1.81424563732 1.81697137045
4695 1.80937391466 1.81209232849
4700 1.80985185479 1.81257098668
4705 1.80494976513 1.80766153209
4710 1.78030967674 1.78298442429
4715 1.73692687173 1.73953644071
4720 1.76815794483 1.77081443555
4725 1.76502661066 1.76767839685
4730 1.77352390975 1.77618846233
4735 1.75762416422 1.76026482893
4740 1.73328764264 1.73589174402
4745 1.72789298765 1.73048898407
4750 1.71682752525 1.71940689685
4755 1.70866602439 1.7112331341
4760 1.71141166248 1.71398289726
4765 1.7075731681 1.7101386359
4770 1.6854486698 1.68798089763
4775 1.67490007992 1.67741645948
4780 1.67085893499 1.67336924312
4785 1.6755916007 1.67810901921
4790 1.66511677202 1.66761845309
4795 1.66062636875 1.66312130341
4800 1.66874111183 1.67124823812
4805 1.6605942304 1.66308911678
4810 1.65662415276 1.65911307446
4815 1.64417787818 1.64664810053
4820 1.64578436402 1.64825699997
4825 1.64816904362 1.65064526232
4830 1.63125363709 1.63370444199
4835 1.62636861711 1.62881208272
4840 1.60928331288 1.61170110943
4845 1.58002235486 1.58239618959
4850 1.51763918823 1.51991929812
4855 1.37285901374 1.37492160506
4860 1.42546294889 1.42760457266
4865 1.35356279747 1.35559639805
4870 1.43095165272 1.43310152275
4875 1.53926867549 1.54158128165
4880 1.56146758533 1.56381354326
4885 1.56492207961 1.56727322759
4890 1.57067548018 1.5730352721
4895 1.56798014533 1.57033588777
4900 1.5661362196 1.56848919172
4905 1.55949458867 1.56183758235
4910 1.55975966437 1.56210305631
4915 1.55316625681 1.55549974278
4920 1.52186387838 1.52415033547
4925 1.53769720347 1.54000744864
4930 1.53273537728 1.53503816777
4935 1.53401889875 1.53632361762
4940 1.52528348723 1.52757508196
4945 1.51258004192 1.51485255092
4950 1.51164471208 1.51391581584
4955 1.5123606039 1.51463278321
4960 1.50606308041 1.50832579829
4965 1.4906972441 1.49293687626
4970 1.48549245541 1.48772426786
4975 1.48495277249 1.48718377412
4980 1.48644933966 1.48868258975
4985 1.47893527201 1.48115723292
4990 1.46874215973 1.47094880644
4995 1.46701900592 1.46922306375
5000 1.45800511013 1.46019562544
5005 1.45038975332 1.45256882727
5010 1.44795452 1.45012993524
5015 1.44024365457 1.44240748497
5020 1.4658254733 1.46802773797
5025 1.42533416909 1.42747559939
5030 1.41568177083 1.41780869931
5035 1.4078173202 1.40993243308
5040 1.39309546889 1.39518846358
5045 1.39076798508 1.39285748295
5050 1.3893249279 1.3914122577
5055 1.36966329786 1.37172108792
5060 1.3679423783 1.36999758284
5065 1.38069302979 1.38276739098
5070 1.37523898277 1.37730514976
5075 1.37546243496 1.37752893767
5080 1.36558978202 1.367641452
5085 1.36466722132 1.36671750524
5090 1.36073381715 1.36277819151
5095 1.34854412917 1.35057018967
5100 1.34688827275 1.34891184548
5105 1.34464824222 1.34666844951
5110 1.33980112054 1.34181404549
5115 1.32827956245 1.33027517735
5120 1.3306244511 1.33262358897
5125 1.32459847447 1.32658855888
5130 1.33083062528 1.33283007291
5135 1.32511380746 1.32710466611
5140 1.31355539684 1.31552889007
5145 1.30786496284 1.30982990672
5150 1.31219523673 1.31416668644
5155 1.3090950497 1.31106184168
5160 1.29791963553 1.2998696375
5165 1.32251177523 1.32449872457
5170 1.36226507309 1.36431174801
5175 1.30486717325 1.30682761324
5180 1.29152612042 1.29346651673
5185 1.30631520578 1.3082778213
5190 1.28531856285 1.28724963289
5195 1.29081622814 1.29275555791
5200 1.28122962084 1.28315454763
5205 1.27004543773 1.27195356134
5210 1.26007373576 1.26196687783
5215 1.24556277725 1.24743411796
5220 1.23723021201 1.23908903384
5225 1.24858632769 1.25046221101
5230 1.25219714232 1.25407845055
5235 1.26288505948 1.2647824253
5240 1.23487993589 1.23673522665
5245 1.21922048294 1.22105224685
5250 1.21747709223 1.21930623686
5255 1.21981044794 1.22164309821
5260 1.21011730409 1.21193539132
5265 1.22231998388 1.2241564045
5270 1.22679211631 1.22863525588
5275 1.23022549606 1.23207379396
5280 1.22026216825 1.22209549719
5285 1.20288913046 1.20469635805
5290 1.17949148352 1.18126355835
5295 1.1727871557 1.17454915791
5300 1.17150110841 1.17326117844
5305 1.17580368137 1.17757021562
5310 1.167390957 1.16914485193
5315 1.19530474905 1.19710058182
5320 1.17736937421 1.17913826076
5325 1.16251576703 1.16426233744
5330 1.15727757693 1.15901627746
5335 1.16150944159 1.16325450009
5340 1.1480642809 1.14978913932
5345 1.13480583951 1.13651077836
5350 1.13110482378 1.13280420221
5355 1.12502761568 1.12671786368
5360 1.13350960875 1.13521260014
5365 1.14009400017 1.14180688399
5370 1.12852001274 1.13021550773
5375 1.11518165322 1.11685710858
5380 1.11790490294 1.11958444973
5385 1.1072080687 1.10887154451
5390 1.10252277446 1.10417921105
5395 1.10593354977 1.10759511073
5400 1.1044467517 1.10610607888
5405 1.10612411593 1.10778596319
5410 1.10010017297 1.10175296983
5415 1.09606885355 1.09771559373
5420 1.09757510065 1.09922410383
5425 1.09513409608 1.09677943188
5430 1.08543284469 1.08706360528
5435 1.07698712063 1.07860519231
5440 1.06958846815 1.07119542405
5445 1.07172742708 1.07333759656
5450 1.06486473125 1.06646459018
5455 1.05774631593 1.05933548012
5460 1.05962310297 1.06121508685
5465 1.04813977571 1.04971450696
5470 1.04379011753 1.04535831384
5475 1.05200118353 1.05358171619
5480 1.04574503994 1.04731617333
5485 1.04091393906 1.04247781418
5490 1.04014359479 1.04170631254
5495 1.0344837224 1.03603793673
5500 1.04003722989 1.04159978784
5505 1.03626804054 1.03782493564
5510 1.02945381404 1.0310004714
5515 1.0209265315 1.02246037742
5520 1.02100726831 1.02254123553
5525 1.02928909808 1.03083550797
5530 1.0333425524 1.03489505223
5535 1.03135478277 1.03290429616
5540 1.0117329567 1.01325299015
5545 1.00460690088 1.0061162281
5550 0.998499848055 1.0
5555 0.996752113628 0.998249639766
5560 0.997542122959 0.999040836013
5565 0.99165709036 0.993146961706
5570 0.992914047852 0.994405807659
5575 0.987314854914 0.988798202461
5580 0.984815349414 0.986294941689
5585 0.981035645894 0.982509559521
5590 0.981268151749 0.982742414695
5595 0.975612670722 0.97707843684
5600 0.971873969428 0.973334118499
5605 0.968950657699 0.97040641477
5610 0.962651184018 0.964097476723
5615 0.963347006673 0.964794344786
5620 0.960664394722 0.962107702463
5625 0.957748395998 0.959187322726
5630 0.951220218863 0.95264933762
5635 0.949276180619 0.950702378641
5640 0.945080196637 0.946500090589
5645 0.942695856313 0.944112168019
5650 0.935852295299 0.937258325199
5655 0.94402719895 0.945445510872
5660 0.941303228246 0.942717447659
5665 0.933705358194 0.935108162523
5670 0.931104221084 0.93250311745
5675 0.928086407065 0.929480769449
5680 0.920718602545 0.922101895497
5685 0.920034959738 0.921417225581
5690 0.913293928656 0.914666066735
5695 0.909061857413 0.910427637204
5700 0.904329809578 0.905688479913
5705 0.907827212296 0.909191137149
5710 0.90387228965 0.905230272605
5715 0.901693939729 0.903048649917
5720 0.893439296489 0.894781604854
5725 0.891456395888 0.892795725131
5730 0.887644854551 0.888978457313
5735 0.886011640155 0.887342789167
5740 0.877895862631 0.879214818451
5745 0.883717868766 0.885045571602
5750 0.883311039583 0.884638131196
5755 0.876982714064 0.878300297964
5760 0.873990850667 0.875303939575
5765 0.869690810869 0.870997439372
5770 0.869007952017 0.870313554589
5775 0.866995390832 0.86829796972
5780 0.863953178287 0.865251186538
5785 0.863250767386 0.86454772033
5790 0.862980121577 0.864276667901
5795 0.860190133855 0.861482488486
5800 0.856206261253 0.857492630491
5805 0.857481239741 0.858769524514
5810 0.859819014867 0.861110811927
5815 0.856724008869 0.858011155974
5820 0.85560271796 0.856888180431
5825 0.855402584611 0.8566877464
5830 0.853558256959 0.85484064782
5835 0.852421556682 0.853702239758
5840 0.847654211033 0.848927731621
5845 0.847118485649 0.84839120136
5850 0.84084235937 0.842105645793
5855 0.843455131526 0.844722343393
5860 0.838854801944 0.840115102249
5865 0.835654032938 0.836909524389
5870 0.825379906664 0.826619962208
5875 0.792156387547 0.793346527884
5880 0.811351271595 0.812570250437
5885 0.821432977718 0.822667103373
5890 0.820982538781 0.822215987694
5895 0.828794159611 0.830039344749
5900 0.812973979611 0.814195396419
5905 0.814263768452 0.815487123046
5910 0.811303315995 0.812522222788
5915 0.809005667334 0.810221122126
5920 0.798916277385 0.800116573819
5925 0.80077231595 0.801975400908
5930 0.802979132584 0.804185533076
5935 0.803858234858 0.805065956118
5940 0.788103943225 0.789287995146
5945 0.784211577768 0.785389781777
5950 0.790089848074 0.791276883631
5955 0.791763922471 0.792953473166
5960 0.784087719082 0.785265737005
5965 0.785099970607 0.786279509342
5970 0.780649347904 0.781822199998
5975 0.778782461459 0.779952508732
5980 0.773690688218 0.774853085582
5985 0.775752275937 0.776917770642
5990 0.786144227632 0.787325335265
5995 0.779159973837 0.780330588287
6000 0.770938012459 0.772096274186
6005 0.770020509155 0.77117739242
6010 0.770190211188 0.771347349415
6015 0.76527159953 0.766421348006
6020 0.765158577768 0.76630815644
6025 0.765863926839 0.767014565231
6030 0.760624968576 0.761767735927
6035 0.756998851697 0.758136171149
6040 0.758689418476 0.759829277845
6045 0.759014356623 0.760154704182
6050 0.758439300426 0.759578784017
6055 0.754558203968 0.755691856576
6060 0.747458433323 0.748581419195
6065 0.747076038723 0.748198450084
6070 0.749616383523 0.750742611513
6075 0.745806024456 0.746926527739
6080 0.748696661562 0.749821507756
6085 0.743296587067 0.744413320158
6090 0.739344909473 0.74045570554
6095 0.733932236195 0.73503490023
6100 0.737415007514 0.738522904086
6105 0.737946536249 0.739055231392
6110 0.733685885886 0.734788179804
6115 0.733849657417 0.734952197385
6120 0.731171920344 0.732270437264
6125 0.730849846961 0.731947879997
6130 0.726436611713 0.727528014279
6135 0.722584341315 0.723669956207
6140 0.721047314237 0.722130619892
6145 0.732840070092 0.733941093251
6150 0.738575580276 0.739685220498
6155 0.718443444941 0.719522838527
6160 0.712227118664 0.713297172805
6165 0.714164224721 0.715237189182
6170 0.710665379957 0.711733087733
6175 0.711361822523 0.712430576639
6180 0.708166027349 0.709229980083
6185 0.702007428346 0.703062128365
6190 0.701374148227 0.702427896803
6195 0.699805400027 0.700856791707
6200 0.698322066801 0.699371229912
6205 0.693736516538 0.694778790291
6210 0.691397109301 0.692435868316
6215 0.689389546997 0.690425289839
6220 0.685273896207 0.686303455671
6225 0.68387812795 0.684905590404
6230 0.687739589456 0.688772853392
6235 0.693074262301 0.694115541081
6240 0.69609402094 0.697139836622
6245 0.699284216682 0.700334825332
6250 0.695858643593 0.696904105643
6255 0.67435543505 0.675368590555
6260 0.674109748762 0.675122535146
6265 0.666471609534 0.667472920334
6270 0.663175099234 0.664171457337
6275 0.651015979154 0.651994069326
6280 0.628398360823 0.629342470153
6285 0.646819688914 0.647791474554
6290 0.64422249327 0.645190376869
6295 0.641790008693 0.642754237713
6300 0.643602156883 0.644569108485
6305 0.646093109364 0.647063803387
6310 0.647919716694 0.648893155022
6315 0.655427174606 0.656411892183
6320 0.656972687963 0.657959727528
6325 0.643063076652 0.644029218337
6330 0.644386780929 0.645354911355
6335 0.642473993073 0.643439249715
6340 0.637839010141 0.638797303158
6345 0.637530739575 0.638488569444
6350 0.638748754508 0.63970841433
6355 0.634501616412 0.635454895309
6360 0.633845136572 0.63479742917
6365 0.637489256329 0.638447023874
6370 0.637696758373 0.63865483767
6375 0.634248289831 0.635201188129
6380 0.634986660567 0.635940668198
6385 0.640101794341 0.641063486978
6390 0.63079813035 0.631745845109
6395 0.627866984334 0.628810295322
6400 0.622279880673 0.623214797564
6405 0.621966503355 0.622900949426
6410 0.624070548105 0.625008155305
6415 0.632416310409 0.63336645633
6420 0.628057241068 0.629000837898
6425 0.619399955082 0.620330545156
6430 0.630488810784 0.631436060819
6435 0.627736916102 0.628680031674
6440 0.617429801547 0.618357431651
6445 0.617288966677 0.61821638519
6450 0.613609023564 0.614530913309
6455 0.633014375204 0.633965419661
6460 0.622930293849 0.623866187925
6465 0.599396408648 0.600296945278
6470 0.592966662811 0.593857539354
6475 0.580411878217 0.581283892379
6480 0.588871171023 0.589755894475
6485 0.587587022209 0.588469816348
6490 0.597269933812 0.598167275614
6495 0.594405973083 0.595299012054
6500 0.594060242167 0.59495276171
6505 0.589371135645 0.590256610247
6510 0.59041198056 0.591299018933
6515 0.592353404724 0.593243359905
6520 0.596327247965 0.59722317347
6525 0.58282215897 0.583697794352
6530 0.584856940384 0.585735632833
6535 0.579490050605 0.580360679807
6540 0.585452609782 0.586332197168
6545 0.580343383052 0.581215294306
6550 0.595932346528 0.596827678732
6555 0.703081850813 0.704138165051
6560 1.44476729701 1.44693792375
6565 1.57821347189 1.58058458893
6570 0.753572883063 0.75470505532
6575 0.597946884289 0.598845243146
6580 0.580063357454 0.580934847996
6585 0.576850433756 0.577717097183
6590 0.574709006384 0.575572452518
6595 0.571043768021 0.57190170748
6600 0.567025430965 0.567877333251
6605 0.566546268707 0.567397451097
6610 0.568023288041 0.568876689513
6615 0.561257546917 0.562100783501
6620 0.560167726105 0.561009325336
6625 0.559506789597 0.560347395833
6630 0.56022794468 0.561069634383
6635 0.557164846473 0.55800193416
6640 0.555992408408 0.556827734618
6645 0.558290853359 0.559129632765
6650 0.552560310155 0.55339047996
6655 0.551753365238 0.552582322684
6660 0.549233274155 0.550058445402
6665 0.548972643115 0.549797422788
6670 0.547825303848 0.548648359752
6675 0.539509074848 0.540319636402
6680 0.53703677114 0.53784361829
6685 0.547501677221 0.548324246906
6690 0.543890815103 0.544707959808
6695 0.542697345677 0.543512697308
6700 0.539906901928 0.540718061179
6705 0.540782334167 0.541594808673
6710 0.541355598004 0.542168933785
6715 0.536534834836 0.537340927874
6720 0.536371468696 0.537177316292
6725 0.535418878304 0.536223294722
6730 0.53241565513 0.533215559489
6735 0.527751231206 0.528544127707
6740 0.531334786324 0.532133066779
6745 0.528447163997 0.529241106072
6750 0.528105478993 0.528898907719
6755 0.526815159801 0.527606649943
6760 0.523901798024 0.524688911115
6765 0.522414282851 0.523199161091
6770 0.522868565559 0.523654126316
6775 0.519960247996 0.520741439279
6780 0.518773072827 0.519552480491
6785 0.516749131256 0.517525498139
6790 0.519152192044 0.519932169299
6795 0.517942533655 0.518720693513
6800 0.51824320602 0.51902181761
6805 0.516401328139 0.51717717248
6810 0.515417261862 0.516191627737
6815 0.515309065627 0.516083268947
6820 0.513790476499 0.514562398282
6825 0.51424462012 0.515017224211
6830 0.507636059374 0.508398734725
6835 0.507066268038 0.507828087331
6840 0.507081955848 0.507843798711
6845 0.506732636215 0.507493954257
6850 0.503448325259 0.504204708934
6855 0.504192598084 0.504950099958
6860 0.50189106106 0.502645105092
6865 0.497501633625 0.498249082956
6870 0.480127760252 0.480849106975
6875 0.485251247902 0.485980292182
6880 0.486119183312 0.486849531584
6885 0.489223801505 0.489958814173
6890 0.483295258418 0.484021364009
6895 0.478325448544 0.479044087463
6900 0.485525642823 0.486255099357
6905 0.484123869196 0.484851219696
6910 0.48096407716 0.481686680371
6915 0.481197082633 0.481920035912
6920 0.480452103649 0.481173937668
6925 0.481329686427 0.482052838931
6930 0.478296715535 0.479015311286
6935 0.482250628727 0.482975164861
6940 0.477215716464 0.477932688116
6945 0.479486824886 0.480207208664
6950 0.482204949536 0.48292941704
6955 0.475871470344 0.476586422393
6960 0.478276187502 0.478994752412
6965 0.475377483774 0.476091693655
6970 0.471487643129 0.472196008891
6975 0.471857630629 0.472566552262
6980 0.469226781944 0.469931750974
6985 0.473760283258 0.474472063447
6990 0.474485613526 0.475198483456
6995 0.474330376667 0.475043013367
7000 0.474622956304 0.475336032577
7005 0.480202324576 0.480923783325
7010 0.473854185183 0.474566106451
7015 0.474079068239 0.474791327372
7020 0.47316840335 0.473879294295
7025 0.471948596727 0.472657655027
7030 0.468172841995 0.46887622758
7035 0.469842071402 0.470547964847
7040 0.468479761349 0.469183608051
7045 0.464524396655 0.465222300795
7050 0.468142586779 0.468845926908
7055 0.466156198328 0.466856554095
7060 0.464053693246 0.464750890198
7065 0.457287050195 0.457974080904
7070 0.466741250786 0.46744248554
7075 0.463934542112 0.46463156005
7080 0.461582694892 0.462276179401
7085 0.460134950313 0.460826259723
7090 0.462482757162 0.463177593931
7095 0.464262423641 0.464959934191
7100 0.462088198084 0.462782442065
7105 0.452796269152 0.453476552885
7110 0.456610751186 0.457296765819
7115 0.458749666267 0.459438894418
7120 0.455586679134 0.456271155195
7125 0.459169441619 0.459859300443
7130 0.456405299707 0.457091005669
7135 0.459509489402 0.460199859116
7140 0.452197882138 0.452877266851
7145 0.448955556309 0.449630069733
7150 0.446740265983 0.447411451141
7155 0.445989339783 0.446659396746
7160 0.444698974329 0.44536709264
7165 0.45148030184 0.452158608456
7170 0.447989079513 0.448662140896
7175 0.445898375547 0.446568295845
7180 0.447821889252 0.448494699448
7185 0.447307652211 0.447979689814
7190 0.446028920171 0.4466990366
7195 0.446894234275 0.447565650756
7200 0.440704086814 0.441366203182
7205 0.441828688841 0.442492494818
7210 0.438603510268 0.439262470718
7215 0.439877042172 0.440537915983
7220 0.44412146419 0.444788714846
7225 0.443447041458 0.444113278857
7230 0.433001835514 0.433652379975
7235 0.432760878531 0.433411060978
7240 0.432093836113 0.432743016391
7245 0.428871164966 0.429515503484
7250 0.428767773734 0.429411956917
7255 0.431646830159 0.432295338853
7260 0.426166889958 0.426807165557
7265 0.423326877706 0.423962886455
7270 0.423778363653 0.424415050717
7275 0.425584683964 0.426224084854
7280 0.418389644365 0.419018235386
7285 0.421174668618 0.421807443875
7290 0.424783997311 0.425422195244
7295 0.420591836624 0.421223736231
7300 0.422115089218 0.422749277369
7305 0.424627446499 0.42526540923
7310 0.430069432678 0.430715571481
7315 0.419174230629 0.419804000417
7320 0.415711458053 0.416336025351
7325 0.418458885071 0.41908758012
7330 0.416852457653 0.417478739196
7335 0.408729958741 0.409344036995
7340 0.408485480826 0.409099191775
7345 0.405119178473 0.405727831869
7350 0.407958465103 0.40857138426
7355 0.406330156863 0.40694062964
7360 0.408009933614 0.408622930098
7365 0.406492944903 0.407103662253
7370 0.402585475176 0.403190321922
7375 0.397855000881 0.398452740535
7380 0.40351831546 0.404124563711
7385 0.401463127442 0.402066287966
7390 0.401975576521 0.402579506951
7395 0.402073287612 0.402677364844
7400 0.401256641925 0.401859492224
