Wave Flux FluxNorm
3600 0.760202011878 0.733867808379
3605 0.679360139179 0.655826383841
3610 0.660934801949 0.638039319824
3615 0.686693930654 0.662906125006
3620 0.660197972324 0.637328014758
3625 0.756540307294 0.730332949123
3630 0.701582071608 0.677278524976
3635 0.675941117104 0.652525800316
3640 0.762471970135 0.736059132875
3645 0.674958567766 0.651577287528
3650 0.703378838848 0.679013050294
3655 0.793110261798 0.765636081639
3660 0.79382335892 0.766324476321
3665 0.765887910804 0.739356741738
3670 0.743610434384 0.717850980716
3675 0.767597456031 0.741007066507
3680 0.709813957239 0.685225249363
3685 0.696246035753 0.67212733506
3690 0.762401111161 0.735990728532
3695 0.783425630665 0.756286936394
3700 0.849623234833 0.820191385385
3705 0.668155657631 0.645010037412
3710 0.715553272788 0.690765748938
3715 0.869294857214 0.839181561915
3720 0.762360242429 0.735951275536
3725 0.81993589069 0.791532442311
3730 0.842705871336 0.813513646692
3735 0.589195399529 0.568785046347
3740 0.8724026655 0.842181712427
3745 0.786753126733 0.759499164472
3750 0.581238125339 0.561103420569
3755 0.936764409757 0.90431389764
3760 0.782719176977 0.755604955011
3765 0.898888309942 0.867749866071
3770 0.679840652264 0.656290251444
3775 0.859128034655 0.829366928866
3780 1.05734886139 1.02072117605
3785 1.03776179487 1.00181262628
3790 0.891196929539 0.860324923239
3795 0.737335160013 0.711793088501
3800 0.733197721386 0.707798975134
3805 1.00586281006 0.971018656111
3810 1.10846727307 1.07006879176
3815 0.928505754641 0.896341331092
3820 0.986779101496 0.952596027443
3825 0.871214872755 0.841035066082
3830 0.772874880027 0.746101674942
3835 0.534009355891 0.515510705757
3840 0.733823128425 0.70840271741
3845 0.959886300453 0.926634821534
3850 1.06342217531 1.02658410394
3855 1.07459870498 1.03737346677
3860 1.03956988705 1.00355808422
3865 1.13461613816 1.09531183245
3870 1.111481833 1.07297892414
3875 1.03595432486 1.00006776894
3880 1.00945012438 0.974481702061
3885 0.794406135031 0.766887064449
3890 0.635433735929 0.613421637762
3895 0.878841782985 0.848397772057
3900 0.963913076192 0.930522105493
3905 0.966735374654 0.933246636544
3910 1.09768999476 1.0596648498
3915 1.03125730126 0.995533455216
3920 0.989265803969 0.954996587906
3925 0.946260189149 0.913480733168
3930 0.498192480769 0.480934565155
3935 0.315585613054 0.304653392899
3940 0.780528271511 0.753489944832
3945 0.951076153054 0.918129866979
3950 0.993731869822 0.959307944503
3955 1.02383008629 0.988363526854
3960 0.971958822624 0.93828913874
3965 0.582090673597 0.561926435652
3970 0.359941412556 0.34747266049
3975 0.798350069348 0.770694376701
3980 1.07223808744 1.03509462353
3985 1.09865841496 1.0605997229
3990 1.18153468385 1.14060506999
3995 1.18837382292 1.14720729403
4000 1.2208830364 1.17859035389
4005 1.16399775816 1.12367564198
4010 1.27524478114 1.23106895017
4015 1.27905167491 1.23474396911
4020 1.34714824174 1.30048159868
4025 1.28233275751 1.23791139153
4030 1.21144805101 1.1694822064
4035 1.25872986498 1.21512612821
4040 1.35261908498 1.30576292611
4045 1.2227100157 1.1803540447
4050 1.33471893083 1.28848285228
4055 1.20672219333 1.16492005744
4060 1.28459998127 1.24010007626
4065 1.22139679205 1.1790863125
4070 1.28015904307 1.23581297686
4075 1.18731193165 1.1461821878
4080 1.1714965271 1.13091464562
4085 1.19263724904 1.15132303055
4090 1.25591032953 1.21240426446
4095 1.13660882676 1.0972354922
4100 0.808563558365 0.780554059632
4105 0.956593942707 0.92345651455
4110 1.1274056021 1.08835107701
4115 1.27613648926 1.23192976858
4120 1.22006934939 1.17780485387
4125 1.23655594575 1.19372033705
4130 1.19772296384 1.1562325708
4135 1.26749090211 1.22358367373
4140 1.38954389153 1.34140861822
4145 1.29215911913 1.24739735757
4150 1.30250375279 1.25738364215
4155 1.23538670186 1.19259159701
4160 1.2921572857 1.24739558765
4165 1.37008720098 1.32262592805
4170 1.27336867733 1.22925783658
4175 1.15330332812 1.11335167834
4180 1.23080385812 1.18816750783
4185 1.24291602501 1.19986009642
4190 1.29983035109 1.25480284992
4195 1.32193219729 1.27613906473
4200 1.20418665286 1.16247235078
4205 1.22756881414 1.18504452921
4210 1.30528151278 1.26006517759
4215 1.2626334818 1.21889451961
4220 1.31159878576 1.26616361354
4225 1.12661474872 1.08758761962
4230 1.31191262016 1.26646657638
4235 1.20956268947 1.16766215578
4240 1.23763311948 1.19476019634
4245 1.25674054555 1.21320572092
4250 1.23395082715 1.19120546252
4255 1.28909195776 1.24443644591
4260 1.20772547351 1.16588858293
4265 1.34325983937 1.29672789469
4270 1.21895904139 1.17673300811
4275 1.23077916762 1.18814367264
4280 1.29212979306 1.24736904738
4285 1.21954135823 1.17729515287
4290 1.078058301 1.04071321872
4295 1.18447937069 1.14344774975
4300 0.986489240248 0.952316207295
4305 1.0780854779 1.04073945419
4310 1.12005771071 1.08125772436
4315 1.14151011163 1.10196699137
4320 1.21890163817 1.1766775934
4325 1.10767111597 1.06930021439
4330 1.16870969033 1.12822434783
4335 1.07071336372 1.03362271786
4340 0.658558377403 0.635745217144
4345 0.992414836055 0.958036534182
4350 1.11560605845 1.07696028205
4355 1.19744495554 1.15596419299
4360 1.25174731822 1.20838546427
4365 1.33577127484 1.28949874197
4370 1.24288003081 1.1998253491
4375 1.18802468264 1.14687024833
4380 1.31214336853 1.26668933138
4385 1.10653454095 1.06820301153
4390 1.24112307835 1.19812925934
4395 1.19824951223 1.15674087899
4400 1.18513294545 1.14407868398
4405 1.25371433748 1.2102843439
4410 1.25683355343 1.21329550691
4415 1.18990912688 1.14868941343
4420 1.28589508879 1.24135031988
4425 1.2851162141 1.24059842623
4430 1.27818541557 1.23390771791
4435 1.22102762041 1.17872992936
4440 1.30654101819 1.2612810524
4445 1.2220889196 1.17975446402
4450 1.28118760744 1.23680591067
4455 1.17037052353 1.12982764801
4460 1.18642697018 1.14532788233
4465 1.23516013716 1.19237288075
4470 1.20226117679 1.16061357524
4475 1.35051625346 1.3037329389
4480 1.22315878836 1.1807872714
4485 1.31878975783 1.27310548271
4490 1.23176036747 1.18909088269
4495 1.28415670029 1.23967215099
4500 1.31032099721 1.26493008893
4505 1.39007890567 1.34192509891
4510 1.36748411907 1.32011301966
4515 1.31038205929 1.26498903577
4520 1.29156777116 1.24682649452
4525 1.23621527843 1.19339147081
4530 1.18961455834 1.14840504906
4535 1.18639176718 1.1452938988
4540 1.31130790502 1.26588280922
4545 1.26727633957 1.22337654386
4550 1.17253824727 1.1319202795
4555 1.18513561488 1.14408126095
4560 1.3088450898 1.26350530852
4565 1.25024597322 1.20693612746
4570 1.29728159164 1.2523423822
4575 1.31166899041 1.26623138622
4580 1.23204941192 1.18936991433
4585 1.19340433214 1.15206354108
4590 1.23765057788 1.19477704997
4595 1.26255144646 1.21881532606
4600 1.25123354007 1.20788948394
4605 1.2818728631 1.23746742834
4610 1.31274128697 1.2672665373
4615 1.27531450713 1.23113626078
4620 1.25443403263 1.21097910805
4625 1.29106785587 1.24634389682
4630 1.2623231642 1.21859495174
4635 1.24843118487 1.2051842053
4640 1.27744797201 1.23319582017
4645 1.23985829439 1.19690828884
4650 1.2389143453 1.19599703914
4655 1.22771265314 1.18518338547
4660 1.29286181713 1.24807571336
4665 1.19562099462 1.15420341602
4670 1.17612270744 1.13538057017
4675 1.27656809087 1.23234641905
4680 1.23184954613 1.1891769721
4685 1.2665672719 1.22269203905
4690 1.25226899259 1.20888906729
4695 1.26731413207 1.2234130272
4700 1.20980559697 1.16789664871
4705 1.20304497332 1.16137022022
4710 1.20076276052 1.1591670657
4715 1.23351934277 1.19078892521
4720 1.27253495588 1.22845299614
4725 1.27729139465 1.23304466682
4730 1.19304745202 1.15171902366
4735 1.22320476794 1.18083165819
4740 1.24493711258 1.20181117138
4745 1.25720025718 1.21364950765
4750 1.25295120947 1.20954765146
4755 1.2056182839 1.1638543886
4760 1.22681576217 1.18431756375
4765 1.1440819866 1.10444977386
4770 1.22283448693 1.18047420411
4775 1.25306636295 1.2096588159
4780 1.23921496388 1.19628724397
4785 1.21104435995 1.16909249962
4790 1.20490699748 1.1631677419
4795 1.2669314937 1.22304364383
4800 1.21285151007 1.17083704815
4805 1.20157883007 1.15995486573
4810 1.2132374283 1.17120959776
4815 1.25028310148 1.20697196956
4820 1.24517185154 1.20203777873
4825 1.17118736506 1.13061619329
4830 1.20046106065 1.15887581703
4835 1.19280530194 1.15148526191
4840 1.16007365145 1.11988747049
4845 1.16413357262 1.12380675169
4850 1.10414560403 1.06589682992
4855 0.978581561191 0.944682458623
4860 0.694639937244 0.670576873505
4865 0.869956920357 0.839820690489
4870 1.02136931653 0.985988000766
4875 1.06465233682 1.02777165135
4880 1.14460472661 1.10495440561
4885 1.09607495474 1.05810575648
4890 1.0949394384 1.05700957563
4895 1.21006471332 1.168146789
4900 1.17947979332 1.13862136304
4905 1.19417641646 1.15280887958
4910 1.13600500715 1.09665258955
4915 1.20046250626 1.15887721256
4920 1.07631364726 1.03902900164
4925 1.11191818958 1.07340016487
4930 1.20410117422 1.1623898332
4935 1.12661003952 1.08758307355
4940 1.1388343455 1.09938391661
4945 1.20538937549 1.16363340982
4950 1.20918260321 1.16729523611
4955 1.17641701317 1.13566468084
4960 1.19296370017 1.15163817306
4965 1.19851611127 1.15699824275
4970 1.17080851593 1.13025046789
4975 1.21360914846 1.17156844114
4980 1.12972339755 1.09058858156
4985 1.06839137566 1.03138116592
4990 1.15592913189 1.11588652149
4995 1.15919087414 1.11903527353
5000 1.11427038912 1.07567088172
5005 1.08106286512 1.04361370155
5010 1.12968633649 1.09055280433
5015 1.0522471046 1.01579614953
5020 1.04929538058 1.01294667636
5025 1.13143208071 1.09223807412
5030 1.13446231275 1.09516333572
5035 1.13032609895 1.09117040475
5040 1.04128318121 1.00521202806
5045 1.16343314887 1.12313059136
5050 1.09761939398 1.05959669471
5055 1.15741682827 1.11732268248
5060 1.19097367923 1.14971708856
5065 1.12481493457 1.08585015294
5070 1.12807572595 1.08899798705
5075 1.11889650281 1.08013674193
5080 1.05150487757 1.01507963402
5085 1.119829858 1.08103776471
5090 1.14798233195 1.10821500712
5095 1.1524385734 1.11251687964
5100 1.07306258424 1.03589055888
5105 1.13989324262 1.10040613242
5110 1.10449712031 1.06623616931
5115 1.15473406779 1.11473285567
5120 1.14123834747 1.10170464141
5125 1.07198877238 1.03485394501
5130 1.0772926812 1.0399741208
5135 1.09778835869 1.0597598063
5140 1.05454952812 1.01801881465
5145 1.08243074187 1.04493419361
5150 1.08834740173 1.0506458941
5155 1.07221964201 1.03507681706
5160 1.12104129391 1.0822072352
5165 1.04638406236 1.01013620928
5170 0.944544844903 0.911824810266
5175 1.08025446673 1.04283330694
5180 1.11942484445 1.08064678126
5185 0.996246940247 0.961735890223
5190 1.03420384573 0.998377928264
5195 1.01718406599 0.981947731739
5200 1.06142196672 1.0246531847
5205 1.021425356 0.986042098964
5210 1.05543604776 1.01887462431
5215 1.05776125553 1.02111928442
5220 1.10435417586 1.0660981766
5225 1.01840067685 0.983122197905
5230 1.04095930492 1.00489937119
5235 1.01969882054 0.98437537252
5240 1.0786073883 1.04124328505
5245 1.09331029044 1.05543686308
5250 1.06652840585 1.02958273136
5255 1.06903890298 1.03200626221
5260 1.06675032085 1.02979695899
5265 0.93109605858 0.898841904156
5270 0.956934412653 0.923785190256
5275 0.987937910469 0.953714694044
5280 1.04687367676 1.01060886292
5285 1.0432218324 1.00708352232
5290 1.10976295363 1.07131958858
5295 1.07521488499 1.03796830166
5300 1.04261081021 1.00649366659
5305 1.07475857748 1.03752780112
5310 1.08182078532 1.0443453666
5315 1.04001987613 1.00399248521
5320 1.06869804116 1.0316772082
5325 1.01231311623 0.977245516838
5330 0.997923257667 0.963354138231
5335 1.04038157923 1.00434165853
5340 1.00396208904 0.969183778088
5345 1.04752137422 1.01123412346
5350 1.03706237635 1.00113743635
5355 1.08428703797 1.04672618564
5360 1.08184604937 1.04436975547
5365 1.01188913065 0.976836218571
5370 0.992657367329 0.958270663916
5375 1.06561975278 1.02870555499
5380 1.02779847607 0.992194447397
5385 1.05329582186 1.01680853811
5390 1.04073594897 1.00468375253
5395 1.02445254678 0.988964424646
5400 1.01737694139 0.982133925725
5405 0.965992340254 0.932529341644
5410 0.991815479018 0.957457939508
5415 1.01585139407 0.980661224984
5420 1.02414406568 0.988666629656
5425 1.00488418639 0.970073933002
5430 1.0094637311 0.974494837431
5435 1.00723248775 0.972340886714
5440 1.06636627809 1.02942621988
5445 1.00821137896 0.973285868097
5450 1.05329990555 1.01681248033
5455 1.00809348928 0.973172062242
5460 1.04818210834 1.01187196904
5465 1.01728393874 0.982044144789
5470 1.04962660072 1.01326642267
5475 0.983984750376 0.949898475607
5480 1.00407386948 0.969291686334
5485 1.04048406828 1.00444059725
5490 1.02655589752 0.990994913087
5495 1.02448135286 0.988992232852
5500 1.01417742121 0.979045240315
5505 1.00753072192 0.972628789743
5510 1.00130194904 0.966615788155
5515 1.02613459144 0.990588201503
5520 1.04284114781 1.00671602505
5525 1.00091693671 0.966244113054
5530 0.997591737182 0.963034101967
5535 0.999306921163 0.964689870157
5540 1.03564314691 0.999767370529
5545 1.0060509047 0.971200234956
5550 1.03588412409 1.0
5555 1.01646249401 0.981251155775
5560 1.01842325579 0.98314399469
5565 0.996910913617 0.962376862852
5570 0.991631708828 0.957280535313
5575 0.995127459593 0.960655189566
5580 1.01143080267 0.976393767559
5585 0.986401417225 0.952231426555
5590 0.94629107942 0.913510553368
5595 0.97117448607 0.937531972436
5600 0.952753693509 0.919749295655
5605 0.999563012986 0.964937090688
5610 1.02501473072 0.989507133938
5615 0.964136159293 0.930737460759
5620 0.995987262928 0.961485208402
5625 0.970906110179 0.93727289337
5630 1.0101047851 0.975113684638
5635 0.988689182892 0.954439941594
5640 0.968165798279 0.934627508779
5645 0.992076510626 0.957709928705
5650 0.990125077437 0.95582609523
5655 0.955561570395 0.922459904709
5660 0.927796532421 0.895656677081
5665 0.960524891735 0.927251291337
5670 0.971071666312 0.937432714463
5675 0.983788327592 0.949708857117
5680 0.970913890673 0.937280404339
5685 0.933053568996 0.900731604337
5690 0.955054213392 0.921970123091
5695 0.971914256316 0.938246116256
5700 0.962419144983 0.929079925644
5705 0.950003913982 0.917094771405
5710 0.912016700559 0.880423475321
5715 0.958529579774 0.925325099097
5720 0.971362344474 0.937713323225
5725 0.976606250193 0.942775574491
5730 0.96767434369 0.934153078698
5735 0.973398062875 0.939678522183
5740 0.973497694569 0.939774702529
5745 0.967910918374 0.934381458184
5750 0.957446717291 0.924279748118
5755 0.939629687551 0.907079919175
5760 0.95499819335 0.921916043642
5765 0.955202296985 0.922113076911
5770 0.963040057143 0.929679328749
5775 0.955129264382 0.922042574235
5780 0.948888793482 0.916018279861
5785 0.936529658532 0.904087278446
5790 0.94707151539 0.914263954209
5795 0.952192564395 0.919207604648
5800 0.958965950598 0.925746353573
5805 0.948570857064 0.915711357098
5810 0.958983711309 0.925763499034
5815 0.950192789377 0.917277103956
5820 0.961465177366 0.928159004477
5825 0.964127393596 0.930728998715
5830 0.964042059667 0.930646620843
5835 0.958771181714 0.92555833169
5840 0.959959474437 0.926705460693
5845 0.959544507815 0.926304868955
5850 0.950158367649 0.917243874633
5855 0.91746153226 0.885679692281
5860 0.91938784391 0.887539274453
5865 0.944112026654 0.911406985299
5870 0.951092655777 0.918145798031
5875 0.945360799637 0.912612499463
5880 0.941206153945 0.908601775102
5885 0.926651207389 0.894551027322
5890 0.843936486058 0.814701631615
5895 0.861513620942 0.831669875915
5900 0.913376989236 0.881736642156
5905 0.927214391964 0.895094702586
5910 0.929585796521 0.897383959176
5915 0.906119764978 0.87473081584
5920 0.923436728118 0.89144790102
5925 0.925790556206 0.893720190009
5930 0.904219400737 0.872896282231
5935 0.918640762088 0.886818072338
5940 0.915222205502 0.883517938176
5945 0.912736048058 0.88111790386
5950 0.90075792547 0.869554716136
5955 0.910310958327 0.878776821809
5960 0.915175234088 0.883472593901
5965 0.914930131469 0.883235981897
5970 0.916525085095 0.884775684639
5975 0.90114019232 0.869923740857
5980 0.908291598165 0.876827414423
5985 0.883726054984 0.853112847697
5990 0.896459408833 0.865405104672
5995 0.907470506752 0.876034766487
6000 0.902410617347 0.871150157014
6005 0.8947864336 0.863790083074
6010 0.888396424129 0.857621430304
6015 0.884887663174 0.854234216548
6020 0.873386764094 0.843131720803
6025 0.879631978935 0.849160594782
6030 0.899219694466 0.868069771084
6035 0.905546708814 0.874177610948
6040 0.897786587933 0.86668630888
6045 0.892417621734 0.861503329362
6050 0.898475911301 0.867351753357
6055 0.881496489429 0.850960516656
6060 0.898584000437 0.86745609817
6065 0.879566989728 0.84909785687
6070 0.899125047165 0.867978402466
6075 0.895315248815 0.864300579569
6080 0.878092686066 0.84767462465
6085 0.87585934597 0.845518649822
6090 0.880233078652 0.849740871768
6095 0.886642972277 0.855928719883
6100 0.872106258556 0.841895573334
6105 0.863169520064 0.833268412937
6110 0.884332299896 0.853698091643
6115 0.877907444147 0.847495799707
6120 0.869474684402 0.839355159699
6125 0.867929666532 0.837863662885
6130 0.870470983042 0.840316945497
6135 0.851255745633 0.82176734428
6140 0.835893034404 0.806936813652
6145 0.86046558141 0.830658141583
6150 0.851511832625 0.822014560147
6155 0.850684016368 0.821215420323
6160 0.834521206723 0.805612507536
6165 0.83566021373 0.806712058133
6170 0.828568593923 0.799866099554
6175 0.852234024392 0.822711734426
6180 0.863748040462 0.833826892774
6185 0.867259661341 0.837216867384
6190 0.848094847613 0.818715943118
6195 0.863205579873 0.833303223595
6200 0.860149091798 0.830352615508
6205 0.867485461521 0.837434845606
6210 0.865957352612 0.83595967201
6215 0.842333853677 0.813154516119
6220 0.843618855109 0.814395003739
6225 0.857447373213 0.827744487317
6230 0.826605844015 0.797971341383
6235 0.842084963428 0.812914247692
6240 0.822802283881 0.794299540604
6245 0.804413033266 0.776547313123
6250 0.828677963786 0.799971680728
6255 0.810967982688 0.782875192148
6260 0.834784391749 0.805866575554
6265 0.837333808946 0.808327678237
6270 0.83876017037 0.80970462899
6275 0.822016859728 0.793541324376
6280 0.792412058782 0.764962065115
6285 0.834085308126 0.805191708929
6290 0.821687190614 0.793223075349
6295 0.821955434729 0.793482027204
6300 0.798629883839 0.770964498121
6305 0.821780109393 0.793312775324
6310 0.825661382304 0.797059596827
6315 0.804384536003 0.776519803035
6320 0.80588928527 0.777972426192
6325 0.830853725101 0.802072071365
6330 0.830693022689 0.801916935856
6335 0.808441419964 0.780436152235
6340 0.821246149872 0.792797312726
6345 0.80861395824 0.780602713603
6350 0.824977352767 0.796399262798
6355 0.825454194483 0.796859586211
6360 0.812985428996 0.784822751977
6365 0.818789554733 0.790425816647
6370 0.807604194844 0.779627929481
6375 0.831221626468 0.802427228239
6380 0.826116399862 0.797498852095
6385 0.822561386658 0.794066988316
6390 0.827743657069 0.799069739387
6395 0.813819923448 0.785628338657
6400 0.804663990274 0.776789576713
6405 0.820073951071 0.791665720134
6410 0.805311629239 0.777414780778
6415 0.807606628292 0.779630278632
6420 0.795385336661 0.767832345497
6425 0.824747687588 0.796177553464
6430 0.802181856511 0.774393426695
6435 0.810296114859 0.782226598533
6440 0.794740361239 0.767209712707
6445 0.817658831392 0.789334262761
6450 0.793216349553 0.765738494401
6455 0.774860508133 0.748018518785
6460 0.792094114374 0.764655134638
6465 0.793443344729 0.765957626224
6470 0.789559237614 0.762208068697
6475 0.787253570553 0.759982272386
6480 0.79451281626 0.766990050128
6485 0.796173838323 0.768593532626
6490 0.784615174727 0.757435273388
6495 0.715207002353 0.690431473678
6500 0.777096773331 0.750177317387
6505 0.80277662759 0.774967594274
6510 0.800615539837 0.772881368891
6515 0.763484102335 0.737036203743
6520 0.783420687371 0.756282164341
6525 0.788093114503 0.760792733645
6530 0.78425278538 0.757085437593
6535 0.778528787581 0.751559725145
6540 0.775520977177 0.748656108481
6545 0.748617304193 0.722684407248
6550 0.743716770774 0.717953633501
6555 0.700466019406 0.676201134006
6560 0.552634041999 0.533490212996
6565 0.523717518735 0.505575388749
6570 0.691718363982 0.667756506638
6575 0.729537632151 0.704265675269
6580 0.75597762825 0.729789761877
6585 0.758652882422 0.732372342409
6590 0.763767743509 0.737310019286
6595 0.757045778016 0.730820909803
6600 0.773543838017 0.746747459518
6605 0.75975064077 0.733432073245
6610 0.766556609572 0.740002276073
6615 0.771370485438 0.744649394176
6620 0.776464201294 0.749566658315
6625 0.773857007664 0.747049780637
6630 0.769863627869 0.74319473575
6635 0.757788758046 0.731538152217
6640 0.769620671099 0.742960195261
6645 0.759435959758 0.733128293116
6650 0.772008617833 0.745265420989
6655 0.767462533826 0.74087681815
6660 0.76550337949 0.738985530997
6665 0.758689546721 0.732407736618
6670 0.762294050485 0.73588737655
6675 0.758902491023 0.732613304303
6680 0.748540501989 0.722610265553
6685 0.765441827345 0.738926111084
6690 0.76808568524 0.741478382938
6695 0.759618520058 0.733304529334
6700 0.757887662953 0.731633630953
6705 0.751786315951 0.725743641079
6710 0.752403832033 0.72633976575
6715 0.74599238957 0.720150422449
6720 0.736445651569 0.710934393572
6725 0.747860078184 0.72195341235
6730 0.756721233399 0.730507607756
6735 0.749258470602 0.723303362973
6740 0.747071732077 0.721192375388
6745 0.739985470203 0.714351589137
6750 0.734814388979 0.709359639647
6755 0.743421774899 0.717668856596
6760 0.741593721646 0.715904129045
6765 0.743747199589 0.717983008229
6770 0.738899377643 0.713303119974
6775 0.739699800368 0.714075815208
6780 0.742288388492 0.716574731895
6785 0.728290569932 0.703061812608
6790 0.72738161448 0.702184344336
6795 0.729954741707 0.704668335708
6800 0.731634659972 0.706290059823
6805 0.734757182741 0.709304415094
6810 0.733503778135 0.708094429752
6815 0.734581710061 0.709135020974
6820 0.733190862428 0.707792353777
6825 0.734596862877 0.70914964888
6830 0.725941238215 0.700793864231
6835 0.728937049198 0.703685897147
6840 0.714012797176 0.689278637034
6845 0.720826691049 0.695856490401
6850 0.72513053479 0.700011244432
6855 0.712133956476 0.687464881367
6860 0.720438773212 0.695482010449
6865 0.700877213942 0.676598084327
6870 0.665731583081 0.642669935373
6875 0.682079864515 0.658451895009
6880 0.701261096929 0.6769686692
6885 0.687831021322 0.664003825648
6890 0.692095942787 0.668121005713
6895 0.690532626207 0.666611844077
6900 0.694746250187 0.670679503655
6905 0.693794059141 0.669760297516
6910 0.699092513076 0.674875207391
6915 0.69181722561 0.667851943594
6920 0.694519568339 0.670460674307
6925 0.695928496378 0.671820795585
6930 0.703486997779 0.679117462486
6935 0.699466679487 0.675236412281
6940 0.697284276149 0.673129609707
6945 0.691675768582 0.667715386788
6950 0.693792329449 0.669758627742
6955 0.693844345135 0.66980884155
6960 0.694237525854 0.670188402072
6965 0.693254495948 0.669239425364
6970 0.694640388196 0.670577308835
6975 0.686307139453 0.662532732662
6980 0.677468334384 0.65400011317
6985 0.695525772199 0.671432022198
6990 0.69328958932 0.669273303065
6995 0.690104464538 0.666198514382
7000 0.68017306913 0.656611153037
7005 0.670028520303 0.646818022135
7010 0.683791646248 0.660104378808
7015 0.673179709357 0.64986005066
7020 0.683296087006 0.659625986264
7025 0.679043515303 0.655520728152
7030 0.691444859089 0.667492476244
7035 0.681072765142 0.657479682626
7040 0.687203087574 0.663397644191
7045 0.690033064077 0.666129587308
7050 0.688683906149 0.664827165641
7055 0.683323966979 0.659652900445
7060 0.681094183291 0.657500358828
7065 0.680849685647 0.657264330841
7070 0.683268081511 0.659598950909
7075 0.684004256683 0.660309624192
7080 0.686400648556 0.662623002511
7085 0.675009590121 0.651626542415
7090 0.676864026701 0.653416739346
7095 0.680832046113 0.657247302359
7100 0.682035162482 0.658408741502
7105 0.684455078692 0.66074482925
7110 0.673707522113 0.650369579422
7115 0.663564013706 0.640577452899
7120 0.667427279137 0.64430689072
7125 0.678664381228 0.655154727683
7130 0.666105817049 0.64303120548
7135 0.675764523315 0.652355323923
7140 0.675499093621 0.652099088994
7145 0.664029373 0.641026691654
7150 0.652985449581 0.630365341448
7155 0.66682756619 0.643727952465
7160 0.665988491843 0.642917944543
7165 0.633978735053 0.612017039658
7170 0.654556571279 0.631882037826
7175 0.646522828865 0.624126592764
7180 0.641865301018 0.619630406619
7185 0.624652227419 0.603013612135
7190 0.632884930286 0.610961125448
7195 0.633788182974 0.611833088506
7200 0.631965887632 0.610073919405
7205 0.629137722542 0.607343724952
7210 0.639668406561 0.617509614914
7215 0.639266735497 0.617121858162
7220 0.634943621242 0.612948501167
7225 0.629956479937 0.608134119723
7230 0.644785766945 0.622449704511
7235 0.636454159391 0.614406712673
7240 0.630152117223 0.608322979927
7245 0.631697419886 0.609814751667
7250 0.627187135384 0.605460708201
7255 0.636550558992 0.61449977289
7260 0.633527179848 0.611581126805
7265 0.626780553818 0.605068211052
7270 0.633325274225 0.611386215406
7275 0.617694860945 0.596297256211
7280 0.64342233187 0.621133500272
7285 0.619168615941 0.597719958771
7290 0.593179791711 0.57263141496
7295 0.623606765406 0.602004366035
7300 0.622086519818 0.600536783365
7305 0.625722845838 0.604047143197
7310 0.608531606374 0.587451426491
7315 0.628541225685 0.606767891379
7320 0.62171349917 0.600176684547
7325 0.615420628378 0.594101805471
7330 0.622146192703 0.600594389118
7335 0.63037592285 0.608539032689
7340 0.62975938794 0.607943855202
7345 0.627787618388 0.606040389838
7350 0.624321997307 0.602694821544
7355 0.613036160115 0.591799937715
7360 0.62134366439 0.599819661237
7365 0.620816572055 0.599310827939
7370 0.619171334381 0.597722583042
7375 0.614121432896 0.592847615497
7380 0.625346582215 0.603683913745
7385 0.609480859515 0.588367796496
7390 0.606250717732 0.585249550249
7395 0.612646414301 0.59142369311
7400 0.617368502832 0.595982203488
