Wave Flux FluxNorm
3600 0.322353107929 0.30431922379
3605 0.211705382798 0.199861630555
3610 0.180522372885 0.170423138607
3615 0.255519823328 0.241224894022
3620 0.178980467453 0.168967494306
3625 0.309462913344 0.292150164723
3630 0.254447572008 0.240212629268
3635 0.235178555829 0.222021608606
3640 0.324164225837 0.306029019608
3645 0.244644186432 0.230957689218
3650 0.239326826723 0.225937806551
3655 0.360851413868 0.340663761169
3660 0.40136518969 0.378911013972
3665 0.352168834122 0.332466924024
3670 0.332579633353 0.313973631339
3675 0.365598176529 0.345144968556
3680 0.26878911072 0.253751837737
3685 0.28391880636 0.268035110087
3690 0.32638267155 0.30812335548
3695 0.339831105022 0.320819423036
3700 0.401474126035 0.379013855928
3705 0.2462114639 0.232437286129
3710 0.27651160537 0.261042301268
3715 0.397277594774 0.375052097519
3720 0.166243395218 0.156942991237
3725 0.271004301351 0.255843100631
3730 0.260754016833 0.246166263177
3735 0.117371061936 0.110804796309
3740 0.244665229253 0.230977554809
3745 0.159609106394 0.150679854398
3750 0.169587935665 0.160100423033
3755 0.328900781624 0.310500591139
3760 0.223793161264 0.211273164272
3765 0.229737235439 0.216884700177
3770 0.32509260803 0.306905463921
3775 0.357563052756 0.337559365782
3780 0.380920107721 0.359609721935
3785 0.34713833639 0.327717854983
3790 0.245209502494 0.231491378954
3795 0.238968862211 0.225599868186
3800 0.244531857075 0.230851644071
3805 0.319305041703 0.301441680111
3810 0.307321786322 0.290128821986
3815 0.196005590019 0.185040154867
3820 0.153986524481 0.145371825031
3825 0.13173756403 0.124367571595
3830 0.146608159919 0.138406239401
3835 0.15493117917 0.146263631483
3840 0.143999360709 0.135943388164
3845 0.225414455107 0.212803755639
3850 0.191068316846 0.180379094983
3855 0.178603841036 0.168611938067
3860 0.141500552538 0.133584374573
3865 0.216766298682 0.204639416019
3870 0.167090470226 0.157742677055
3875 0.248457510961 0.234557679204
3880 0.198802381673 0.187680481404
3885 0.237608728307 0.224315826296
3890 0.311790019928 0.294347082488
3895 0.356046412986 0.336127573669
3900 0.328507086084 0.310128920701
3905 0.300615628139 0.283797836484
3910 0.399802679694 0.37743591782
3915 0.415193978054 0.391966157656
3920 0.298289057697 0.281601424867
3925 0.285291810697 0.26933130238
3930 0.144545337032 0.136458820114
3935 0.10160088404 0.0959168731644
3940 0.249177215115 0.235237119868
3945 0.289237135945 0.273055908371
3950 0.402156565626 0.379658116775
3955 0.415950389499 0.392680252039
3960 0.337032794509 0.318177662612
3965 0.189865615673 0.179243678328
3970 0.12941254645 0.122172625967
3975 0.318641834052 0.300815575282
3980 0.473888699729 0.447377232348
3985 0.483900702289 0.456829118409
3990 0.528534780719 0.498966165542
3995 0.527788927803 0.498262038996
4000 0.567069250333 0.535344843438
4005 0.515859781148 0.487000262512
4010 0.582960696989 0.550347251023
4015 0.602430991346 0.568728289455
4020 0.613718617674 0.579384435148
4025 0.608077630814 0.57405903049
4030 0.543665354985 0.513250267364
4035 0.497250131589 0.469431720533
4040 0.62492795138 0.58996666826
4045 0.420458348745 0.396936015749
4050 0.600061225999 0.56649109945
4055 0.545395852292 0.514883952861
4060 0.527497214536 0.497986645483
4065 0.452703507899 0.427377235528
4070 0.545466592977 0.514950735993
4075 0.537963959677 0.507867833778
4080 0.597405564804 0.563984007899
4085 0.609829855181 0.575713227536
4090 0.691552370977 0.652863817872
4095 0.602731810787 0.569012279703
4100 0.52808502493 0.498541571117
4105 0.58436497918 0.551672971346
4110 0.595879421994 0.562543244389
4115 0.642620253133 0.606669183
4120 0.592202136888 0.559071683167
4125 0.613412444221 0.579095390416
4130 0.548081510126 0.517419362904
4135 0.542043008844 0.51171868257
4140 0.601250805274 0.567614128306
4145 0.487447280446 0.460177285016
4150 0.536247682235 0.506247572623
4155 0.514138376344 0.485375160843
4160 0.599465907365 0.565929085621
4165 0.573590019943 0.541500811839
4170 0.566410839641 0.534723267204
4175 0.514595587987 0.485806794009
4180 0.535429577855 0.505475236686
4185 0.571303658477 0.539342359726
4190 0.571996986399 0.539996899763
4195 0.544760682889 0.514284317694
4200 0.49817033309 0.47030044182
4205 0.61500622287 0.580600005912
4210 0.630936748353 0.595639306078
4215 0.552566150344 0.521653112157
4220 0.706613443881 0.66708230655
4225 0.44847628053 0.423386498289
4230 0.616275930138 0.581798680039
4235 0.592540899453 0.55939149383
4240 0.628961156129 0.593774237377
4245 0.710824981581 0.67105823187
4250 0.544414125766 0.513957148536
4255 0.58164130611 0.54910167281
4260 0.549856546764 0.519095096001
4265 0.712027526597 0.672193501104
4270 0.522030078747 0.492825365884
4275 0.514618104952 0.485828051272
4280 0.629595282704 0.594372888057
4285 0.60885225935 0.574790322818
4290 0.529084351813 0.499484991156
4295 0.573199521913 0.541132160027
4300 0.398005293171 0.375739085192
4305 0.398376285904 0.37608932292
4310 0.360694715292 0.340515829016
4315 0.68227876717 0.644109021213
4320 0.800638416098 0.755847098506
4325 0.489398486101 0.462019331442
4330 0.762086846828 0.719452277587
4335 0.791538760442 0.747256518556
4340 0.590035870894 0.557026607846
4345 0.756099954949 0.713800319393
4350 0.749145130163 0.707234578817
4355 0.685520413956 0.647169315683
4360 0.750652775806 0.708657879975
4365 0.809773251473 0.764470890064
4370 0.732155857374 0.691195762437
4375 0.643727009842 0.607714022755
4380 0.692006680989 0.653292711736
4385 0.497787250038 0.469938790157
4390 0.651472970511 0.615026639511
4395 0.714794992561 0.674806142562
4400 0.725565051853 0.684973676249
4405 0.578589900257 0.546220976338
4410 0.76916922122 0.726138432069
4415 0.708761479147 0.669110171053
4420 0.831344290693 0.784835148234
4425 0.767135212232 0.724218214701
4430 0.782620543714 0.738837227024
4435 0.723601866314 0.683120320147
4440 0.821484444221 0.775526905965
4445 0.838381031559 0.791478222136
4450 0.861528805931 0.813331005794
4455 0.719860977791 0.679588713771
4460 0.692793343541 0.654035364843
4465 0.802940732275 0.758020612751
4470 0.808897292417 0.763643936101
4475 0.902643681977 0.85214573057
4480 0.832025304935 0.785478063474
4485 0.908795875966 0.857953743129
4490 0.834491783531 0.787806556153
4495 0.808746483071 0.76350156371
4500 0.900139977821 0.849782094896
4505 0.979641598003 0.924836036517
4510 0.958429313678 0.904810462878
4515 0.886382329712 0.836794111561
4520 0.927962485969 0.876048086677
4525 0.834752467656 0.788052656434
4530 0.75160751992 0.709559211406
4535 0.798436493694 0.753768361555
4540 0.885859601176 0.836300626813
4545 0.865973161325 0.817526723939
4550 0.846652033434 0.799286506928
4555 0.864706620073 0.816331038707
4560 0.953724824512 0.900369164016
4565 0.869712687992 0.821057044648
4570 0.919126619226 0.8677065381
4575 0.950621490544 0.897439444521
4580 0.848446229135 0.800980327244
4585 0.85986413451 0.811759463588
4590 0.932823219673 0.880636889054
4595 0.859921392766 0.811813518559
4600 0.873940906512 0.825048717588
4605 0.896993324339 0.846811479377
4610 0.973512101756 0.919049451886
4615 0.9520978732 0.898833231685
4620 0.959189232161 0.905527868099
4625 0.9640973394 0.910161393722
4630 0.9695834935 0.915340627663
4635 0.929005362256 0.877032619769
4640 0.893459928957 0.84347575804
4645 0.859308651127 0.811235056446
4650 0.877041914468 0.827976241198
4655 0.8998567909 0.849514750726
4660 0.982875865227 0.927889364271
4665 0.847118305811 0.799726693929
4670 0.868692701025 0.820094120344
4675 0.924656145377 0.872926717663
4680 0.878788041456 0.829624681981
4685 0.922804913852 0.871179052364
4690 0.903897630705 0.85332952776
4695 0.921986041609 0.870405991521
4700 0.860185115112 0.81206248709
4705 0.876509347846 0.827473468751
4710 0.894103197132 0.844083038897
4715 0.905297579271 0.854651156901
4720 1.02449311756 0.967178360138
4725 0.99525651072 0.939577380716
4730 0.876303057778 0.827278719477
4735 0.923600431324 0.871930065008
4740 0.971812661791 0.917445086244
4745 1.00008317876 0.944134023219
4750 0.998500089243 0.942639498853
4755 0.936118992668 0.883748281669
4760 0.969468181292 0.915231766539
4765 0.884125865498 0.834663884115
4770 0.955116373896 0.901682863862
4775 0.996052480486 0.940328820349
4780 1.0028269117 0.946724259382
4785 0.948703899768 0.895629132407
4790 0.95008557364 0.896933509222
4795 1.03603102864 0.97807078853
4800 0.969732276883 0.915481087433
4805 0.987477895381 0.932233936139
4810 0.977075061003 0.922413083152
4815 1.00565587718 0.949394959793
4820 1.03274801061 0.974971437309
4825 0.966688093208 0.912607209098
4830 0.96527627716 0.911274376396
4835 0.986556311145 0.931363909475
4840 0.942747100228 0.890005583052
4845 0.980794511973 0.925924451289
4850 0.978540747414 0.923796772465
4855 0.91564322066 0.864418016533
4860 0.778956918485 0.735378561484
4865 0.881392614048 0.832083543056
4870 0.856859244724 0.808922680865
4875 0.902364786522 0.851882437782
4880 0.97151198695 0.917161232506
4885 0.908068404107 0.85726696932
4890 0.832354880218 0.785789200832
4895 1.02621615229 0.968805000552
4900 1.00148412782 0.945456596876
4905 0.996903554895 0.941132281824
4910 0.923402221999 0.871742944405
4915 0.990289837318 0.934888565384
4920 0.77100299262 0.727869614041
4925 0.927348457686 0.875468409901
4930 1.02168306173 0.964525511488
4935 0.941493884089 0.888822477466
4940 0.909957243939 0.859050138948
4945 1.01997978094 0.962917519894
4950 1.03830062284 0.980213411414
4955 0.960793338654 0.907042233653
4960 0.971946646374 0.917571575126
4965 0.984368049104 0.929298068664
4970 0.974050127308 0.919557377866
4975 1.02117352336 0.964044478986
4980 0.920348447787 0.868860012071
4985 0.87272963552 0.823905210548
4990 0.97395557572 0.91946811592
4995 0.977982607945 0.923269857832
5000 0.9202679663 0.86878403308
5005 0.854413996715 0.806614231038
5010 0.919327217008 0.867895913539
5015 0.844035082211 0.796815959739
5020 0.888664535354 0.838948640345
5025 0.91451933025 0.863357001612
5030 0.954221231954 0.900837800191
5035 0.955458145559 0.90200551528
5040 0.815867865068 0.770224543536
5045 0.974246810422 0.919743057641
5050 0.887021848238 0.837397852542
5055 0.972286155202 0.917892090301
5060 1.0098083254 0.95331510137
5065 0.923120103766 0.871476609135
5070 0.921468832419 0.869917717342
5075 0.926448515179 0.874618814229
5080 0.835778898087 0.789021663726
5085 0.909883741615 0.858980748675
5090 0.958564430493 0.904938020649
5095 0.951031433469 0.897826453394
5100 0.874537613053 0.825612041679
5105 0.909070613266 0.858213110387
5110 0.875432788742 0.82645713721
5115 0.953790613972 0.900431272917
5120 0.941542755501 0.888868614791
5125 0.832862372774 0.786268301969
5130 0.864533628203 0.816167724781
5135 0.912064961561 0.861039941357
5140 0.8390365439 0.792097062165
5145 0.860309719309 0.812180120367
5150 0.86059008212 0.81244479842
5155 0.880663981939 0.831395673908
5160 0.916876523193 0.865582322569
5165 0.709028290002 0.669362055307
5170 0.65337536937 0.616822609613
5175 0.770521038954 0.727414623033
5180 0.837067902917 0.790238555822
5185 0.674213182252 0.636494661427
5190 0.903715655934 0.853157733477
5195 0.874671852868 0.825738771514
5200 0.967579244757 0.913448505617
5205 0.837277130849 0.790436078601
5210 0.856820168895 0.808885791114
5215 0.9336379376 0.881406027992
5220 0.986111899502 0.930944360219
5225 0.853662688192 0.805904954096
5230 0.920090761178 0.868616741611
5235 0.93412326432 0.88186420335
5240 1.01482498966 0.958051110841
5245 1.00340240621 0.947267558135
5250 0.941120192136 0.888469691523
5255 0.961184362837 0.907411382183
5260 1.00197845768 0.945923271698
5265 0.777516508659 0.734018734668
5270 0.737153167434 0.695913500473
5275 0.921229173806 0.869691466311
5280 0.98371207675 0.928678794357
5285 0.972971068104 0.918538686092
5290 1.07290332435 1.01288028202
5295 0.99706548406 0.941285151943
5300 0.939772066428 0.887196986037
5305 1.05491191754 0.995895395497
5310 1.07937303688 1.0189880497
5315 1.03820745794 0.980125458575
5320 1.02576158102 0.968375860043
5325 0.903345882598 0.852808646926
5330 0.877718163388 0.828614657708
5335 1.03514486799 0.977234203695
5340 0.945248658845 0.892367193217
5345 1.00010942491 0.944158801039
5350 0.991517085208 0.936047155502
5355 1.07341362205 1.01336203136
5360 1.07145605856 1.01151398278
5365 0.991749528808 0.93626659516
5370 0.890969897173 0.841125029845
5375 1.03326613643 0.975460576835
5380 1.0295037146 0.971908641821
5385 1.0210811226 0.963957247541
5390 0.97706758425 0.922406024681
5395 0.925955198361 0.874153095775
5400 0.949487529365 0.896368922236
5405 0.860263673692 0.812136650749
5410 0.926139261917 0.874326861987
5415 1.0000419842 0.944095133265
5420 1.00206388039 0.946003915475
5425 0.983690870838 0.928658774799
5430 0.930951587274 0.878869964198
5435 0.924552350344 0.872828729392
5440 1.06012156628 1.00081359304
5445 0.963922053646 0.909995914243
5450 1.03281607388 0.975035692809
5455 0.958140173176 0.904537498197
5460 1.02555228959 0.968178277324
5465 0.990685450814 0.93526204648
5470 1.00357440849 0.947429937838
5475 0.93753710151 0.885087055119
5480 0.956419747314 0.902913320704
5485 1.00870349442 0.95227207961
5490 0.997858027125 0.94203335658
5495 1.00499493138 0.948770990276
5500 1.01566490746 0.958844039863
5505 0.985893838114 0.930738498167
5510 0.993970353547 0.938363176965
5515 0.9705499528 0.916253018878
5520 1.04134267972 0.983085281933
5525 1.00710947724 0.950767238925
5530 0.975860933303 0.921266879221
5535 0.999399694722 0.943488776351
5540 1.02242120957 0.965222364009
5545 1.02313435276 0.965895610764
5550 1.05925975992 1.0
5555 1.01808092817 0.961124897499
5560 1.02455411432 0.967235944466
5565 0.985510705063 0.930376799304
5570 0.979826692117 0.925010775633
5575 0.997142412638 0.94135777679
5580 1.02183730139 0.964671122281
5585 0.950118376606 0.896964477043
5590 0.92630843995 0.874486575439
5595 0.988271987652 0.932983603313
5600 0.960843775404 0.907089848745
5605 1.03006654524 0.97243998518
5610 1.06641373235 1.006753747
5615 0.943383454023 0.890606336351
5620 1.00737204261 0.951015115202
5625 0.964655104799 0.910687955214
5630 1.04526258852 0.986785893392
5635 0.999890407641 0.943952036581
5640 1.00051906425 0.944545523312
5645 1.01280179552 0.956141103288
5650 1.01739267517 0.960475148469
5655 0.992670386463 0.937135935893
5660 0.952153841307 0.898886068685
5665 1.01011716671 0.953606664702
5670 1.01933787525 0.962311525298
5675 1.05128704507 0.99247331472
5680 1.02339195754 0.966138803975
5685 0.987941407253 0.93267151707
5690 1.00559507017 0.949337554608
5695 1.03097076702 0.973293620724
5700 0.978961116499 0.924193624211
5705 0.969734692675 0.915483368075
5710 0.912431516843 0.861385989887
5715 1.0056462116 0.94938583495
5720 1.04405794185 0.98564864008
5725 1.05037798843 0.9916151148
5730 1.02995518066 0.97233485084
5735 1.04789860865 0.989274442687
5740 1.03794684395 0.979879424504
5745 1.04129323113 0.983038599721
5750 1.02037025816 0.963286152055
5755 0.992426081391 0.936905298346
5760 1.00959510173 0.953113806386
5765 1.03634849106 0.97837049067
5770 1.05059298078 0.991818079507
5775 1.03066635157 0.973006235646
5780 0.976458572804 0.921831084078
5785 0.945312288992 0.892427263607
5790 1.00833351076 0.951922794497
5795 1.03356706057 0.975744665924
5800 1.04795894301 0.989331401668
5805 1.0159936933 0.959154431939
5810 1.04081276538 0.982585013386
5815 1.02647809837 0.969052292187
5820 1.06682830111 1.00714512292
5825 1.06576611887 1.00614236394
5830 1.06169822395 1.00230204538
5835 1.04667555736 0.98811981439
5840 1.05993456035 1.00063704906
5845 1.05332939445 0.994401405879
5850 1.0407675718 0.982542348138
5855 1.00363002139 0.947482439496
5860 0.999307066289 0.94340132997
5865 1.0314876836 0.973781618671
5870 1.05329586643 0.994369753566
5875 1.05463769209 0.995636511461
5880 1.03188478639 0.974156505742
5885 1.01340679842 0.95671225961
5890 0.753684922142 0.711520394395
5895 0.821929644042 0.775947199304
5900 0.991021621463 0.93557941023
5905 1.03080494105 0.973137071809
5910 1.04402338426 0.985616015796
5915 1.00573833205 0.949472801767
5920 1.0399900335 0.981808308838
5925 1.04972933318 0.991002748247
5930 1.0188289234 0.961831046507
5935 1.03175267923 0.974031789248
5940 1.03368851177 0.9758593226
5945 1.04280916143 0.98446972206
5950 1.01874595098 0.961752715937
5955 1.02385443275 0.966575406231
5960 1.0422908893 0.983980444399
5965 1.04219977713 0.983894429461
5970 1.06062725801 1.00129099409
5975 1.02797989516 0.970470071707
5980 1.03501171565 0.977108500497
5985 0.99740484041 0.94160552317
5990 1.03473303785 0.976845413188
5995 1.03916918608 0.98103338331
6000 1.0197800772 0.962728988481
6005 1.01089050202 0.954336736156
6010 1.00887389362 0.952432945909
6015 0.99680701783 0.941041145478
6020 0.985973561343 0.93081376132
6025 1.00774446756 0.951366705025
6030 1.04549763441 0.987007789756
6035 1.05274964748 0.99385409256
6040 1.03860160318 0.980497553558
6045 1.05157241885 0.992742723399
6050 1.05683491257 0.997710809531
6055 1.02262281999 0.96541269544
6060 1.04563186319 0.98713450917
6065 1.00704891222 0.950710062188
6070 1.06235630157 1.00292330718
6075 1.05584123164 0.996772719583
6080 1.01274393991 0.956086484387
6085 1.01324598391 0.956560441783
6090 1.00721864856 0.950870302706
6095 1.02504695351 0.967701212013
6100 1.01470894932 0.957941562326
6105 1.00098987145 0.944989991433
6110 1.03229573021 0.974544459511
6115 1.036657488 0.978662200932
6120 0.99159876655 0.936124267222
6125 1.00936836235 0.952899751828
6130 1.0228719502 0.965647888181
6135 0.974771230516 0.920238139314
6140 0.990807178186 0.935376963875
6145 1.03294141663 0.975154023329
6150 1.01411771209 0.957383401561
6155 1.00217162252 0.946105630026
6160 0.951309170349 0.898088652422
6165 0.951039773269 0.897834326628
6170 0.948644856303 0.8955733921
6175 1.01103404363 0.9544722474
6180 1.02494456009 0.967604546947
6185 1.02961424575 0.972012989369
6190 0.98033718966 0.925492713645
6195 1.03252759777 0.974763355358
6200 1.01334565354 0.95665453545
6205 1.04546130129 0.986973489276
6210 1.03726723583 0.979237836724
6215 0.967645072527 0.913510650686
6220 0.984475411284 0.929399424521
6225 1.01836309135 0.961391275192
6230 0.953249237951 0.899920183908
6235 1.01936106178 0.962333414671
6240 0.986949426366 0.931735032061
6245 0.954482529835 0.901084479892
6250 0.995960371615 0.940241864464
6255 0.935578340507 0.883237876025
6260 0.963659647145 0.909748187943
6265 1.00148974189 0.945461896869
6270 1.00096998406 0.944971216638
6275 0.995856973848 0.940144251233
6280 0.937838823425 0.885371897351
6285 0.994177169172 0.938558422393
6290 0.998759708122 0.942884593483
6295 0.985423473984 0.930294448325
6300 0.951336308255 0.898114272112
6305 0.984128961101 0.92907235632
6310 0.99724259183 0.941452351507
6315 0.94776686676 0.894744521244
6320 0.954722876112 0.901311380116
6325 1.00861063176 0.952184412103
6330 1.00188438516 0.945834462022
6335 0.970311451907 0.916027860799
6340 0.981862707216 0.926932886881
6345 0.977247958363 0.922576307855
6350 1.01597853406 0.959140120778
6355 0.99043235027 0.93502310552
6360 0.946791614036 0.893823828549
6365 0.967279627353 0.913165650161
6370 1.01206675032 0.955447179833
6375 1.0231708859 0.965930100076
6380 1.0039485701 0.947783167157
6385 1.01225744625 0.955627207373
6390 1.01830011873 0.961331825547
6395 0.980170316878 0.925335176477
6400 0.948730223564 0.895653983531
6405 1.0051006304 0.948870776025
6410 0.969863049023 0.915604543591
6415 0.988769963146 0.933453719817
6420 0.963961702748 0.910033345196
6425 1.01428536466 0.957541674892
6430 0.981338329122 0.926437844858
6435 1.00829231839 0.951883906616
6440 0.974807915267 0.920272771755
6445 1.02249597538 0.965292947083
6450 0.932570367749 0.880398182805
6455 0.981864986682 0.926935038823
6460 0.991073338988 0.935628234444
6465 0.976833935357 0.92218544716
6470 0.978889486599 0.92412600161
6475 0.994703865191 0.939055652665
6480 0.995087552871 0.939417875129
6485 0.995060768596 0.939392589287
6490 0.990050826759 0.934662926152
6495 0.864482663086 0.816119610882
6500 0.94730696272 0.894310346307
6505 0.99803982268 0.942204981673
6510 0.998609088906 0.942742400584
6515 0.987644486232 0.932391207148
6520 0.980272089039 0.925431255045
6525 0.992144276503 0.936639258892
6530 0.985757722187 0.930609997178
6535 0.986550871377 0.931358774032
6540 1.00079720859 0.944808107
6545 0.96734670956 0.913228979486
6550 0.984369957418 0.929299870218
6555 0.939797786167 0.887221266897
6560 0.864573947028 0.816205787989
6565 0.841291329965 0.794225705346
6570 0.944644783747 0.891797101611
6575 0.943927458732 0.891119906987
6580 0.975616555807 0.921036173302
6585 0.973906768722 0.919422039405
6590 0.973530812926 0.919067116269
6595 0.936886793792 0.884473128542
6600 0.975990825751 0.921389504901
6605 0.969540723486 0.915300250395
6610 0.95282943392 0.899523865605
6615 0.983558871125 0.928534159744
6620 0.991228258345 0.935774486914
6625 0.968720052815 0.914525491737
6630 0.964167461523 0.910227592898
6635 0.937878598427 0.88540944716
6640 0.965936699002 0.911897851268
6645 0.95631139148 0.902811026783
6650 0.980694106506 0.925829662956
6655 0.980297267582 0.925455024987
6660 0.966712077981 0.912629852056
6665 0.945023970693 0.892155075132
6670 0.970249074599 0.915968973159
6675 0.967754688512 0.91361413426
6680 0.951737834815 0.898493335469
6685 0.974576167013 0.920053988542
6690 0.978763712963 0.924007264318
6695 0.953671652406 0.900318966597
6700 0.958538080493 0.904913144787
6705 0.952575946259 0.899284559185
6710 0.957742297318 0.904161881306
6715 0.930501998974 0.878445527891
6720 0.940506299962 0.887890143241
6725 0.951056231115 0.897849863748
6730 0.965353255047 0.911347047794
6735 0.957682475263 0.904105405966
6740 0.941711361992 0.889027788676
6745 0.945688046918 0.892781999944
6750 0.940974462765 0.888332114909
6755 0.952057855999 0.898795453227
6760 0.963699778475 0.909786074146
6765 0.948627072845 0.895556603528
6770 0.936935808495 0.884519401141
6775 0.96344080524 0.909541589039
6780 0.96058227111 0.906842974178
6785 0.926220352068 0.87440341559
6790 0.933645306285 0.881412984439
6795 0.916762626775 0.86547479803
6800 0.927389853889 0.875507490214
6805 0.933251055777 0.88104079008
6810 0.937524965896 0.885075598425
6815 0.944297929045 0.891469651523
6820 0.948344906098 0.895290222459
6825 0.961553487438 0.907759856293
6830 0.951199746059 0.89798534982
6835 0.95381584544 0.900455092824
6840 0.907929421101 0.857135761649
6845 0.942520080566 0.889791263891
6850 0.960400604232 0.906671470563
6855 0.929451913685 0.877454189101
6860 0.933313065478 0.881099330679
6865 0.947077258235 0.894093492525
6870 0.96300692225 0.909131979417
6875 0.949169484112 0.896068669866
6880 0.932241032467 0.880087272022
6885 0.936087286648 0.883718349427
6890 0.963647709547 0.909736918188
6895 0.946919569377 0.893944625491
6900 0.953324020933 0.899990783194
6905 0.944064352879 0.891249142659
6910 0.951545341577 0.898311611169
6915 0.916817345582 0.86552645562
6920 0.949584258191 0.896460239617
6925 0.914517423325 0.863355201369
6930 0.934644254246 0.882356046754
6935 0.92896017973 0.876989964957
6940 0.938739709277 0.886222383592
6945 0.909536381501 0.85865282145
6950 0.92127580192 0.869735485838
6955 0.920138785067 0.868662078827
6960 0.926779508517 0.874931290309
6965 0.916975483959 0.865675747025
6970 0.923726258255 0.872048852614
6975 0.896220111065 0.846081523134
6980 0.871555986137 0.822797220396
6985 0.927797699771 0.875892519361
6990 0.925545032142 0.873765876101
6995 0.927418177746 0.875534229507
7000 0.902204883379 0.85173148034
7005 0.896383061618 0.846235357499
7010 0.910159345079 0.859240933641
7015 0.872579611196 0.823763579261
7020 0.908792333696 0.857950399029
7025 0.883104715581 0.833699861921
7030 0.907673898737 0.856894534357
7035 0.906209316681 0.855511887615
7040 0.91508548681 0.863891484825
7045 0.925177231417 0.873418651804
7050 0.928811324161 0.876849437039
7055 0.912208541382 0.861175488677
7060 0.899369939273 0.849055135771
7065 0.907344585863 0.856583644728
7070 0.904223127979 0.853636815251
7075 0.924727725269 0.872994293054
7080 0.926761513911 0.874914302403
7085 0.874187605985 0.825281615582
7090 0.899282392031 0.848972486316
7095 0.906062361909 0.855373154155
7100 0.919745291776 0.868290599322
7105 0.917250020643 0.86593492489
7110 0.894774041759 0.844716353456
7115 0.902893372445 0.852381452228
7120 0.895490603776 0.845392827768
7125 0.910745714829 0.859794499227
7130 0.883915901234 0.834465666196
7135 0.913254636685 0.862163060699
7140 0.910427901284 0.859494465602
7145 0.899473747417 0.84915313642
7150 0.878276451686 0.829141712845
7155 0.904824003295 0.854204074897
7160 0.904033793636 0.853458073123
7165 0.856431306126 0.808518683078
7170 0.904840380518 0.854219535904
7175 0.892001677603 0.842099087832
7180 0.871642297924 0.822878703514
7185 0.86386585863 0.815537313244
7190 0.851350577318 0.803722193114
7195 0.864514261515 0.816149441552
7200 0.875439357592 0.826463338569
7205 0.872866676645 0.824034584976
7210 0.870708779057 0.821997409895
7215 0.881687652038 0.832362075292
7220 0.878904191454 0.829734334025
7225 0.881074229001 0.831782969902
7230 0.892828860216 0.842879994126
7235 0.888415811156 0.838713830898
7240 0.880804524966 0.831528354325
7245 0.877820772505 0.82871152641
7250 0.877277776814 0.828198908342
7255 0.881967396037 0.832626169153
7260 0.866454780205 0.81798139889
7265 0.873999966161 0.825104473175
7270 0.883204500947 0.833794064845
7275 0.870720451793 0.822008429605
7280 0.867815794483 0.819266271902
7285 0.852614645204 0.804915543351
7290 0.815553954425 0.769928194468
7295 0.858931842063 0.810879327778
7300 0.867166701961 0.818653492538
7305 0.875868300702 0.82686828467
7310 0.853411396649 0.805667720934
7315 0.875741817946 0.826748877929
7320 0.87053565871 0.821833974679
7325 0.851165237077 0.803547221641
7330 0.865284603441 0.816876687083
7335 0.877913829701 0.828799377567
7340 0.886552621922 0.836954876858
7345 0.863513703517 0.815204859274
7350 0.863403612421 0.815100927169
7355 0.848651365239 0.801173987111
7360 0.862626242267 0.814367046601
7365 0.857254818366 0.809296124336
7370 0.877219803517 0.828144178332
7375 0.873575834491 0.82470406934
7380 0.882830173954 0.833440679389
7385 0.845970117163 0.798642740124
7390 0.839458285914 0.792495210032
7395 0.876846635462 0.827791886979
7400 0.859218288742 0.811149749339
