Wave Flux FluxNorm
3600 0.694824005863 0.682856685205
3605 0.614632182658 0.604046048105
3610 0.588829351661 0.578687632888
3615 0.631840329791 0.620957810235
3620 0.579209787559 0.569233751617
3625 0.691481477159 0.679571726637
3630 0.638929678568 0.627925055416
3635 0.615399207448 0.604799862022
3640 0.698723708064 0.686689220776
3645 0.619493898223 0.608824027777
3650 0.643155512274 0.632078105357
3655 0.717201950174 0.704849202367
3660 0.735485161473 0.722817512266
3665 0.714966527675 0.70265228173
3670 0.69500411774 0.68303369492
3675 0.717672763814 0.705311906936
3680 0.663701980915 0.652270691322
3685 0.663690255604 0.652259167962
3690 0.702274309673 0.6901786685
3695 0.730312136767 0.717733585296
3700 0.76838237596 0.755148120661
3705 0.625261452399 0.614492244322
3710 0.671581223136 0.660014225195
3715 0.798826192024 0.78506758681
3720 0.623090235976 0.612358423906
3725 0.732623526238 0.720005164486
3730 0.742605026844 0.729814748438
3735 0.524315476448 0.515284914205
3740 0.741020257385 0.728257274299
3745 0.653793401839 0.642532772934
3750 0.54618950654 0.53678219633
3755 0.801717077497 0.787908681037
3760 0.701134213275 0.689058208584
3765 0.751102377592 0.738165744827
3770 0.638876162125 0.627872460715
3775 0.781898600858 0.768431548482
3780 0.87373781939 0.858688971672
3785 0.861475729679 0.846638078405
3790 0.78286871764 0.769384956431
3795 0.684269711362 0.67248417289
3800 0.680190153798 0.668474879699
3805 0.868955579289 0.853989098616
3810 0.908780691292 0.893128281691
3815 0.773028149423 0.759713877516
3820 0.771327804328 0.758042818362
3825 0.700257635949 0.688196729011
3830 0.611833021738 0.601295098612
3835 0.489000418781 0.48057810642
3840 0.591428830646 0.581242339674
3845 0.825484986134 0.811267222436
3850 0.874581608877 0.859518228127
3855 0.865006570016 0.850108105214
3860 0.774585340796 0.76124424856
3865 0.919466352722 0.903629898333
3870 0.872322021953 0.857297559261
3875 0.82587949009 0.811654931641
3880 0.820931265883 0.806791933312
3885 0.719300376335 0.706911486227
3890 0.619257393129 0.608591596134
3895 0.780900592127 0.767450728983
3900 0.831115971181 0.816801222055
3905 0.782904550843 0.76942017246
3910 0.897211349498 0.881758204778
3915 0.885292317219 0.870044460285
3920 0.813405516522 0.799395803905
3925 0.781372192339 0.767914206576
3930 0.412475506817 0.405371223413
3935 0.253130560825 0.248770759545
3940 0.657187319307 0.64586823517
3945 0.789375214638 0.775779388596
3950 0.87704273928 0.861936969182
3955 0.883932453212 0.868708017933
3960 0.824308510958 0.810111010313
3965 0.508654665764 0.499893837932
3970 0.314757854518 0.309336613825
3975 0.726658364617 0.714142743992
3980 0.938158636426 0.922000234967
3985 0.952183658676 0.935783696855
3990 1.01117645399 0.993760428116
3995 1.00857100964 0.991199858705
4000 1.01962663066 1.00206506293
4005 0.985587685385 0.968612388378
4010 1.05947953645 1.04123156109
4015 1.06024107637 1.0419799846
4020 1.08059030271 1.06197872547
4025 1.07668579808 1.05814147018
4030 1.03661051577 1.01875642562
4035 1.03825234155 1.02036997336
4040 1.10528552005 1.08624860405
4045 0.978987396241 0.962125779498
4050 1.0969035599 1.07801101082
4055 1.04653037243 1.02850542735
4060 1.0628640985 1.04455782903
4065 1.00779703178 0.990439211479
4070 1.063936992 1.04561224352
4075 1.03711738617 1.01925456592
4080 1.04042716559 1.02250733926
4085 1.04517958339 1.02717790367
4090 1.103274945 1.08427265819
4095 1.02963379651 1.01189987007
4100 0.804722277317 0.790862120713
4105 0.909881805449 0.894210430777
4110 1.03779232162 1.0199178766
4115 1.10277119462 1.08377758417
4120 1.06698482428 1.04860758138
4125 1.08877214424 1.07001964682
4130 1.07774422009 1.05918166243
4135 1.07405899118 1.05555990617
4140 1.1349329281 1.11538537913
4145 1.08116558976 1.06254410405
4150 1.10905894789 1.08995704014
4155 1.06865773703 1.05025168067
4160 1.12129862234 1.10198590423
4165 1.14167501046 1.12201133905
4170 1.09196737984 1.0731598492
4175 1.04441291996 1.02642444488
4180 1.09940145859 1.08046588688
4185 1.08307651764 1.06442211901
4190 1.09258447594 1.07376631672
4195 1.10900873397 1.08990769109
4200 1.04461364909 1.02662171675
4205 1.09137826299 1.07258087902
4210 1.12246664106 1.10313380554
4215 1.0891484047 1.07038942675
4220 1.10462189572 1.08559640967
4225 0.964599444294 0.947985638842
4230 1.0781163762 1.05954740871
4235 1.05027938863 1.03218987226
4240 1.05891006027 1.04067189329
4245 1.06810786808 1.0497112824
4250 1.01948165041 1.00192257975
4255 1.05958679867 1.04133697587
4260 1.01073810838 0.993329632363
4265 1.092643237 1.07382406572
4270 0.995151782162 0.978011757667
4275 0.998158870027 0.98096705287
4280 1.03723865852 1.01937374954
4285 1.0034033237 0.986121178544
4290 0.928749294858 0.912752955456
4295 0.968802912635 0.95211670863
4300 0.793769865953 0.780098348513
4305 0.816175973918 0.802118544251
4310 0.784869685497 0.771351460563
4315 1.00879440978 0.991419411107
4320 1.0990751188 1.08014516781
4325 0.925750122335 0.909805439265
4330 1.07386697705 1.0553711992
4335 1.0278850508 1.01018124394
4340 0.729717767767 0.717149453427
4345 0.98185532278 0.964944310224
4350 1.03853355932 1.02064634757
4355 1.05316046326 1.03502132463
4360 1.08896016124 1.07020442551
4365 1.11819182017 1.09893261214
4370 1.08402533001 1.06535458948
4375 1.0441494736 1.026165536
4380 1.09339926602 1.07456707324
4385 0.967126940945 0.950469603084
4390 1.0700592103 1.05162901562
4395 1.07441054943 1.05590540934
4400 1.07833796798 1.05976518389
4405 1.06044441535 1.04217982136
4410 1.12550945246 1.10612420899
4415 1.09333297044 1.0745019195
4420 1.15283988682 1.13298391685
4425 1.1344455201 1.11490636602
4430 1.14592478634 1.12618791879
4435 1.10157685378 1.08260381409
4440 1.1581270293 1.13817999609
4445 1.12475603454 1.10538376759
4450 1.14289327536 1.12320862113
4455 1.07189453753 1.05343273204
4460 1.10260440197 1.08361366428
4465 1.1387436729 1.11913048947
4470 1.1240928561 1.10473201142
4475 1.1854092515 1.16499232217
4480 1.13539995166 1.11584435891
4485 1.17358830188 1.153374971
4490 1.146506306 1.12675942263
4495 1.1665132241 1.14642175102
4500 1.18451270383 1.16411121622
4505 1.218867621 1.19787442051
4510 1.20873561215 1.1879169206
4515 1.18249929124 1.16213248169
4520 1.17665994983 1.15639371434
4525 1.13854511542 1.11893535184
4530 1.09878723311 1.07986224053
4535 1.09045996945 1.07167840173
4540 1.1760279696 1.15577261905
4545 1.15064556814 1.13082739208
4550 1.09684014714 1.07794869026
4555 1.11532001098 1.09611026564
4560 1.17396404647 1.15374424395
4565 1.14873254988 1.12894732274
4570 1.16005563954 1.14007538885
4575 1.17369914413 1.15348390417
4580 1.13736006357 1.11777071077
4585 1.12491547696 1.10554046385
4590 1.14739165269 1.12762952054
4595 1.14929704211 1.12950209243
4600 1.14230436347 1.12262985239
4605 1.14836117228 1.12858234158
4610 1.16802756223 1.14791000691
4615 1.15717677932 1.13724611276
4620 1.1542456149 1.13436543333
4625 1.15918960686 1.13922427231
4630 1.15828275922 1.13833304379
4635 1.15174342139 1.13190633643
4640 1.15312391733 1.13326305536
4645 1.13926489599 1.11964273526
4650 1.13262140961 1.11311367315
4655 1.12580544116 1.10641509972
4660 1.16710798384 1.1470062669
4665 1.13121172465 1.11172826794
4670 1.11382858681 1.09464452906
4675 1.1487975614 1.12901121454
4680 1.11482480596 1.0956235898
4685 1.14010263212 1.12046604261
4690 1.13589956598 1.1163353681
4695 1.14718070272 1.12742220387
4700 1.11505200724 1.09584687787
4705 1.09490159932 1.07604353107
4710 1.11166740958 1.09252057493
4715 1.13472705118 1.11518304814
4720 1.15905063944 1.1390876984
4725 1.15629405756 1.13637859459
4730 1.1179800026 1.09872444282
4735 1.12887267057 1.10942950063
4740 1.14345753292 1.12376316019
4745 1.15064694382 1.13082874407
4750 1.15161961828 1.13178466564
4755 1.12048673193 1.10118799743
4760 1.13794088023 1.11834152372
4765 1.10490096869 1.08587067602
4770 1.13863172647 1.11902047115
4775 1.14708315164 1.12732633296
4780 1.1470183027 1.12726260095
4785 1.12328520087 1.10393826686
4790 1.11705163889 1.09781206881
4795 1.14959023377 1.12979023429
4800 1.1375404751 1.11794801498
4805 1.13011406601 1.11064951485
4810 1.13306162687 1.11354630831
4815 1.14886844691 1.12908087915
4820 1.14592520268 1.12618832797
4825 1.11775081801 1.0984992056
4830 1.12854577419 1.10910823455
4835 1.13360941175 1.11408465841
4840 1.10895509212 1.08985497314
4845 1.12102989948 1.10172180972
4850 1.09683761321 1.07794619996
4855 1.03124189281 1.01348026929
4860 0.793733350579 0.780062462062
4865 0.936733048557 0.92059920075
4870 1.03102339801 1.01326553774
4875 1.06865503076 1.05024902102
4880 1.09439952994 1.07555010909
4885 1.0893662059 1.07060347665
4890 1.04865884182 1.03059723699
4895 1.13078945596 1.1113132722
4900 1.12581838807 1.10642782364
4905 1.1086091335 1.08951497314
4910 1.09200198731 1.0731938606
4915 1.12263413541 1.10329841505
4920 1.03388526504 1.01607811332
4925 1.08593115593 1.06722759036
4930 1.12288313358 1.10354312458
4935 1.08451696613 1.0658377579
4940 1.08244378136 1.06380028068
4945 1.11974359243 1.10045765741
4950 1.12624646267 1.10684852529
4955 1.10312430273 1.08412461051
4960 1.09713141597 1.0782349424
4965 1.11760641272 1.09835728748
4970 1.10068568062 1.08172799008
4975 1.12238635312 1.10305490044
4980 1.07388403288 1.05538796127
4985 1.04368985776 1.02571383637
4990 1.09035012903 1.07157045315
4995 1.09698164122 1.0780877473
5000 1.06977998857 1.05135460307
5005 1.05054564049 1.03245153833
5010 1.08038155119 1.06177356939
5015 1.03316362146 1.01536889899
5020 1.05224710218 1.03412369484
5025 1.07434061245 1.05583667693
5030 1.08680961954 1.06809092372
5035 1.07239984355 1.05392933491
5040 1.01458605876 0.997111307455
5045 1.08594446917 1.0672406743
5050 1.05693841602 1.03873420771
5055 1.09206174401 1.07325258809
5060 1.10096223334 1.08199977959
5065 1.05227662215 1.03415270638
5070 1.06658087377 1.04821058832
5075 1.06406103715 1.04573415217
5080 1.01691917448 0.999404238692
5085 1.06102121937 1.04274669079
5090 1.07898333168 1.06039943215
5095 1.08006768647 1.06146511053
5100 1.04132260698 1.02338735799
5105 1.06450703009 1.04617246355
5110 1.04283161369 1.02487037429
5115 1.07651989614 1.05797842566
5120 1.07165919023 1.05320143826
5125 1.03382231308 1.01601624561
5130 1.04032018623 1.02240220246
5135 1.04588097987 1.02786721962
5140 1.0068115527 0.989470705823
5145 1.03356495661 1.01576332173
5150 1.03920363455 1.02130488174
5155 1.04374764066 1.02577062404
5160 1.06064927382 1.04238115145
5165 0.983580994666 0.966640259952
5170 0.903697065083 0.88813221346
5175 0.969048798495 0.952358359468
5180 1.02569794189 1.00803180476
5185 0.898091243158 0.882622943565
5190 1.0059254487 0.988599863658
5195 1.00146792909 0.984219118258
5200 1.03986214261 1.02195204797
5205 0.992979439939 0.975876830841
5210 1.01571377893 0.998219604306
5215 1.02370851088 1.00607663877
5220 1.04868997603 1.03062783496
5225 1.00175475764 0.984501006615
5230 1.01090934709 0.993497921731
5235 1.01442608652 0.996954090507
5240 1.04623895199 1.0282190262
5245 1.0298105357 1.01207356519
5250 1.02971467609 1.01197935663
5255 1.03973472747 1.02182682737
5260 1.03322991204 1.01543404781
5265 0.952706402713 0.936297437396
5270 0.946586670326 0.93028310839
5275 1.00148583207 0.984236712889
5280 1.03268681915 1.0149003089
5285 1.02429831026 1.00665627973
5290 1.05642171937 1.0382264104
5295 1.0415606302 1.02362128161
5300 1.02370821423 1.00607634723
5305 1.0464628186 1.02843903704
5310 1.05320031215 1.03506048718
5315 1.03806646187 1.02018729519
5320 1.04344948795 1.02547760657
5325 1.00346805888 0.986184798763
5330 0.993382871503 0.97627331389
5335 1.03153702091 1.01377031424
5340 1.00440488124 0.987105485738
5345 1.0299288328 1.0121898248
5350 1.02299199217 1.00537246104
5355 1.04844282268 1.03038493846
5360 1.04767648527 1.02963180009
5365 1.00867110356 0.991298228655
5370 0.992592774826 0.975496825465
5375 1.03758008814 1.01970929853
5380 1.02725382186 1.00956088699
5385 1.02647312404 1.00879363554
5390 1.02354361136 1.0059145794
5395 1.01226411976 0.994829360436
5400 1.00772684395 0.99037023253
5405 0.974571318022 0.957785761725
5410 0.997091597534 0.979918162575
5415 1.01254943622 0.995109762741
5420 1.02068572195 1.00310591293
5425 1.00697113365 0.98962753822
5430 1.00116150977 0.98391797656
5435 1.00233063119 0.985066961585
5440 1.03916757394 1.02126944223
5445 0.998624999942 0.981425154383
5450 1.02412886059 1.00648974857
5455 0.997623052038 0.980440463557
5460 0.999594700538 0.982378153314
5465 1.00448966094 0.987188805229
5470 1.0251332727 1.00747686117
5475 0.990440540314 0.973381660024
5480 1.01074111912 0.993332591244
5485 1.02079592684 1.00321421971
5490 1.01871222499 1.00116640655
5495 1.01713502723 0.999616373696
5500 1.01024047885 0.992840573762
5505 1.00826953877 0.990903580227
5510 1.01308414655 0.995635263472
5515 1.01084496141 0.993434645
5520 1.02318043609 1.00555765929
5525 1.00194471722 0.984687694417
5530 0.989275061953 0.972236255312
5535 1.00625567803 0.988924405277
5540 1.01829328016 1.00075467742
5545 1.0102273022 0.992827624061
5550 1.01752537673 1.0
5555 1.00390088129 0.986610166442
5560 1.00704013673 0.989695352826
5565 0.989769152632 0.972721836006
5570 0.982017322461 0.965103519699
5575 0.984926138498 0.967962235662
5580 0.999298994662 0.982087540537
5585 0.979299070295 0.962432085425
5590 0.955842504479 0.939379524425
5595 0.968534781235 0.951853195398
5600 0.957724102631 0.941228714818
5605 0.985104708365 0.968137729925
5610 1.00111732402 0.983874551853
5615 0.958210905187 0.941707132917
5620 0.990378264186 0.97332045651
5625 0.972450497196 0.955701468916
5630 0.994320010793 0.977194312335
5635 0.984599693349 0.96764141305
5640 0.977492384265 0.960656516902
5645 0.986653118421 0.969659470898
5650 0.985961663105 0.968979924882
5655 0.969601119273 0.952901167333
5660 0.952883261813 0.936471250357
5665 0.972388087245 0.955640133884
5670 0.980840198816 0.963946670276
5675 0.982397274611 0.965476927732
5680 0.973119444167 0.95635889426
5685 0.958834052851 0.94231954778
5690 0.965114284999 0.948491612174
5695 0.972599263986 0.955847673417
5700 0.968038625485 0.9513655852
5705 0.960389560854 0.943848264448
5710 0.926037082686 0.910087457146
5715 0.964215156989 0.947607970321
5720 0.971304954803 0.954575656804
5725 0.971292980764 0.954563889
5730 0.970924633076 0.954201885559
5735 0.96978827352 0.953085098124
5740 0.966209392511 0.949567858072
5745 0.96584655848 0.949211273322
5750 0.958583621902 0.942073430135
5755 0.947022952013 0.930711875767
5760 0.958429598802 0.941922059856
5765 0.959011343445 0.942493784804
5770 0.963151807564 0.946562935525
5775 0.958421655774 0.941914253636
5780 0.954700933635 0.938257615459
5785 0.952649790794 0.936241800533
5790 0.952502269811 0.936096820382
5795 0.958165568728 0.941662577312
5800 0.964903996162 0.948284945253
5805 0.959401277686 0.942877003002
5810 0.967535772061 0.950871392686
5815 0.962055240255 0.945485254973
5820 0.966717761591 0.950067471242
5825 0.968437012241 0.951757110331
5830 0.966917325547 0.950263598003
5835 0.96722797497 0.950568896947
5840 0.97038671097 0.953673228369
5845 0.96694480038 0.950290599623
5850 0.960940628253 0.944389840522
5855 0.944696378098 0.928425373663
5860 0.94457443993 0.928305535701
5865 0.958858406765 0.942343482234
5870 0.961686115371 0.945122487722
5875 0.959689620438 0.943160379475
5880 0.954528853072 0.93808849873
5885 0.944163444979 0.927901619532
5890 0.867766456707 0.85282045692
5895 0.888511568625 0.873208264824
5900 0.936837731705 0.920702080885
5905 0.948441915369 0.932106399568
5910 0.947588862836 0.931268039609
5915 0.931482510585 0.915439095566
5920 0.941887089192 0.925664470623
5925 0.945590248072 0.929303848042
5930 0.932323596997 0.916265695503
5935 0.935077307154 0.918971977056
5940 0.931466051193 0.915422919662
5945 0.930076210878 0.914057017301
5950 0.926086894719 0.91013641124
5955 0.929741842921 0.913728408339
5960 0.931925057089 0.915874019858
5965 0.928133149709 0.9121474225
5970 0.926757129438 0.910795102152
5975 0.916666036786 0.900877813717
5980 0.922629195583 0.906738265881
5985 0.909060370958 0.893403144287
5990 0.916642093281 0.900854282603
5995 0.912961691158 0.897237269989
6000 0.916251013808 0.900469938898
6005 0.904922839442 0.88933687566
6010 0.892052941366 0.876688642633
6015 0.905943587808 0.890340043138
6020 0.893940328686 0.878543522485
6025 0.895459378227 0.880036408634
6030 0.907528617712 0.891897773235
6035 0.907165773909 0.891541178883
6040 0.904923137884 0.889337168962
6045 0.905247282509 0.889655730673
6050 0.909719367171 0.89405079026
6055 0.896527421503 0.881086056436
6060 0.90323297415 0.88767611581
6065 0.888104615273 0.872808320645
6070 0.901460007648 0.885933686046
6075 0.90003983551 0.884537974282
6080 0.892153106152 0.876787082227
6085 0.891769557236 0.876410139377
6090 0.889155279987 0.873840889206
6095 0.889775239208 0.874450170542
6100 0.883282957951 0.868069709272
6105 0.878292302779 0.863165010789
6110 0.889177995497 0.873863213474
6115 0.888137462634 0.872840602258
6120 0.876429794555 0.861334581527
6125 0.878837583299 0.863700899654
6130 0.887551889399 0.87226511466
6135 0.865106061927 0.850205883523
6140 0.864702067032 0.849808846846
6145 0.882750605426 0.867546525735
6150 0.881575226165 0.866391390651
6155 0.875184919677 0.860111147786
6160 0.858076638915 0.843297531976
6165 0.857674658092 0.84290247468
6170 0.854702752822 0.839981756104
6175 0.872723001625 0.857691632648
6180 0.878678353016 0.863544411878
6185 0.879908350961 0.864753224919
6190 0.861664924674 0.846824014794
6195 0.874669967517 0.859605064919
6200 0.871182184418 0.85617735375
6205 0.876471903964 0.861375965663
6210 0.87410376821 0.859048617562
6215 0.860479546511 0.845659053026
6220 0.859107541475 0.844310678756
6225 0.868796274261 0.853832537383
6230 0.846117173754 0.831544050996
6235 0.859495588382 0.844692042127
6240 0.856585133804 0.841831715844
6245 0.839876853989 0.825411211553
6250 0.852112113708 0.837435736935
6255 0.833014854457 0.818667399861
6260 0.845091439704 0.830535983705
6265 0.848764869348 0.834146143931
6270 0.851843823596 0.837172067725
6275 0.822569869686 0.808402314577
6280 0.819735968568 0.805617223234
6285 0.844196842024 0.829656794153
6290 0.833003281107 0.818656025845
6295 0.832666709741 0.818325251426
6300 0.81560169655 0.801554157965
6305 0.833825702012 0.819464281761
6310 0.834814208935 0.820435763108
6315 0.8223931865 0.808228674499
6320 0.824145373033 0.809950682198
6325 0.836918346516 0.822503660016
6330 0.836906494568 0.8224920122
6335 0.820295407873 0.806167027021
6340 0.831303514673 0.816985535386
6345 0.829678150245 0.815388165468
6350 0.839996393083 0.825528691762
6355 0.836721242579 0.822309950904
6360 0.83307105182 0.818722629308
6365 0.836645639131 0.822235649614
6370 0.839300718825 0.824844999469
6375 0.846658214475 0.832075773087
6380 0.84282856537 0.82831208405
6385 0.842816427855 0.828300155586
6390 0.845089181152 0.830533764053
6395 0.830639283592 0.816332744707
6400 0.822365326263 0.808201294113
6405 0.839000853215 0.824550298603
6410 0.827857879266 0.813599245977
6415 0.83336963036 0.819016065272
6420 0.823850925421 0.809661306013
6425 0.841440093857 0.826947526915
6430 0.822049341616 0.807890751836
6435 0.83834347324 0.82390424103
6440 0.821845078064 0.807690006424
6445 0.842829930194 0.828313425368
6450 0.825753093491 0.811530712038
6455 0.826469578498 0.812234856645
6460 0.824317219617 0.810119568978
6465 0.823776466038 0.809588129083
6470 0.820704503766 0.806569076839
6475 0.82613624073 0.81190726013
6480 0.829927674598 0.815633392131
6485 0.829297343412 0.815013917471
6490 0.821818543375 0.807663928756
6495 0.782421842704 0.768945778259
6500 0.818825627856 0.804722561801
6505 0.83043111005 0.816128156648
6510 0.828380394355 0.814112761512
6515 0.811786342603 0.797804517873
6520 0.818951890339 0.804846649598
6525 0.819059807423 0.80495270797
6530 0.814728612247 0.800696111254
6535 0.813805485663 0.799788884167
6540 0.811547542849 0.797569831094
6545 0.796575789565 0.78285594422
6550 0.794796880006 0.78110767376
6555 0.766377495835 0.753177771646
6560 0.635346181874 0.624403279178
6565 0.6147187771 0.604131151085
6570 0.7574125117 0.744367196165
6575 0.787643599523 0.774077598003
6580 0.801049574618 0.787252674912
6585 0.802234951161 0.788417635088
6590 0.802542153504 0.788719546323
6595 0.796420532016 0.782703360755
6600 0.807401651794 0.79349534691
6605 0.804015836635 0.790167847432
6610 0.804865434295 0.791002812024
6615 0.808113305517 0.794194743445
6620 0.808079409412 0.79416143115
6625 0.80665426326 0.792760831043
6630 0.804246842069 0.790394874138
6635 0.797435932807 0.783701272761
6640 0.80234965452 0.788530362851
6645 0.797360390705 0.783627031761
6650 0.802359008124 0.788539555353
6655 0.801602803291 0.787796375035
6660 0.800493046131 0.786705731809
6665 0.794073286848 0.780396543429
6670 0.798460705297 0.784708395053
6675 0.79262642591 0.77897460254
6680 0.789199869688 0.775607063705
6685 0.795048619069 0.781355076988
6690 0.793417254947 0.779751810712
6695 0.786958896141 0.773404687629
6700 0.78584737342 0.772312309251
6705 0.780615880317 0.767170920915
6710 0.780974439228 0.767523304177
6715 0.775217978885 0.761865990389
6720 0.774894222999 0.761547810721
6725 0.773237791656 0.75991990897
6730 0.776887311237 0.763506570949
6735 0.77725602407 0.763868933246
6740 0.773156666582 0.759840181156
6745 0.770421898173 0.757152515107
6750 0.768048162441 0.754819663478
6755 0.77234979602 0.759047207752
6760 0.772737125472 0.759427866024
6765 0.769168655841 0.755920858029
6770 0.765172820732 0.751993845298
6775 0.771281939402 0.757997743391
6780 0.77225061388 0.758949733878
6785 0.760308547715 0.747213352223
6790 0.769233735341 0.755984816631
6795 0.752469662673 0.739509480436
6800 0.765737073169 0.752548379317
6805 0.769103074744 0.75585640647
6810 0.761739847618 0.748620000092
6815 0.761518739557 0.748402700291
6820 0.764014515591 0.750855490258
6825 0.766020004143 0.752826437222
6830 0.75950079407 0.746419510946
6835 0.757454747925 0.744408704933
6840 0.747513860568 0.734639034726
6845 0.747304775744 0.734433551081
6850 0.747416373012 0.734543226251
6855 0.739766172669 0.727024789347
6860 0.741721047255 0.728945994095
6865 0.74063874102 0.727882328992
6870 0.733786458728 0.721148067176
6875 0.733302547743 0.720672490845
6880 0.732387469043 0.719773173029
6885 0.729199262235 0.71663987839
6890 0.73261231451 0.719994145863
6895 0.731625724621 0.719024548532
6900 0.72816634053 0.715624747241
6905 0.725193346868 0.712702959018
6910 0.730762670486 0.718176359235
6915 0.720241040261 0.707835948602
6920 0.725210971206 0.712720279802
6925 0.725957282265 0.713453736752
6930 0.72742369261 0.714894890337
6935 0.72785542069 0.715319182537
6940 0.729004498727 0.716448469396
6945 0.719491566557 0.707099383478
6950 0.723168346201 0.710712836006
6955 0.724908670381 0.712423185664
6960 0.723645254712 0.71118153047
6965 0.721090553124 0.708670829856
6970 0.718479824327 0.706105067019
6975 0.714972815892 0.702658461642
6980 0.712270454312 0.700002644262
6985 0.730450774274 0.717869834976
6990 0.730513440798 0.717931422161
6995 0.729533181715 0.716968046598
7000 0.727378130717 0.714850113181
7005 0.718903575134 0.706521519343
7010 0.724043649633 0.711573063625
7015 0.71840141851 0.706028011627
7020 0.723758113569 0.7112924455
7025 0.724584185575 0.712104289631
7030 0.723501927989 0.711040672338
7035 0.722256985654 0.709817172303
7040 0.72710149952 0.714578246549
7045 0.724290910507 0.711816065794
7050 0.728772222151 0.716220193442
7055 0.72233158764 0.70989048938
7060 0.712446671112 0.700175825987
7065 0.714985608705 0.702671034118
7070 0.714267496227 0.70196529007
7075 0.713920328233 0.701624101533
7080 0.719651650001 0.707256709721
7085 0.711317946635 0.699066542128
7090 0.71227227574 0.700004434319
7095 0.716342635867 0.704004688484
7100 0.712799384511 0.700522464417
7105 0.713289764616 0.701004398447
7110 0.712341417234 0.700072384953
7115 0.707506484689 0.695320727003
7120 0.707757708918 0.695567624264
7125 0.707850975273 0.695659284244
7130 0.703000275887 0.690892131014
7135 0.705121985793 0.69297729759
7140 0.704815504191 0.692676094683
7145 0.694608198353 0.682644594661
7150 0.685943216972 0.674128854829
7155 0.695194898489 0.683221189751
7160 0.695953696873 0.68396691895
7165 0.687734801712 0.67588958216
7170 0.708703008875 0.696496642822
7175 0.70230544819 0.690209270701
7180 0.694167666851 0.682211650666
7185 0.689484290392 0.677608938472
7190 0.690299118701 0.678409732563
7195 0.692870874631 0.680937193783
7200 0.68900204426 0.67713499832
7205 0.681148199808 0.669416424777
7210 0.68416323439 0.672379529827
7215 0.689742178215 0.677862384558
7220 0.683140074304 0.671373992167
7225 0.678128413187 0.666448649536
7230 0.68417765537 0.672393702427
7235 0.680799111878 0.669073349373
7240 0.678265910771 0.666583778926
7245 0.678269157346 0.666586969584
7250 0.68058417925 0.668862118643
7255 0.678498580777 0.666812441534
7260 0.67792940357 0.666253067566
7265 0.675242905801 0.663612840766
7270 0.675349088443 0.663717194568
7275 0.673211264784 0.661616191776
7280 0.671099191467 0.659540495812
7285 0.665687350914 0.654221866246
7290 0.657683407427 0.646355778903
7295 0.666840253217 0.655354911504
7300 0.669167705141 0.657642276494
7305 0.669481832217 0.657950993194
7310 0.667098670906 0.655608878329
7315 0.668454403691 0.656941260612
7320 0.665016296481 0.653562369738
7325 0.654505577992 0.643232682902
7330 0.660841249789 0.649459232079
7335 0.662345850135 0.650937917899
7340 0.660365100057 0.648991283325
7345 0.65879407131 0.647447313235
7350 0.65903909206 0.647688113864
7355 0.657470428393 0.646146468119
7360 0.653130693961 0.641881479224
7365 0.654366489752 0.643095990252
7370 0.654824968169 0.643546572053
7375 0.654723600225 0.643446950022
7380 0.65734085444 0.646019125887
7385 0.648119240804 0.636956340971
7390 0.648298067175 0.637132087321
7395 0.654840939517 0.643562268318
7400 0.648774717071 0.637600527624
