Wave Flux FluxNorm
3600 0.629398631797 0.608501928414
3605 0.507861434025 0.490999894755
3610 0.467933551863 0.452397660709
3615 0.535708464353 0.517922374086
3620 0.451945837079 0.436940755045
3625 0.60690929117 0.586759257793
3630 0.555180182335 0.53674761034
3635 0.511969037703 0.494971121627
3640 0.623353727129 0.602657721005
3645 0.530753871841 0.513132279311
3650 0.536609191414 0.518793196052
3655 0.653123868329 0.631439461882
3660 0.687285107602 0.664466511712
3665 0.641138583673 0.619852101413
3670 0.617667623219 0.597160401787
3675 0.648817709808 0.627276272401
3680 0.566544652732 0.547734768244
3685 0.583110840084 0.563750940572
3690 0.619076861197 0.598522851567
3695 0.642024509012 0.620708613089
3700 0.694470393893 0.671413238863
3705 0.529391277047 0.511814924112
3710 0.56313669526 0.544439958581
3715 0.702639119428 0.67931075403
3720 0.488491686409 0.472273243343
3725 0.601093116999 0.581136186786
3730 0.595594545481 0.575820173685
3735 0.387718964171 0.374846282566
3740 0.581652025937 0.562340560605
3745 0.479218587234 0.463308020914
3750 0.422065168091 0.408052156018
3755 0.66945014073 0.647223684691
3760 0.532225526952 0.514555073908
3765 0.573611243839 0.554566741017
3770 0.548760164255 0.530540743683
3775 0.663806438397 0.641767359273
3780 0.727020748659 0.702882887263
3785 0.712316181928 0.688666527772
3790 0.590909686928 0.571290857414
3795 0.533389046492 0.515679963363
3800 0.535785160298 0.517996523644
3805 0.687807088492 0.664971162281
3810 0.716275736948 0.692494621357
3815 0.551204675933 0.532904094975
3820 0.524318224711 0.506910302503
3825 0.462710897513 0.447348404033
3830 0.425596998617 0.411466726018
3835 0.366024655969 0.353872248449
3840 0.408009346933 0.394463003059
3845 0.6244350609 0.603703153346
3850 0.648267372159 0.626744206546
3855 0.625812094729 0.605034468188
3860 0.528593330167 0.511043469915
3865 0.682973274293 0.660297835851
3870 0.618279516982 0.597751980027
3875 0.630904440088 0.60995774227
3880 0.600282133703 0.580352128997
3885 0.538321856664 0.520448998995
3890 0.503247809269 0.486539447244
3895 0.633937757188 0.612890350019
3900 0.662411862319 0.640419084602
3905 0.601992363001 0.582005576865
3910 0.722613958496 0.698622407216
3915 0.717881981027 0.694047536426
3920 0.627279609097 0.60645325952
3925 0.585947653735 0.566493568996
3930 0.320825349793 0.310173607266
3935 0.231365607811 0.22368402378
3940 0.476371831569 0.460555780562
3945 0.591842417803 0.572192620633
3950 0.69990837371 0.676670671972
3955 0.71006453462 0.686489637548
3960 0.657868160823 0.636026238825
3965 0.395984624121 0.382837513822
3970 0.27406286923 0.264963690749
3975 0.558662603918 0.540114411826
3980 0.783494057405 0.757481222148
3985 0.79492608515 0.768533694424
3990 0.864378774142 0.835680480341
3995 0.867459415102 0.838658840747
4000 0.900390797445 0.870496866204
4005 0.849235776394 0.821040246209
4010 0.913947689499 0.883603655036
4015 0.943132613529 0.911819608575
4020 0.962778603884 0.930813331174
4025 0.960043114101 0.928168662559
4030 0.903563983594 0.8735646992
4035 0.90389281706 0.873882615046
4040 0.990064232683 0.957193048103
4045 0.817353479565 0.790216475513
4050 0.974128315566 0.941786220368
4055 0.898473618095 0.868643339245
4060 0.909751376209 0.879546663806
4065 0.840704562749 0.812792277923
4070 0.921593855693 0.890995960387
4075 0.891457304145 0.861859974373
4080 0.904104016834 0.874086802763
4085 0.933878198895 0.902872450341
4090 1.00481465891 0.971453744502
4095 0.926261034613 0.895508184007
4100 0.734300345322 0.709920793581
4105 0.824250941595 0.796884934475
4110 0.928877412316 0.898037695191
4115 1.01327945698 0.979637502283
4120 0.967950676046 0.935813685044
4125 0.980586694671 0.948030174424
4130 0.943164599952 0.911850533015
4135 0.949635470714 0.918106563992
4140 1.04080837062 1.00625242674
4145 0.940673346792 0.909441992107
4150 0.994629545737 0.961606787913
4155 0.932941037118 0.901966403331
4160 0.999654917552 0.966465312044
4165 1.03944943711 1.00493861127
4170 0.967899763781 0.935764463121
4175 0.903268985758 0.873279495606
4180 0.956257692961 0.924508921423
4185 0.937048318477 0.905937318584
4190 0.955623954886 0.923896224126
4195 0.978282333746 0.945802320731
4200 0.871920472263 0.84297178607
4205 0.961188446168 0.929275968385
4210 1.00414569814 0.970806993945
4215 0.969627105411 0.937434455174
4220 0.994397744458 0.961382682682
4225 0.809937713361 0.783046920628
4230 0.94571278483 0.914314115447
4235 0.904082968121 0.87406645289
4240 0.919501337402 0.888972915927
4245 0.964139703241 0.932129240587
4250 0.879336749911 0.85014183542
4255 0.933515937249 0.902522216166
4260 0.86288200911 0.834233409498
4265 0.996385197015 0.963304149702
4270 0.858952527906 0.830434391246
4275 0.865420877233 0.836687984502
4280 0.934749944366 0.903715252936
4285 0.898793251169 0.868952360162
4290 0.810216497451 0.78331644879
4295 0.870684177852 0.841776537948
4300 0.679612507821 0.657048650396
4305 0.706695588701 0.683232544212
4310 0.679363284801 0.656807701845
4315 0.917105344011 0.886656472062
4320 1.0137729101 0.980114572239
4325 0.799475428298 0.772931994546
4330 0.983764977609 0.951102934991
4335 0.951824884562 0.920223286974
4340 0.656966901082 0.635154901865
4345 0.884784337242 0.855408557062
4350 0.946349852246 0.914930031549
4355 0.958968055728 0.927129297266
4360 1.00205007573 0.968780948421
4365 1.06081254128 1.02559243768
4370 1.00315944482 0.969853485282
4375 0.942198127991 0.910916148951
4380 0.995236436987 0.962193529729
4385 0.814099481259 0.787070513409
4390 0.958205643644 0.926392198074
4395 0.987188890496 0.954413170332
4400 0.993872559275 0.960874934205
4405 0.92405401009 0.893374435044
4410 1.03553777159 1.0011568172
4415 0.996289920519 0.963212036488
4420 1.08312324662 1.04716240389
4425 1.04581110018 1.01108906036
4430 1.05453312626 1.01952150591
4435 0.995461592231 0.962411209579
4440 1.08357576357 1.0475998968
4445 1.05738616713 1.02227982279
4450 1.0831364572 1.04717517587
4455 0.967972964234 0.935835233241
4460 0.979319514614 0.946805066092
4465 1.05230438427 1.01736676052
4470 1.04715562971 1.01238895008
4475 1.13537133344 1.09767579871
4480 1.05850632003 1.02336278542
4485 1.12101694367 1.08379798993
4490 1.07590773176 1.04018645179
4495 1.0947993638 1.05845086157
4500 1.13841714619 1.10062048724
4505 1.20052298116 1.16066434249
4510 1.18415974167 1.14484437994
4515 1.13474366059 1.09706896526
4520 1.14845523639 1.11032530218
4525 1.08132246372 1.0454214089
4530 1.02123263789 0.987326629141
4535 1.04329172427 1.00865333041
4540 1.1398844182 1.10203904426
4545 1.11665263259 1.07957857862
4550 1.05736173178 1.02225619872
4555 1.06888987768 1.03340159792
4560 1.16457501911 1.12590989098
4565 1.1090782653 1.07225568838
4570 1.14366601749 1.10569509044
4575 1.16486231478 1.12618764813
4580 1.09764314929 1.06120023036
4585 1.076203335 1.04047224069
4590 1.12600492648 1.08862036642
4595 1.10211733636 1.06552586967
4600 1.09616595983 1.05977208516
4605 1.11525914558 1.07823135686
4610 1.15265342246 1.11438410401
4615 1.12962132118 1.09211669297
4620 1.13035465113 1.09282567558
4625 1.14146237198 1.1035646083
4630 1.13810458921 1.10031830748
4635 1.11916844065 1.08201085918
4640 1.10353352709 1.06689504136
4645 1.07908933885 1.04326242615
4650 1.07974548216 1.04389678481
4655 1.08548586694 1.0494465827
4660 1.14327483946 1.10531689993
4665 1.05205089912 1.01712169135
4670 1.04444197302 1.00976538968
4675 1.10581255151 1.06909839975
4680 1.06312473247 1.02782786166
4685 1.10616325147 1.0694374561
4690 1.0907604419 1.05454603617
4695 1.11547765059 1.07844260727
4700 1.04832706496 1.01352149244
4705 1.03403216751 0.999701200772
4710 1.05948018504 1.02430431708
4715 1.0852076216 1.0491775754
4720 1.13777299369 1.09999772129
4725 1.13188323963 1.09430351332
4730 1.05086471143 1.01597488635
4735 1.08732596463 1.0512255872
4740 1.10390554471 1.06725470761
4745 1.12263245854 1.085359868
4750 1.12484031773 1.08749442391
4755 1.08315834943 1.04719634125
4760 1.11774439871 1.08063409695
4765 1.05899096188 1.02383133665
4770 1.11601639885 1.07896346852
4775 1.14042692727 1.10256354145
4780 1.14219734809 1.10427518242
4785 1.10175986419 1.06518026596
4790 1.09858656334 1.06211232206
4795 1.16109936303 1.12254963038
4800 1.11494319016 1.0779258915
4805 1.11818057732 1.08105579396
4810 1.11810400507 1.08098176399
4815 1.14793984118 1.10982701864
4820 1.15235307162 1.11409372514
4825 1.10696378341 1.07021140953
4830 1.11366679771 1.07669187663
4835 1.12177497358 1.08453085245
4840 1.07939517084 1.04355810419
4845 1.1052284836 1.06853372351
4850 1.08635900073 1.05029072753
4855 0.99361931815 0.960630100955
4860 0.761467268299 0.736185745847
4865 0.909899430532 0.879689802568
4870 0.982560229615 0.949938185911
4875 1.02619811468 0.992127246825
4880 1.08618559391 1.050123078
4885 1.04561697623 1.01090138154
4890 0.991571200732 0.958649983212
4895 1.12325152377 1.0859583796
4900 1.11417839283 1.07718648625
4905 1.10246205601 1.06585914426
4910 1.05171028295 1.016792384
4915 1.10906426988 1.07224215762
4920 0.951988491618 0.920381462101
4925 1.05163512278 1.01671971922
4930 1.11807055273 1.0809494223
4935 1.04577324693 1.01105246388
4940 1.04355426989 1.00890715924
4945 1.11081460372 1.07393437851
4950 1.11957562227 1.08240452194
4955 1.0714314877 1.03585882379
4960 1.08355844266 1.04758315096
4965 1.10472672224 1.06804862116
4970 1.07674146255 1.04099250184
4975 1.12235791497 1.08509443956
4980 1.04668273649 1.01193175742
4985 0.98857525267 0.955753503809
4990 1.07673542465 1.0409866644
4995 1.07921089328 1.04337994484
5000 1.03569858427 1.00131229072
5005 0.995077468862 0.962039839514
5010 1.04916200313 1.01432870977
5015 0.982614751567 0.949990897676
5020 1.00521368714 0.971839524573
5025 1.03873893655 1.00425170008
5030 1.0655773806 1.03019907927
5035 1.05473494957 1.01971662847
5040 0.968204384179 0.936058969798
5045 1.07930970551 1.0434754764
5050 1.02523236644 0.991193562446
5055 1.08132661676 1.04542542406
5060 1.10722504701 1.0704639989
5065 1.04153586081 1.00695576348
5070 1.05216482816 1.01723183782
5075 1.04276237757 1.00814155858
5080 0.976860427498 0.944427623281
5085 1.04633224906 1.01159290655
5090 1.0726673684 1.03705367194
5095 1.07390092622 1.03824627432
5100 1.00315093905 0.969845261913
5105 1.04976967207 1.01491620346
5110 1.02020816244 0.986336167359
5115 1.07712556948 1.04136385601
5120 1.07267591128 1.03706193119
5125 1.00118924829 0.96794870137
5130 1.01695248237 0.983188579325
5135 1.0280014111 0.993870671886
5140 0.976587182158 0.944163449977
5145 1.0090642192 0.975562214874
5150 1.01476976498 0.981078330478
5155 1.02505258204 0.991019747086
5160 1.04701121921 1.01224933417
5165 0.934220817472 0.903203693618
5170 0.838600200634 0.810757782866
5175 0.948292453703 0.916808136573
5180 1.00649155827 0.973074969024
5185 0.851614211624 0.823339714862
5190 0.980508635091 0.947954706505
5195 0.971070269893 0.938829705061
5200 1.02939028814 0.995213436732
5205 0.968049129968 0.935908870192
5210 1.00249702508 0.969213058586
5215 1.00229119813 0.969014065301
5220 1.04556529929 1.01085142032
5225 0.968792415458 0.936627477814
5230 0.98921034747 0.956367512787
5235 0.989585698921 0.956730402171
5240 1.05477097328 1.01975145615
5245 1.02963957059 0.995454442741
5250 1.0143417289 0.980664505649
5255 1.03130886171 0.997068311624
5260 1.04003858626 1.00550820003
5265 0.891589237158 0.86198752707
5270 0.896425176537 0.866662908123
5275 0.96870792117 0.936545788826
5280 1.02805419205 0.993921700455
5285 1.01478026141 0.981088478416
5290 1.07942439935 1.04358636228
5295 1.04087363184 1.00631552122
5300 1.00322869008 0.969920431525
5305 1.05968390142 1.02450126986
5310 1.07836750727 1.04256456014
5315 1.04359857272 1.00894999117
5320 1.04998289432 1.01512234651
5325 0.980240622152 0.94769559188
5330 0.968044198983 0.93590410292
5335 1.04542502709 1.01071580531
5340 0.998927186192 0.965761742138
5345 1.03271261627 0.998425460039
5350 1.02672371367 0.992635395371
5355 1.07819531025 1.04239808024
5360 1.07447341126 1.03879975226
5365 1.00838367884 0.974904269183
5370 0.966781287654 0.93468312159
5375 1.05865689188 1.02350835813
5380 1.03873121703 1.00424423685
5385 1.04199825504 1.00740280573
5390 1.02616254628 0.992092859332
5395 1.00797509243 0.974509248275
5400 0.999850917226 0.96665480432
5405 0.950252838302 0.91870343432
5410 0.984759638287 0.952064571878
5415 1.01472517536 0.981035221274
5420 1.03537675776 1.0010011492
5425 1.01207154543 0.97846969468
5430 1.00182561528 0.968563940301
5435 1.00186477805 0.968601802821
5440 1.06561644125 1.03023684306
5445 1.00670117785 0.973277629013
5450 1.04809302351 1.01329522141
5455 1.00293594829 0.969637409078
5460 1.04037999158 1.00583827033
5465 1.00634037716 0.972928807287
5470 1.04162680654 1.00704368972
5475 0.982374818746 0.94975893088
5480 1.00346828524 0.970152071868
5485 1.03538532937 1.00100943622
5490 1.02614329415 0.992074246391
5495 1.02274872934 0.98879238474
5500 1.0214172339 0.987505096363
5505 1.0126294393 0.97900906588
5510 1.01152827476 0.977944461175
5515 1.01699557541 0.983230241638
5520 1.03904251691 1.00454520125
5525 1.00860360747 0.975116895952
5530 0.990738070763 0.957844514043
5535 1.00614077912 0.972735836112
5540 1.02883832017 0.99467979468
5545 1.01098407038 0.977418324964
5550 1.03434122787 1.0
5555 1.00915925309 0.975654093543
5560 1.01023048593 0.976689760311
5565 0.987965826041 0.955164310791
5570 0.979824280968 0.947293073667
5575 0.986330355811 0.953583139911
5580 1.01119278964 0.977620114517
5585 0.974790585016 0.942426501769
5590 0.942818598728 0.9115160194
5595 0.974116840787 0.941775126564
5600 0.951666138821 0.92006981176
5605 1.00390696227 0.970576184363
5610 1.03040628481 0.996195701231
5615 0.950982696066 0.91940906003
5620 0.999717899231 0.966526202664
5625 0.977495075112 0.94504119992
5630 1.02342455823 0.98944577539
5635 0.99561754303 0.962561982645
5640 0.988461035378 0.955643078652
5645 1.00676643218 0.973340716828
5650 1.0013134183 0.968068748807
5655 0.973611288348 0.941286359003
5660 0.952494806577 0.920870966866
5665 0.988313679967 0.955500615598
5670 1.00574973303 0.972357773171
5675 1.01058153892 0.977029157969
5680 0.996220054779 0.963144490364
5685 0.970414342932 0.938195555573
5690 0.984725395353 0.952031465846
5695 1.00197197579 0.968705441482
5700 0.987601757687 0.954812329894
5705 0.973342289844 0.941026291535
5710 0.925217895318 0.894499678045
5715 0.984957151882 0.952255527812
5720 1.00581115354 0.972417154455
5725 1.01463955669 0.980952445241
5730 1.00521958823 0.971845229742
5735 1.00597652694 0.972577037286
5740 1.00421320365 0.9708722582
5745 1.00164557696 0.968389879445
5750 0.987692305763 0.954899871678
5755 0.96841291862 0.936260580674
5760 0.985669523629 0.95294424806
5765 0.990663502438 0.957772421466
5770 0.998107192793 0.964968973391
5775 0.988637169565 0.955813364997
5780 0.972085621844 0.939811346248
5785 0.957197261964 0.925417295737
5790 0.975350918433 0.942968231521
5795 0.988368574033 0.955553687123
5800 0.99528422474 0.962239730877
5805 0.980175246227 0.947632386506
5810 0.993769295715 0.960775099106
5815 0.981874873041 0.949275583904
5820 1.00298112999 0.969681090695
5825 1.00481212075 0.97145129061
5830 1.0030091383 0.969708169098
5835 0.997745660075 0.964619443943
5840 1.00181149131 0.968550285259
5845 0.998949776736 0.965783582652
5850 0.991326777878 0.958413675456
5855 0.960733000664 0.928835644155
5860 0.958103753601 0.926293690889
5865 0.98453628145 0.951848630725
5870 0.993436653126 0.960453500604
5875 0.985994318756 0.953258259644
5880 0.982755913702 0.950127373079
5885 0.9700201008 0.937814402698
5890 0.847822665775 0.819674052364
5895 0.881397343431 0.852134015045
5900 0.95628145254 0.924531892159
5905 0.970837376391 0.938604543871
5910 0.975301989037 0.942920926633
5915 0.94797893008 0.916505022267
5920 0.973002066522 0.940697363989
5925 0.972309401828 0.940027696499
5930 0.947330932451 0.915878538848
5935 0.964009973183 0.932003817704
5940 0.966746397952 0.934649390263
5945 0.956853034739 0.925084497222
5950 0.942625606259 0.911329434485
5955 0.953858850928 0.922189723495
5960 0.958181682785 0.926369032741
5965 0.959261163981 0.927412674014
5970 0.95816014703 0.926348211996
5975 0.940698394008 0.909466207729
5980 0.94955962083 0.918033232404
5985 0.920280934719 0.889726629784
5990 0.945612315541 0.914216981845
5995 0.946436975819 0.915014262526
6000 0.944948604472 0.91357530669
6005 0.935786042168 0.90471695119
6010 0.918743684082 0.888240417502
6015 0.924215407701 0.893530474083
6020 0.906414360047 0.876320440126
6025 0.917126987931 0.886677397381
6030 0.938101743926 0.906955769189
6035 0.945050658317 0.913673972238
6040 0.939782972524 0.908581179211
6045 0.939808330394 0.908605695173
6050 0.942583954671 0.911289165774
6055 0.925155849942 0.894439692641
6060 0.943577416874 0.912249643977
6065 0.920523771738 0.889961404356
6070 0.944844460314 0.913474620228
6075 0.937288763094 0.906169780185
6080 0.919690839638 0.889156126487
6085 0.920853892024 0.890280564298
6090 0.919535814905 0.88900624874
6095 0.925026120739 0.894314270586
6100 0.912656434746 0.882355271313
6105 0.901872719301 0.871929586679
6110 0.928232555185 0.897414248002
6115 0.925883045275 0.895142744317
6120 0.911649499858 0.881381767732
6125 0.913595466801 0.883263126505
6130 0.921400955395 0.890809464583
6135 0.895277367179 0.865553207256
6140 0.893286953452 0.86362887738
6145 0.918828397042 0.888322317902
6150 0.915897921248 0.885489137018
6155 0.903706828581 0.873702801582
6160 0.879430159431 0.850232143645
6165 0.88219295171 0.852903208284
6170 0.876029516714 0.846944405879
6175 0.908094215273 0.877944522374
6180 0.920147303965 0.889597435713
6185 0.922619876045 0.891987915773
6190 0.899187310557 0.869333336359
6195 0.91935651244 0.888832899307
6200 0.916744488967 0.88630759779
6205 0.928082461872 0.897269137946
6210 0.925255964053 0.894536482858
6215 0.893989163076 0.864307772897
6220 0.899900983353 0.87002331446
6225 0.912709501496 0.88240657619
6230 0.878118546646 0.848964077798
6235 0.904704854914 0.87466769238
6240 0.895011855534 0.86529651088
6245 0.869279012048 0.840418025141
6250 0.894881048728 0.865170046998
6255 0.860982002848 0.832396485464
6260 0.888263161601 0.858771880756
6265 0.895979583765 0.866232109505
6270 0.897609186091 0.867807607302
6275 0.884405569844 0.855042365145
6280 0.846858622195 0.818742016056
6285 0.89299824147 0.863349750942
6290 0.87579867639 0.846721229699
6295 0.877135870886 0.848014027917
6300 0.84391518463 0.815896303745
6305 0.879197806903 0.850007505467
6310 0.881569494011 0.852300450043
6315 0.852664637643 0.824355265622
6320 0.860903607332 0.832320692762
6325 0.886960913464 0.857512868641
6330 0.883622757349 0.854285542857
6335 0.864336780486 0.835639880919
6340 0.872638884176 0.843666345945
6345 0.867376906298 0.838579071323
6350 0.889912843916 0.860366791866
6355 0.878636705587 0.849465033312
6360 0.863372149294 0.834707276508
6365 0.875071511716 0.846018207665
6370 0.884762755733 0.855387692083
6375 0.895262126618 0.865538472697
6380 0.885796671829 0.856387281066
6385 0.891817773324 0.862208475593
6390 0.893905656066 0.864227038409
6395 0.875179120481 0.846122243705
6400 0.854011636045 0.825657542245
6405 0.880741812023 0.851500247977
6410 0.858101505323 0.829611623517
6415 0.868430398126 0.839597586103
6420 0.853951939361 0.825599827554
6425 0.889018075076 0.859501730302
6430 0.867448638769 0.8386484222
6435 0.878555985717 0.849386993426
6440 0.860106528145 0.831550077451
6445 0.886618150795 0.857181486057
6450 0.855163585403 0.82677124566
6455 0.859389661299 0.830857011346
6460 0.862640105967 0.833999537797
6465 0.863308649561 0.834645885033
6470 0.858802031986 0.83028889195
6475 0.862853458476 0.834205806776
6480 0.865827470213 0.837081078162
6485 0.868187747587 0.83936299182
6490 0.860526321661 0.831955933376
6495 0.785383838401 0.759308260408
6500 0.842302230585 0.814336901489
6505 0.870949355851 0.842032911755
6510 0.870334277563 0.84143825472
6515 0.848153067088 0.819993484003
6520 0.850286566976 0.822056149427
6525 0.852379931695 0.824080012213
6530 0.854987154492 0.826600672443
6535 0.84887591301 0.820692330672
6540 0.850212589272 0.821984627862
6545 0.828403054351 0.800899192676
6550 0.829154941728 0.801626116592
6555 0.790149295522 0.763915499288
6560 0.655903588371 0.634126892266
6565 0.641923089108 0.620610560434
6570 0.781095608846 0.75516240463
6575 0.813374993969 0.786370079867
6580 0.833545802976 0.805871196581
6585 0.833220048481 0.805556257482
6590 0.834015758109 0.806325548705
6595 0.821127368238 0.793865067072
6600 0.842724276275 0.814744934813
6605 0.839690413792 0.811811799788
6610 0.836523095443 0.808749639775
6615 0.845784938821 0.817703980111
6620 0.848123856876 0.819965243601
6625 0.843171041152 0.815176866622
6630 0.83721113811 0.809414838694
6635 0.822352760371 0.795049774884
6640 0.83654545147 0.808771253557
6645 0.830920429727 0.803332988513
6650 0.841038849485 0.813115465984
6655 0.840319913259 0.812420399204
6660 0.835189573468 0.807460392146
6665 0.82525113152 0.797851917032
6670 0.83666774547 0.808889487267
6675 0.830267627694 0.802701860201
6680 0.824227358313 0.796862134183
6685 0.838473536577 0.81063532419
6690 0.836180472697 0.808418392468
6695 0.825566379152 0.798156698107
6700 0.82711309587 0.799652062187
6705 0.813234200402 0.786233960796
6710 0.815818091569 0.788732064031
6715 0.808280315738 0.781444550367
6720 0.810399841121 0.783493705255
6725 0.818793335732 0.791608526926
6730 0.811376136377 0.784437586471
6735 0.818648437258 0.791468439235
6740 0.813997449933 0.786971869631
6745 0.812992129574 0.785999926977
6750 0.802486603791 0.775843195813
6755 0.81194027244 0.784982992617
6760 0.818016450455 0.790857435066
6765 0.812752754336 0.785768499251
6770 0.808734759982 0.781883906579
6775 0.8173196794 0.79018379755
6780 0.817088271466 0.789960072605
6785 0.795890866908 0.769466444403
6790 0.814908141085 0.787852324869
6795 0.805758519705 0.779006480641
6800 0.794890142808 0.768498945407
6805 0.807062435188 0.780267104745
6810 0.807091196721 0.780294911365
6815 0.812659906774 0.785678734327
6820 0.808070092715 0.781241306971
6825 0.814693703366 0.787645006711
6830 0.809350658041 0.782479356168
6835 0.809381547323 0.782509219893
6840 0.780695927024 0.754775992669
6845 0.79093359206 0.764673756348
6850 0.8023752059 0.77573549645
6855 0.780613246092 0.754696056832
6860 0.786343383395 0.760235947488
6865 0.792494641495 0.766182977283
6870 0.790991688911 0.764729924321
6875 0.791006358841 0.764744107194
6880 0.783981889264 0.757952857471
6885 0.782375204434 0.756399516285
6890 0.792731502686 0.76641197443
6895 0.787174930974 0.761039886804
6900 0.790399756034 0.764157644245
6905 0.786451191034 0.760340175798
6910 0.789254164429 0.763050087499
6915 0.774868326014 0.749141874206
6920 0.787022694996 0.760892705222
6925 0.778540590705 0.752692215807
6930 0.789298208173 0.763092668944
6935 0.786981208066 0.760852595703
6940 0.793713919293 0.767361773762
6945 0.778595180693 0.752744993349
6950 0.78316259845 0.757160767983
6955 0.787480963403 0.761335758631
6960 0.789865228901 0.763640863981
6965 0.783742541772 0.757721456571
6970 0.786023532213 0.759926715706
6975 0.771431100394 0.745818768128
6980 0.758857403597 0.733662531426
6985 0.790242674724 0.764005778202
6990 0.791051427859 0.764787679873
6995 0.791472220576 0.765194501825
7000 0.779436480602 0.753558361207
7005 0.767769457706 0.742278695869
7010 0.782476694214 0.756497636496
7015 0.766203820498 0.740765039479
7020 0.777977221412 0.752147550973
7025 0.767689728386 0.742201613647
7030 0.781906376388 0.755946253829
7035 0.77094170371 0.745345619934
7040 0.782670439692 0.756684949419
7045 0.789167302525 0.762966109502
7050 0.7874862064 0.761340827555
7055 0.779256285768 0.753384149034
7060 0.770183373452 0.744612467047
7065 0.771570128203 0.745953180067
7070 0.772462857232 0.746816269543
7075 0.779481440515 0.753601828404
7080 0.776819423711 0.751028193385
7085 0.764018050542 0.738651839409
7090 0.763232383861 0.737892257696
7095 0.769283323624 0.743742299829
7100 0.773576156671 0.747892606258
7105 0.775554405858 0.749805175469
7110 0.767675468305 0.742187827016
7115 0.765723970985 0.740301121481
7120 0.762313044636 0.737003441511
7125 0.770920811864 0.74532542172
7130 0.751368835416 0.726422591666
7135 0.766811758481 0.741352793276
7140 0.768358371345 0.74284805695
7145 0.753247155696 0.728238549717
7150 0.742288200341 0.717643443325
7155 0.75738914347 0.732243019095
7160 0.75609213963 0.730989077162
7165 0.730263761351 0.706018228487
7170 0.769064534349 0.743530774591
7175 0.761370418931 0.736092111981
7180 0.750061602778 0.725158760541
7185 0.740303890681 0.715725014855
7190 0.736109557223 0.711669937724
7195 0.743906494545 0.719208008441
7200 0.74849653383 0.723645653545
7205 0.737813313392 0.713317127377
7210 0.73965160605 0.715094386766
7215 0.744405211827 0.71969016778
7220 0.735927325668 0.711493756451
7225 0.733510938814 0.709157596207
7230 0.748045090222 0.723209198345
7235 0.742461073944 0.717810577341
7240 0.738648743202 0.714124820031
7245 0.740195841598 0.715620553115
7250 0.742165759285 0.717525067442
7255 0.745280542387 0.720536436436
7260 0.737450566983 0.712966424535
7265 0.73957932982 0.715024510184
7270 0.741576317845 0.716955196084
7275 0.733454568614 0.709103097558
7280 0.735592538177 0.711170084259
7285 0.720211211421 0.696299433896
7290 0.704890556382 0.681487440885
7295 0.72730014533 0.703153007667
7300 0.73658279401 0.712127462547
7305 0.734425711804 0.710041997762
7310 0.71942767031 0.695541907183
7315 0.735603177137 0.711180369995
7320 0.730040214175 0.705802103314
7325 0.7178443416 0.694011146669
7330 0.723778252856 0.699748045766
7335 0.733247873835 0.708903265265
7340 0.73328039251 0.708934704286
7345 0.729333398199 0.70511875438
7350 0.724178705967 0.700135203408
7355 0.71706579392 0.693258447599
7360 0.725024725416 0.700953134112
7365 0.722241668479 0.698262477623
7370 0.727370522465 0.703221048206
7375 0.721109558203 0.697167954611
7380 0.728606613711 0.704416099909
7385 0.704785583709 0.681385953416
7390 0.699694048738 0.676463462817
7395 0.713945416123 0.690241669661
7400 0.712585155597 0.688926571229
