Wave Flux FluxNorm
3600 0.70718787903 0.683845656833
3605 0.593636012848 0.574041808639
3610 0.566752369943 0.548045516867
3615 0.613870414014 0.593608330869
3620 0.545139289897 0.527145821951
3625 0.688728338472 0.665995412207
3630 0.632024652543 0.611163350602
3635 0.594344268295 0.574726686626
3640 0.706362123281 0.683047156888
3645 0.610736914557 0.590578259147
3650 0.631812293178 0.610958000605
3655 0.728503738469 0.704457941534
3660 0.76172263701 0.736580380514
3665 0.716904918686 0.693241965174
3670 0.694213941148 0.671299951037
3675 0.730659461971 0.706542510851
3680 0.663451825139 0.641553203318
3685 0.673903586117 0.651659981959
3690 0.718281775502 0.694573375937
3695 0.731735192734 0.707582734859
3700 0.809215002588 0.782505160755
3705 0.629775097657 0.608988047003
3710 0.678570501114 0.656172855619
3715 0.843741511871 0.815892050036
3720 0.637181250539 0.616149744244
3725 0.752143911183 0.727317820664
3730 0.750167157551 0.72540631394
3735 0.526327621412 0.50895507212
3740 0.768538669753 0.743171435772
3745 0.661227895504 0.639402679155
3750 0.547174669725 0.529114019791
3755 0.855524590142 0.827286203046
3760 0.701367274433 0.678217173524
3765 0.77396034406 0.748414156323
3770 0.678683738095 0.656282354975
3775 0.832876093351 0.805385267491
3780 0.925523209118 0.894974370491
3785 0.908596385927 0.878606252673
3790 0.774861811007 0.74928586846
3795 0.691210807647 0.668395942269
3800 0.709090205393 0.685685192917
3805 0.904758928068 0.874895458176
3810 0.941783197774 0.910697664049
3815 0.752295734254 0.727464632495
3820 0.734290847659 0.710054035022
3825 0.662521682924 0.640653762402
3830 0.622534928408 0.601986854756
3835 0.503233624124 0.486623340747
3840 0.596518541786 0.576829193651
3845 0.815143275143 0.788237758215
3850 0.835961929946 0.808369249563
3855 0.820567758108 0.793483194719
3860 0.738331443838 0.713961262832
3865 0.892472061226 0.863014145197
3870 0.780754977652 0.754984518754
3875 0.817149355169 0.790177623353
3880 0.767314961704 0.741988118778
3885 0.699392810415 0.676307880841
3890 0.648240057381 0.626843531925
3895 0.810050584804 0.783313162824
3900 0.866813617632 0.838202612459
3905 0.800748198751 0.774317821572
3910 0.90807400192 0.878101111049
3915 0.893485459441 0.863994094073
3920 0.804469832266 0.777916614752
3925 0.74926117942 0.724530239522
3930 0.372314555794 0.360025531411
3935 0.251176778956 0.242886161485
3940 0.598658195 0.578898223114
3945 0.757553394425 0.732548752543
3950 0.865072927691 0.836519377646
3955 0.872412607793 0.843616796181
3960 0.817464581995 0.790482445456
3965 0.461591027411 0.446355245456
3970 0.303205034731 0.293197115334
3975 0.681755974883 0.659253186132
3980 0.936856289753 0.905933378982
3985 0.945101697543 0.913906629759
3990 1.01567546887 0.982150965445
3995 1.00142416814 0.968370058842
4000 1.05161673653 1.01690591603
4005 0.986187254365 0.953636071431
4010 1.07516742838 1.0396792678
4015 1.10005859026 1.06374884457
4020 1.11357879034 1.07682278203
4025 1.10796434221 1.07139365056
4030 1.04407421921 1.00961235534
4035 1.05809136449 1.02316683529
4040 1.13734181275 1.09980145594
4045 0.981404930054 0.949011597785
4050 1.12174847913 1.08472281307
4055 1.02368978341 0.989900750692
4060 1.0661008267 1.03091192836
4065 0.999428612378 0.966440370594
4070 1.07865500431 1.04305172895
4075 1.01580305135 0.982274336796
4080 1.02744078285 0.993527940508
4085 1.05395578018 1.01916775463
4090 1.13185733978 1.09449800953
4095 1.04238502989 1.00797892126
4100 0.822033678331 0.794900729165
4105 0.946643842474 0.915397872956
4110 1.03867667876 1.00439297206
4115 1.14060236925 1.10295439093
4120 1.07497877005 1.03949683654
4125 1.08069757766 1.04502688288
4130 1.04127802768 1.00690845799
4135 1.08202228047 1.04630786109
4140 1.16386425999 1.12544847407
4145 1.07844472453 1.04284838991
4150 1.10133855029 1.06498655682
4155 1.05402792641 1.01923751952
4160 1.1253595148 1.08821465892
4165 1.10892963227 1.07232707919
4170 1.080359377 1.04469984524
4175 1.00501126296 0.971838754062
4180 1.07091786417 1.03556996939
4185 1.07754181116 1.04197527909
4190 1.10077036554 1.06443712621
4195 1.10333876022 1.06692074562
4200 1.00539431167 0.972209159441
4205 1.06620563956 1.03101328165
4210 1.13630739311 1.0988011795
4215 1.08940360581 1.05344555028
4220 1.13577348909 1.0982848981
4225 0.942846241466 0.911725619749
4230 1.10157795952 1.06521806385
4235 1.03941552075 1.00510742702
4240 1.05299511588 1.01823879907
4245 1.08525977935 1.04943849952
4250 1.03611505142 1.00191589661
4255 1.07555296437 1.04005207837
4260 0.998384018995 0.965430256211
4265 1.1336214296 1.09620387186
4270 0.996532819439 0.963640159387
4275 1.01349841086 0.980045765807
4280 1.0553034066 1.0204708998
4285 1.016957146 0.98339033813
4290 0.915982885436 0.885748945242
4295 0.973557811621 0.941423489987
4300 0.760337816675 0.735241269085
4305 0.793223648187 0.767041634613
4310 0.77654505197 0.750913550517
4315 1.03366476327 0.999546485376
4320 1.13633708159 1.09882988805
4325 0.924575577779 0.894058017716
4330 1.11064610857 1.07398689959
4335 1.06388376899 1.0287680493
4340 0.730092055216 0.705993832548
4345 1.00382357337 0.970690266662
4350 1.05394591371 1.01915821382
4355 1.08138979464 1.04569625179
4360 1.11784129713 1.08094459583
4365 1.17619030989 1.13736767679
4370 1.10294802618 1.06654290858
4375 1.0399080403 1.00558368993
4380 1.11997719656 1.0830099954
4385 0.932248350262 0.901477534218
4390 1.05404441613 1.01925346496
4395 1.07449909432 1.03903299351
4400 1.07711409857 1.04156168404
4405 1.06483064156 1.02968366836
4410 1.13313583464 1.09573430499
4415 1.09800434542 1.0617624044
4420 1.17554590435 1.13674454121
4425 1.14954782991 1.11160458785
4430 1.14134128382 1.10366891607
4435 1.09268220104 1.05661592857
4440 1.16773952174 1.12919582466
4445 1.13632997134 1.09882301249
4450 1.16016015866 1.12186663439
4455 1.05470755925 1.01989471965
4460 1.05384605121 1.0190616475
4465 1.12362275411 1.08653522367
4470 1.11454462191 1.0777567343
4475 1.21925933374 1.17901511699
4480 1.11721859702 1.08034244924
4485 1.1946407216 1.15520909388
4490 1.12662889247 1.08944213811
4495 1.14948335923 1.11154224517
4500 1.19035815014 1.1510678777
4505 1.25801175444 1.21648843261
4510 1.24031493419 1.1993757331
4515 1.18527806038 1.14615546698
4520 1.1886298808 1.14939665352
4525 1.11668986242 1.07983116664
4530 1.07416219226 1.03870721161
4535 1.0885767717 1.05264600756
4540 1.17924525535 1.14032178736
4545 1.14264997777 1.10493441383
4550 1.08405796404 1.04827635265
4555 1.10072412079 1.06439240786
4560 1.19721321457 1.15769667632
4565 1.13366833856 1.09624923249
4570 1.17568284271 1.13687695963
4575 1.19535076919 1.15589570486
4580 1.12349173812 1.08640853213
4585 1.10536428525 1.06887941394
4590 1.14974370552 1.11179399818
4595 1.13114013514 1.09380447774
4600 1.12906600178 1.09179880551
4605 1.15573422041 1.11758678354
4610 1.19183418127 1.15249518932
4615 1.1625816903 1.12420823829
4620 1.16788916602 1.12934052962
4625 1.17821556541 1.13932608449
4630 1.17048617335 1.13185181727
4635 1.15139179677 1.11338769071
4640 1.1511999247 1.11320215178
4645 1.12277493131 1.08571538504
4650 1.12209646523 1.08505931316
4655 1.1215048857 1.08448725996
4660 1.18311618701 1.14406495078
4665 1.08364110794 1.04787325575
4670 1.08080723893 1.04513292455
4675 1.15704660869 1.11885585368
4680 1.1113728657 1.07468966857
4685 1.15239100113 1.11435391424
4690 1.13258407626 1.09520075854
4695 1.15786326924 1.11964555864
4700 1.09785771129 1.06162061023
4705 1.09412266833 1.05800885022
4710 1.09624578291 1.06006188694
4715 1.12686656629 1.08967196701
4720 1.17763053046 1.13876035986
4725 1.17076328003 1.13211977746
4730 1.0919163904 1.05587539513
4735 1.12330993535 1.08623273014
4740 1.14182410808 1.10413580369
4745 1.15826752698 1.120036473
4750 1.16002015939 1.12173125609
4755 1.11222721524 1.07551581851
4760 1.13680061099 1.09927811769
4765 1.06848746054 1.03321978633
4770 1.13422818146 1.0967905966
4775 1.165158186 1.12669969134
4780 1.16643362884 1.1279330355
4785 1.12913369945 1.09186426867
4790 1.12257228705 1.08551942948
4795 1.18367007414 1.1446005557
4800 1.13516192876 1.09769352361
4805 1.13248585972 1.09510578385
4810 1.13330019903 1.09589324418
4815 1.17012738401 1.13150487052
4820 1.17008998527 1.13146870621
4825 1.1159458137 1.07911167681
4830 1.12807978869 1.09084514446
4835 1.13654659859 1.0990324895
4840 1.09510761511 1.05896128676
4845 1.11964843585 1.08269208614
4850 1.09613900792 1.05995863628
4855 1.00508019452 0.971905410388
4860 0.771998818077 0.746517374628
4865 0.933172144878 0.902370837051
4870 1.01389283411 0.980427170289
4875 1.04792493056 1.01333596587
4880 1.11171777656 1.07502319493
4885 1.05767693975 1.0227660895
4890 1.03628490573 1.00208014452
4895 1.15448554901 1.11637932716
4900 1.12671652705 1.08952688013
4905 1.12801694125 1.09078437143
4910 1.06882116738 1.03354247849
4915 1.12789114213 1.09066272457
4920 1.00622793802 0.973015270209
4925 1.06938416406 1.03408689227
4930 1.13914094446 1.10154120353
4935 1.06504311196 1.02988912572
4940 1.07307953237 1.03766028719
4945 1.13283652452 1.09544487422
4950 1.14441672319 1.1066428441
4955 1.10394357403 1.06750559629
4960 1.12291840661 1.08585412464
4965 1.12707724246 1.08987568937
4970 1.09975322331 1.0634535569
4975 1.1385041894 1.10092546591
4980 1.06271512167 1.02763797564
4985 1.01427162712 0.98079346044
4990 1.09330630346 1.05721943119
4995 1.09577720933 1.05960877962
5000 1.05109108754 1.01639761719
5005 1.02704217322 0.993142487831
5010 1.07234780381 1.03695271087
5015 0.999026275685 0.966051313869
5020 1.02169195174 0.987968861655
5025 1.06319484771 1.02810186731
5030 1.0848566817 1.04904870695
5035 1.07490555721 1.03942604024
5040 0.981265607979 0.948876874328
5045 1.10333202919 1.06691423677
5050 1.05244288069 1.01770479156
5055 1.11188431804 1.07518423935
5060 1.13245764337 1.09507849884
5065 1.07331600109 1.03788895076
5070 1.08288703012 1.04714406786
5075 1.06984025942 1.03452793325
5080 1.00035168724 0.967332977427
5085 1.07671563992 1.04117637737
5090 1.09845357063 1.06219680199
5095 1.09861645698 1.06235431193
5100 1.02619255432 0.992320912389
5105 1.0787147578 1.04310951016
5110 1.05625634891 1.02139238825
5115 1.10441219876 1.06795875307
5120 1.09538472101 1.0592292462
5125 1.02710149349 0.993199850108
5130 1.04045603327 1.00611359523
5135 1.05679416725 1.02191245476
5140 1.01022819738 0.976883492594
5145 1.03024103747 0.996235766842
5150 1.04296580572 1.00854052738
5155 1.04306894988 1.00864026704
5160 1.07486594754 1.03938773797
5165 0.979583703781 0.947250484912
5170 0.903887873376 0.874053154475
5175 1.01414852707 0.98067442357
5180 1.0607395916 1.02572765209
5185 0.92677222568 0.896182160637
5190 1.01324221309 0.979798024384
5195 0.991074515901 0.958362018629
5200 1.0346445703 1.00049395181
5205 0.990606612239 0.95790955911
5210 1.00600769284 0.972802294674
5215 1.01022574259 0.976881118827
5220 1.04878124325 1.01416401417
5225 0.969042136052 0.937056863781
5230 1.00322058343 0.970107179673
5235 0.991919033925 0.95917866156
5240 1.04725738998 1.01269045888
5245 1.06239585322 1.02732924532
5250 1.0215211653 0.987803712376
5255 1.03184506283 0.997786847969
5260 1.04817058437 1.01357351136
5265 0.914569328298 0.884382045529
5270 0.935039258221 0.904176322394
5275 0.98062132413 0.948253856421
5280 1.03909322334 1.00479576771
5285 1.03104445412 0.997012665038
5290 1.08618509983 1.05033327785
5295 1.04630990279 1.01177424549
5300 1.01257276437 0.97915067223
5305 1.06086403952 1.02584799235
5310 1.0738921229 1.03844605646
5315 1.04085310349 1.00649755932
5320 1.04835122167 1.01374818634
5325 0.994986690498 0.962145063681
5330 0.977994119928 0.945713368615
5335 1.03750653884 1.00326145506
5340 0.994898932738 0.962060202551
5345 1.02951522767 0.995533913918
5350 1.02034123438 0.986662727559
5355 1.06715923007 1.0319353969
5360 1.06516584339 1.03000780615
5365 1.00811424321 0.974839313928
5370 0.981679592175 0.949277194105
5375 1.05385493449 1.01907023756
5380 1.02963861787 0.995653231363
5385 1.04549973883 1.0109908227
5390 0.959040448203 0.927385302659
5395 1.00649008288 0.97326876242
5400 1.00632402132 0.973108182071
5405 0.955831944088 0.924282701965
5410 0.982946157491 0.950501953771
5415 1.01106533849 0.977693002106
5420 1.01884677691 0.985217597793
5425 1.01010885673 0.976768091031
5430 0.995719800934 0.962853976267
5435 0.993046618333 0.960269027675
5440 1.05509415011 1.02026855026
5445 1.00328121598 0.970165810917
5450 1.04233227468 1.00792790736
5455 1.00046158577 0.967439248534
5460 1.03531286144 1.0011401846
5465 1.00714005522 0.973897281057
5470 1.0345938548 1.00044491029
5475 0.979408342952 0.947080912237
5480 0.990015794366 0.957338242424
5485 1.02786611801 0.993939236585
5490 1.01916044835 0.985520915849
5495 1.01714377126 0.983570803425
5500 1.01549611175 0.981977528384
5505 1.00271466116 0.969617956431
5510 1.00144117025 0.968386499767
5515 1.00982465165 0.97649326674
5520 1.03366283997 0.999544625562
5525 1.00331234165 0.970195909217
5530 0.997109141053 0.964197458296
5535 0.998776414555 0.965809699932
5540 1.02724851268 0.993342016622
5545 1.00706327155 0.973823031796
5550 1.03413375805 1.0
5555 1.01025469642 0.976909116977
5560 1.01081088045 0.97744694299
5565 0.986209495187 0.953657578148
5570 0.986624762135 0.954059138337
5575 0.992422556073 0.959665563902
5580 1.00366933996 0.970541124049
5585 0.978713926069 0.946409416042
5590 0.946817057173 0.915565370339
5595 0.970703024222 0.938662930846
5600 0.949187773939 0.917857836616
5605 0.998963780178 0.965990881158
5610 1.02198889391 0.98825600262
5615 0.955703739605 0.924158729141
5620 0.98960118615 0.956937319223
5625 0.968654449426 0.936681973566
5630 1.00921614848 0.975904848497
5635 0.983785219169 0.951313320455
5640 0.96971064135 0.937703303657
5645 0.989266629619 0.956613805433
5650 0.985671422633 0.953137265809
5655 0.954699040806 0.923187192537
5660 0.932065224689 0.901300453089
5665 0.965571293876 0.933700584046
5670 0.977498385139 0.945233996595
5675 0.985830921152 0.953291499745
5680 0.973432791201 0.941302596129
5685 0.942450154728 0.911342606687
5690 0.958427590915 0.926792674013
5695 0.97718853899 0.944934377569
5700 0.960035224304 0.928347244085
5705 0.948429388536 0.917124483317
5710 0.905235835074 0.875356623864
5715 0.95959459919 0.927921162728
5720 0.978918647228 0.946607379948
5725 0.986382569452 0.953824939733
5730 0.974590215656 0.942421817358
5735 0.980834123794 0.948459632185
5740 0.977423980505 0.945162047842
5745 0.974646246696 0.942475998975
5750 0.963536848419 0.931733289737
5755 0.943582495843 0.912437572503
5760 0.959143021487 0.927484490297
5765 0.968869102357 0.936889541427
5770 0.973312402465 0.941186181076
5775 0.96405341561 0.932232806541
5780 0.947832948612 0.916547730147
5785 0.93512627073 0.904260462872
5790 0.952911054805 0.921458222772
5795 0.95971912576 0.928041579037
5800 0.968102634915 0.936148372854
5805 0.954813532148 0.923297904852
5810 0.968012340057 0.936061058367
5815 0.95838788416 0.926754277863
5820 0.974916781548 0.942737604256
5825 0.975183803422 0.942995812512
5830 0.975369761522 0.943175632674
5835 0.969641979269 0.937636907912
5840 0.976832002888 0.94458960969
5845 0.971656441359 0.939584878447
5850 0.961121354436 0.929397524209
5855 0.929114772888 0.898447387151
5860 0.935053993953 0.904190571742
5865 0.959187209425 0.927527219719
5870 0.964782064434 0.93293740478
5875 0.960446306012 0.928744757177
5880 0.957030887672 0.925442071897
5885 0.944140475156 0.912977134537
5890 0.852430542007 0.824294280472
5895 0.874832112137 0.8459564397
5900 0.929560522551 0.898878423909
5905 0.94545196771 0.914245338523
5910 0.946892029809 0.915637868346
5915 0.922950413945 0.89248649583
5920 0.942451203487 0.91134362083
5925 0.94470939406 0.913527275077
5930 0.924242578172 0.893736009461
5935 0.93423143902 0.903395166963
5940 0.938608841988 0.907628084547
5945 0.93216060939 0.901392689418
5950 0.919787232891 0.889427722214
5955 0.930568184744 0.899852826094
5960 0.936592322179 0.905678124212
5965 0.937466883194 0.906523818503
5970 0.93516355739 0.904296518808
5975 0.915223618196 0.885014739213
5980 0.924664537269 0.894144040911
5985 0.898998210343 0.869324885046
5990 0.915678468207 0.885454575943
5995 0.918974025156 0.88864135611
6000 0.911781489089 0.881686224812
6005 0.905870587935 0.875970425373
6010 0.901741405509 0.871977535291
6015 0.895860689439 0.866290924613
6020 0.88350309718 0.854341220658
6025 0.894000077142 0.864491725736
6030 0.910810341675 0.880747132159
6035 0.915347051522 0.885134098363
6040 0.911602216097 0.881512869102
6045 0.907433071955 0.877481336324
6050 0.914341695358 0.884161926092
6055 0.897103792924 0.867492996856
6060 0.912020169179 0.881917026764
6065 0.891054103564 0.861642990207
6070 0.913413024582 0.883263908047
6075 0.908302724762 0.878322284412
6080 0.889816341782 0.860446083354
6085 0.887768923723 0.858466244631
6090 0.888914460278 0.859573970344
6095 0.8937971884 0.864295533763
6100 0.884070411763 0.854889809831
6105 0.878420288428 0.849426180692
6110 0.894022824536 0.864513722304
6115 0.892386751011 0.862931650825
6120 0.882100649382 0.852985063597
6125 0.883057516826 0.853910347621
6130 0.883351052753 0.854194194778
6135 0.861992723275 0.833540841851
6140 0.857501297526 0.829197665049
6145 0.880707965343 0.851638348022
6150 0.875064440842 0.846181099908
6155 0.867680160079 0.83904055285
6160 0.848687749315 0.820675026518
6165 0.848772077095 0.820756570883
6170 0.846149914948 0.818220958708
6175 0.866752249433 0.838143269845
6180 0.879305292509 0.850281973353
6185 0.881838036418 0.852731118726
6190 0.857042860859 0.828754360047
6195 0.876122301844 0.847204043984
6200 0.873195165173 0.844373523611
6205 0.884169647814 0.854985770388
6210 0.881887653934 0.852779098512
6215 0.853810629338 0.82562881512
6220 0.858865697732 0.830517030358
6225 0.873288846275 0.844464112571
6230 0.839525939175 0.811815621178
6235 0.861913919248 0.833464638917
6240 0.845470187327 0.817563666926
6245 0.825840064742 0.798581477792
6250 0.851668384533 0.823557279608
6255 0.823073244638 0.795905982401
6260 0.845512165853 0.817604259862
6265 0.853941092881 0.82575497244
6270 0.854201375121 0.826006663517
6275 0.847821429657 0.819837301562
6280 0.806561295908 0.779939045241
6285 0.852540425767 0.824400537288
6290 0.841377568559 0.813606133642
6295 0.839175514904 0.811476763395
6300 0.814084282973 0.787213720307
6305 0.841731454154 0.813948338499
6310 0.841586092499 0.813807774811
6315 0.815101397177 0.78819726252
6320 0.820421364417 0.79334163306
6325 0.84811111431 0.820117424564
6330 0.844115466492 0.816253661499
6335 0.82215121313 0.795014384481
6340 0.835888003687 0.808297763396
6345 0.831502701526 0.804057207349
6350 0.849076613736 0.821051055652
6355 0.836650695532 0.809035280993
6360 0.8226917177 0.795537048562
6365 0.83300175518 0.805506781586
6370 0.836787625499 0.809167691299
6375 0.850808975042 0.822726236732
6380 0.841945952242 0.814155756626
6385 0.842780433017 0.81496269361
6390 0.845891421189 0.817970997079
6395 0.832020197563 0.804557622341
6400 0.816630454061 0.789675849668
6405 0.840459457718 0.812718326978
6410 0.82590608775 0.798645321572
6415 0.830540945611 0.803127196209
6420 0.816112380706 0.789174876412
6425 0.845455487182 0.81754945199
6430 0.825802349683 0.798545007599
6435 0.835556788732 0.807977480886
6440 0.824532846784 0.797317407311
6445 0.844535609112 0.816659936429
6450 0.815411812773 0.788497432196
6455 0.814056440771 0.787186797095
6460 0.822169775787 0.795032334438
6465 0.825315069932 0.79807381154
6470 0.821502046986 0.794386645429
6475 0.82291020629 0.795748325476
6480 0.824974075716 0.797744072555
6485 0.830005506444 0.802609430337
6490 0.823677887486 0.796490667741
6495 0.755505445971 0.730568400932
6500 0.80680572141 0.780175402966
6505 0.836237804087 0.808636017898
6510 0.835290714293 0.807720188793
6515 0.813865611038 0.787002266099
6520 0.821571965614 0.794454256246
6525 0.824156741766 0.796953716429
6530 0.824411998056 0.797200547448
6535 0.820469209182 0.793387898608
6540 0.82474144968 0.79751912483
6545 0.80116480986 0.774720681556
6550 0.801319487523 0.774870253758
6555 0.768342660523 0.742981896238
6560 0.64024888343 0.619116123465
6565 0.62394535845 0.603350730591
6570 0.761830214877 0.736684407548
6575 0.783983931904 0.758106894585
6580 0.805694356212 0.779100720712
6585 0.804250922677 0.777704930734
6590 0.804232208419 0.777686834179
6595 0.792918040424 0.766746114078
6600 0.815756227575 0.788830478864
6605 0.802327649982 0.775845139697
6610 0.801342588037 0.774892591791
6615 0.809868317173 0.783136911319
6620 0.813562681168 0.786709335066
6625 0.807568747635 0.780913243906
6630 0.804025415748 0.777486867135
6635 0.789281768693 0.763229865136
6640 0.802446651522 0.77596021334
6645 0.791201333407 0.765086070583
6650 0.805544442753 0.778955755462
6655 0.801595910398 0.775137552715
6660 0.797537933416 0.771213517792
6665 0.789055557979 0.763011120983
6670 0.795968016343 0.769695419131
6675 0.792694674095 0.766530120423
6680 0.78519947541 0.759282316523
6685 0.79741902526 0.77109853445
6690 0.797048287277 0.770740033452
6695 0.787232577611 0.761248311913
6700 0.786690640465 0.760724262541
6705 0.784134128746 0.758252133864
6710 0.789974609531 0.763899837307
6715 0.7706482388 0.745211374059
6720 0.762285900945 0.737125052739
6725 0.771355843578 0.745895622853
6730 0.784954987932 0.759045898868
6735 0.776389775259 0.75076339904
6740 0.772240152992 0.746750743777
6745 0.771362866864 0.745902414322
6750 0.765336810546 0.740075260656
6755 0.774802576539 0.74922858915
6760 0.770833671224 0.745390685896
6765 0.773550674481 0.74801800875
6770 0.767521561612 0.742187899422
6775 0.772892842941 0.747381890322
6780 0.777133347759 0.751482428368
6785 0.761263957887 0.736136841059
6790 0.764733601587 0.739491961877
6795 0.76023908189 0.735145793249
6800 0.76526075428 0.740001714788
6805 0.764066212953 0.738846601808
6810 0.761200174082 0.736075162573
6815 0.766877825332 0.741565411011
6820 0.76312859609 0.73793993296
6825 0.7689021659 0.743522933964
6830 0.758083745124 0.733061597902
6835 0.755704554773 0.730760937729
6840 0.745171690985 0.720575733247
6845 0.753382656608 0.728515678693
6850 0.763315545721 0.738120711926
6855 0.743096166944 0.718568716238
6860 0.753526569591 0.728654841525
6865 0.738482585821 0.714107416056
6870 0.709094744822 0.685689582513
6875 0.715778921139 0.692153133542
6880 0.725130085023 0.70119564261
6885 0.719649499486 0.695895955316
6890 0.725546326032 0.70159814471
6895 0.720306859162 0.696531617455
6900 0.72968656016 0.705601721709
6905 0.723463925044 0.699584477742
6910 0.733520114222 0.709308741262
6915 0.718359798153 0.694648823286
6920 0.727743555997 0.703722850481
6925 0.723924217588 0.700029577363
6930 0.730531553777 0.706418824535
6935 0.731332531182 0.707193363998
6940 0.736280453889 0.711977970118
6945 0.722579411838 0.698729159753
6950 0.723677746749 0.699791241813
6955 0.721749382324 0.697926527108
6960 0.727704632686 0.703685211916
6965 0.725431319464 0.701486934175
6970 0.726797232605 0.702807762482
6975 0.71652934665 0.692878789682
6980 0.703927719317 0.680693105544
6985 0.731903144339 0.707745142868
6990 0.729061057354 0.704996864937
6995 0.724609401417 0.700692145261
7000 0.718596753909 0.694877957819
7005 0.711357857143 0.687877996055
7010 0.723311100921 0.699436697901
7015 0.706668804554 0.683343715501
7020 0.718579093953 0.694860880768
7025 0.709567603541 0.686146833535
7030 0.721575450081 0.697758335865
7035 0.718250927169 0.694543545818
7040 0.724744322921 0.700822613396
7045 0.72608674105 0.702120722194
7050 0.722377750942 0.698534155099
7055 0.71689708293 0.693234388053
7060 0.714741431605 0.691149888531
7065 0.713603459813 0.69004947789
7070 0.71589225941 0.692262730846
7075 0.726688715457 0.702702827171
7080 0.72815068678 0.704116543057
7085 0.708258530738 0.684880969432
7090 0.715224382682 0.691616898792
7095 0.719346048219 0.695602520096
7100 0.725580613995 0.701631300926
7105 0.724145197443 0.700243263314
7110 0.714947360706 0.691349020509
7115 0.70837098077 0.684989707814
7120 0.709688143958 0.686263395263
7125 0.723334610471 0.699459431468
7130 0.700739854816 0.67761046321
7135 0.714654443723 0.691065771867
7140 0.707139598932 0.683798970321
7145 0.703046762517 0.679841226574
7150 0.697921701612 0.674885329076
7155 0.710141040156 0.68670134267
7160 0.707132545849 0.68379215004
7165 0.667072771167 0.645054632413
7170 0.688492497822 0.665767355973
7175 0.676777635019 0.654439166837
7180 0.675727917819 0.65342409776
7185 0.669070826746 0.646986737968
7190 0.672437430685 0.650242220068
7195 0.676921543664 0.654578325475
7200 0.675878787634 0.653569987799
7205 0.664807585461 0.642864213921
7210 0.66728767915 0.645262446906
7215 0.676175519407 0.653856925316
7220 0.661881065909 0.640034290298
7225 0.663907513213 0.641993850449
7230 0.676571874665 0.654240198036
7235 0.660987275807 0.639170001616
7240 0.656775976332 0.635097704931
7245 0.66520989525 0.643253244631
7250 0.665631472909 0.643660907233
7255 0.674365149924 0.652106310882
7260 0.661582481135 0.639745560941
7265 0.654432121496 0.63283121395
7270 0.660864451212 0.639051231105
7275 0.655146579276 0.63352208955
7280 0.66775999507 0.645719173047
7285 0.651644929975 0.630136019543
7290 0.623332975709 0.602758560828
7295 0.647541640264 0.626168167532
7300 0.652911456412 0.631360741613
7305 0.657251630787 0.635557659412
7310 0.646039737603 0.624715838325
7315 0.66478867801 0.64284593055
7320 0.660188064867 0.638397170313
7325 0.649874811419 0.62842432747
7330 0.657037266471 0.63535037064
7335 0.661708119858 0.639867052694
7340 0.660075161902 0.638287993948
7345 0.666193194155 0.644204087689
7350 0.661025935933 0.639207385684
7355 0.647385432804 0.626017116028
7360 0.655920091184 0.634270070071
7365 0.656460915187 0.634793043041
7370 0.661219646766 0.639394702684
7375 0.651300065165 0.62980253772
7380 0.668481867569 0.646417218626
7385 0.654543712722 0.632939121873
7390 0.646830189253 0.625480199458
7395 0.663892258066 0.641979098831
7400 0.669649594257 0.647546402041
