Wave Flux FluxNorm
3600 0.61341996251 0.597883634276
3605 0.526469175384 0.513135083875
3610 0.496554742867 0.483978305935
3615 0.548772409531 0.534873435254
3620 0.482579925579 0.470357434332
3625 0.60378599819 0.588493673153
3630 0.561065145638 0.546854828407
3635 0.529297752212 0.515892020227
3640 0.611121210058 0.595643103231
3645 0.536406109995 0.522820341841
3650 0.548070698856 0.534189497081
3655 0.626698489533 0.610825850832
3660 0.646416891077 0.630044836678
3665 0.61814759436 0.602491527538
3670 0.599284478206 0.584106164933
3675 0.625573833026 0.609729678942
3680 0.56099467337 0.546786141018
3685 0.569446747796 0.555024146437
3690 0.597364951422 0.582235254757
3695 0.621121447161 0.605390060402
3700 0.657539104667 0.640885353598
3705 0.523728591464 0.5104639118
3710 0.560440578617 0.54624608004
3715 0.676155462166 0.659030207301
3720 0.508967367441 0.496076551093
3725 0.59947035634 0.584287335259
3730 0.60226991063 0.587015984138
3735 0.410858994246 0.400453007186
3740 0.592113456586 0.577116766593
3745 0.510277590076 0.497353589205
3750 0.426918366806 0.416105637712
3755 0.648699947081 0.632270068826
3760 0.547683220525 0.533811832566
3765 0.58233837365 0.567589261021
3770 0.511865126575 0.498900917544
3775 0.621429028091 0.605689851109
3780 0.68913883092 0.671684741177
3785 0.68323112044 0.665926657599
3790 0.602181335582 0.586929652465
3795 0.53240416339 0.518919754109
3800 0.525792651176 0.512475694261
3805 0.675991491309 0.658870389398
3810 0.705072683493 0.68721503081
3815 0.580178882653 0.5654844643
3820 0.571698357195 0.55721872844
3825 0.509868390679 0.496954753762
3830 0.454223079145 0.442718792881
3835 0.368438042666 0.359106467702
3840 0.430492808063 0.419589547692
3845 0.624682856398 0.608861268429
3850 0.653470189899 0.636919493832
3855 0.641381620199 0.625137096082
3860 0.558035664436 0.543902076065
3865 0.692620803943 0.675078524902
3870 0.641513295204 0.625265436103
3875 0.628408029816 0.612492092917
3880 0.607492064159 0.592105874134
3885 0.545178746913 0.531370790739
3890 0.480663147516 0.468489203259
3895 0.611250826683 0.595769437004
3900 0.654006697043 0.637442412648
3905 0.611903189589 0.596405277259
3910 0.707848366979 0.689920413471
3915 0.707967144996 0.69003618315
3920 0.644402374418 0.628081342473
3925 0.614712348958 0.599143287945
3930 0.33405685535 0.325596066216
3935 0.213591214554 0.208181506002
3940 0.518174322139 0.505050317635
3945 0.626329594499 0.610466298948
3950 0.708812803214 0.690860423051
3955 0.720273200873 0.702030558718
3960 0.672430788265 0.655399869678
3965 0.419375800749 0.408754105187
3970 0.265196329277 0.258479597723
3975 0.583757517075 0.568972461243
3980 0.777881307976 0.758179602674
3985 0.787523840189 0.767577914688
3990 0.849469952111 0.827955093112
3995 0.84755808218 0.826091645861
4000 0.866432353281 0.844487880888
4005 0.83167501886 0.810610859122
4010 0.903799984621 0.880909087557
4015 0.912014898382 0.888915938972
4020 0.926041743568 0.902587520743
4025 0.926282443669 0.902822124538
4030 0.887792735183 0.86530726001
4035 0.887322669802 0.86484910016
4040 0.962444787446 0.938068570436
4045 0.831004308184 0.809957135799
4050 0.952546709303 0.928421184804
4055 0.904511031432 0.881602125406
4060 0.92199411064 0.898642403803
4065 0.865733752979 0.84380697431
4070 0.925147982063 0.901716395886
4075 0.899905958777 0.877113687234
4080 0.900673953226 0.877862230386
4085 0.916590747108 0.893375893381
4090 0.978077381572 0.953305231713
4095 0.911523043384 0.888436541379
4100 0.714650416638 0.696550184947
4105 0.795672827741 0.775520509633
4110 0.91624648156 0.893040347181
4115 0.98345301029 0.958544709772
4120 0.948028601206 0.924017508605
4125 0.968005570078 0.943488512943
4130 0.944667162061 0.920741205948
4135 0.944363959398 0.920445682619
4140 1.01278020241 0.987129120583
4145 0.950573384781 0.926497839447
4150 0.984753543685 0.959812304046
4155 0.941796420674 0.917943172956
4160 0.993094514612 0.967942019928
4165 1.02418853937 0.998248514113
4170 0.969733644391 0.945172819639
4175 0.920901371285 0.897577340686
4180 0.968140317679 0.943619847738
4185 0.954639094394 0.930460575237
4190 0.963759049431 0.939349545591
4195 0.985242348773 0.960288728977
4200 0.909005700383 0.885982956112
4205 0.966187611156 0.94171659818
4210 0.998528799992 0.973238669029
4215 0.965015809344 0.940574475053
4220 0.984161631139 0.959235383102
4225 0.844876084989 0.823477576666
4230 0.947783709338 0.923778819209
4235 0.916849275644 0.893627874063
4240 0.927649186633 0.904154251466
4245 0.948072940763 0.924060725157
4250 0.891834741088 0.869246892445
4255 0.935942710201 0.912237721706
4260 0.878391210604 0.856143851535
4265 0.968495320294 0.943965859063
4270 0.866506771402 0.844560414192
4275 0.868979493433 0.846970508621
4280 0.919183201623 0.895902687783
4285 0.888921629368 0.86640756225
4290 0.813375428335 0.792774749511
4295 0.855591564823 0.833921661335
4300 0.688929329115 0.671480545506
4305 0.710506760069 0.692511476395
4310 0.679996467063 0.662773929559
4315 0.895503474259 0.872822706171
4320 0.987225136598 0.962221297955
4325 0.80475338378 0.784371078863
4330 0.957726863996 0.933470139685
4335 0.921100106345 0.897771042306
4340 0.642306486096 0.626038537538
4345 0.864804030448 0.842900799226
4350 0.924753522219 0.901331926682
4355 0.937291720819 0.913552565403
4360 0.975884202084 0.951167599742
4365 1.01228615419 0.986647585316
4370 0.973556067979 0.948898431204
4375 0.935529486858 0.911834964234
4380 0.980226448633 0.955399868509
4385 0.843317760132 0.821958720115
4390 0.954253423285 0.930084672171
4395 0.968194379068 0.943672539893
4400 0.977235217858 0.95248439781
4405 0.944172076341 0.92025865946
4410 1.02549890976 0.999525696238
4415 0.99232769651 0.967194623329
4420 1.06208056553 1.03518083405
4425 1.04224918802 1.01585173363
4430 1.04859609511 1.0220378901
4435 1.00297911987 0.977576273906
4440 1.0720806499 1.04492764236
4445 1.04299663743 1.01658025209
4450 1.06382036393 1.0368765679
4455 0.983848119701 0.958929812091
4460 1.01091929928 0.985315349272
4465 1.05962790001 1.03279028816
4470 1.05235096971 1.02569766352
4475 1.11971294378 1.09135353443
4480 1.06531876706 1.03833702038
4485 1.1143907199 1.0861661086
4490 1.08478310128 1.05730837376
4495 1.10522605279 1.07723355861
4500 1.13196987424 1.1033000288
4505 1.17290608468 1.14319943176
4510 1.1654279591 1.1359107076
4515 1.13455172414 1.10581648717
4520 1.13855562751 1.10971898211
4525 1.09335312461 1.06566134074
4530 1.04843917773 1.02188494703
4535 1.05018047357 1.02358214039
4540 1.14095251822 1.11205516582
4545 1.11658184757 1.08830174072
4550 1.06505968487 1.03808450006
4555 1.08243542596 1.05502015894
4560 1.1549411051 1.12568945827
4565 1.1218509714 1.09343741138
4570 1.13913090932 1.11027969353
4575 1.14749444086 1.11843139862
4580 1.10663898254 1.07861070253
4585 1.09063299433 1.06301010427
4590 1.12383698891 1.09537312825
4595 1.11851030039 1.09018135086
4600 1.10796162396 1.0798998449
4605 1.12159926725 1.09319208224
4610 1.14172156819 1.11280473776
4615 1.12775095424 1.09918796304
4620 1.12349682897 1.09504158367
4625 1.13182877904 1.10316250717
4630 1.12474549071 1.09625862007
4635 1.11741172963 1.08911060403
4640 1.11414766079 1.08592920554
4645 1.09382676394 1.06612298403
4650 1.09059120777 1.06296937606
4655 1.0829396185 1.05551158159
4660 1.12772958779 1.09916713775
4665 1.07541543859 1.04817796954
4670 1.05797728442 1.03118147835
4675 1.09644129361 1.06867129448
4680 1.06538950628 1.03840596796
4685 1.09279785557 1.06512013522
4690 1.08741234414 1.05987102476
4695 1.09998969096 1.07212982017
4700 1.06210212875 1.03520185112
4705 1.0419981707 1.01560707391
4710 1.05965383092 1.03281556229
4715 1.08623618623 1.05872465586
4720 1.12252961465 1.09409886637
4725 1.12066004998 1.09227665289
4730 1.07286120395 1.04568842701
4735 1.09144063596 1.06379729045
4740 1.11232230633 1.08415008256
4745 1.12657349481 1.09804032559
4750 1.12563752264 1.09712805915
4755 1.10065765322 1.07278086469
4760 1.12208610882 1.09366659339
4765 1.06381269639 1.03686909455
4770 1.10675786335 1.07872657241
4775 1.13078941199 1.10214946458
4780 1.1273875033 1.09883371736
4785 1.10428037826 1.07631183556
4790 1.09915427675 1.07131556483
4795 1.14353589553 1.11457311292
4800 1.11694174676 1.0886525246
4805 1.11340389377 1.0852042762
4810 1.12094178049 1.09255124791
4815 1.13617649355 1.10740010541
4820 1.13788745884 1.1090677364
4825 1.10577188351 1.07776556486
4830 1.11266096877 1.08448016755
4835 1.12136533611 1.09296407597
4840 1.08462791812 1.05715712099
4845 1.09791211146 1.07010486035
4850 1.08405643133 1.05660010847
4855 1.00970030027 0.984127224328
4860 0.774647409297 0.755027610217
4865 0.908462454845 0.885453469568
4870 1.0059888181 0.980509744332
4875 1.0389514759 1.01263754395
4880 1.08036161903 1.05299887613
4885 1.07010775473 1.04300471548
4890 1.0258356294 0.999853887645
4895 1.11827603519 1.08995301898
4900 1.10944001263 1.08134078984
4905 1.09782926109 1.07002410836
4910 1.06689036179 1.03986881071
4915 1.10334601149 1.07540113385
4920 0.99562351869 0.970406970927
4925 1.05673996082 1.02997549293
4930 1.10428071722 1.07631216593
4935 1.04879382505 1.02223061207
4940 1.05794937192 1.0311542728
4945 1.1001582873 1.07229414641
4950 1.11213320065 1.08396576643
4955 1.07419001715 1.04698358484
4960 1.06492790308 1.03795605596
4965 1.08890007609 1.06132107634
4970 1.07971405337 1.05236771162
4975 1.1004981578 1.07262540887
4980 1.05061472221 1.02400539065
4985 1.00412301086 0.97869119312
4990 1.07015679164 1.04305251041
4995 1.07623398533 1.04897578463
5000 1.04513511415 1.01866456677
5005 1.01451047186 0.988815566817
5010 1.04602849742 1.01953532297
5015 1.00643321901 0.980942889723
5020 1.0127742282 0.987123297681
5025 1.04521303514 1.01874051422
5030 1.05388610625 1.02719391906
5035 1.03424670154 1.00805192926
5040 0.986640394227 0.961651365584
5045 1.05728710371 1.03050877811
5050 1.0298238553 1.00374110218
5055 1.06531302613 1.03833142485
5060 1.08301117105 1.05558132191
5065 1.04043274469 1.01408129607
5070 1.04210973935 1.01571581682
5075 1.03752465236 1.01124685814
5080 0.988318793202 0.963287255089
5085 1.03263327189 1.00647936357
5090 1.05939265015 1.03256099655
5095 1.06543551968 1.03845081596
5100 1.01077192277 0.985171705429
5105 1.0424109045 1.01600935424
5110 1.01722388166 0.991460253026
5115 1.06356683019 1.0366294555
5120 1.06087089515 1.03400180146
5125 1.01057445704 0.984979240995
5130 1.01958885226 0.993765325084
5135 1.02822360499 1.00218138204
5140 0.991519817801 0.966407206081
5145 1.01524217559 0.989528738404
5150 1.02004751259 0.994212368744
5155 1.02579309428 0.999812429835
5160 1.04323748566 1.01681500026
5165 0.961737020816 0.937378729689
5170 0.874792536695 0.852636322654
5175 0.95302561438 0.928887960464
5180 1.01986644022 0.99403588246
5185 0.862748624953 0.840897451793
5190 0.99316650139 0.968012183468
5195 0.984539769834 0.95960394453
5200 1.032630482 1.00647664435
5205 0.981424771393 0.956567840877
5210 0.998146664471 0.972866212004
5215 1.01837456664 0.99258179415
5220 1.04217779094 1.01578214485
5225 0.985183176901 0.960231055774
5230 0.993668836797 0.968501796029
5235 1.00018115662 0.974849175774
5240 1.04230120204 1.01590243026
5245 1.04221712001 1.01582047781
5250 1.02345841109 0.997536878079
5255 1.03125776713 1.00513869676
5260 1.03412467413 1.00793299249
5265 0.925709829115 0.902264012817
5270 0.936306764756 0.912592555709
5275 0.985398584195 0.960441007362
5280 1.02085517205 0.994999572294
5285 1.01458957907 0.988892670444
5290 1.06234543284 1.03543899296
5295 1.03674964615 1.01049148081
5300 1.01017523829 0.984590133415
5305 1.04179741717 1.01541140495
5310 1.05486392813 1.02814697526
5315 1.02854485659 1.00249449717
5320 1.03698811987 1.01072391461
5325 0.987198722862 0.96219555321
5330 0.971740408387 0.947128757535
5335 1.03043038936 1.00433227432
5340 0.999378535981 0.974066883421
5345 1.01810128366 0.992315432721
5350 1.01486913225 0.989165143278
5355 1.05384633064 1.02715515086
5360 1.05833020299 1.03152545841
5365 1.01241715471 0.98677526793
5370 0.978960168283 0.954165659738
5375 1.03938103529 1.01305622372
5380 1.03918909397 1.01286914377
5385 1.03396457296 1.00777694627
5390 1.02711209189 1.00109802067
5395 1.01090886838 0.985305182561
5400 1.01340488907 0.987737985554
5405 0.973709657988 0.949048131179
5410 0.995697432527 0.970479012719
5415 1.02049242538 0.994646013051
5420 1.03345288176 1.00727821486
5425 1.00514504073 0.979687337644
5430 1.00561815692 0.980148471027
5435 1.01112171841 0.985512641654
5440 1.04466635267 1.01820767779
5445 1.00662476556 0.981129584897
5450 1.03205911385 1.00591974746
5455 1.00610097153 0.980619057206
5460 1.03111659595 1.00500110108
5465 1.01079228641 0.985191553313
5470 1.03763074187 1.01135026068
5475 0.994309518629 0.969126251062
5480 1.00766827873 0.982146668604
5485 1.03397496954 1.00778707952
5490 1.02348181186 0.997559686166
5495 1.02446538822 0.998518351105
5500 1.01677335797 0.991021139924
5505 1.01390024248 0.988220792957
5510 1.01842018773 0.992626259777
5515 1.01583158685 0.990103221411
5520 1.03293673953 1.00677514517
5525 1.01022928287 0.984642809186
5530 0.991782980129 0.966663703194
5535 1.0071081255 0.98160070259
5540 1.0233578581 0.997438871836
5545 1.0117277272 0.986103301829
5550 1.02598553856 1.0
5555 1.01044819844 0.984856180189
5560 1.0145645829 0.98886830737
5565 0.996425843914 0.971188975345
5570 0.991259512657 0.966153493788
5575 0.988386385453 0.963353135405
5580 1.0079081815 0.98238049526
5585 0.983699412521 0.958784871277
5590 0.960644807598 0.936314179384
5595 0.972764617902 0.948127026494
5600 0.966545429969 0.942065354375
5605 0.991830640755 0.9667101567
5610 1.01397864493 0.988297209676
5615 0.965482899997 0.941029735517
5620 0.997888353087 0.972614442974
5625 0.975014013266 0.950319450538
5630 1.00869362802 0.983146048466
5635 0.995377142914 0.970166835206
5640 0.985621888895 0.960658656336
5645 1.0015090992 0.976143485025
5650 1.00242714399 0.977038278142
5655 0.9857886364 0.960821180562
5660 0.965881635538 0.941418372127
5665 0.990827041768 0.965731976259
5670 1.00084470018 0.975495913499
5675 1.00291856593 0.977517253637
5680 0.991291724688 0.966184889972
5685 0.972133678314 0.94751206696
5690 0.978738426854 0.953949534442
5695 0.999425840904 0.974112990234
5700 0.982357404512 0.957476852832
5705 0.975785464054 0.951071362489
5710 0.941129384196 0.917293030772
5715 0.980429064652 0.955597352792
5720 0.995094030042 0.969890892845
5725 1.00233836116 0.976951743944
5730 0.99622237601 0.970990660752
5735 0.99849506752 0.973205790912
5740 0.998607048586 0.973314935789
5745 0.995760974279 0.970540945124
5750 0.985138818858 0.960187821204
5755 0.973413271247 0.948759251141
5760 0.985053683189 0.960104841799
5765 0.982460532324 0.957577368685
5770 0.993676929636 0.968509683898
5775 0.986867844866 0.961873055491
5780 0.977083204236 0.952336234296
5785 0.96946349058 0.944909508119
5790 0.983218786065 0.958316417835
5795 0.990077331342 0.965001254043
5800 0.993697481867 0.968529715595
5805 0.985222248171 0.96026913747
5810 0.992582606957 0.967443077559
5815 0.994269139194 0.969086894332
5820 1.00025941807 0.974925455066
5825 1.0060348337 0.980554594476
5830 1.00225524762 0.976870735454
5835 0.997604769896 0.972338042205
5840 0.998970206835 0.973668896187
5845 0.998248482012 0.972965450772
5850 0.991246576154 0.966140884933
5855 0.970563414953 0.945981574276
5860 0.969487204261 0.944932621195
5865 0.988230444686 0.963201144211
5870 0.992068288921 0.966941785858
5875 0.987268637752 0.962263697338
5880 0.982755938612 0.957865293102
5885 0.970275895402 0.945701336845
5890 0.865172072046 0.84325951929
5895 0.893943423315 0.871302167249
5900 0.954800605223 0.930617995418
5905 0.971585043389 0.946977327528
5910 0.969963023077 0.945396388761
5915 0.951078722873 0.926990378643
5920 0.971292506013 0.946692199361
5925 0.966985882956 0.942494651836
5930 0.951255056564 0.927162246261
5935 0.960736551689 0.936403599836
5940 0.956652541578 0.932423027053
5945 0.954774500054 0.930592551424
5950 0.944846358988 0.920915864285
5955 0.947108427523 0.923120640522
5960 0.958950659804 0.934662939936
5965 0.952614988268 0.928487734441
5970 0.955053785405 0.930864763205
5975 0.941460781263 0.917616034416
5980 0.950484105754 0.926410821625
5985 0.928254050781 0.904743795982
5990 0.946605004073 0.922629967476
5995 0.944183855914 0.920270140687
6000 0.938803269123 0.91502583013
6005 0.940795726664 0.916967823916
6010 0.925930887381 0.902479472254
6015 0.92838424689 0.904870694563
6020 0.91322798349 0.890098299797
6025 0.918141968715 0.894887826589
6030 0.933828632079 0.910177187672
6035 0.936897490186 0.913168319604
6040 0.935337653439 0.911647989454
6045 0.931715898879 0.908117964495
6050 0.934647463374 0.910975280104
6055 0.924560275953 0.90114357484
6060 0.93272664016 0.909103106334
6065 0.919151310733 0.895871604606
6070 0.934836202564 0.911159239022
6075 0.934442921803 0.910775919038
6080 0.920565609575 0.897250082945
6085 0.924159325125 0.90075277905
6090 0.926643107636 0.903173653827
6095 0.927973315534 0.904470171027
6100 0.922403991344 0.899041903297
6105 0.915478904729 0.892292211071
6110 0.929843627012 0.906293112392
6115 0.928988941371 0.90546007371
6120 0.918044949964 0.89479326507
6125 0.917769332997 0.894524628762
6130 0.924271165916 0.900861787206
6135 0.905529566466 0.882594863603
6140 0.897921682668 0.875179667666
6145 0.916089592262 0.89288743148
6150 0.914794699434 0.891625334911
6155 0.909653160514 0.886614017766
6160 0.892580571383 0.869973832803
6165 0.892602326532 0.869995036951
6170 0.887289043862 0.864816325877
6175 0.909927660159 0.886881565051
6180 0.917434346968 0.894198127056
6185 0.918685442436 0.895417535537
6190 0.900390422287 0.877585880547
6195 0.914196673095 0.89104245502
6200 0.910168465505 0.887116271425
6205 0.918073885634 0.894821467875
6210 0.916626706844 0.893410942351
6215 0.894521455515 0.871865559401
6220 0.893626575568 0.870993344429
6225 0.904038425548 0.881141489398
6230 0.876895057153 0.854685591751
6235 0.893699750177 0.871064665716
6240 0.890126773885 0.867582183598
6245 0.876494639036 0.85429531518
6250 0.893527906734 0.87089717462
6255 0.870101705009 0.848064297503
6260 0.889991846318 0.867450673395
6265 0.892399665057 0.869797508363
6270 0.894853634758 0.87218932541
6275 0.845738011647 0.82431767297
6280 0.856184092327 0.834499181662
6285 0.887315581238 0.864842191131
6290 0.869392382866 0.847372940641
6295 0.874001050469 0.851864882711
6300 0.85480083698 0.833150960567
6305 0.876727809468 0.854522580013
6310 0.88300321262 0.860639043566
6315 0.86493928301 0.843032626193
6320 0.86772676612 0.845749509624
6325 0.886315589493 0.863867526569
6330 0.888275231203 0.865777535664
6335 0.868666445483 0.846665389359
6340 0.878516994841 0.856266449986
6345 0.877730734982 0.855500104039
6350 0.886930993936 0.864467344423
6355 0.880077516655 0.857787447851
6360 0.872811249168 0.850705215974
6365 0.880323132691 0.858026843074
6370 0.88237933129 0.860030963523
6375 0.888088774303 0.865595801232
6380 0.881745141376 0.859412835986
6385 0.884671657395 0.862265230986
6390 0.884555364428 0.862151883415
6395 0.870825056025 0.848769327925
6400 0.859879000561 0.838100507505
6405 0.878139007703 0.855898036277
6410 0.86407610905 0.842191314179
6415 0.869262206907 0.8472460617
6420 0.860284063418 0.838495311176
6425 0.882239223978 0.859894404764
6430 0.866305979059 0.844364707395
6435 0.874704297278 0.852550318111
6440 0.862200989137 0.840363686165
6445 0.879791632197 0.857508804101
6450 0.858012762686 0.836281536569
6455 0.861582756723 0.839761111965
6460 0.864402150685 0.84250909803
6465 0.862166782638 0.840330346027
6470 0.85995863471 0.838178124728
6475 0.862065869576 0.84023198883
6480 0.86399319111 0.842110496335
6485 0.864623127083 0.842724477672
6490 0.858807726057 0.837056365591
6495 0.807350436989 0.786902355487
6500 0.844575899028 0.823184993633
6505 0.864832922058 0.842928959087
6510 0.861561896752 0.839740780324
6515 0.848636233263 0.827142490188
6520 0.85198090089 0.830402446105
6525 0.856259460721 0.834572641172
6530 0.85257929901 0.830985688361
6535 0.851628745582 0.830059209973
6540 0.847017033473 0.825564300508
6545 0.82823798827 0.807260879555
6550 0.824334622876 0.803456376229
6555 0.792503108152 0.772431070776
6560 0.666860235068 0.649970404069
6565 0.63192533463 0.615920313571
6570 0.783492423444 0.763648603218
6575 0.816507420484 0.795827416465
6580 0.835759974007 0.814592353006
6585 0.838044090991 0.816818619262
6590 0.837145861629 0.815943139708
6595 0.827121610999 0.806172777209
6600 0.842215585849 0.820884461032
6605 0.838670107706 0.817428780606
6610 0.835071495208 0.81392131158
6615 0.841746339711 0.820427099675
6620 0.843279068748 0.821921008682
6625 0.839994565326 0.818719693168
6630 0.839338005227 0.818079762024
6635 0.828334460407 0.807354908304
6640 0.836238700932 0.815058955026
6645 0.828786791061 0.807795782603
6650 0.838392148252 0.81715786114
6655 0.834443480145 0.813309202501
6660 0.832710849596 0.811620454966
6665 0.826497063138 0.805564047518
6670 0.831485285823 0.810425931528
6675 0.827849904338 0.806882624777
6680 0.823346272567 0.802493058257
6685 0.832400614722 0.811318077533
6690 0.831301829984 0.810247122147
6695 0.827071604328 0.806124037077
6700 0.826020118359 0.805099182507
6705 0.82115191474 0.800354277792
6710 0.823364568459 0.802510890762
6715 0.81588005512 0.79521594063
6720 0.808144660286 0.787676463178
6725 0.806782032229 0.786348346937
6730 0.821353697932 0.800550950342
6735 0.81909263897 0.798347158108
6740 0.81495300606 0.794312371306
6745 0.811835956613 0.791274268594
6750 0.805988508171 0.785574920774
6755 0.814843677506 0.794205811759
6760 0.812966135449 0.792375822947
6765 0.812014908598 0.791448688192
6770 0.80993487775 0.789421339102
6775 0.814564655266 0.793933856425
6780 0.817981105283 0.797263776671
6785 0.808156259585 0.787687768697
6790 0.81383150983 0.793219279651
6795 0.809761317368 0.789252174552
6800 0.80936116907 0.788862160967
6805 0.804980000942 0.784591956404
6810 0.803026182273 0.782687622868
6815 0.806452040291 0.786026712834
6820 0.806262456337 0.785841930548
6825 0.808525194935 0.788047359876
6830 0.806465613065 0.786039941845
6835 0.806870238889 0.786434319552
6840 0.791605425644 0.771556124226
6845 0.796997603319 0.7768117321
6850 0.799787463147 0.779530932052
6855 0.785845520921 0.765942102871
6860 0.793823019024 0.773717551747
6865 0.806192239894 0.785773492504
6870 0.804559631275 0.784182233605
6875 0.806061206304 0.785645777654
6880 0.800463241594 0.780189594794
6885 0.797363967792 0.777168817516
6890 0.801600730165 0.781298273745
6895 0.80063225909 0.780354331517
6900 0.803633668584 0.783279723134
6905 0.798329364396 0.778109763141
6910 0.79876744535 0.778536748647
6915 0.789477606425 0.769482197119
6920 0.793864681052 0.773758158585
6925 0.789102525504 0.76911661602
6930 0.794480442097 0.774358324008
6935 0.79197663951 0.771917936212
6940 0.788221958146 0.768258351137
6945 0.780495261701 0.760727351767
6950 0.786338432258 0.76642253005
6955 0.78702550514 0.767092201167
6960 0.791444278195 0.771399058221
6965 0.785584606979 0.765687797199
6970 0.785753822111 0.765852726553
6975 0.77557369832 0.755930438755
6980 0.772150544141 0.752593984145
6985 0.78302329124 0.763191352909
6990 0.785318012192 0.765427954563
6995 0.78761351774 0.767665320941
7000 0.77659784299 0.75692864451
7005 0.770205875601 0.750698568988
7010 0.77722968303 0.75754448169
7015 0.767446708107 0.748009284013
7020 0.774339774363 0.754727766874
7025 0.766054984316 0.746652808957
7030 0.780973512419 0.761193489641
7035 0.770569937855 0.751053410495
7040 0.780538555618 0.760769549162
7045 0.783798312227 0.763946744636
7050 0.780150309161 0.760391135976
7055 0.777641082836 0.757945461811
7060 0.774634316658 0.75501484918
7065 0.776120614464 0.756463502938
7070 0.774363698417 0.754751084994
7075 0.775243536033 0.755608638617
7080 0.777739561432 0.758041446201
7085 0.767332755779 0.747898217801
7090 0.76855903853 0.749093442007
7095 0.768861231042 0.74938798077
7100 0.770118864685 0.750613761833
7105 0.771033149914 0.7515048906
7110 0.766236136936 0.746829373453
7115 0.766402953943 0.746991965421
7120 0.765948584036 0.746549103518
7125 0.770951437448 0.751425247698
7130 0.768050652934 0.748597932492
7135 0.768141549917 0.748686527292
7140 0.766196777542 0.74679101093
7145 0.7559431399 0.736797071194
7150 0.74803583633 0.729090039006
7155 0.755158093772 0.736031908239
7160 0.754416085529 0.735308693129
7165 0.730570539274 0.712067092387
7170 0.748399787328 0.729444772074
7175 0.747942839048 0.728999397103
7180 0.741636992757 0.722853261457
7185 0.731382164253 0.712858161021
7190 0.73361783557 0.715037208613
7195 0.738523834574 0.719818951454
7200 0.735491642057 0.716863556467
7205 0.735476583101 0.716848878915
7210 0.740441982943 0.721688518126
7215 0.747309580633 0.728382177473
7220 0.741891582607 0.72310140321
7225 0.737342681984 0.718667714379
7230 0.742843665944 0.724029372758
7235 0.735279509294 0.716656796474
7240 0.737477373942 0.718798994941
7245 0.738684146887 0.719975203474
7250 0.731175568253 0.712656797559
7255 0.738659023618 0.719950716512
7260 0.733958990595 0.71536972307
7265 0.738137967754 0.719442857634
7270 0.735496909405 0.716868690407
7275 0.722132266972 0.70384253952
7280 0.735787116648 0.717151547458
7285 0.726812592338 0.708404324448
7290 0.70802531256 0.690092877481
7295 0.725045487344 0.706681975616
7300 0.728968625189 0.710505750608
7305 0.73096945237 0.712455902054
7310 0.722487769324 0.704189037924
7315 0.732086083076 0.713544251416
7320 0.729120760773 0.710654032995
7325 0.721560223516 0.703284984434
7330 0.725206400612 0.706838813371
7335 0.73259934087 0.714044509728
7340 0.728693105651 0.710237209262
7345 0.726160905877 0.707769143506
7350 0.72505812622 0.706694294383
7355 0.729752585636 0.711269855381
7360 0.722613727947 0.704311806344
7365 0.720012625004 0.701776582556
7370 0.727182085161 0.708764458981
7375 0.720335235724 0.702091022388
7380 0.726292937249 0.707897830868
7385 0.713491574568 0.695420693325
7390 0.703702892297 0.685879932853
7395 0.713966846979 0.695883928325
7400 0.710423306814 0.692430136793
