Wave Flux FluxNorm
3600 0.817656842474 0.810773520335
3605 0.803818887243 0.797052057866
3610 0.804508114036 0.797735482506
3615 0.801895523973 0.795144886143
3620 0.803681295743 0.796915624659
3625 0.816605216437 0.809730747255
3630 0.811982803378 0.805147247291
3635 0.82064656603 0.81373807535
3640 0.81880776355 0.811914752554
3645 0.817587106771 0.810704371692
3650 0.817380193373 0.810499200163
3655 0.829332033034 0.822350425045
3660 0.8214280291 0.814512959789
3665 0.825232622425 0.818285524713
3670 0.829368582993 0.822386667314
3675 0.823382395132 0.816450873282
3680 0.816182264885 0.809311356257
3685 0.81161885941 0.80478636713
3690 0.828461080361 0.821486804357
3695 0.830342008216 0.823351897902
3700 0.851308977234 0.844142359619
3705 0.810343815362 0.803522056851
3710 0.830135238121 0.82314686847
3715 0.897306753734 0.889752910701
3720 0.835598705234 0.8285643422
3725 0.916850489607 0.909132120549
3730 1.00345685681 0.995009404973
3735 0.741069203948 0.734830623417
3740 1.11556185629 1.10617066523
3745 1.08498342223 1.07584965116
3750 0.730985452338 0.724831760366
3755 1.10434961009 1.09505280766
3760 1.32568213624 1.31452207896
3765 1.17521831589 1.16532491584
3770 0.736615103804 0.730414019451
3775 1.07049276446 1.06148098083
3780 1.55151217437 1.5384510006
3785 1.69467292664 1.68040657544
3790 1.45538868501 1.4431367125
3795 0.930038276847 0.922208888369
3800 0.819329987883 0.812432580619
3805 1.37418144708 1.36261310559
3810 1.8089551087 1.79372669
3815 1.95302288332 1.93658165155
3820 1.95030428422 1.93388593858
3825 1.65728654284 1.64333492334
3830 1.18768978053 1.17769139131
3835 0.718817868084 0.712766607105
3840 1.07295712479 1.06392459531
3845 1.62431411516 1.61064006912
3850 1.97772937932 1.96108015961
3855 2.15644001676 2.13828634821
3860 2.25236085047 2.23339968669
3865 2.27082106662 2.25170449827
3870 2.21931612202 2.20063314036
3875 1.9814157069 1.96473545439
3880 1.58611884103 1.5727663362
3885 1.06321791049 1.05426736913
3890 0.735902755723 0.729707668166
3895 1.24101806859 1.23057074313
3900 1.68948870468 1.67526599608
3905 2.0162528448 1.99927932104
3910 2.27270020259 2.25356781501
3915 2.34310589721 2.32338080979
3920 2.41378254768 2.39346247943
3925 2.45348613241 2.43283182545
3930 2.31191133501 2.29244885436
3935 2.00520127337 1.98832078561
3940 2.38176015611 2.36170966358
3945 2.30516745165 2.28576174338
3950 2.19071240011 2.17227021462
3955 1.9768798462 1.96023777816
3960 1.62412601674 1.61045355418
3965 1.13896209557 1.12937391309
3970 0.675361258875 0.669675830877
3975 1.09983416797 1.09057537811
3980 1.57918704805 1.56589289749
3985 1.91748348157 1.90134143296
3990 2.1379438649 2.11994590345
3995 2.26625741669 2.24717926674
4000 2.3271832501 2.30759220511
4005 2.30399586406 2.28460001862
4010 2.39424747358 2.37409185843
4015 2.39288918494 2.37274500434
4020 2.41803629476 2.39768041697
4025 2.36118941872 2.34131209787
4030 2.37008571478 2.35013350179
4035 2.38546108959 2.36537944131
4040 2.39559679641 2.37542982219
4045 2.33750887873 2.31783090898
4050 2.34908809636 2.32931264869
4055 2.31493822773 2.29545026563
4060 2.30429459813 2.28489623784
4065 2.23622360461 2.21739828983
4070 2.20159600799 2.18306220046
4075 2.13492706722 2.11695450222
4080 2.03453254357 2.01740513489
4085 1.87637497375 1.86057899097
4090 1.61367915149 1.6000946343
4095 1.22883018115 1.2184854576
4100 0.754994763479 0.748638952704
4105 0.86284282395 0.855579110367
4110 1.31384279717 1.3027824076
4115 1.6566997231 1.64275304365
4120 1.86612610649 1.85041640227
4125 1.99037792223 1.97362222265
4130 2.00446670444 1.98759240055
4135 2.11023267026 2.09246799136
4140 2.1657970749 2.14756463535
4145 2.15241768034 2.13429787323
4150 2.18877912755 2.17035321702
4155 2.17473547856 2.15642779239
4160 2.18074133292 2.16238308736
4165 2.16847138208 2.15021642927
4170 2.15493396446 2.13679297438
4175 2.11892640494 2.10108853913
4180 2.11568413265 2.09787356143
4185 2.14681268826 2.12874006594
4190 2.14471132904 2.1266563967
4195 2.15706580375 2.1389068671
4200 2.11601098554 2.09819766276
4205 2.13947872324 2.12146784081
4210 2.14891148557 2.13082119483
4215 2.12525972213 2.10736854024
4220 2.12985216981 2.11192232708
4225 2.09318204916 2.07556090837
4230 2.09894663828 2.08127696916
4235 2.06914784714 2.05172903469
4240 2.10128971567 2.0836003217
4245 2.08430377089 2.06675737056
4250 2.06282671971 2.04546112073
4255 2.07942598205 2.06192064466
4260 2.06082171276 2.04347299263
4265 2.08569958595 2.06814143516
4270 2.04727795372 2.03004324971
4275 2.0267947299 2.00973246085
4280 2.05786298031 2.04053916783
4285 2.03328406296 2.01616716443
4290 1.99047566862 1.97371914617
4295 1.97840151189 1.96174663393
4300 1.92649164313 1.91027376066
4305 1.91802755592 1.9018809271
4310 1.88675907905 1.87087567924
4315 1.80633070519 1.79112437964
4320 1.74376363366 1.72908401967
4325 1.56982579527 1.55661045102
4330 1.34889588421 1.33754040546
4335 1.01281277011 1.00428655691
4340 0.650908078715 0.645428506166
4345 0.920461296373 0.912712530277
4350 1.25525743685 1.2446902394
4355 1.51439167658 1.50164299619
4360 1.68935599038 1.67513439901
4365 1.78958293684 1.77451759988
4370 1.83482026884 1.81937410815
4375 1.87545353793 1.85966531213
4380 1.90415562657 1.88812577652
4385 1.84012276544 1.82463196648
4390 1.89582516646 1.87986544514
4395 1.88526002432 1.86938924407
4400 1.9032397633 1.8872176233
4405 1.90045963369 1.8844608978
4410 1.91966391761 1.90350351332
4415 1.87308817092 1.85731985761
4420 1.8935494455 1.877608882
4425 1.91443673636 1.89832033631
4430 1.90698983887 1.89093612943
4435 1.89040201085 1.87448794356
4440 1.90055796638 1.8845584027
4445 1.86151188254 1.84584102248
4450 1.87977253452 1.86394794989
4455 1.87160534068 1.85584951035
4460 1.87434131219 1.8585624495
4465 1.85503386162 1.83941753581
4470 1.82126596478 1.80593390897
4475 1.85136035182 1.83577495091
4480 1.7283555613 1.71380565786
4485 1.81086224763 1.79561777396
4490 1.81025958534 1.7950201851
4495 1.83972110841 1.82423369074
4500 1.82001542763 1.80469389928
4505 1.82760333826 1.81221793222
4510 1.8168158701 1.80152127676
4515 1.80494179989 1.78974716663
4520 1.78256106409 1.76755483972
4525 1.78927478196 1.77421203916
4530 1.78573828678 1.77070531543
4535 1.7664855929 1.75161469748
4540 1.78774245405 1.77269261092
4545 1.78074164525 1.76575073738
4550 1.70467744479 1.69032687205
4555 1.71296546794 1.69854512372
4560 1.73725411828 1.72262930367
4565 1.73938038258 1.72473766834
4570 1.74423308197 1.729549516
4575 1.73063493654 1.71606584452
4580 1.72300340483 1.70849855773
4585 1.68506672111 1.67088123832
4590 1.69909750229 1.68479390346
4595 1.72168840049 1.70719462355
4600 1.72282119102 1.70831787786
4605 1.71804412081 1.7035810227
4610 1.71743446142 1.70297649564
4615 1.70252324329 1.68819080538
4620 1.6743110554 1.66021611758
4625 1.70354082022 1.68919981598
4630 1.67063174981 1.65656778567
4635 1.66513602225 1.65111832307
4640 1.68547656879 1.67128763576
4645 1.67759197319 1.66346941545
4650 1.67142291536 1.65735229091
4655 1.66705326266 1.65301942348
4660 1.6691559536 1.65510441324
4665 1.64249415253 1.62866706056
4670 1.64092242445 1.62710856384
4675 1.65640366982 1.64245948265
4680 1.64849329869 1.6346157038
4685 1.64013557222 1.6263283356
4690 1.63944137614 1.62563998351
4695 1.63263736265 1.61889324859
4700 1.61089567662 1.5973345917
4705 1.60319524404 1.58969898406
4710 1.60763477797 1.59410114444
4715 1.60131063174 1.5878302371
4720 1.59128507298 1.57788907701
4725 1.58979611322 1.57641265183
4730 1.56975820276 1.55654342753
4735 1.56160701153 1.54846085588
4740 1.55894064467 1.54581693543
4745 1.56209776503 1.54894747805
4750 1.54872616769 1.53568844751
4755 1.54804752272 1.53501551561
4760 1.53156566374 1.5186724067
4765 1.53379837167 1.52088631891
4770 1.52247955864 1.50966279162
4775 1.52196517633 1.50915273956
4780 1.52213527561 1.50932140688
4785 1.52153759602 1.50872875877
4790 1.51100942947 1.49828922202
4795 1.50451181608 1.49184630782
4800 1.49227040964 1.47970795384
4805 1.47625829839 1.46383063815
4810 1.46851500529 1.45615253081
4815 1.45761339495 1.44534269405
4820 1.44557961907 1.43341022272
4825 1.4057650678 1.39393084431
4830 1.39296941363 1.38124290845
4835 1.34206789 1.3307698917
4840 1.27492189404 1.26418915429
4845 1.16981806969 1.1599701308
4850 1.01879883313 1.01022222715
4855 0.822344981429 0.815422192892
4860 0.574650624416 0.569813013869
4865 0.687590604356 0.681802225437
4870 0.923692110135 0.915916145916
4875 1.08101171745 1.07191138159
4880 1.1968248164 1.18674952524
4885 1.26941849473 1.25873208452
4890 1.30935838594 1.29833574772
4895 1.34394655255 1.33263273901
4900 1.363515309 1.3520367588
4905 1.37689959284 1.36530836904
4910 1.3819241455 1.37029062325
4915 1.3896201489 1.377921839
4920 1.36530650397 1.35381287486
4925 1.36193945082 1.35047416675
4930 1.39470301825 1.38296191897
4935 1.38481561685 1.37315775318
4940 1.39137271282 1.37965964922
4945 1.39250170264 1.38077913481
4950 1.3854426791 1.3737795366
4955 1.37310931508 1.36154999917
4960 1.37308888563 1.3615297417
4965 1.37835140238 1.36674795674
4970 1.37256709176 1.36101234048
4975 1.37436253698 1.36279267101
4980 1.36440723687 1.35292117811
4985 1.35159672598 1.34021851059
4990 1.35464743921 1.34324354185
4995 1.35337103753 1.34197788537
5000 1.34337397721 1.3320649838
5005 1.32963079969 1.31843750117
5010 1.33683367615 1.3255797413
5015 1.3187277678 1.30762625483
5020 1.28533426988 1.27451387509
5025 1.30489363161 1.29390857925
5030 1.3155780497 1.30450305217
5035 1.30940866998 1.29838560845
5040 1.29323889755 1.28235195884
5045 1.30825542418 1.29724207108
5050 1.30273053646 1.29176369379
5055 1.28146794796 1.27068010122
5060 1.29778679308 1.28686156858
5065 1.29869822053 1.28776532332
5070 1.28996046526 1.27910112554
5075 1.28648749262 1.2756573896
5080 1.28472556652 1.27391029601
5085 1.28129373984 1.27050735965
5090 1.28310878079 1.27230712095
5095 1.27851891239 1.26775589167
5100 1.26512459656 1.25447433389
5105 1.27324720425 1.26252856262
5110 1.27126512678 1.26056317097
5115 1.26966355506 1.25897508185
5120 1.26211461933 1.2514896957
5125 1.2553989961 1.24483060695
5130 1.24620358126 1.23571260234
5135 1.24451079963 1.23403407114
5140 1.2396656806 1.22922974001
5145 1.23733137182 1.22691508227
5150 1.23307370375 1.22269325674
5155 1.22982516563 1.21947206595
5160 1.22971278553 1.21936063191
5165 1.20176747469 1.19165057451
5170 1.16123450811 1.15145882866
5175 1.20300340619 1.1928761015
5180 1.20886223794 1.19868561154
5185 1.18178928989 1.17184057307
5190 1.19740691336 1.1873267219
5195 1.19254771315 1.18250842815
5200 1.19632816072 1.18625705058
5205 1.19793132038 1.18784671429
5210 1.19152582033 1.18149513798
5215 1.18871985334 1.17871279261
5220 1.19151727941 1.18148666896
5225 1.17413128824 1.16424703916
5230 1.16657170764 1.15675109777
5235 1.15325547164 1.14354696251
5240 1.17119084784 1.16133135242
5245 1.17249592134 1.16262543936
5250 1.16547518061 1.15566380168
5255 1.16004168689 1.15027604902
5260 1.15386410536 1.14415047254
5265 1.13964206571 1.13004815901
5270 1.13656542639 1.12699741991
5275 1.12685055198 1.11736432873
5280 1.13604801405 1.12648436333
5285 1.13751519856 1.12793919657
5290 1.1460179169 1.13637033605
5295 1.14243178963 1.13281439805
5300 1.13839277149 1.12880938178
5305 1.1175246599 1.10811694528
5310 1.13217390694 1.12264286982
5315 1.10488011134 1.09557884297
5320 1.11735947993 1.10795315585
5325 1.11737460408 1.10796815268
5330 1.10802355137 1.09869582041
5335 1.11468170501 1.10529792338
5340 1.1083465639 1.09901611371
5345 1.11586078302 1.1064670755
5350 1.11419969626 1.10481997235
5355 1.11110511348 1.10175144085
5360 1.10499388977 1.09569166357
5365 1.09306960811 1.0838677647
5370 1.09267071048 1.08347222512
5375 1.09910980004 1.08985710817
5380 1.09535681556 1.08613571763
5385 1.08981108021 1.08063666822
5390 1.09096221529 1.08177811265
5395 1.08481849061 1.07568610799
5400 1.07808611502 1.06901040791
5405 1.06784583418 1.05885633334
5410 1.0683330176 1.05933941548
5415 1.06413493007 1.05517666892
5420 1.06650788314 1.05752964564
5425 1.0554231617 1.04653823928
5430 1.05639089856 1.04749782939
5435 1.05491768333 1.0460370162
5440 1.05943245561 1.05051378154
5445 1.05259766436 1.04373652796
5450 1.05529455416 1.0464107144
5455 1.0492102127 1.04037759306
5460 1.05004092332 1.04120131047
5465 1.03963871965 1.03088667619
5470 1.04086997617 1.03210756756
5475 1.03429626885 1.02558920003
5480 1.03209697835 1.02340842392
5485 1.03372756939 1.02502528807
5490 1.03064251466 1.02196620442
5495 1.02951198895 1.02084519587
5500 1.02632305056 1.01768310308
5505 1.02036260588 1.01177283552
5510 1.0218740034 1.01327150956
5515 1.0256043107 1.01697041382
5520 1.02233923067 1.01373282039
5525 1.01524579248 1.00669909725
5530 1.00759085305 0.999108599781
5535 1.00723348638 0.998754241552
5540 1.0121556701 1.0036349886
5545 1.00770646742 0.999223240865
5550 1.0084898211 1.0
5555 1.00418814101 0.995734532959
5560 1.00306865858 0.994624474732
5565 0.997321621896 0.988925818617
5570 0.993369405082 0.98500687295
5575 0.990039957938 0.98170545426
5580 0.989551872276 0.981221477475
5585 0.983695866865 0.975414769971
5590 0.978696274134 0.970457265566
5595 0.980889657324 0.972632184087
5600 0.977540461203 0.969311182673
5605 0.976390867794 0.968171266945
5610 0.972959698892 0.964768982827
5615 0.96518716088 0.957061876767
5620 0.967505794387 0.959360991203
5625 0.96327751297 0.955168304942
5630 0.962790949994 0.954685838024
5635 0.958913948606 0.950841474594
5640 0.956304366865 0.948253861228
5645 0.953483042371 0.945456287633
5650 0.952452249202 0.944434172042
5655 0.949245531823 0.941254449935
5660 0.943915636577 0.935969423617
5665 0.944707704305 0.936754823441
5670 0.941890968704 0.933961800108
5675 0.939685557072 0.931774954406
5680 0.936015689483 0.928135981049
5685 0.931518408769 0.923676560022
5690 0.929228451362 0.92140588028
5695 0.92751198377 0.919703862514
5700 0.925112812059 0.917324887872
5705 0.921572510053 0.913814389371
5710 0.919830615056 0.912087158256
5715 0.918907873189 0.911172184354
5720 0.916182072308 0.908469330221
5725 0.912969429297 0.905283732366
5730 0.91187044538 0.904194000082
5735 0.910302795918 0.902639547642
5740 0.906977267975 0.89934201516
5745 0.905042765398 0.897423797905
5750 0.900743761885 0.893160984911
5755 0.899818845125 0.892243854425
5760 0.89815800125 0.890596992117
5765 0.894180866111 0.886653337896
5770 0.893147681718 0.885628851211
5775 0.889898528792 0.882407050795
5780 0.887373688525 0.879903465519
5785 0.884368348928 0.876923425925
5790 0.88304994143 0.875616117244
5795 0.883187766472 0.875752782026
5800 0.883921222458 0.876480063523
5805 0.884302781069 0.87685841004
5810 0.884907455764 0.87745799437
5815 0.882322989553 0.874895285103
5820 0.881735343072 0.874312585636
5825 0.878419715106 0.871024869789
5830 0.876862865 0.869481125793
5835 0.87495638263 0.867590692861
5840 0.873976166435 0.86661872847
5845 0.873473124556 0.866119921374
5850 0.870321648069 0.862994975122
5855 0.865929798886 0.858640098065
5860 0.86343965317 0.85617091527
5865 0.863321708354 0.856053963355
5870 0.861210849215 0.853960874168
5875 0.857075313278 0.849860152624
5880 0.854986624782 0.847789047441
5885 0.84580242132 0.838682159825
5890 0.804209492714 0.797439375083
5895 0.816772749409 0.809896869875
5900 0.832406645171 0.825399154019
5905 0.84083043517 0.833752029598
5910 0.837151691506 0.830104254889
5915 0.835866388728 0.828829772241
5920 0.828379260612 0.821405673396
5925 0.82814474984 0.821173136818
5930 0.831197541534 0.824200229041
5935 0.829247892129 0.822266992468
5940 0.824715957812 0.817773209564
5945 0.818167575549 0.81127995388
5950 0.816415247801 0.809542377841
5955 0.815191090651 0.808328526076
5960 0.810330051025 0.803508408387
5965 0.81277316306 0.805930953448
5970 0.807893864166 0.801092730204
5975 0.807426157178 0.800628960537
5980 0.801382305894 0.794635988513
5985 0.802419390734 0.79566434281
5990 0.800114234576 0.793378592265
5995 0.800219919074 0.793483387074
6000 0.793545184702 0.786864842957
6005 0.792669559064 0.785996588642
6010 0.790623636158 0.783967889033
6015 0.787568338491 0.780938311934
6020 0.785581008661 0.778967712143
6025 0.784461798114 0.777857923503
6030 0.78547557036 0.778863161459
6035 0.782713551496 0.776124394239
6040 0.779162445837 0.772603183033
6045 0.777535811078 0.770990241856
6050 0.777631228 0.771084855525
6055 0.775693606919 0.769163546018
6060 0.775070726515 0.768545909239
6065 0.774615141874 0.76809415987
6070 0.771967888521 0.765469192024
6075 0.768609223757 0.762138801679
6080 0.766921247689 0.760465035585
6085 0.767531190436 0.761069843621
6090 0.766903908771 0.760447842632
6095 0.765482417173 0.75903831765
6100 0.760893789283 0.754488318439
6105 0.760092933546 0.753694204587
6110 0.760605311103 0.754202268769
6115 0.757910304214 0.751529949394
6120 0.756164096819 0.749798442185
6125 0.753719629547 0.747374553296
6130 0.752177964223 0.745845866252
6135 0.750654926538 0.744335650032
6140 0.746620715504 0.740335400402
6145 0.744321269541 0.738055311981
6150 0.738584191528 0.732366530704
6155 0.730039169023 0.723893443196
6160 0.727754706075 0.721628211658
6165 0.738158154074 0.731944079783
6170 0.735676488514 0.729483305754
6175 0.733077745683 0.726906440052
6180 0.733650850527 0.727474720298
6185 0.73024899177 0.724101499581
6190 0.733936201549 0.727757669135
6195 0.728189932493 0.722059774188
6200 0.724694256757 0.718593526277
6205 0.719367806179 0.713311915628
6210 0.717515949701 0.711475648727
6215 0.715661476011 0.709636786647
6220 0.714971695196 0.70895281265
6225 0.71588695298 0.709860365472
6230 0.712671361563 0.706671844032
6235 0.706183042134 0.700238145552
6240 0.69826434902 0.692386114775
6245 0.695335396333 0.689481819039
6250 0.69762867098 0.691755788095
6255 0.703191981076 0.697272264296
6260 0.701226543547 0.695323372509
6265 0.701653938931 0.695747169929
6270 0.696661156242 0.690796418236
6275 0.687886069851 0.682095203601
6280 0.65611591824 0.650592504271
6285 0.678975340172 0.67325948757
6290 0.679398655437 0.673679239218
6295 0.676159960013 0.670467808269
6300 0.67508326579 0.669400178035
6305 0.676245537206 0.670552665043
6310 0.678330004766 0.672619584824
6315 0.679508541689 0.67378820041
6320 0.677825059043 0.672118889911
6325 0.677725904229 0.672020569817
6330 0.678843097159 0.673128357825
6335 0.67894307293 0.673227491964
6340 0.676751118915 0.671053990588
6345 0.661888421201 0.656316412277
6350 0.669209828882 0.66357618578
6355 0.676265058959 0.670572022455
6360 0.674196042088 0.668520423294
6365 0.670622317462 0.664976783535
6370 0.658496163378 0.65295271167
6375 0.666832951213 0.661219317501
6380 0.673418592256 0.667749518307
6385 0.668417099824 0.662790130193
6390 0.66917154512 0.663538224304
6395 0.66786828099 0.662245931509
6400 0.66511552088 0.659516345099
6405 0.665090037418 0.659491076166
6410 0.664715240799 0.659119434716
6415 0.660611207821 0.655049950927
6420 0.661302783543 0.655735704723
6425 0.662735431509 0.657156292156
6430 0.659456695173 0.653905157372
6435 0.659244486113 0.653694734762
6440 0.657864826292 0.652326689402
6445 0.658265564403 0.652724053958
6450 0.653823742926 0.648319625292
6455 0.63984651758 0.634460065133
6460 0.64605502789 0.640616310025
6465 0.648048778054 0.642593276101
6470 0.645998505933 0.64056026389
6475 0.641623760205 0.636222346307
6480 0.638609463539 0.633233425047
6485 0.636399468372 0.631042034395
6490 0.635153389728 0.629806445677
6495 0.62879954461 0.623506089457
6500 0.634620950736 0.629278488944
6505 0.633247522986 0.62791662319
6510 0.629972314804 0.62466898686
6515 0.615364786671 0.610184430023
6520 0.614111226227 0.608941422491
6525 0.612560262421 0.607403515243
6530 0.602772584919 0.597698233843
6535 0.588981692703 0.584023438196
6540 0.573531250796 0.568703063529
6545 0.544539208317 0.539955086234
6550 0.508590311582 0.504308819923
6555 0.453690866108 0.449871537239
6560 0.359401700694 0.356376131097
6565 0.351094936832 0.348139296487
6570 0.446174519997 0.442418466367
6575 0.50036602982 0.49615377305
6580 0.537671415685 0.53314510909
6585 0.559429204548 0.554719733253
6590 0.577056578077 0.572198713368
6595 0.588389853239 0.583436581044
6600 0.594905245184 0.589897124134
6605 0.59746813062 0.592438434301
6610 0.600664919966 0.595608311953
6615 0.604308415068 0.599221134835
6620 0.603146880151 0.598069378127
6625 0.602252794087 0.597182818792
6630 0.602831434654 0.59775658816
6635 0.604350137955 0.599262506484
6640 0.603806454629 0.598723400075
6645 0.601805335897 0.596739127462
6650 0.599678784542 0.594630478163
6655 0.600195369761 0.595142714586
6660 0.598837462935 0.593796239097
6665 0.598637353461 0.593597814214
6670 0.597279211552 0.59225110562
6675 0.594980009633 0.58997125919
6680 0.592334050863 0.587347575028
6685 0.590778788332 0.585805405243
6690 0.591318973214 0.586341042659
6695 0.588807242284 0.583850456362
6700 0.586082721739 0.581148871786
6705 0.584119984233 0.579202657293
6710 0.583531480635 0.578619107924
6715 0.581528569659 0.576633058156
6720 0.579768086084 0.574887394949
6725 0.577179284328 0.572320386635
6730 0.572127449963 0.567311080384
6735 0.575819447215 0.570971997107
6740 0.575754558068 0.57090765422
6745 0.572663951904 0.567843065863
6750 0.572184320745 0.567367472408
6755 0.570591977838 0.565788534401
6760 0.570063721189 0.565264724802
6765 0.570458473003 0.565656153457
6770 0.568801799578 0.56401342649
6775 0.571361667578 0.566551744624
6780 0.56958705666 0.564792073003
6785 0.565282281805 0.560523537252
6790 0.569018637715 0.564228439208
6795 0.565278680712 0.560519966474
6800 0.564712894795 0.559958943542
6805 0.565250589355 0.5604921116
6810 0.564124943181 0.559375941511
6815 0.562893753803 0.558155116718
6820 0.559732998444 0.555020969706
6825 0.56014510714 0.555429609125
6830 0.558919945109 0.554214760939
6835 0.557214917477 0.552524086827
6840 0.553051975486 0.548396189943
6845 0.552892099604 0.548237659952
6850 0.550436267097 0.545802501504
6855 0.54828637546 0.543670708409
6860 0.544911925276 0.54032466553
6865 0.545400899493 0.540809523391
6870 0.53729632137 0.53277317245
6875 0.539774986797 0.535230971602
6880 0.540678407425 0.536126786918
6885 0.537024062128 0.532503205182
6890 0.534696909437 0.530195643279
6895 0.533838611604 0.529344570898
6900 0.532933012196 0.528446595143
6905 0.533110633645 0.528622721313
6910 0.529993720917 0.525532047849
6915 0.530483715764 0.526017917748
6920 0.529435751923 0.524978776034
6925 0.528990414228 0.524537187348
6930 0.530646028267 0.526178863847
6935 0.530127647481 0.525664846973
6940 0.525909877546 0.521482583704
6945 0.52757911696 0.523137770876
6950 0.528313804658 0.523866273715
6955 0.525667954052 0.521242696807
6960 0.5252429865 0.520821306781
6965 0.520960551034 0.516574922359
6970 0.519840529155 0.515464329218
6975 0.518733707992 0.514366825663
6980 0.513841735196 0.509516035211
6985 0.517398029331 0.513042391214
6990 0.517886555673 0.51352680497
6995 0.518585724297 0.514220087747
7000 0.516710389785 0.512360540458
7005 0.515905057963 0.511561988203
7010 0.515119975448 0.510783514787
7015 0.514704427515 0.510371465083
7020 0.514657725925 0.510325156643
7025 0.51491166778 0.510576960726
7030 0.514930163609 0.510595300851
7035 0.511617386619 0.50731041198
7040 0.511281311634 0.506977166192
7045 0.511398899625 0.507093764287
7050 0.508057562746 0.503780555953
7055 0.509416342977 0.505127897496
7060 0.505123690351 0.500871381925
7065 0.501547156252 0.497324956345
7070 0.504419876471 0.500173492997
7075 0.503320675892 0.499083545874
7080 0.498557444723 0.494360413257
7085 0.502505740223 0.49827547062
7090 0.499144077248 0.494942107303
7095 0.500613458719 0.496399119005
7100 0.497275961269 0.49308971778
7105 0.498293514767 0.494098705156
7110 0.494482070466 0.49031934693
7115 0.493257734385 0.489105317739
7120 0.493029254173 0.488878760953
7125 0.495043127598 0.490875680885
7130 0.490554169971 0.486424512879
7135 0.491461358534 0.48732406441
7140 0.489709352699 0.485586807575
7145 0.486441982127 0.482346942875
7150 0.480954781265 0.476905935195
7155 0.483192631012 0.479124945938
7160 0.477841845372 0.473819205088
7165 0.484421714435 0.480343682505
7170 0.487160332365 0.483059245788
7175 0.482755047876 0.47869104653
7180 0.480362529027 0.476318668743
7185 0.479864871518 0.47582520069
7190 0.480136343724 0.476094387548
7195 0.480555286866 0.476509803879
7200 0.477744688012 0.473722865633
7205 0.473754420198 0.469766189293
7210 0.474551792502 0.470556849037
7215 0.4692988011 0.465348079159
7220 0.471288857034 0.467321382104
7225 0.469125707563 0.465176442784
7230 0.468799887138 0.464853365231
7235 0.467058808726 0.463126943827
7240 0.467183549514 0.463250634503
7245 0.463389252167 0.459488278882
7250 0.464852953988 0.460939658748
7255 0.465082590289 0.461167361891
7260 0.463840096488 0.459935327838
7265 0.462571097617 0.458677011844
7270 0.458767833165 0.454905764606
7275 0.460762329504 0.456883470576
7280 0.459481557034 0.455613480098
7285 0.457937741709 0.454082661152
7290 0.45653529457 0.452692020305
7295 0.458717256924 0.454855614134
7300 0.456847858846 0.453001953305
7305 0.453552031504 0.449733871394
7310 0.455773857001 0.451936992785
7315 0.451896950388 0.448092723331
7320 0.454688606301 0.450860878106
7325 0.449279166335 0.445496976703
7330 0.452487864728 0.448678663147
7335 0.449487574668 0.445703630582
7340 0.448153071301 0.444380361533
7345 0.448656964332 0.444880012614
7350 0.446482212259 0.442723568368
7355 0.443420109556 0.439687243519
7360 0.446587972147 0.442828437931
7365 0.446965672661 0.443202958831
7370 0.444865658117 0.441120622946
7375 0.442226074062 0.438503259835
7380 0.441678891694 0.43796068384
7385 0.442425157548 0.438700667367
7390 0.440970954981 0.437258706787
7395 0.440922971168 0.437211126918
7400 0.440383979296 0.436676672469
