Wave Flux FluxNorm
3600 0.2298567275 0.215140452397
3605 0.158465397661 0.148319858692
3610 0.132435858665 0.123956826744
3615 0.195371705633 0.182863288766
3620 0.136999884732 0.128228647037
3625 0.247078389417 0.231259520028
3630 0.212117317777 0.198536785085
3635 0.184414530965 0.172607632816
3640 0.267719833109 0.250579422397
3645 0.205490180712 0.192333941767
3650 0.185549448506 0.173669888751
3655 0.283609239738 0.265451530634
3660 0.327511230503 0.306542754098
3665 0.281698777859 0.263663383568
3670 0.254965520457 0.238641687861
3675 0.293155011943 0.27438614731
3680 0.223826826621 0.209496608003
3685 0.232959165163 0.218044260564
3690 0.254552729768 0.238255325554
3695 0.263216221976 0.246364149052
3700 0.326914929173 0.305984630177
3705 0.202123420854 0.189182734287
3710 0.213710861692 0.200028304444
3715 0.322536063751 0.301886115864
3720 0.141330538611 0.132282036489
3725 0.212007120322 0.198433642877
3730 0.197580387495 0.184930562673
3735 0.0906114882505 0.0848102067173
3740 0.192294206701 0.179982822661
3745 0.129463555823 0.121174821689
3750 0.122600029917 0.114750724015
3755 0.24707513132 0.231256470527
3760 0.152548781921 0.142782046504
3765 0.164816067691 0.154263935414
3770 0.235789827121 0.220693693107
3775 0.25478819595 0.238475716323
3780 0.261984826881 0.245211592411
3785 0.244299287277 0.228658346253
3790 0.158391814458 0.148250986557
3795 0.154813452253 0.144901724292
3800 0.161439115169 0.151103187842
3805 0.20791281576 0.194601470788
3810 0.189590532125 0.177452247299
3815 0.137321541474 0.128529710129
3820 0.0972817573571 0.0910534206046
3825 0.087998323587 0.0823643464895
3830 0.105310534286 0.0985681656352
3835 0.105199389316 0.0984641365754
3840 0.0972116164235 0.0909877703521
3845 0.13427805004 0.125681074236
3850 0.11387488322 0.106584193377
3855 0.115006485112 0.107643345944
3860 0.0925379729055 0.0866133507224
3865 0.126156780745 0.118079758543
3870 0.0980402281571 0.0917633313077
3875 0.149698852946 0.140114580489
3880 0.124425288416 0.116459122735
3885 0.187513823688 0.175508497392
3890 0.24704115455 0.231224669075
3895 0.297504299997 0.278456977909
3900 0.277392356895 0.25963267555
3905 0.250687346635 0.2346374185
3910 0.313803563202 0.293712702193
3915 0.318482885122 0.298092436673
3920 0.232202054006 0.217335622454
3925 0.21430502899 0.200584430961
3930 0.100352726685 0.0939277751548
3935 0.0600672408693 0.0562215146603
3940 0.169642161724 0.158781045115
3945 0.220246190751 0.206145217642
3950 0.310718602322 0.290825251882
3955 0.336732030113 0.315173204123
3960 0.28210302787 0.264041752003
3965 0.134518060796 0.125905718619
3970 0.082001978713 0.0767519097209
3975 0.236347823061 0.221215964091
3980 0.387648580662 0.362829889393
3985 0.413976443955 0.387472145815
3990 0.452699790641 0.423716281086
3995 0.454094694559 0.425021878112
4000 0.513233986494 0.48037485455
4005 0.466126710155 0.436283559712
4010 0.517537149962 0.484402513629
4015 0.563241004116 0.527180238544
4020 0.564466290108 0.52832707721
4025 0.541939944438 0.507242951237
4030 0.510628232391 0.477935930432
4035 0.446225713523 0.417656698253
4040 0.561593431501 0.525638149602
4045 0.389819057402 0.36486140421
4050 0.537778921845 0.503348332651
4055 0.468426409375 0.43843602371
4060 0.458339683611 0.428995087315
4065 0.401044855494 0.375368485322
4070 0.49198316854 0.460484592307
4075 0.465801228727 0.435978916805
4080 0.510345070596 0.477670897698
4085 0.536116732245 0.501792562557
4090 0.586921248831 0.549344386692
4095 0.51135639007 0.478617468771
4100 0.460282838911 0.43081383465
4105 0.521700532241 0.488299340825
4110 0.5032248824 0.471006570201
4115 0.534108442043 0.499912850498
4120 0.480911984435 0.450122226224
4125 0.501043653049 0.468964991194
4130 0.446181241985 0.417615073946
4135 0.450816433513 0.421953503425
4140 0.486798108904 0.455631499304
4145 0.387294907694 0.362498859872
4150 0.387530989113 0.362719826488
4155 0.380544606279 0.35618073764
4160 0.463601886841 0.433920384895
4165 0.447317620998 0.418678697785
4170 0.448784515482 0.420051676277
4175 0.385829268947 0.361127056721
4180 0.388213193994 0.363358354097
4185 0.492476166584 0.460946026799
4190 0.469830974018 0.439750662946
4195 0.440045280781 0.4118719596
4200 0.421022541616 0.394067126327
4205 0.468211707732 0.438235068057
4210 0.504231876133 0.471949092482
4215 0.437142998087 0.409155491744
4220 0.677897308662 0.634495823772
4225 0.413769041332 0.387278021873
4230 0.574193378926 0.537431401941
4235 0.545287568453 0.510376248021
4240 0.57890176195 0.541838336926
4245 0.684838738179 0.640992837381
4250 0.523222453903 0.489723823452
4255 0.54748118616 0.512429422236
4260 0.521233505294 0.487862214665
4265 0.700569015627 0.655716004475
4270 0.493584226749 0.461983144866
4275 0.489962959659 0.458593724646
4280 0.597032470903 0.558808251049
4285 0.56588971836 0.529659372338
4290 0.484290154312 0.453284113211
4295 0.541449396041 0.506783809557
4300 0.383782071078 0.359210928007
4305 0.375397578422 0.351363241482
4310 0.358557322048 0.335601160405
4315 0.648965234543 0.607416087701
4320 0.741310912585 0.693849454987
4325 0.470426483565 0.440308045776
4330 0.728729175094 0.682073246714
4335 0.776748736043 0.72701841834
4340 0.555483993472 0.51991986032
4345 0.719316167686 0.673262894744
4350 0.722878862991 0.676597493161
4355 0.685956420998 0.642038962025
4360 0.716516069173 0.67064206886
4365 0.809380840242 0.757561294923
4370 0.708764417333 0.663386706349
4375 0.622830329752 0.582954435867
4380 0.683004301688 0.639275848277
4385 0.459831644111 0.430391527004
4390 0.601221664341 0.562729236879
4395 0.667850204591 0.625091972344
4400 0.701643626647 0.656721814935
4405 0.544486899744 0.509626841075
4410 0.705054310016 0.659914133781
4415 0.668304498617 0.625517180792
4420 0.758330306947 0.709779204977
4425 0.717053705994 0.67114528419
4430 0.714976699174 0.669201255004
4435 0.658545962901 0.61638342251
4440 0.771277994026 0.721897933395
4445 0.772096162005 0.722663719244
4450 0.811805619539 0.759830830911
4455 0.687048738576 0.643061345405
4460 0.630676688217 0.590298441535
4465 0.740623840571 0.693206371856
4470 0.746405525641 0.698617892132
4475 0.875204341017 0.819170532509
4480 0.789415638698 0.738874339187
4485 0.882307137278 0.825818581567
4490 0.776032134383 0.726347696159
4495 0.737641288414 0.690414773684
4500 0.856589636995 0.801747610465
4505 0.964611462502 0.902853480461
4510 0.932163959913 0.872483386611
4515 0.835148869126 0.7816795596
4520 0.8946567816 0.837377556131
4525 0.798398928789 0.747282485928
4530 0.700984558042 0.656104942332
4535 0.773125782803 0.723627419922
4540 0.837353316957 0.783742870553
4545 0.821490636187 0.768895777087
4550 0.807466107293 0.755769150237
4555 0.81893306897 0.766501954752
4560 0.928246598223 0.868816828858
4565 0.820212501302 0.767699473109
4570 0.896967377469 0.839540219134
4575 0.9115367204 0.853176779018
4580 0.800567367148 0.749312092869
4585 0.826333300214 0.77342839591
4590 0.918840673288 0.860013105915
4595 0.807214049288 0.755533229915
4600 0.833503745938 0.780139763263
4605 0.849991258516 0.795571684501
4610 0.983307344828 0.920352383474
4615 0.947730673984 0.887053462258
4620 0.960387921388 0.89890034602
4625 0.957788432935 0.896467286401
4630 0.959259245587 0.897843932205
4635 0.900640578491 0.842978248284
4640 0.842922481992 0.788955477111
4645 0.789536328312 0.738987301807
4650 0.832578666427 0.779273910753
4655 0.858059905306 0.803123746778
4660 0.966057168342 0.904206626883
4665 0.793595567275 0.742786653327
4670 0.81713076947 0.76481504511
4675 0.892754596817 0.83559715623
4680 0.843890429004 0.789861452587
4685 0.885221722856 0.828546564631
4690 0.84254366865 0.788600916796
4695 0.880589325278 0.824210750224
4700 0.794717865083 0.743837097491
4705 0.815686347835 0.763463100674
4710 0.835037743887 0.781575549008
4715 0.854141592732 0.799456299021
4720 0.982702380886 0.919786151555
4725 0.951451336934 0.890535914649
4730 0.792897918064 0.742133670191
4735 0.899640835291 0.842042512329
4740 0.932036963075 0.872364520579
4745 0.949134704457 0.888367601524
4750 0.967473117495 0.905531921751
4755 0.903085849094 0.845266963648
4760 0.95174203863 0.890808004551
4765 0.85394808881 0.799275183933
4770 0.969209824123 0.907157438018
4775 0.999033715004 0.935071893454
4780 1.00507733993 0.940728583231
4785 0.925618331533 0.866356833491
4790 0.918817581634 0.859991492673
4795 1.03970396229 0.973138281575
4800 0.947575272768 0.8869080104
4805 0.983694513586 0.920714764262
4810 0.958876205408 0.89748541567
4815 0.99085937525 0.927420905067
4820 1.05025983885 0.983018331994
4825 0.963967995288 0.90225121039
4830 0.961295265615 0.899749598724
4835 0.979569259411 0.916853624068
4840 0.931405996781 0.871773951073
4845 0.971149441711 0.908972874138
4850 0.959223388608 0.897810370922
4855 0.884780806052 0.828133876947
4860 0.789062111811 0.738543446395
4865 0.866319696572 0.810854715756
4870 0.850517367862 0.796064110388
4875 0.884220212457 0.82760917462
4880 0.977831499151 0.915227121626
4885 0.876091462273 0.820000856992
4890 0.843466038326 0.789464232964
4895 1.04583325051 0.978875150165
4900 0.993238752445 0.929647945762
4905 1.00957482227 0.944938120171
4910 0.904529485921 0.846618173523
4915 0.996764109805 0.932947596747
4920 0.783268005462 0.733120300095
4925 0.902589988118 0.84480284952
4930 1.03620035449 0.96985898766
4935 0.944255288781 0.883800584028
4940 0.901495530686 0.843778463288
4945 1.02561755063 0.95995373392
4950 1.04683527164 0.979813018204
4955 0.994885658357 0.931189410686
4960 0.997379733072 0.933523805543
4965 0.982286552439 0.919396945978
4970 0.974482616527 0.912092646813
4975 1.03484042708 0.968586127813
4980 0.91145982842 0.853104809945
4985 0.859494367347 0.80446636927
4990 0.972684533999 0.910409684157
4995 0.963233853112 0.901564070703
5000 0.90051234793 0.842858227517
5005 0.825527140365 0.772673849386
5010 0.906599847954 0.848555983346
5015 0.811705907245 0.759737502565
5020 0.850070467822 0.795645822536
5025 0.899155123394 0.841587897499
5030 0.941403203692 0.881131099941
5035 0.963104973367 0.901443442314
5040 0.786164591695 0.735831436199
5045 0.986970292791 0.923780816005
5050 0.883875691854 0.827286711496
5055 0.971353359436 0.909163736298
5060 1.03006698236 0.964118296625
5065 0.92285970773 0.863774826955
5070 0.937163056886 0.877162422965
5075 0.941340165909 0.88107209807
5080 0.816983662162 0.764677356155
5085 0.905675572634 0.847690883539
5090 0.969599758103 0.907522406987
5095 0.976245910293 0.913743048011
5100 0.875863883476 0.819787848628
5105 0.92090612094 0.861946315993
5110 0.874861890057 0.818850006522
5115 0.965671675843 0.903845815035
5120 0.96556277523 0.903743886641
5125 0.825772940076 0.772903912093
5130 0.868692920532 0.813075997169
5135 0.93684824329 0.876867764897
5140 0.866625540741 0.811140978654
5145 0.85581015478 0.801018033574
5150 0.857750287424 0.802833951774
5155 0.889690936051 0.832729642321
5160 0.946286773358 0.885702005473
5165 0.75185952867 0.70372270978
5170 0.686187392885 0.642255146241
5175 0.80294486555 0.751537375058
5180 0.880098620999 0.823751462643
5185 0.736336915047 0.689193911108
5190 0.917807798706 0.859046359771
5195 0.857204309922 0.802322929764
5200 0.954079998255 0.892996279381
5205 0.843199529286 0.789214786816
5210 0.853899708302 0.799229900923
5215 0.909340760846 0.85112141289
5220 0.963068260699 0.901409080127
5225 0.802442334053 0.751067017481
5230 0.918068034428 0.859289934243
5235 0.914060420032 0.855538902095
5240 0.996225782795 0.932443735417
5245 0.983031867248 0.920094542985
5250 0.882277573123 0.825790910218
5255 0.924356654831 0.865175933984
5260 0.981560211694 0.918717108245
5265 0.737921120872 0.690676690237
5270 0.739897934259 0.692526940742
5275 0.897308690177 0.839859679743
5280 0.96416088466 0.902431750273
5285 0.97050622748 0.908370840853
5290 1.07200863401 1.00337468911
5295 0.977004180708 0.914452771159
5300 0.917884074343 0.859117751961
5305 1.05552941969 0.987950534845
5310 1.08526167299 1.01577921968
5315 1.03302747075 0.966889243632
5320 1.01195665134 0.947167455763
5325 0.913393412448 0.854914598796
5330 0.873108572479 0.817208942798
5335 1.03272761265 0.966608583554
5340 0.952055711171 0.891101594619
5345 0.999228853211 0.935254538193
5350 0.982728133266 0.919810255173
5355 1.10303221669 1.03241202765
5360 1.08478144544 1.01532973806
5365 1.00310062727 0.938878427
5370 0.904735010995 0.846810540124
5375 1.04180362255 0.975103513841
5380 1.03411884212 0.967910741384
5385 1.03699631489 0.97060398774
5390 0.967866973532 0.905900561673
5395 0.933797305532 0.874012159422
5400 0.968230029936 0.906240373867
5405 0.882534328289 0.826031226972
5410 0.952762815646 0.891763427659
5415 0.570162357437 0.533658461309
5420 0.00344063763049 0.00322035532487
5425 9.99973424932e-05 9.35951439687e-05
5430 9.99973424931e-05 9.35951439687e-05
5435 9.99973424932e-05 9.35951439687e-05
5440 9.99973424932e-05 9.35951439687e-05
5445 9.99973424932e-05 9.35951439687e-05
5450 9.99973430221e-05 9.35951444639e-05
5455 0.000117224585394 0.000109719435268
5460 0.10757887634 0.100691280068
5465 0.954673643025 0.893551916824
5470 1.00141565136 0.93730132946
5475 0.923871952996 0.864722264547
5480 0.94213237957 0.881813591292
5485 1.00863452182 0.944058021221
5490 0.980090591672 0.917341578714
5495 0.989408510173 0.926062929721
5500 1.02070080904 0.955351780251
5505 0.968185762049 0.906198940174
5510 0.974852140553 0.912438512549
5515 0.95566877011 0.894483332205
5520 1.03561478904 0.96931091227
5525 1.00113120615 0.93703509548
5530 0.977177378831 0.9146148805
5535 0.986795080715 0.923616821652
5540 1.02900777592 0.963126904487
5545 1.01493495526 0.949955077687
5550 1.06840310568 1.0
5555 1.02432602845 0.958744899751
5560 1.02346313749 0.957937254246
5565 0.987183467457 0.923980342443
5570 1.00094940277 0.936864931825
5575 1.02437854416 0.958794053209
5580 1.03311264127 0.966968961226
5585 0.97083136757 0.908675164276
5590 0.918922642424 0.860089827084
5595 1.00083522091 0.93675806031
5600 0.960885564041 0.899366127755
5605 1.04994934897 0.982727720826
5610 1.09097727261 1.02112888554
5615 0.971227160436 0.909045617023
5620 1.01220570148 0.947400560799
5625 0.959535657122 0.898102646854
5630 1.07552026207 1.0066614898
5635 1.01994759512 0.954646789865
5640 0.990689858665 0.927262241558
5645 1.01253704433 0.94771068985
5650 1.02540842862 0.959758000674
5655 0.996468786979 0.932671181577
5660 0.948467621233 0.887743227427
5665 1.022190556 0.956746148117
5670 1.02665924028 0.960928730752
5675 1.09342166914 1.02341678279
5680 1.04748073742 0.980417158889
5685 1.00696036991 0.942491054692
5690 1.03614664732 0.969808719017
5695 1.06779672883 0.999432445625
5700 0.983339472893 0.920382454583
5705 0.978775625327 0.916110801363
5710 0.916690907899 0.858000976431
5715 1.03639846326 0.970044412776
5720 1.08307730718 1.01373470501
5725 1.0925733107 1.02262273938
5730 1.0571095614 0.98942951006
5735 1.08319048881 1.01384064034
5740 1.06414250025 0.996012174231
5745 1.07339476825 1.00467207793
5750 1.04692233342 0.979894505967
5755 1.01054029488 0.945841779666
5760 1.02775628551 0.961955539108
5765 1.07918669287 1.01009318218
5770 1.08767737643 1.01804026087
5775 1.06580179182 0.997565231837
5780 0.980934807269 0.918131744517
5785 0.942525195099 0.882181257322
5790 1.0362885458 0.969941532633
5795 1.06592171176 0.997677474061
5800 1.09103538942 1.02118328149
5805 1.04464343748 0.977761513349
5810 1.08242176056 1.01312112891
5815 1.05862238123 0.990845473581
5820 1.12376259412 1.05181516989
5825 1.11680968532 1.04530741195
5830 1.11704665394 1.04552920896
5835 1.08606491237 1.01653103271
5840 1.11461961358 1.04325755668
5845 1.10285110864 1.03224251481
5850 1.08527731713 1.01579386222
5855 1.04154231914 0.974858940037
5860 1.04000784858 0.973422711944
5865 1.07202507834 1.00339008062
5870 1.10296699797 1.03235098447
5875 1.10014789222 1.02971236826
5880 1.04895485552 0.981796898511
5885 1.04363616389 0.976818729131
5890 0.743879708921 0.696253787511
5895 0.824063330563 0.771303758084
5900 1.00916806905 0.944557408794
5905 1.05911983554 0.991311079031
5910 1.07915152549 1.01006026634
5915 1.02763105791 0.961838329039
5920 1.07125869258 1.00267276169
5925 1.08816024526 1.01849221466
5930 1.05400231943 0.986521205169
5935 1.06374468945 0.995639832751
5940 1.06688090417 0.998575255442
5945 1.0733974862 1.00467462186
5950 1.05110792032 0.983812116166
5955 1.05084985321 0.983570571459
5960 1.07117954171 1.00259867835
5965 1.07576271387 1.00688841893
5970 1.1056793467 1.03488967864
5975 1.06199972334 0.994006585804
5980 1.06710651691 0.998786423618
5985 1.01613334848 0.951076745357
5990 1.06158714261 0.99362042001
5995 1.06693818747 0.998628871252
6000 1.04734110069 0.980286462212
6005 1.03525291486 0.968972206611
6010 1.03543269564 0.969140477156
6015 1.0157857136 0.950751367344
6020 1.00821124095 0.943661840357
6025 1.0434991653 0.976690501696
6030 1.0764147523 1.00749871146
6035 1.08831869101 1.01864051613
6040 1.07596043114 1.00707347762
6045 1.09451177248 1.0244370937
6050 1.09626618702 1.02607918414
6055 1.04910196384 0.98193458841
6060 1.08043598129 1.01126248655
6065 1.03387484546 0.967682366293
6070 1.11203870607 1.04084188838
6075 1.10285403187 1.03224525088
6080 1.03957901474 0.973021333619
6085 1.03498503267 0.968721475219
6090 1.02401916411 0.958457681995
6095 1.04877685815 0.981630297193
6100 1.04610944138 0.979133658273
6105 1.02318824505 0.957679961432
6110 1.06402273536 0.995900077133
6115 1.06618042918 0.997919627441
6120 1.01890211494 0.953668245177
6125 1.03935763896 0.972814131137
6130 1.04202427429 0.975310038646
6135 0.980535909923 0.91775838605
6140 1.01501531849 0.950030295764
6145 1.06803543586 0.999655869751
6150 1.03536105393 0.969073422219
6155 1.02677364393 0.961035809866
6160 0.978792863087 0.916126935498
6165 0.985695215838 0.92258737418
6170 0.981185618434 0.918366497827
6175 1.04216703488 0.975443659172
6180 1.06058049939 0.992678225802
6185 1.06227883709 0.994267829655
6190 0.998193381759 0.934285361441
6195 1.07245858928 1.00379583658
6200 1.03791173082 0.971460795364
6205 1.08935331185 1.01960889673
6210 1.06719817101 0.998872209691
6215 0.967787987309 0.905826632439
6220 0.987620210696 0.92438912377
6225 1.03190902615 0.965842405976
6230 0.959611065821 0.89817322761
6235 1.05152758855 0.984204915684
6240 0.989149777052 0.925820761648
6245 0.964726121069 0.902960798163
6250 1.01278218109 0.947940132053
6255 0.931430534396 0.871796917699
6260 0.962130137854 0.900531019365
6265 1.01579358567 0.950758735414
6270 1.01167022443 0.946899366956
6275 1.00940308824 0.944777381186
6280 0.933945563358 0.874150925236
6285 1.01943127271 0.95416352432
6290 1.01978259781 0.954492356288
6295 0.990958370139 0.927513561938
6300 0.958482388344 0.897116812226
6305 0.992827582205 0.929263100157
6310 1.00541957475 0.941048906916
6315 0.949643499212 0.888843821363
6320 0.9534258215 0.892383985434
6325 1.03137704397 0.965344483265
6330 1.02315195694 0.957645996622
6335 0.980872248696 0.918073191174
6340 0.996367513061 0.932576391589
6345 0.979436166954 0.91672905268
6350 1.03219229022 0.966107534435
6355 0.993546937108 0.929936399307
6360 0.932471630295 0.872771358801
6365 0.966414041505 0.90454065171
6370 1.03054652227 0.96456713462
6375 1.05444425475 0.986934846168
6380 1.02871479475 0.962852681049
6385 1.0444133619 0.977546168058
6390 1.05146112908 0.9841427112
6395 1.00828456374 0.943730468745
6400 0.987178816548 0.923975989302
6405 1.04101022324 0.974360910882
6410 1.0038407283 0.939571144037
6415 1.02020486205 0.954887585616
6420 0.988212621889 0.924943606614
6425 1.05537572421 0.98780667952
6430 1.01154747426 0.946784475706
6435 1.04668460623 0.979671998947
6440 1.02462526415 0.959024977277
6445 1.07417796496 1.00540513149
6450 0.948384507506 0.887665434947
6455 1.01708271276 0.951965327829
6460 1.04801463944 0.980916878532
6465 1.01867622941 0.953456821675
6470 1.02281387347 0.957329558506
6475 1.03563304515 0.969327999558
6480 1.02484037378 0.959226314797
6485 1.02756561391 0.961777075004
6490 1.01991045834 0.954612030717
6495 0.86565866493 0.810236005796
6500 0.965175301454 0.903381220365
6505 1.03550878379 0.969211693864
6510 1.03406280492 0.967858291892
6515 1.01518659521 0.950190606721
6520 1.00979852322 0.945147498959
6525 1.03334444537 0.967185924368
6530 1.01679012095 0.951691468827
6535 1.02365228719 0.958114293885
6540 1.04746299581 0.980400553163
6545 1.00450124875 0.940189375528
6550 1.02886541663 0.962993659558
6555 0.975083608679 0.912655161232
6560 0.909746199034 0.851500893431
6565 0.898140009922 0.840637775334
6570 0.990635761214 0.927211607626
6575 0.976839797333 0.914298912214
6580 1.02522265325 0.959584119326
6585 1.01924006823 0.953984561457
6590 1.02585286926 0.960173986583
6595 0.976240981925 0.913738435176
6600 1.03009654557 0.964145967088
6605 1.01084799114 0.946129776075
6610 0.98648337882 0.923325076062
6615 1.04007697782 0.973487415268
6620 1.05556233086 0.987981338922
6625 1.01321874106 0.948348741848
6630 1.01069572018 0.945987254066
6635 0.980042582049 0.917296642844
6640 1.01639517949 0.951321812975
6645 1.00275655893 0.938556387184
6650 1.02915951104 0.963268924961
6655 1.03511252056 0.968840800867
6660 1.0163981936 0.951324634109
6665 0.977727044621 0.915129354659
6670 1.02121539604 0.955833421494
6675 1.02021913656 0.954900946217
6680 1.00136830753 0.937257016757
6685 1.04534278369 0.978416084832
6690 1.04392501513 0.977089087051
6695 1.00675216315 0.942296178091
6700 1.01437064019 0.949426892148
6705 1.00149244965 0.937373210847
6710 1.00177675543 0.937639314315
6715 0.962094825708 0.900497968033
6720 1.00673182111 0.942277138425
6725 1.01778931389 0.952626689752
6730 0.998117618203 0.934214448548
6735 1.01340589563 0.948523914087
6740 0.984095854359 0.921090409719
6745 0.988927937836 0.925613125397
6750 0.985350629933 0.922264849934
6755 1.00225744163 0.938089225212
6760 1.03282664681 0.966701277178
6765 1.00715338157 0.942671709031
6770 0.972729610078 0.9104518743
6775 1.02170337095 0.956290154446
6780 1.02142890267 0.956033258637
6785 0.952507766627 0.891524707818
6790 1.0103930605 0.945703971773
6795 0.972541596636 0.910275898171
6800 0.974639281937 0.912239281926
6805 1.00088315094 0.936802921686
6810 0.999849340461 0.935835299562
6815 0.99959251745 0.935594919307
6820 1.01183631798 0.94705482659
6825 1.02950189278 0.963589386162
6830 1.01918351041 0.953931624672
6835 1.02477317373 0.959163417139
6840 0.946238000981 0.885656355684
6845 0.991953335115 0.928444825588
6850 1.00814318954 0.943598145844
6855 0.967369568273 0.905435002132
6860 0.96031206209 0.898829343514
6865 1.00279621663 0.938593505852
6870 0.997273151101 0.933424047342
6875 0.985283464116 0.92220198432
6880 0.973518011821 0.911189799657
6885 0.988188159215 0.92492071013
6890 1.02433026121 0.958748861508
6895 1.00041010105 0.936360158189
6900 1.01055651118 0.945856957739
6905 1.00168046351 0.937549187359
6910 1.00401972041 0.939738676411
6915 0.95864469958 0.897268731699
6920 1.00826483649 0.943712004513
6925 0.957739854032 0.896421817699
6930 0.975590593746 0.913129687246
6935 0.977978130644 0.915364365229
6940 0.990477262587 0.927063256665
6945 0.9376874965 0.877653286022
6950 0.959088398176 0.897684023075
6955 0.953193434761 0.89216647695
6960 0.970842400565 0.908685490897
6965 0.962950252457 0.901298627208
6970 0.96661344322 0.904727286992
6975 0.93183794649 0.872178245769
6980 0.890640139715 0.833618074467
6985 0.981207257023 0.918386751034
6990 0.976161440256 0.913663986058
6995 0.981261636899 0.918437649309
7000 0.943414907908 0.883014007437
7005 0.943779522411 0.883355277976
7010 0.961636279831 0.900068779953
7015 0.910823953572 0.85250964615
7020 0.965570173563 0.903750811306
7025 0.921575792943 0.862573113126
7030 0.961179336717 0.899641092022
7035 0.968292492772 0.906298837603
7040 0.982823061214 0.919899105483
7045 0.990946942531 0.927502865968
7050 1.00651790867 0.942076921453
7055 0.980559455819 0.917780424451
7060 0.968650934046 0.906634330144
7065 0.967731140359 0.905773425041
7070 0.965665549646 0.90384008106
7075 0.994558710497 0.930883395234
7080 1.00331716217 0.939081098542
7085 0.927260471282 0.8678938374
7090 0.949395225599 0.888611443142
7095 0.956593572448 0.895348925288
7100 0.975729301924 0.913259514815
7105 0.971512956215 0.909313115103
7110 0.934591102489 0.874755134572
7115 0.957091552687 0.895815022996
7120 0.931874796974 0.87221273695
7125 0.950934441481 0.890052112748
7130 0.912652859922 0.854221459173
7135 0.964873507268 0.903098748155
7140 0.952316692463 0.891345866927
7145 0.942572511279 0.882225544146
7150 0.906385417226 0.848355281264
7155 0.939625398995 0.879467116855
7160 0.935604335154 0.875703496346
7165 0.896352274422 0.838964497252
7170 0.970390096019 0.908262144556
7175 0.959852127767 0.898398855881
7180 0.915623340672 0.857001758794
7185 0.926288262655 0.866983873154
7190 0.89683607034 0.839417318771
7195 0.927763453573 0.868364616911
7200 0.946695971568 0.886085005305
7205 0.92881856502 0.869352176233
7210 0.934257357893 0.874442757534
7215 0.925262935027 0.86602419078
7220 0.94519304895 0.884678305334
7225 0.941524679405 0.881244798332
7230 0.955333979185 0.894169975828
7235 0.957897919328 0.896569763072
7240 0.952040222672 0.891087097751
7245 0.936208841079 0.876269299573
7250 0.947572912691 0.886905801424
7255 0.936436970275 0.876482823097
7260 0.918291777177 0.859499352156
7265 0.92720867934 0.867845361369
7270 0.949606495305 0.888809186582
7275 0.949129262163 0.888362507666
7280 0.91281454621 0.854372793708
7285 0.896063199765 0.83869393022
7290 0.856683845964 0.801835787828
7295 0.91632480184 0.857658309832
7300 0.92154691012 0.862546079487
7305 0.924966722891 0.865746943237
7310 0.896466300377 0.839071222844
7315 0.929024991881 0.869545386885
7320 0.924050179706 0.864889080526
7325 0.893886597468 0.836656682026
7330 0.917133445014 0.858415180689
7335 0.928183324652 0.868757606295
7340 0.950411752046 0.889562887818
7345 0.915692501441 0.857066491635
7350 0.913726052537 0.855225942039
7355 0.880244089097 0.823887617336
7360 0.931266222323 0.871643125492
7365 0.905125398737 0.847175933804
7370 0.932538720632 0.872834153767
7375 0.928967519718 0.869491594302
7380 0.948608848202 0.887875412525
7385 0.891385505522 0.834315719208
7390 0.887554267002 0.830729770702
7395 0.933243487505 0.873493798867
7400 0.91048287952 0.852190408916
