Wave Flux FluxNorm
3600 0.0700616405816 0.0643771598241
3605 0.0439528281737 0.0403866969225
3610 0.036111674871 0.0331817389
3615 0.0574064485475 0.0527487521331
3620 0.0425038977445 0.0390553260748
3625 0.0786069271198 0.0722291209351
3630 0.0613164099556 0.0563414771733
3635 0.0540096204932 0.0496275271557
3640 0.0841130731767 0.0772885235093
3645 0.0612261762569 0.0562585646238
3650 0.0522164200375 0.0479798187752
3655 0.0853920402964 0.0784637210924
3660 0.101144947071 0.0929385091317
3665 0.0907387946815 0.0833766643055
3670 0.0782317152265 0.0718843520169
3675 0.0939495781796 0.0863269395302
3680 0.0694361709242 0.0638024379112
3685 0.0704561702628 0.0647396791733
3690 0.0793522917308 0.0729140100739
3695 0.0839586321855 0.0771466131531
3700 0.106217955517 0.0975999168978
3705 0.0603045844795 0.055411746584
3710 0.0634100518628 0.0582652505614
3715 0.0994307653853 0.0913634083003
3720 0.040555918769 0.037265397195
3725 0.0643131276815 0.0590950549427
3730 0.0566856813968 0.0520864647291
3735 0.0282232474579 0.0259333423721
3740 0.0558735641448 0.0513402389529
3745 0.0386136402474 0.0354807062604
3750 0.0392205670613 0.0360383898113
3755 0.0752181828337 0.0691153238458
3760 0.0485672034504 0.044626682915
3765 0.0548085838417 0.0503616662758
3770 0.0869149908643 0.0798631064236
3775 0.0945436763659 0.0868728353096
3780 0.101411874901 0.0931837796601
3785 0.0941392582229 0.0865012298032
3790 0.0584964304984 0.0537502979387
3795 0.0585469056918 0.053796677806
3800 0.0604734154582 0.05556687939
3805 0.0846023108849 0.0777380667098
3810 0.0783798842337 0.0720204992693
3815 0.0558282357991 0.0512985883416
3820 0.0395965608387 0.036383877175
3825 0.0360645044055 0.0331383956302
3830 0.0492261177241 0.0452321359012
3835 0.0465301202154 0.0427548792874
3840 0.0451438753635 0.0414811079962
3845 0.0665479966485 0.0611485968734
3850 0.0566477777319 0.0520516363941
3855 0.0581670899208 0.0534476785478
3860 0.0460703584123 0.042332420452
3865 0.0606488513079 0.055728081178
3870 0.055868858458 0.051335915064
3875 0.0634614684441 0.0583124954367
3880 0.0598677681145 0.055010371499
3885 0.0730957928441 0.0671651348632
3890 0.0945406125584 0.0868700200855
3895 0.112142344789 0.103043628347
3900 0.103788674073 0.0953677362286
3905 0.0993984922579 0.0913337536667
3910 0.124714985521 0.114596182571
3915 0.11802212042 0.108446345903
3920 0.0830101561563 0.0762750921265
3925 0.0760013095899 0.0698349112823
3930 0.0369740180728 0.0339741155224
3935 0.0270120974101 0.0248204594943
3940 0.0606875963092 0.0557636825873
3945 0.0825219650559 0.075826510617
3950 0.113039997083 0.103868449245
3955 0.128972166703 0.118507955563
3960 0.100441058978 0.0922917312965
3965 0.0495757296056 0.0455533818752
3970 0.0376135786174 0.0345617850525
3975 0.0901771622586 0.082860600166
3980 0.148012460683 0.136003407261
3985 0.173149233593 0.159100697499
3990 0.187656265225 0.172430695001
3995 0.191813090346 0.176250254362
4000 0.227125940006 0.208697981072
4005 0.204188358257 0.187621449692
4010 0.233673875604 0.214714647154
4015 0.261316486949 0.240114463569
4020 0.256653364205 0.235829685255
4025 0.241291881653 0.221714563069
4030 0.225560957574 0.20725997415
4035 0.203011170443 0.186539773508
4040 0.256368504314 0.235567937592
4045 0.164125280603 0.150808906741
4050 0.252586540711 0.232092825201
4055 0.222164382483 0.204138981611
4060 0.215428782148 0.19794987705
4065 0.186154462332 0.171050741519
4070 0.225672972537 0.207362900731
4075 0.205032983533 0.18839754594
4080 0.231451412772 0.212672504781
4085 0.252573971955 0.232081276216
4090 0.299504908062 0.275204451028
4095 0.255143676666 0.234442486851
4100 0.212067445944 0.194861264277
4105 0.249700775121 0.229441197419
4110 0.233297234451 0.21436856494
4115 0.238682878586 0.219317242566
4120 0.211120438324 0.19399109252
4125 0.233155023715 0.214237892532
4130 0.200409712458 0.184149385913
4135 0.207205435382 0.190393734992
4140 0.218514565892 0.200785294428
4145 0.172962935639 0.158929514908
4150 0.183081173792 0.168226805541
4155 0.184674125446 0.169690512391
4160 0.231803611235 0.212996127473
4165 0.217212057368 0.199588465483
4170 0.212823282748 0.195555775943
4175 0.179748292663 0.165164339128
4180 0.195485126748 0.179624358542
4185 0.246829297139 0.226802698014
4190 0.230754339661 0.212031988991
4195 0.221564291863 0.203587579597
4200 0.194681133435 0.178885597566
4205 0.220712266908 0.202804684046
4210 0.260232472838 0.2391184014
4215 0.225325184225 0.207043330371
4220 0.352153813153 0.323581665
4225 0.173359186601 0.159293615881
4230 0.269393401069 0.247536053855
4235 0.273048917701 0.250894978603
4240 0.30576291244 0.280954709582
4245 0.380319011523 0.349461668121
4250 0.276636081923 0.254191096743
4255 0.275588862458 0.253228843872
4260 0.281990205641 0.259110811376
4265 0.397057415432 0.36484199457
4270 0.261680167436 0.240448636686
4275 0.261530309998 0.240310937995
4280 0.338927265945 0.311428259278
4285 0.317384489856 0.291633365413
4290 0.246601339865 0.226593236149
4295 0.299582500934 0.27527574837
4300 0.216438305832 0.198877492604
4305 0.214002240055 0.196639078051
4310 0.219259539639 0.201469824416
4315 0.396902099065 0.364699279862
4320 0.450993444728 0.414401901381
4325 0.280865629199 0.258077477918
4330 0.44452487437 0.408458161207
4335 0.483718356137 0.444471663301
4340 0.327485117972 0.300914474807
4345 0.454614536955 0.417729194763
4350 0.445361231771 0.409226660398
4355 0.443263181513 0.407298836332
4360 0.440657602354 0.404904661938
4365 0.520074637754 0.477878162676
4370 0.443864710616 0.407851560118
4375 0.381451580371 0.350502345518
4380 0.428425458128 0.393664977892
4385 0.268687294919 0.246887237926
4390 0.372354857965 0.342143689521
4395 0.42819352229 0.393451860266
4400 0.439899129453 0.404207728055
4405 0.313351731572 0.287927806673
4410 0.434543565713 0.399286690238
4415 0.404654329373 0.371822529694
4420 0.477954790616 0.439175727099
4425 0.46473659676 0.427029996977
4430 0.447632318305 0.411313481368
4435 0.41280471624 0.379311631485
4440 0.502140696306 0.461399299131
4445 0.493556941152 0.453511990571
4450 0.520916325303 0.47865155955
4455 0.435497038449 0.400162802561
4460 0.391494322862 0.359730265862
4465 0.470791196616 0.43259335432
4470 0.470067284633 0.431928177241
4475 0.594463900922 0.546231821602
4480 0.531055621077 0.487968199286
4485 0.607272440472 0.558001134893
4490 0.515622378135 0.473787139018
4495 0.47038640584 0.432221406414
4500 0.587017836479 0.539389896738
4505 0.68636305191 0.630674696215
4510 0.641826148875 0.589751313592
4515 0.571992243146 0.525583411258
4520 0.626355532745 0.575535912427
4525 0.528109426131 0.485261045109
4530 0.460326653904 0.422977856695
4535 0.517558897531 0.475566538097
4540 0.562166857939 0.516555212823
4545 0.562430246312 0.51679723107
4550 0.562576878304 0.516931966013
4555 0.540319644977 0.496480582699
4560 0.648232906216 0.595638255975
4565 0.572220021102 0.525792708353
4570 0.630981392798 0.579786451374
4575 0.635286426601 0.583742194443
4580 0.556909808567 0.511724696369
4585 0.601924967537 0.55308753143
4590 0.66462976055 0.610704744617
4595 0.566584227468 0.520614177212
4600 0.596574568008 0.548171238824
4605 0.594862139991 0.546597749376
4610 0.748609328377 0.687870594789
4615 0.719974865274 0.661559400927
4620 0.732901195477 0.673436947877
4625 0.727032952509 0.668044827277
4630 0.727516119988 0.668488792759
4635 0.668803716895 0.614540045253
4640 0.628207539756 0.577237656068
4645 0.59221910127 0.544169154717
4650 0.639993642159 0.588067488082
4655 0.643054840708 0.590880314995
4660 0.766085156926 0.703928514618
4665 0.611046282517 0.561468784673
4670 0.619564510651 0.569295882775
4675 0.693619107053 0.637342028265
4680 0.648948661881 0.596295938501
4685 0.690149455871 0.634153888694
4690 0.661076753007 0.607440011839
4695 0.721226788093 0.662709748459
4700 0.633268611904 0.581888095992
4705 0.655666100851 0.602468355228
4710 0.651371608234 0.59852229808
4715 0.665517378321 0.611520345145
4720 0.779734843495 0.71647072811
4725 0.746835686903 0.686240858464
4730 0.604963345336 0.555879389165
4735 0.698532664906 0.641856922529
4740 0.720375222817 0.661927275291
4745 0.728022580057 0.668954160977
4750 0.758325180725 0.696798147359
4755 0.705333094637 0.648105596526
4760 0.720827544894 0.662342898026
4765 0.645959755192 0.593549538017
4770 0.739285803823 0.679303538332
4775 0.791441886335 0.727227915092
4780 0.776044616804 0.713079909518
4785 0.696737825638 0.640207708302
4790 0.700453667783 0.643622064028
4795 0.81849309304 0.752084310733
4800 0.739110471312 0.679142431498
4805 0.76498040267 0.702913395065
4810 0.755358379004 0.694072058347
4815 0.776932428336 0.713895688087
4820 0.834186027366 0.766503992213
4825 0.764646068388 0.702606187136
4830 0.759094825987 0.697505347128
4835 0.783381154714 0.719821194331
4840 0.734857736433 0.675234744057
4845 0.777558595117 0.714471050563
4850 0.766459218217 0.704272226288
4855 0.716309712105 0.658191621506
4860 0.635052523233 0.583527268924
4865 0.697623636916 0.641021648908
4870 0.68406307333 0.628561327368
4875 0.706753146112 0.649410431525
4880 0.77977526364 0.71650786875
4885 0.688369917438 0.632518733863
4890 0.673686915981 0.619027043921
4895 0.87687550546 0.805729841497
4900 0.81533248316 0.749180138268
4905 0.827306797991 0.760182912014
4910 0.736064564667 0.676343655774
4915 0.824293473055 0.757414074468
4920 0.63347738223 0.58207992765
4925 0.741832270851 0.681643396684
4930 0.871834909892 0.801098216777
4935 0.760597902149 0.698886470572
4940 0.732711997918 0.673263100942
4945 0.846013238297 0.777371597397
4950 0.892229405199 0.819837996105
4955 0.835932663445 0.768108914237
4960 0.834441245013 0.766738502669
4965 0.800106440664 0.735189467152
4970 0.813123737878 0.747150600466
4975 0.880189346851 0.80877481297
4980 0.750910740981 0.689985281311
4985 0.704782239961 0.647599435676
4990 0.785207827364 0.721499659125
4995 0.797590773326 0.732877909544
5000 0.73915843053 0.679186499525
5005 0.689356601623 0.63342536301
5010 0.752306005841 0.691267340768
5015 0.659072360873 0.605598246906
5020 0.703940202616 0.646825717386
5025 0.74819197616 0.68748710462
5030 0.804935135487 0.739626383783
5035 0.808238264206 0.742661511761
5040 0.622859860377 0.572323862911
5045 0.843620695295 0.77517317438
5050 0.741397847655 0.681244220597
5055 0.848212333156 0.779392267767
5060 0.891157101024 0.818852693782
5065 0.759884578093 0.698231022364
5070 0.786161942369 0.722376361607
5075 0.789100020488 0.725076057519
5080 0.656377173452 0.603121734653
5085 0.748476427333 0.687748476727
5090 0.8202111599 0.753662981513
5095 0.826353092566 0.759306585882
5100 0.741896922603 0.681702802888
5105 0.763239789047 0.701314006862
5110 0.713197454917 0.655331878617
5115 0.811183771472 0.745368034053
5120 0.806550181183 0.741110392066
5125 0.66610964724 0.612064560075
5130 0.708642150118 0.651146170395
5135 0.799333847953 0.734479559075
5140 0.735475816372 0.675802675819
5145 0.700378401645 0.643552904639
5150 0.69615479446 0.639671981604
5155 0.743457837594 0.683137072384
5160 0.814896137411 0.748779195615
5165 0.622361050402 0.571865524094
5170 0.567647865871 0.521591516865
5175 0.673103079441 0.618490577205
5180 0.735102523884 0.675459670575
5185 0.647236327735 0.594722535308
5190 0.800922620462 0.735939425858
5195 0.722650056503 0.664017539386
5200 0.828535158581 0.76131160905
5205 0.667456750709 0.613302365736
5210 0.68831647583 0.632469628263
5215 0.808213265991 0.742638541786
5220 0.85387304263 0.784593693191
5225 0.665213492964 0.611241115654
5230 0.831628023531 0.764153533098
5235 0.817819385734 0.751465264953
5240 0.900019613289 0.826996142377
5245 0.851056201283 0.782005397454
5250 0.726959393396 0.667977236413
5255 0.808769438477 0.743149588983
5260 0.881316562921 0.809810571889
5265 0.646092331803 0.593671357969
5270 0.637946968171 0.586186871851
5275 0.815469853293 0.749306362817
5280 0.892595705246 0.820174576243
5285 0.897074779269 0.824290238707
5290 0.979018828913 0.899585723322
5295 0.872522985366 0.801730464957
5300 0.814683449771 0.748583764476
5305 0.982143096732 0.902456502355
5310 1.01268684816 0.930522073624
5315 0.963827210753 0.885626683509
5320 0.934760429525 0.858918247835
5325 0.850441689561 0.7814407444
5330 0.781621359854 0.718204181169
5335 0.964371884661 0.88612716507
5340 0.878476044162 0.807200519817
5345 0.931202581547 0.855649067353
5350 0.915639531725 0.841348732143
5355 1.06467796013 0.978294864799
5360 1.05212356391 0.966759074813
5365 0.96795102117 0.889415906828
5370 0.850019848737 0.781053129809
5375 1.01664585369 0.934159863574
5380 1.0017873712 0.920506930331
5385 0.972042403604 0.893175333224
5390 0.896022684595 0.823323506178
5395 0.857383992824 0.78781978096
5400 0.910674185144 0.836786251051
5405 0.795648255092 0.731092998346
5410 0.861842370698 0.791916426464
5415 1.00975822789 0.927831068198
5420 0.983792207319 0.903971811658
5425 0.982005417404 0.902329993697
5430 0.890213924275 0.817986042076
5435 0.861598544102 0.791692382842
5440 1.06024464638 0.974221249835
5445 0.967032773407 0.888572161485
5450 1.02369955998 0.940641264428
5455 0.921175682305 0.84643570481
5460 1.01809307671 0.935489665543
5465 0.990925433987 0.910526280973
5470 0.969477256963 0.890818310837
5475 0.884697839829 0.812917507468
5480 0.922920953669 0.848039372846
5485 0.98911699694 0.908864572228
5490 0.965658083761 0.887309007864
5495 0.983645942932 0.903837414494
5500 1.02051661413 0.937716568236
5505 0.947848482961 0.870944396535
5510 0.969480312564 0.890821118521
5515 0.919642472854 0.845026892955
5520 1.04446035587 0.959717624388
5525 1.01402932519 0.93175562822
5530 0.982319035764 0.902618166499
5535 0.980934744334 0.901346190138
5540 1.04516230168 0.960362617528
5545 1.0176960051 0.935124810511
5550 1.0882996512 1.0
5555 1.04153514413 0.957029750941
5560 1.03857869383 0.954313173479
5565 0.995099560233 0.914361737725
5570 1.00806150775 0.926272012159
5575 1.04535963217 0.960543937528
5580 1.04595830953 0.96109404095
5585 0.969369501033 0.89071929773
5590 0.898600757677 0.825692406213
5595 1.00364463422 0.922213503532
5600 0.964934013463 0.886643685314
5605 1.04861387003 0.963534141424
5610 1.09957468263 1.010360227
5615 0.97922232184 0.899772705765
5620 1.00062222343 0.919436317318
5625 0.938980929432 0.862796315702
5630 1.08032099059 0.992668691387
5635 1.02809821043 0.944683028521
5640 0.98432699593 0.90446320997
5645 1.007667047 0.925909556154
5650 1.02562488755 0.942410379735
5655 1.0116625467 0.929580879302
5660 0.932790581809 0.857108224545
5665 1.01824966261 0.935633546783
5670 1.01137101694 0.92931300293
5675 1.10880787208 1.01884427773
5680 1.0510669868 0.965788223534
5685 1.0130984956 0.930900321881
5690 1.03886813143 0.954579127442
5695 1.07659468145 0.989244717909
5700 0.967286549541 0.888805347385
5705 0.971505753411 0.89268222437
5710 0.895908703797 0.82321877326
5715 1.04083456958 0.956386017802
5720 1.10666403992 1.0168743863
5725 1.10605875191 1.01631820859
5730 1.05975700992 0.973773177957
5735 1.09512265334 1.00626941499
5740 1.07238870229 0.985379992643
5745 1.08803221159 0.999754259216
5750 1.06209237486 0.975919062082
5755 1.03149056973 0.947800147322
5760 1.04863184004 0.963550653428
5765 1.11915199389 1.02834912486
5770 1.12102744271 1.03007240834
5775 1.0993132727 1.01012002668
5780 1.00298627731 0.921608562689
5785 0.940488046948 0.864181152603
5790 1.05350777956 0.968030981544
5795 1.10644211659 1.01667046882
5800 1.13083339146 1.03908274731
5805 1.08083882133 0.993144507712
5810 1.12634039452 1.03495429157
5815 1.10254833365 1.01309260959
5820 1.18502177955 1.08887453768
5825 1.16634201247 1.07171036138
5830 1.17907889344 1.08341383014
5835 1.13120480905 1.03942402978
5840 1.17190361875 1.07682072439
5845 1.15710607032 1.06322378129
5850 1.12886516957 1.03727421793
5855 1.07309736363 0.986031156443
5860 1.08695809942 0.99876729559
5865 1.11550106636 1.02499441687
5870 1.16648956452 1.07184594173
5875 1.16297024386 1.06861216263
5880 1.07193133247 0.984959731719
5885 1.09104871489 1.00252601725
5890 0.742685243084 0.682427162655
5895 0.832951667941 0.765369783061
5900 1.06022539692 0.974203562186
5905 1.11852980388 1.0277774165
5910 1.15144446503 1.05802153273
5915 1.0716378999 0.984690106926
5920 1.13360862617 1.04163281218
5925 1.15274011978 1.05921206399
5930 1.12491986668 1.03364901886
5935 1.09736316657 1.00832814323
5940 1.10646537141 1.01669183685
5945 1.13554401014 1.04341116795
5950 1.12200441028 1.03097010924
5955 1.09944211638 1.01023841657
5960 1.1448131841 1.05192828358
5965 1.14744503725 1.05434660021
5970 1.19287673635 1.09609217924
5975 1.1388437216 1.04644315593
5980 1.12952731579 1.03788264064
5985 1.07478343278 0.987580425668
5990 1.13160030717 1.03978743899
5995 1.14279416455 1.05007307803
6000 1.11276548931 1.02248079202
6005 1.09994074248 1.01069658643
6010 1.09470510727 1.00588574669
6015 1.06797815856 0.981327300244
6020 1.06017942772 0.974161322711
6025 1.1100867269 1.02001937213
6030 1.14495815797 1.05206149493
6035 1.1668185185 1.07214820589
6040 1.14994495572 1.05664368675
6045 1.18101617712 1.08519393149
6050 1.17963010744 1.08392032116
6055 1.12941814563 1.03778232804
6060 1.14314393811 1.05039447256
6065 1.08668767342 0.998518810722
6070 1.20033536034 1.10294564463
6075 1.19235677176 1.0956144022
6080 1.11110448062 1.02095454997
6085 1.10043221298 1.01114818127
6090 1.08749962596 0.999264885149
6095 1.12171523606 1.0307043973
6100 1.1222264153 1.03117410179
6105 1.0921804036 1.00356588592
6110 1.13451660412 1.04246712096
6115 1.14791339142 1.05477695427
6120 1.070992464 0.984097038741
6125 1.10241806228 1.01297290784
6130 1.10887446468 1.01890546731
6135 1.00702634827 0.925320840787
6140 1.05646746562 0.970750532226
6145 1.13579643182 1.0436431093
6150 1.08929536262 1.00091492396
6155 1.1049981609 1.01534366908
6160 1.0331785298 0.949351154037
6165 1.04192423521 0.957387272951
6170 1.02790978907 0.944509894809
6175 1.11084745557 1.02071837876
6180 1.13578179676 1.04362966166
6185 1.14159573749 1.04897188585
6190 1.0275316217 0.944162410209
6195 1.15267180406 1.05914929109
6200 1.08573136725 0.997640094854
6205 1.15939652732 1.06532840109
6210 1.12257013264 1.03148993148
6215 0.990870440151 0.910475749084
6220 1.01624952373 0.933795690014
6225 1.08350878955 0.995597846936
6230 0.989194325033 0.908935626274
6235 1.12042171226 1.02951582409
6240 1.00563093847 0.924038648148
6245 1.00251277763 0.921173480605
6250 1.06353832346 0.97724769303
6255 0.948128515457 0.871201708477
6260 0.963673584637 0.885485521913
6265 1.04878115807 0.963687856484
6270 1.05671006229 0.970973445716
6275 1.07319115601 0.986117338941
6280 1.01285235492 0.930674151928
6285 1.09208517041 1.00347837952
6290 1.11423858576 1.02383436816
6295 1.04687297974 0.961934499
6300 1.02767343637 0.944292718684
6305 1.05043401802 0.965206610942
6310 1.08922581787 1.00085102175
6315 1.02299281014 0.939991857035
6320 1.02429705922 0.941190285318
6325 1.10550729062 1.01581149034
6330 1.11242849531 1.02217114017
6335 1.04567699209 0.96083554832
6340 1.08370470755 0.99577786904
6345 1.06635412597 0.979835034215
6350 1.12430447391 1.03308355624
6355 1.06430235131 0.977949731157
6360 0.985113661711 0.905186049291
6365 1.03064768746 0.947025652661
6370 1.12801264066 1.03649085931
6375 1.15057975762 1.05722698372
6380 1.10788338575 1.01799479999
6385 1.13603528545 1.04386258343
6390 1.1309336033 1.03917482842
6395 1.0877552611 0.999499779224
6400 1.05984462583 0.973853685117
6405 1.14645659118 1.05343835213
6410 1.10047841468 1.01119063438
6415 1.11818374864 1.02745943859
6420 1.07091890979 0.984029452379
6425 1.15902000063 1.06498242405
6430 1.08194098692 0.994157248628
6435 1.14038273623 1.04785730197
6440 1.1296439672 1.03798982749
6445 1.18549319876 1.08930770809
6450 1.02076154184 0.937941623633
6455 1.1227224469 1.03162988766
6460 1.16730149999 1.07259200047
6465 1.11143315019 1.0212565528
6470 1.12812303127 1.03659229334
6475 1.14719695968 1.05411865052
6480 1.13120849418 1.03942741591
6485 1.13013788334 1.03844366953
6490 1.12112231837 1.03015958623
6495 0.909122010153 0.835360012432
6500 1.02261397669 0.9396437604
6505 1.13551859197 1.0433878121
6510 1.13686262605 1.04462279741
6515 1.13148990087 1.03968599055
6520 1.1367327537 1.0445034623
6525 1.15949180317 1.06541594669
6530 1.12454524168 1.03330478921
6535 1.14332419658 1.05056010569
6540 1.17660599724 1.08114157341
6545 1.11341822377 1.0230805666
6550 1.13566007806 1.04351781866
6555 1.07484476693 0.987636783447
6560 1.02001859204 0.937258953372
6565 0.988007212838 0.907844830926
6570 1.11359459954 1.02324263204
6575 1.06910791573 0.982365394082
6580 1.14686228387 1.05381112877
6585 1.15116928389 1.05776867853
6590 1.15689714129 1.0630318038
6595 1.08376549999 0.995833729063
6600 1.15665959458 1.06281353055
6605 1.12651537918 1.03511507878
6610 1.09159248967 1.00302567263
6615 1.17334976175 1.07814953396
6620 1.19721878835 1.10008193702
6625 1.1225675863 1.03148759174
6630 1.13672466701 1.04449603173
6635 1.11565930643 1.02513981807
6640 1.14885029749 1.05563784407
6645 1.12103176029 1.03007637562
6650 1.16095357385 1.06675911599
6655 1.17361567071 1.07839386829
6660 1.1521398839 1.0586605285
6665 1.09209196731 1.00348462495
6670 1.15551098495 1.06175811384
6675 1.15019651396 1.0568748347
6680 1.12484346383 1.03357881498
6685 1.18886320737 1.09240428963
6690 1.18416559407 1.08808781917
6695 1.15630383211 1.06248663302
6700 1.16065094675 1.06648104267
6705 1.14300155262 1.05026363958
6710 1.14017842256 1.04766956537
6715 1.09754286073 1.00849325783
6720 1.16456759028 1.07007990768
6725 1.15835645733 1.06437271762
6730 1.18252085477 1.08657652648
6735 1.16852857207 1.07371951354
6740 1.11318156374 1.02286310807
6745 1.12662786157 1.03521843486
6750 1.12732429169 1.03585835983
6755 1.14546584533 1.05252799086
6760 1.20277733884 1.10518949217
6765 1.15165932797 1.05821896267
6770 1.10935999533 1.01935160423
6775 1.17751934642 1.08198081762
6780 1.19481453559 1.09787275432
6785 1.11561409907 1.02509827862
6790 1.15698495216 1.0631124901
6795 1.12532687391 1.03402300339
6800 1.15780019275 1.06386158581
6805 1.16060452279 1.06643838535
6810 1.15556312008 1.06180601897
6815 1.16168990403 1.06743570371
6820 1.18016401498 1.08441090989
6825 1.20592481493 1.10808159646
6830 1.16838992314 1.07359211395
6835 1.18971257362 1.09318474219
6840 1.11040106286 1.0203082043
6845 1.15266383895 1.05914197224
6850 1.18540115045 1.08922312816
6855 1.1379305565 1.04560408087
6860 1.12438325487 1.03315594527
6865 1.18511433581 1.08895958434
6870 1.14986569754 1.05657085921
6875 1.12599521556 1.03463711885
6880 1.14804746907 1.05490015347
6885 1.16525770682 1.07071403132
6890 1.20646558973 1.10857849527
6895 1.1820498659 1.0861437515
6900 1.18103584253 1.08521200133
6905 1.1931561289 1.09634890316
6910 1.18012249149 1.08437275542
6915 1.12999528818 1.03831264389
6920 1.20537410533 1.10757556892
6925 1.11821122929 1.02748468959
6930 1.14945246902 1.05619115815
6935 1.14389398745 1.05108366634
6940 1.16147469599 1.06723795668
6945 1.07655525068 0.989208486371
6950 1.11356058022 1.02321137289
6955 1.09606447847 1.00713482474
6960 1.13546072387 1.04333463915
6965 1.13663448496 1.04441316664
6970 1.13286649828 1.04095089715
6975 1.0969536624 1.00795186436
6980 1.02873688756 0.945269886312
6985 1.14533218402 1.05240517422
6990 1.13063413305 1.03889965582
6995 1.14893437696 1.05571510171
7000 1.09189899832 1.00330731258
7005 1.1065323723 1.01675340159
7010 1.12042021866 1.02951445168
7015 1.05211559043 0.966751748261
7020 1.12283254175 1.03173104992
7025 1.07019450629 0.983363823663
7030 1.11954738276 1.02871243369
7035 1.13540345989 1.04328202131
7040 1.13758378843 1.04528544797
7045 1.15730581782 1.06340732219
7050 1.17683090594 1.08134823406
7055 1.14898501576 1.05576163191
7060 1.13041308075 1.03869653869
7065 1.11156096731 1.02137399942
7070 1.11117849158 1.02102255602
7075 1.15979420891 1.06569381662
7080 1.18651608231 1.09024759956
7085 1.06552730984 0.979075302161
7090 1.08974829515 1.00133110762
7095 1.09647189492 1.00750918528
7100 1.11829271017 1.02755955949
7105 1.10104214746 1.01170862845
7110 1.05532105452 0.969697135676
7115 1.08805203073 0.999772470324
7120 1.05923452859 0.973293088375
7125 1.08104589017 0.993334775935
7130 1.02699634186 0.943670560517
7135 1.10786787071 1.01798054377
7140 1.08727453814 0.999058059919
7145 1.08991875554 1.00148773763
7150 1.04649566468 0.96158779756
7155 1.08836699319 1.00006187817
7160 1.09071531881 1.00221967141
7165 1.03856633277 0.954301815338
7170 1.09829122505 1.00918090329
7175 1.08957725505 1.00117394493
7180 1.03964969629 0.955297279701
7185 1.06042306338 0.974385190891
7190 0.992548497635 0.912017656667
7195 1.05078341499 0.96552765944
7200 1.05717466074 0.971400348769
7205 1.06236161778 0.976166459865
7210 1.05667047096 0.970937066645
7215 1.05465652545 0.96908652345
7220 1.08243407223 0.99461032726
7225 1.09082126205 1.00231701889
7230 1.10403668384 1.01446020186
7235 1.0955890668 1.0066979858
7240 1.08185627747 0.994079412122
7245 1.05623482498 0.970536766979
7250 1.09071721449 1.00222141328
7255 1.06860804068 0.981906076607
7260 1.04140353184 0.956908817069
7265 1.06019288087 0.974173684339
7270 1.08578476913 0.997689163952
7275 1.08187453771 0.994096190807
7280 1.04019745474 0.955800595541
7285 1.02846473097 0.94501981126
7290 0.979736306886 0.900244988418
7295 1.05322110813 0.967767569318
7300 1.05338761022 0.967920562192
7305 1.06737024739 0.980768712202
7310 1.04831269971 0.963257406683
7315 1.07639730613 0.989063356723
7320 1.06683770516 0.980279378009
7325 1.02523258684 0.94204990851
7330 1.07875571801 0.991230417856
7335 1.08854060481 1.00022140374
7340 1.11825032018 1.02752060883
7345 1.06359997839 0.977304345563
7350 1.07960016193 0.992006347468
7355 1.02557226014 0.942362022268
7360 1.11683149428 1.02621689996
7365 1.06727326743 0.980679600745
7370 1.11520999215 1.02472695909
7375 1.13367665669 1.04169532302
7380 1.14829951618 1.05513175063
7385 1.08128782629 0.993557082464
7390 1.06871140994 0.982001058958
7395 1.14191576888 1.04926595136
7400 1.09973490002 1.01050744509
