Wave Flux FluxNorm
3600 0.231537633787 0.216677408785
3605 0.163250268913 0.15277276818
3610 0.136688091092 0.127915366954
3615 0.195413155761 0.182871421549
3620 0.13645271263 0.127695095224
3625 0.247239302951 0.23137133535
3630 0.203338329376 0.190287952741
3635 0.180802052061 0.169198067298
3640 0.261438541258 0.244659257978
3645 0.198215343426 0.185493763119
3650 0.185040199057 0.173164207464
3655 0.276904765416 0.25913285054
3660 0.312612040623 0.292548411285
3665 0.268414926117 0.251187894248
3670 0.24765975297 0.231764800633
3675 0.284241935906 0.265999117001
3680 0.217649260793 0.203680399947
3685 0.225695598072 0.211210318445
3690 0.252053832575 0.235876865559
3695 0.261274908285 0.244506127067
3700 0.315887817838 0.295613947142
3705 0.196025662595 0.183444617325
3710 0.212194407145 0.198575642097
3715 0.313396090664 0.293282140521
3720 0.134579699257 0.125942292979
3725 0.209385073999 0.195946613647
3730 0.196881739795 0.184245750973
3735 0.0884556826464 0.0827785435767
3740 0.191673323341 0.17937161383
3745 0.125564436963 0.117505635656
3750 0.12389943976 0.115947498979
3755 0.247682414383 0.231786007623
3760 0.156132397075 0.14611172565
3765 0.170524030082 0.15957969497
3770 0.237899296958 0.222630776576
3775 0.255661059531 0.239252578513
3780 0.264539110068 0.247560830411
3785 0.241574969394 0.226070542138
3790 0.163529832372 0.153034389087
3795 0.160163966319 0.149884546348
3800 0.167142412735 0.156415111863
3805 0.216009562969 0.202145938918
3810 0.200867908214 0.187976084699
3815 0.13789739644 0.129047058356
3820 0.100963607338 0.0944837021171
3825 0.0900348593767 0.0842563677919
3830 0.108844021867 0.101858346888
3835 0.108969377715 0.101975657322
3840 0.102602103113 0.0960170382445
3845 0.144741105273 0.135451533828
3850 0.122398385345 0.114542783142
3855 0.121950741069 0.114123868945
3860 0.0957640484732 0.0896178540763
3865 0.133039747758 0.124501176496
3870 0.100980718889 0.0944997154377
3875 0.154114328937 0.144223178343
3880 0.127611273176 0.119421104687
3885 0.179445305196 0.167928397265
3890 0.236028787984 0.220880317996
3895 0.277612795281 0.259795438621
3900 0.260096046063 0.243402924934
3905 0.238255746014 0.222964348517
3910 0.298595642769 0.2794315943
3915 0.301150420209 0.281822404583
3920 0.221290312419 0.207087766684
3925 0.203048298465 0.190016536189
3930 0.0924186866306 0.0864871995747
3935 0.0583147777828 0.0545721001686
3940 0.164455726775 0.153900859029
3945 0.214270989591 0.200518948228
3950 0.295463420268 0.276500399729
3955 0.319225087698 0.29873702901
3960 0.265824340922 0.248763574374
3965 0.126098674755 0.118005585745
3970 0.0816360421194 0.0763965916925
3975 0.231158719303 0.216322813261
3980 0.366312933438 0.342802748406
3985 0.394584279848 0.369259622749
3990 0.427597808338 0.400154323067
3995 0.426962720539 0.399559995587
4000 0.487554101058 0.456262584754
4005 0.440067395772 0.411823604858
4010 0.494665487542 0.462917558164
4015 0.527329749496 0.493485408082
4020 0.527109606948 0.493279394416
4025 0.515403712938 0.482324791744
4030 0.482359364678 0.451401249688
4035 0.442460287048 0.414062918929
4040 0.537914799874 0.503391103542
4045 0.374545750802 0.350507178585
4050 0.519345744642 0.486013821476
4055 0.459031991843 0.429571041714
4060 0.449485399768 0.420637155677
4065 0.400198845591 0.374513842276
4070 0.478346844175 0.447646255172
4075 0.452870388741 0.423804894015
4080 0.500631753778 0.468500905834
4085 0.526140465712 0.492372453249
4090 0.594284782559 0.556143226735
4095 0.516600878455 0.483445122456
4100 0.457948924885 0.428557486646
4105 0.518326053242 0.485059574485
4110 0.504896850467 0.472492266045
4115 0.536207090433 0.501792995923
4120 0.484173090851 0.453098569822
4125 0.500899344075 0.468751322025
4130 0.445709880256 0.417103951284
4135 0.455831924306 0.426576356441
4140 0.48963098611 0.458206174071
4145 0.394965591277 0.369616461382
4150 0.411330860078 0.384931397359
4155 0.409766867668 0.383467782925
4160 0.481794367603 0.450872514467
4165 0.469373772045 0.439249080224
4170 0.459194549211 0.429723166052
4175 0.398899015085 0.373297435677
4180 0.414098589334 0.387521492081
4185 0.493843969347 0.462148765502
4190 0.478862235024 0.448128567926
4195 0.446635666398 0.417970319913
4200 0.420141688652 0.393176741641
4205 0.478896516881 0.448160649552
4210 0.514012217346 0.481022603179
4215 0.447471398899 0.418752414598
4220 0.645659177624 0.604220382136
4225 0.40058705145 0.37487713285
4230 0.566369363729 0.530019436325
4235 0.533843736121 0.499581323116
4240 0.567865317646 0.531419379017
4245 0.655505347534 0.613434618921
4250 0.51154176893 0.478710709632
4255 0.534588730191 0.500278503018
4260 0.508681346283 0.476033870636
4265 0.672950611998 0.629760235789
4270 0.485023589984 0.453894483408
4275 0.489168049349 0.457772948871
4280 0.584164982013 0.546672921093
4285 0.555780843865 0.520110494052
4290 0.480604094538 0.449758633845
4295 0.527490152189 0.493635516034
4300 0.375515669993 0.351414847777
4305 0.368722956394 0.345058094635
4310 0.349448466336 0.327020652976
4315 0.641696431237 0.600511967202
4320 0.741399359375 0.69381590127
4325 0.470023976188 0.439857553873
4330 0.71697755968 0.670961507411
4335 0.758389492332 0.709715597246
4340 0.550027989688 0.514726861527
4345 0.717744098879 0.671678849662
4350 0.712211747285 0.66650156773
4355 0.679267512681 0.635671713976
4360 0.707254316093 0.661862307462
4365 0.792109288772 0.741271236809
4370 0.701667177991 0.656633755254
4375 0.614297428779 0.574871449249
4380 0.674792525021 0.631483933723
4385 0.471155887117 0.440916818075
4390 0.602634009282 0.563956595051
4395 0.668641274151 0.625727473844
4400 0.691467776106 0.647088957135
4405 0.552566780333 0.517102711057
4410 0.707605833159 0.662191263952
4415 0.670899101963 0.627840392905
4420 0.765360978503 0.716239649228
4425 0.720504743486 0.674262314433
4430 0.71595719169 0.670006627255
4435 0.672010559729 0.628880516642
4440 0.770427436051 0.720980938476
4445 0.77975037626 0.729705526758
4450 0.810216739685 0.758216540601
4455 0.693646996344 0.649128313703
4460 0.64587026716 0.604417923818
4465 0.749085576082 0.701008811953
4470 0.757545368576 0.708925649861
4475 0.878626967022 0.822236158282
4480 0.789973965496 0.739272959869
4485 0.881321606298 0.824757853983
4490 0.783879955717 0.733570067314
4495 0.753177283294 0.704837910927
4500 0.862909492466 0.807527440723
4505 0.961242934015 0.899549782678
4510 0.926965538932 0.867472331488
4515 0.84595431793 0.791660459516
4520 0.896259661801 0.838737176073
4525 0.794845850133 0.743832164012
4530 0.716159923785 0.670196347882
4535 0.774804801661 0.725077362119
4540 0.837453546224 0.783705272466
4545 0.828807160741 0.775613817219
4550 0.810054464228 0.75806468008
4555 0.810870024727 0.758827897415
4560 0.912303249987 0.853751077091
4565 0.813171887408 0.760982025161
4570 0.88488136263 0.828089143007
4575 0.907818605044 0.849554259366
4580 0.801167472062 0.749748060432
4585 0.821151337342 0.768449349184
4590 0.907555023217 0.84930759438
4595 0.803376815952 0.751815607299
4600 0.830115409245 0.776838101545
4605 0.846666494006 0.792326927703
4610 0.96128216655 0.899586497245
4615 0.929943668952 0.870259323326
4620 0.943062911532 0.882536565004
4625 0.939983921189 0.879655186119
4630 0.936960281389 0.876825605345
4635 0.88636069694 0.829473532748
4640 0.848204024575 0.793765778632
4645 0.80261951581 0.751106911137
4650 0.833323056899 0.779839880438
4655 0.854554893878 0.799709045312
4660 0.958338983582 0.896832209535
4665 0.798245566216 0.747013684266
4670 0.815445684687 0.763109888758
4675 0.891698425851 0.834468682998
4680 0.838953878539 0.785109312548
4685 0.882148024544 0.825531232208
4690 0.847278247751 0.792899418723
4695 0.889750361158 0.832645646272
4700 0.812726546349 0.760565266359
4705 0.838315122435 0.784511552197
4710 0.843844211049 0.789685780568
4715 0.868000910027 0.812292088034
4720 0.979629339511 0.916756137578
4725 0.955474469841 0.894151542014
4730 0.81629985037 0.763909233572
4735 0.907347753618 0.849113627469
4740 0.929502903918 0.869846846858
4745 0.951482667153 0.89041593563
4750 0.968599353632 0.906434062847
4755 0.910187491062 0.851771108851
4760 0.94332433625 0.882781211326
4765 0.85098132673 0.79636483186
4770 0.950612177308 0.889601314349
4775 1.00401144004 0.93957338019
4780 1.00614800334 0.941572817566
4785 0.934959608452 0.874953336804
4790 0.928273349674 0.868696206147
4795 1.03687838117 0.970330901212
4800 0.952209758951 0.891096362239
4805 0.979697091741 0.916819541429
4810 0.957837464638 0.89636287838
4815 0.993736467371 0.929957861463
4820 1.03451467639 0.968118900425
4825 0.961264441838 0.899569910116
4830 0.963220310554 0.901400249998
4835 0.97961073765 0.916738729596
4840 0.931088731893 0.871330895437
4845 0.971939143891 0.909559503352
4850 0.960742111899 0.899081103628
4855 0.896902234536 0.839338508102
4860 0.788190144478 0.73760362556
4865 0.870740202273 0.814855570851
4870 0.855078972943 0.800199488667
4875 0.886679403933 0.829771784934
4880 0.971686327223 0.909322912611
4885 0.883833787663 0.827108802033
4890 0.848367962586 0.793919195003
4895 1.03528819884 0.968842777737
4900 0.987782023236 0.924385577144
4905 0.999192968538 0.935064161093
4910 0.904284007911 0.846246514809
4915 0.986178578795 0.922885042734
4920 0.784421752106 0.734077090884
4925 0.904415503322 0.846369570766
4930 1.02180166604 0.956221818749
4935 0.929969337043 0.870283344024
4940 0.899916478758 0.842159296312
4945 1.01115309303 0.946256677577
4950 1.03594129644 0.96945395914
4955 0.976366361604 0.913702579562
4960 0.982066685645 0.919037053367
4965 0.976841670019 0.914147382396
4970 0.962574314751 0.900795714595
4975 1.01833403362 0.95297674107
4980 0.909090205743 0.850744247965
4985 0.858595603377 0.803490419638
4990 0.956279378462 0.894904791114
4995 0.955512514628 0.894187145064
5000 0.898639777399 0.840964534416
5005 0.835115464517 0.781517250254
5010 0.907278802957 0.849049102103
5015 0.817653459098 0.765175966876
5020 0.857198123215 0.802182630596
5025 0.899630147744 0.841891342195
5030 0.939869847384 0.879548433639
5035 0.958024224567 0.896537651944
5040 0.794696238498 0.743692154542
5045 0.9815937495 0.91859447055
5050 0.888379491557 0.831362759909
5055 0.977816533853 0.915059678881
5060 1.02501525248 0.959229155276
5065 0.92826260881 0.868686154639
5070 0.938955535079 0.878692802449
5075 0.941878575785 0.88142824064
5080 0.829176904747 0.775959830832
5085 0.917984872562 0.859068049703
5090 0.971182413373 0.908851340255
5095 0.978626168539 0.915817350724
5100 0.884739350734 0.82795624552
5105 0.925529162696 0.866128142745
5110 0.887052750146 0.830121169562
5115 0.971984174086 0.909601643482
5120 0.969431617829 0.907212911825
5125 0.840552779398 0.786605594986
5130 0.8786829413 0.822288540096
5135 0.939123888493 0.87885035084
5140 0.868998050103 0.813225231058
5145 0.867882235479 0.81218103009
5150 0.869193327213 0.813407975166
5155 0.900259711727 0.842480500382
5160 0.951946147554 0.89084966958
5165 0.768886461251 0.719538864367
5170 0.705217025382 0.659955771298
5175 0.821636600854 0.768903468192
5180 0.894220463228 0.836828854495
5185 0.747310877007 0.699348014135
5190 0.922171133025 0.862985633444
5195 0.864414604132 0.808935953415
5200 0.949170292469 0.888251970549
5205 0.838510940288 0.784694802342
5210 0.848872899226 0.794391724504
5215 0.903953640787 0.845937350847
5220 0.957056235611 0.895631789103
5225 0.807492159509 0.755666825624
5230 0.910212587109 0.851794594219
5235 0.908601184045 0.850286611975
5240 0.979988206302 0.917091972082
5245 0.988281495726 0.924852993189
5250 0.889207009091 0.832137166869
5255 0.923847976834 0.864554856405
5260 0.980336253541 0.917417681439
5265 0.75451603625 0.706090741911
5270 0.751282263181 0.703064514348
5275 0.89863784321 0.840962724365
5280 0.969860965736 0.907614703924
5285 0.969892031621 0.907643775982
5290 1.06942388421 1.00078761423
5295 0.976673095934 0.913989627497
5300 0.921815776623 0.86265308403
5305 1.05064023319 0.983209509264
5310 1.07460666694 1.00563776284
5315 1.02914516716 0.963094009544
5320 1.01154603955 0.946624404553
5325 0.918826938945 0.859856071757
5330 0.867702424693 0.812012759669
5335 1.02251325172 0.956887734431
5340 0.944823696848 0.884184342056
5345 0.991924692048 0.928262366973
5350 0.977388612537 0.914659221813
5355 1.08057130117 1.01121958324
5360 1.07241155522 1.00358353472
5365 1.0004264743 0.936218499711
5370 0.907746342572 0.849486634744
5375 1.03947897934 0.97276459142
5380 1.02795207599 0.961977491684
5385 1.02112675716 0.955590225928
5390 0.900814483921 0.842999666962
5395 0.921049570112 0.861936053116
5400 0.949988977397 0.889018111784
5405 0.856769398302 0.801781421507
5410 0.921181547291 0.862059559919
5415 1.01117169877 0.946274089195
5420 0.998049368174 0.93399395769
5425 0.990710690288 0.927126280578
5430 0.939841353269 0.879521768294
5435 0.916348034347 0.857536264752
5440 1.06792438546 0.999384354215
5445 0.983976004136 0.920823830646
5450 1.03609931622 0.969601837123
5455 0.958174991506 0.89667874257
5460 1.0366328209 0.970101101148
5465 0.982577354271 0.919514946972
5470 0.998395513412 0.934317887119
5475 0.932281852651 0.872447440986
5480 0.945335678103 0.884663464046
5485 1.01066013229 0.945795355361
5490 0.98760816333 0.924222875672
5495 0.99535783962 0.931475173063
5500 1.02167528763 0.956103551389
5505 0.972475376303 0.910061320044
5510 0.984798907877 0.921593919928
5515 0.961056775557 0.899375571982
5520 1.03782450132 0.971216298798
5525 1.00739918053 0.942743693448
5530 0.980934412285 0.917977449995
5535 0.987530863995 0.924150537455
5540 1.03035503568 0.964226227965
5545 1.01712977583 0.951849773271
5550 1.06858225362 1.0
5555 1.02649036643 0.960609595526
5560 1.02818647936 0.962196850904
5565 0.989914494335 0.926381184961
5570 0.998276349763 0.934206371465
5575 1.01855475122 0.953183292885
5580 1.02994548751 0.963842964843
5585 0.974743858004 0.912184209222
5590 0.923944896011 0.864645555251
5595 0.997424957807 0.933409622358
5600 0.964508522994 0.902605784186
5605 1.04156807418 0.974719606898
5610 1.08243123875 1.01296014891
5615 0.972083260786 0.909694370738
5620 1.01255774948 0.947571182335
5625 0.968003285181 0.905876250428
5630 1.06977911042 1.00112004181
5635 1.02154584813 0.955982419393
5640 0.997275030567 0.933269317539
5645 1.01316055969 0.948135303818
5650 1.01985374579 0.954398917199
5655 0.997061881754 0.933069848744
5660 0.95108924942 0.890047767685
5665 1.01807287041 0.952732339477
5670 1.02157554916 0.956010214192
5675 1.08293851561 1.01343486844
5680 1.04408367759 0.977073757359
5685 1.00838431376 0.943665600232
5690 1.03212057469 0.965878453622
5695 1.05955526907 0.99155237277
5700 0.984495887625 0.921310347699
5705 0.979803611526 0.916919224711
5710 0.920915081747 0.861810196295
5715 1.03103582734 0.964863326005
5720 1.0769544705 1.00783488295
5725 1.08559511352 1.01592096429
5730 1.05577806453 0.988017591496
5735 1.0793511252 1.01007771891
5740 1.06441075832 0.996096233791
5745 1.07322587403 1.00434559005
5750 1.04915683465 0.981821316141
5755 1.01598161821 0.950775305099
5760 1.03423737515 0.96785939655
5765 1.07792638714 1.0087444214
5770 1.08603163621 1.01632947069
5775 1.06785124018 0.999315903447
5780 0.995136954951 0.931268464905
5785 0.955899495466 0.894549289238
5790 1.04122562921 0.974399140248
5795 1.06802526552 0.999478759733
5800 1.08571773293 1.01603571391
5805 1.04557888821 0.978473004459
5810 1.07877906754 1.00954237626
5815 1.05748760519 0.989617412799
5820 1.11544089762 1.04385122797
5825 1.11090392654 1.03960544243
5830 1.11171053754 1.04036028464
5835 1.08353812195 1.01399599168
5840 1.10886948467 1.03770157226
5845 1.09701624709 1.02660908262
5850 1.08188372533 1.01244777524
5855 1.03874325549 0.972076086768
5860 1.03991173761 0.973169575003
5865 1.07211525754 1.0033062536
5870 1.1009752804 1.03031402278
5875 1.09709851065 1.02668606645
5880 1.05599666239 0.988222159608
5885 1.05489159138 0.98718801272
5890 0.815458399381 0.763121787415
5895 0.882845064079 0.826183535325
5900 1.02028943681 0.954806645306
5905 1.05771593207 0.989831085521
5910 1.07217466287 1.00336184626
5915 1.02876474423 0.962738002385
5920 1.06427485256 0.995969050545
5925 1.07728682466 1.00814590642
5930 1.05013652093 0.982738125565
5935 1.0539462488 0.986303342803
5940 1.06675014993 0.998285481835
5945 1.06625276065 0.997820015297
5950 1.04629379862 0.979142031493
5955 1.05617093276 0.988385245205
5960 1.07221938855 1.00340370142
5965 1.07936333386 1.01008914401
5970 1.10114985534 1.0304773934
5975 1.06579878147 0.997395172773
5980 1.07186344356 1.00307060119
5985 1.03023573751 0.964114586425
5990 1.07074618888 1.00202505259
5995 1.07937184517 1.01009710906
6000 1.06163726382 0.993500743834
6005 1.04396436774 0.976962104885
6010 1.03852319539 0.971870150261
6015 1.02541744115 0.959605531238
6020 1.0127474402 0.947748698584
6025 1.04523188928 0.978148276128
6030 1.07715403073 1.00802163529
6035 1.08588889733 1.01619589288
6040 1.07707145798 1.0079443621
6045 1.09221090034 1.02211214592
6050 1.0949008112 1.02462941668
6055 1.05044036341 0.983022467248
6060 1.084439988 1.01483997543
6065 1.03713273243 0.970568928053
6070 1.10399769455 1.03314245657
6075 1.0978006276 1.02734312111
6080 1.04087152808 0.97406776554
6085 1.03541562887 0.968962029236
6090 1.02873663536 0.962711697553
6095 1.04760080279 0.980365151343
6100 1.04427701768 0.977254688768
6105 1.02339589565 0.957713729748
6110 1.05765924524 0.989778036887
6115 1.0604590715 0.992398168613
6120 1.01830823505 0.952952598271
6125 1.03736202441 0.970783503935
6130 1.03879586913 0.972125323634
6135 0.987702682226 0.924311328288
6140 1.00921395108 0.944441990929
6145 1.05895732076 0.990992801143
6150 1.0352505764 0.968807569934
6155 1.02728040192 0.961348926061
6160 0.984881656654 0.921671357839
6165 0.982335686943 0.919288789999
6170 0.981953348701 0.918930990457
6175 1.03448706107 0.968093057479
6180 1.05410557245 0.986452440961
6185 1.0574509114 0.989583074039
6190 0.996015821322 0.932090925102
6195 1.06502843282 0.996674265565
6200 1.03071519994 0.964563276666
6205 1.07871503896 1.00948245706
6210 1.06258651381 0.994389070386
6215 0.972757528351 0.910325363404
6220 0.989491187017 0.925985045762
6225 1.02980255457 0.963709205434
6230 0.962037795067 0.900293629068
6235 1.04625647399 0.97910710238
6240 0.992533697693 0.928832286268
6245 0.967054418064 0.904988282176
6250 1.0119738077 0.947024718291
6255 0.936561387761 0.876452312951
6260 0.963260582392 0.901437937165
6265 1.01575074829 0.95055925255
6270 1.00951461735 0.944723360258
6275 1.03236938365 0.966111293873
6280 0.943344284551 0.882799879333
6285 1.0144838645 0.949373678125
6290 1.02403414395 0.958311014884
6295 0.995543366943 0.93164879313
6300 0.950553574949 0.889546473125
6305 0.993556003501 0.929788979872
6310 1.00713419976 0.942495719307
6315 0.951637029675 0.890560391073
6320 0.958912108566 0.897368551012
6325 1.02752672974 0.961579444409
6330 1.02205656359 0.956460356825
6335 0.983152558148 0.920053233918
6340 0.998297140567 0.934225827902
6345 0.98438582558 0.921207349502
6350 1.03417843026 0.967804234778
6355 0.998703589257 0.93460619047
6360 0.947970134724 0.887128839652
6365 0.973708718788 0.911215505865
6370 1.03237605302 0.966117535193
6375 1.04990100889 0.982517728826
6380 1.02819594339 0.962205707524
6385 1.04073505306 0.973940049576
6390 1.04611545042 0.978975129788
6395 1.00712615788 0.942488193561
6400 0.9841293146 0.920967301551
6405 1.03763298911 0.971037077958
6410 1.00245572951 0.9381175161
6415 1.01879113315 0.953404503676
6420 0.987352866281 0.923983963741
6425 1.04830419173 0.981023396357
6430 1.00924330209 0.944469458179
6435 1.03889181703 0.97221511354
6440 1.01596157271 0.950756546136
6445 1.06412028371 0.995824402008
6450 0.951141444921 0.890096613247
6455 1.01474489388 0.949617954489
6460 1.03996887531 0.973223045573
6465 1.01499788226 0.949854705916
6470 1.01974104769 0.954293452131
6475 1.03629256124 0.969782679557
6480 1.02822784796 0.962235564441
6485 1.0255031246 0.959685715468
6490 1.02387621107 0.958163218232
6495 0.87609597378 0.819867605712
6500 0.966080998342 0.904077337118
6505 1.03360236917 0.967265145636
6510 1.03767446745 0.971075894188
6515 1.02736177148 0.961425073267
6520 1.01274377854 0.947745271934
6525 1.03043958553 0.964305351356
6530 1.02130967299 0.955761402109
6535 1.02143577876 0.955879414334
6540 1.04464726325 0.977601171755
6545 1.00699108286 0.942361787732
6550 1.02697318162 0.961061423344
6555 0.982810127487 0.919732780663
6560 0.912046199338 0.853510524108
6565 0.886118779187 0.829247141423
6570 0.993736452522 0.929957847567
6575 0.979822711273 0.916937098624
6580 1.0247436519 0.958974986183
6585 1.02005556562 0.95458778411
6590 1.02197435509 0.956383424513
6595 0.976370339803 0.913706302437
6600 1.02438035853 0.958635009203
6605 1.01191391112 0.946968665905
6610 0.989881408152 0.92635022227
6615 1.03598090787 0.969491028288
6620 1.05107926659 0.983620365238
6625 1.01007893917 0.945251463566
6630 1.01172774748 0.946794450365
6635 0.984499183619 0.921313432154
6640 1.01869222156 0.953311940297
6645 1.00132523627 0.9370595786
6650 1.03036154637 0.964232320803
6655 1.03426059143 0.967881122798
6660 1.01837782124 0.953017718374
6665 0.98385899945 0.920714335391
6670 1.02259084516 0.956960347879
6675 1.02006826916 0.954599672325
6680 1.00030918399 0.936108737166
6685 1.03990174918 0.973160227637
6690 1.04012123544 0.973365627133
6695 1.00932588671 0.944546742464
6700 1.01217557525 0.947213536279
6705 0.999728512382 0.935565333411
6710 1.00355732495 0.939148410474
6715 0.968234633117 0.906092750314
6720 1.0027137814 0.938359006059
6725 1.01430354259 0.949204929386
6730 1.00766386884 0.942991393905
6735 1.00521886264 0.940703309677
6740 0.98755884481 0.924176722444
6745 0.991884222751 0.92822449502
6750 0.983373495722 0.920259991585
6755 1.00100015382 0.936755360134
6760 1.02699482634 0.961081678894
6765 1.00775829832 0.943079762839
6770 0.97734971445 0.914622820229
6775 1.01741133863 0.952113265205
6780 1.02001736677 0.954552036885
6785 0.974765971458 0.912204903421
6790 1.01262448211 0.947633632018
6795 0.984491334222 0.921306086536
6800 0.692682636803 0.648225847339
6805 0.0126673626799 0.011854363702
6810 0.181267161811 0.169633326024
6815 0.967018523235 0.904954691098
6820 1.0022920437 0.937964335742
6825 1.01967217048 0.954228995505
6830 1.00390317955 0.939472067922
6835 1.01299820835 0.947983372286
6840 0.947352712493 0.886551043952
6845 0.984409802673 0.921229787731
6850 1.00868338824 0.943945479936
6855 0.971128604414 0.908800984788
6860 0.967364822149 0.905278764339
6865 1.00840781043 0.943687588872
6870 1.02164204358 0.956072440957
6875 0.991149416686 0.927536849251
6880 0.98271459903 0.91964338328
6885 0.997592704945 0.933566603383
6890 1.02958869661 0.963509073
6895 1.01005182645 0.945226090956
6900 1.0167403791 0.951485368259
6905 1.01145504616 0.946539251181
6910 1.0082607703 0.943549985869
6915 0.979257754863 0.916408401457
6920 1.00901626886 0.944256996071
6925 0.965209188541 0.903261480596
6930 0.987364464077 0.923994817183
6935 0.983642672227 0.92051189218
6940 0.999512451936 0.935363139855
6945 0.950144498204 0.889163651172
6950 0.969516494821 0.907292341361
6955 0.966696291642 0.904653140523
6960 0.978983165453 0.916151435361
6965 0.967779786152 0.905667095701
6970 0.97225699395 0.909856953602
6975 0.939073052901 0.878802777907
6980 0.897543740073 0.839938841427
6985 0.979525916412 0.916659352237
6990 0.977021825135 0.914315975048
6995 0.980826210707 0.917876192859
7000 0.94566155632 0.884968427202
7005 0.950084873508 0.889107853225
7010 0.963070158634 0.901259734919
7015 0.917746950305 0.858845397439
7020 0.963142062524 0.901327023974
7025 0.928764872418 0.869156182665
7030 0.959073641489 0.897519716654
7035 0.960155376765 0.898532025509
7040 0.970016928659 0.907760657053
7045 0.985625126825 0.922367111645
7050 0.997317434741 0.933309000187
7055 0.9718996465 0.909522540928
7060 0.962825700807 0.901030966542
7065 0.959158050522 0.897598708265
7070 0.958614639301 0.897090173504
7075 0.986939056166 0.923596712209
7080 0.993318282755 0.929566516187
7085 0.931492565721 0.871708810967
7090 0.950236435481 0.889249687859
7095 0.957506031474 0.896052716796
7100 0.972582835527 0.91016188247
7105 0.969025029643 0.906832418714
7110 0.939577011433 0.879274392076
7115 0.955679038146 0.894342981002
7120 0.940214898335 0.879871339012
7125 0.95818966963 0.896692478643
7130 0.918528605053 0.859576885115
7135 0.961528841579 0.899817340522
7140 0.95280353447 0.891652028886
7145 0.945086576146 0.884430349603
7150 0.91313366358 0.85452819424
7155 0.941893745272 0.88144243654
7160 0.935834519694 0.875772095715
7165 0.909966120799 0.851563946264
7170 0.974232180202 0.911705371209
7175 0.953866915482 0.892647161464
7180 0.922839078773 0.863610710031
7185 0.936528089439 0.876421151735
7190 0.903729883404 0.845727954347
7195 0.91804505378 0.859124368454
7200 0.938297095085 0.878076621532
7205 0.942466766382 0.88197868081
7210 0.929645562391 0.869980349425
7215 0.929513970939 0.869857203592
7220 0.939420180814 0.879127626941
7225 0.939439650691 0.87914584723
7230 0.955079631852 0.893782044965
7235 0.961483646621 0.899775046204
7240 0.953114647963 0.891943174927
7245 0.932138668725 0.872313446691
7250 0.947437350435 0.88663024978
7255 0.939701627448 0.87939101016
7260 0.925407468503 0.866014258958
7265 0.94164775256 0.881212231789
7270 0.951281024622 0.890227234639
7275 0.93783010953 0.877639607392
7280 0.922885420083 0.863654077128
7285 0.904145511375 0.846116907064
7290 0.875471599611 0.819283304254
7295 0.921005213271 0.861894543123
7300 0.929035609624 0.869409543794
7305 0.930939474574 0.871191217544
7310 0.903936058978 0.845920897449
7315 0.928047659671 0.868485001065
7320 0.92031647696 0.861250010324
7325 0.897282561105 0.839694425083
7330 0.919474499301 0.860462071299
7335 0.937115215164 0.876970595377
7340 0.949158717836 0.888241138782
7345 0.914055887764 0.855391229519
7350 0.918991167325 0.860009759861
7355 0.889023776568 0.83196569432
7360 0.923673005642 0.864391114971
7365 0.906801835445 0.848602746654
7370 0.930540248024 0.870817613594
7375 0.930170251856 0.870471364004
7380 0.943571635891 0.883012639127
7385 0.890633362377 0.83347197594
7390 0.886498069721 0.829602088861
7395 0.921701053528 0.862545723933
7400 0.90113047707 0.84329537948
