Wave Flux FluxNorm
3600 1.29656901376 1.29092564474
3605 1.28191933601 1.2763397303
3610 1.28455415922 1.27896308534
3615 1.2743843773 1.2688375678
3620 1.28048816001 1.27491478356
3625 1.2788269162 1.27326077038
3630 1.26655134905 1.26103863313
3635 1.27194189332 1.26640571483
3640 1.27264317981 1.26710394895
3645 1.26377258875 1.2582719675
3650 1.26471693859 1.25921220702
3655 1.2640765816 1.25857463721
3660 1.25843472094 1.25295733297
3665 1.26111309666 1.25562405095
3670 1.25804997846 1.2525742651
3675 1.24721669413 1.24178813308
3680 1.23436988447 1.22899723967
3685 1.22325523395 1.21793096612
3690 1.23940224073 1.2340076924
3695 1.23675496968 1.2313719437
3700 1.25726347385 1.25179118378
3705 1.2178257512 1.21252511541
3710 1.23718457146 1.23179967562
3715 1.31305924549 1.30734410207
3720 1.24540669219 1.23998600924
3725 1.34165532188 1.33581571288
3730 1.50694029217 1.50038127366
3735 1.09882583718 1.09404315333
3740 1.65921603158 1.65199422677
3745 1.6730138151 1.66573195487
3750 1.07121305297 1.06655055488
3755 1.59464286734 1.58770211983
3760 1.9960851002 1.98739705915
3765 1.77485326654 1.76712814598
3770 1.07322293585 1.06855168965
3775 1.52859197803 1.52193871968
3780 2.17444462383 2.16498026575
3785 2.35661412607 2.34635686787
3790 2.09956260309 2.09042417202
3795 1.3675923074 1.36163980663
3800 1.15099786723 1.14598810251
3805 1.9446568644 1.93619266682
3810 2.39939733 2.38895385617
3815 2.52772588921 2.51672386015
3820 2.46320098247 2.45247980067
3825 2.30998278421 2.29992849081
3830 1.76918715078 1.76148669223
3835 1.03164075137 1.02715049332
3840 1.54622083624 1.53949084757
3845 2.20057900898 2.19100089992
3850 2.48740040051 2.47657388976
3855 2.56088025482 2.54973392004
3860 2.64991549874 2.63838163446
3865 2.62513960147 2.61371357528
3870 2.61483034264 2.60344918793
3875 2.50097910536 2.49009349275
3880 2.19309028501 2.18354477093
3885 1.54315472722 1.53643808392
3890 1.02594162926 1.02147617687
3895 1.74664194001 1.73903961039
3900 2.26155870142 2.25171517579
3905 2.50389543841 2.49299713234
3910 2.63611659429 2.62464279031
3915 2.66157465755 2.64999004632
3920 2.67973035871 2.66806672405
3925 2.69470628031 2.68297746235
3930 2.68088012058 2.66921148153
3935 2.59494846991 2.58365385185
3940 2.67274538773 2.66111215544
3945 2.64400342424 2.63249529251
3950 2.59067993408 2.57940389499
3955 2.47478005187 2.4640084717
3960 2.21729772886 2.20764685091
3965 1.67087810214 1.66360553768
3970 0.998759137057 0.994411997558
3975 1.55571815971 1.54894683356
3980 2.13879104789 2.12948187344
3985 2.41738674303 2.40686496955
3990 2.54705122573 2.53596508236
3995 2.59974001561 2.58842454215
4000 2.62006252204 2.60865859405
4005 2.62412692096 2.61270530251
4010 2.61807742085 2.60668213309
4015 2.62355866367 2.61213951858
4020 2.63276458033 2.62130536611
4025 2.49530680992 2.48444588621
4030 2.56953536013 2.55835135365
4035 2.62415574278 2.61273399889
4040 2.61623689484 2.60484961804
4045 2.6061017168 2.59475855378
4050 2.59245919497 2.58117541157
4055 2.57811404804 2.56689270248
4060 2.57347436037 2.56227320924
4065 2.54732807089 2.53624072254
4070 2.52352076243 2.51253703635
4075 2.49115920366 2.48031633258
4080 2.45110619264 2.4404376539
4085 2.3612858127 2.35100822079
4090 2.18153657388 2.1720413478
4095 1.78247600547 1.77471770663
4100 1.10884870725 1.10402239845
4105 1.23066785134 1.22531131979
4110 1.85407045005 1.8460005335
4115 2.18052793142 2.17103709549
4120 2.30393710045 2.29390912113
4125 2.35421321223 2.3439664041
4130 2.30829399158 2.29824704872
4135 2.40210609897 2.39165083511
4140 2.40852421896 2.39804101999
4145 2.37302461819 2.36269593266
4150 2.41780180276 2.40727822273
4155 2.42256457803 2.41202026783
4160 2.40658861574 2.39611384155
4165 2.3924557366 2.38204247634
4170 2.38079457497 2.37043207039
4175 2.34650976054 2.336296482
4180 2.34695567423 2.33674045483
4185 2.36366167715 2.3533737442
4190 2.35025469923 2.34002512069
4195 2.34851021519 2.33828822958
4200 2.33026148797 2.32011893069
4205 2.32186814617 2.31176212125
4210 2.32843022989 2.31829564324
4215 2.31805305478 2.3079636352
4220 2.31195492157 2.30189204436
4225 2.29972075747 2.28971112996
4230 2.28836751832 2.27840730624
4235 2.2591970082 2.24936376193
4240 2.2656548661 2.25579351176
4245 2.24625396514 2.236477054
4250 2.24563658956 2.23586236557
4255 2.24049606457 2.23074421493
4260 2.22476752124 2.21508413071
4265 2.21815673048 2.20850211369
4270 2.20519064762 2.19559246622
4275 2.19577754502 2.18622033453
4280 2.19512429476 2.18556992757
4285 2.17337100211 2.16391131701
4290 2.16225592069 2.15284461443
4295 2.14703206371 2.1376870199
4300 2.12470746196 2.11545958688
4305 2.11588916009 2.10667966703
4310 2.10005786578 2.09091727907
4315 2.05714972016 2.04819589288
4320 2.0253513507 2.01653592711
4325 1.93095056192 1.92254602158
4330 1.75603247982 1.7483892775
4335 1.3789433663 1.37294145958
4340 0.868771159557 0.864989797982
4345 1.21306076455 1.20778086856
4350 1.6309329899 1.62383428817
4355 1.84092828455 1.83291556981
4360 1.94280615453 1.93435001225
4365 1.98473882046 1.97610016455
4370 1.99981661112 1.99111232851
4375 2.00322148571 1.99450238325
4380 2.0069566491 1.99822128919
4385 1.95113952118 1.94264710758
4390 1.94700929517 1.93853485854
4395 1.97315747441 1.96456922677
4400 1.98036034226 1.97174074385
4405 1.9760074531 1.96740680082
4410 1.97277809532 1.96419149895
4415 1.95350287457 1.94500017438
4420 1.95167063715 1.94317591185
4425 1.9576065515 1.94908598989
4430 1.94244842568 1.93399384042
4435 1.92743393911 1.91904470502
4440 1.93635323015 1.92792517447
4445 1.91424243264 1.9059106151
4450 1.91302501909 1.9046985004
4455 1.91658948538 1.9082474522
4460 1.91315676288 1.90482967077
4465 1.89129486277 1.88306292546
4470 1.80785222318 1.79998347333
4475 1.85531962921 1.84724427556
4480 1.78400025584 1.77623532264
4485 1.84838433383 1.84033916633
4490 1.85040858514 1.84235460701
4495 1.86749268766 1.85936435028
4500 1.8528137726 1.84474932579
4505 1.85161897723 1.84355973082
4510 1.84136822391 1.83335359432
4515 1.83322869475 1.82524949278
4520 1.8219331854 1.81400314759
4525 1.82521516369 1.81727084094
4530 1.83097345039 1.82300406447
4535 1.80868610621 1.80081372685
4540 1.81502763337 1.80712765226
4545 1.81147761026 1.80359308077
4550 1.76013980117 1.75247872157
4555 1.77064681786 1.76294000604
4560 1.78057390543 1.77282388557
4565 1.78166917069 1.77391438364
4570 1.77986197937 1.77211505819
4575 1.7692583113 1.76155754301
4580 1.76337931279 1.75570413308
4585 1.7387577619 1.73118974849
4590 1.73817634925 1.73061086646
4595 1.75594017921 1.74829737864
4600 1.75419170174 1.74655651148
4605 1.75008329434 1.74246598609
4610 1.74687455448 1.7392712124
4615 1.73791878549 1.73035442375
4620 1.71426839876 1.70680697629
4625 1.727569549 1.72005023273
4630 1.71928916659 1.71180589102
4635 1.69926328644 1.69186717433
4640 1.71478649742 1.7073228199
4645 1.71487984524 1.70741576143
4650 1.70929978126 1.70185998489
4655 1.70341552538 1.69600134047
4660 1.70579239208 1.69836786177
4665 1.68092007537 1.67360380283
4670 1.69017308696 1.68281654031
4675 1.69181246579 1.68444878367
4680 1.68702864482 1.67968578448
4685 1.6777531235 1.67045063524
4690 1.67199703458 1.66471959993
4695 1.67640166762 1.66910506162
4700 1.6512480531 1.64406092923
4705 1.66084725885 1.65361835405
4710 1.65178508144 1.64459562013
4715 1.64185971414 1.6347134534
4720 1.64344393653 1.63629078039
4725 1.6471226718 1.63995350382
4730 1.62813089429 1.62104438879
4735 1.63763658802 1.63050870861
4740 1.61921402224 1.61216632778
4745 1.61925162379 1.61220376568
4750 1.61317753447 1.60615611407
4755 1.61748293727 1.61044277743
4760 1.6087158724 1.60171387156
4765 1.61174458895 1.6047294055
4770 1.60291710984 1.59594034835
4775 1.60399106722 1.59700963129
4780 1.60245996116 1.59548518943
4785 1.60423662494 1.59725412021
4790 1.59899083157 1.59203115937
4795 1.59120076937 1.58427500373
4800 1.58155100971 1.57466724504
4805 1.56973033907 1.56289802434
4810 1.56929598579 1.5624655616
4815 1.55966531759 1.55287681128
4820 1.55554281197 1.54877224903
4825 1.52984857483 1.5231898471
4830 1.53547300094 1.52878979266
4835 1.51185092673 1.50527053448
4840 1.47512958316 1.46870902205
4845 1.40659182099 1.40046957325
4850 1.28206535509 1.27648511383
4855 1.06745504346 1.06280890225
4860 0.733561778647 0.730368921366
4865 0.881902056763 0.878063542428
4870 1.17560827879 1.17049139626
4875 1.32587329359 1.32010237651
4880 1.40412233746 1.39801083825
4885 1.43368904593 1.42744885643
4890 1.4526352782 1.44631262446
4895 1.45688251808 1.45054137805
4900 1.45495019004 1.44861746055
4905 1.45528625342 1.4489520612
4910 1.45105781251 1.44474202475
4915 1.45337157405 1.44704571555
4920 1.42612116872 1.41991391871
4925 1.41061955556 1.40447977695
4930 1.44387130201 1.43758679382
4935 1.43680914857 1.4305553787
4940 1.42766008704 1.42144613882
4945 1.4242571767 1.41805803979
4950 1.4128246912 1.40667531464
4955 1.41218311292 1.40603652886
4960 1.40500717751 1.398891827
4965 1.40065383925 1.39455743683
4970 1.39380560367 1.38773900846
4975 1.38960337044 1.38355506563
4980 1.38421605074 1.37819119445
4985 1.37489655974 1.36891226691
4990 1.36544643471 1.35950327393
4995 1.36372891918 1.35779323396
5000 1.35258698237 1.34669979288
5005 1.33876965615 1.33294260713
5010 1.34133901061 1.33550077837
5015 1.31906777879 1.31332648298
5020 1.30692467184 1.3012362294
5025 1.30889351181 1.30319649992
5030 1.30919973263 1.30350138789
5035 1.30742493858 1.30173431871
5040 1.28789541903 1.28228980218
5045 1.30037622998 1.2947162899
5050 1.29811413963 1.29246404539
5055 1.26727555253 1.26175968449
5060 1.28445242311 1.27886179204
5065 1.28490440293 1.2793118046
5070 1.28143336185 1.27585587137
5075 1.27602111719 1.27046718372
5080 1.27516548578 1.26961527648
5085 1.26929897163 1.26377429657
5090 1.26468282272 1.25917823964
5095 1.26131598393 1.25582605515
5100 1.24969613814 1.2442567852
5105 1.2551866107 1.24972336026
5110 1.25767017235 1.25219611211
5115 1.25089005562 1.24544550611
5120 1.24429088994 1.23887506356
5125 1.23977071878 1.23437456664
5130 1.23204362114 1.2266811015
5135 1.23339231981 1.2280239299
5140 1.22825965519 1.22291360541
5145 1.2187764037 1.21347163016
5150 1.21052121794 1.20525237542
5155 1.20950853028 1.20424409553
5160 1.21081265075 1.20554253977
5165 1.20183731385 1.19660626838
5170 1.17907221699 1.17394025752
5175 1.19973912394 1.19451721093
5180 1.19105663614 1.18587251401
5185 1.18789508895 1.18272472758
5190 1.18851053585 1.18333749572
5195 1.18322734582 1.17807730099
5200 1.1782645865 1.17313614228
5205 1.18227109531 1.1771252126
5210 1.17953277748 1.1743988134
5215 1.16635001023 1.16127342469
5220 1.17135311935 1.16625475757
5225 1.16021965476 1.15516975183
5230 1.15892818317 1.15388390143
5235 1.14936739263 1.14436472462
5240 1.15370241537 1.148680879
5245 1.15362510968 1.14860390978
5250 1.14901800503 1.14401685774
5255 1.14613242497 1.14114383728
5260 1.1380327512 1.13307941766
5265 1.12942290691 1.12450704808
5270 1.13901895421 1.13406132819
5275 1.12447776651 1.11958343159
5280 1.13003668626 1.12511815593
5285 1.12979502731 1.12487754881
5290 1.12754317226 1.12263549504
5295 1.12334025878 1.11845087491
5300 1.11850442326 1.11363608757
5305 1.11068669164 1.10585238294
5310 1.11676570526 1.1119049374
5315 1.09900589161 1.09422242406
5320 1.10839453459 1.10357020259
5325 1.1121704225 1.1073296558
5330 1.10195400883 1.09715770949
5335 1.1002900717 1.09550101471
5340 1.09815305438 1.09337329884
5345 1.09876990853 1.09398746811
5350 1.10222631393 1.09742882937
5355 1.09665589924 1.09188266013
5360 1.09009092742 1.08534626261
5365 1.08632388637 1.08159561776
5370 1.08923060332 1.08448968311
5375 1.08949268128 1.08475062037
5380 1.08644874302 1.08171993097
5385 1.07991199655 1.07521163595
5390 1.07571187342 1.07102979402
5395 1.06954843943 1.06489318663
5400 1.06468221211 1.06004813976
5405 1.06413668127 1.05950498337
5410 1.06167661161 1.05705562127
5415 1.05973343085 1.05512089827
5420 1.05890569412 1.0542967643
5425 1.05285024244 1.04826766922
5430 1.0451661134 1.04061698566
5435 1.04901363557 1.04444776134
5440 1.04983222661 1.04526278943
5445 1.04721627893 1.04265822776
5450 1.04461992538 1.04007317495
5455 1.04191089416 1.03737593489
5460 1.04457814114 1.04003157257
5465 1.03424258865 1.02974100599
5470 1.03646494218 1.03195368664
5475 1.03353757016 1.02903905612
5480 1.03055060263 1.0260650895
5485 1.02850980485 1.02403317437
5490 1.02513821987 1.02067626435
5495 1.02489786945 1.02043696007
5500 1.02196226425 1.01751413221
5505 1.01539112886 1.01097159794
5510 1.0150551119 1.01063704351
5515 1.01932687655 1.01489021513
5520 1.01910175343 1.01466607187
5525 1.01557272724 1.01115240591
5530 1.00964693385 1.00525240477
5535 1.00744364267 1.00305870351
5540 1.00849627545 1.00410675466
5545 1.00225645819 0.997894096456
5550 1.00437156783 1.0
5555 1.00177027276 0.997410027176
5560 0.999204288311 0.994855211274
5565 0.99631533445 0.991978831701
5570 0.994657326002 0.990328039802
5575 0.992129003588 0.987810722013
5580 0.988361565965 0.984059682315
5585 0.987036723022 0.982740605804
5590 0.983863813993 0.97958150699
5595 0.981129199188 0.976858794706
5600 0.97965621762 0.97539222435
5605 0.975540217745 0.97129413953
5610 0.975707798317 0.971460990702
5615 0.972141417981 0.96791013318
5620 0.968540781143 0.964325168259
5625 0.966378365409 0.962172164527
5630 0.964804440404 0.960605090094
5635 0.960958618994 0.956776007778
5640 0.954192526665 0.950039365139
5645 0.950396956124 0.946260314972
5650 0.950763709192 0.946625471732
5655 0.948654371608 0.944525315126
5660 0.942790985243 0.938687449387
5665 0.942847411916 0.93874363046
5670 0.94046250028 0.936369099248
5675 0.938527295548 0.934442317573
5680 0.933277814904 0.929215685506
5685 0.93057336178 0.926523003623
5690 0.925240275247 0.921213129565
5695 0.926043580981 0.922012938878
5700 0.922468706938 0.918453624619
5705 0.917322194378 0.913329512462
5710 0.914934597766 0.910952307962
5715 0.91109638862 0.907130804776
5720 0.907720591886 0.903769701334
5725 0.904213439963 0.90027781443
5730 0.902103633974 0.898177191458
5735 0.900094624928 0.896176926705
5740 0.894857511804 0.890962608327
5745 0.891572294492 0.887691690056
5750 0.88772819444 0.883864321606
5755 0.885738728841 0.881883515236
5760 0.883681693404 0.879835433128
5765 0.878915905832 0.875090388839
5770 0.879951019911 0.876120997542
5775 0.875398850083 0.871588641218
5780 0.869323929416 0.865540161889
5785 0.865226450766 0.86146051768
5790 0.866492188849 0.862720746587
5795 0.866149404381 0.862379454102
5800 0.863591604487 0.859832787135
5805 0.863172984397 0.859415989106
5810 0.862318886919 0.858565609122
5815 0.859116739265 0.855377398945
5820 0.855912658695 0.852187264265
5825 0.854289004535 0.850570677125
5830 0.85207508806 0.848366396812
5835 0.850794059285 0.847090943765
5840 0.846980377352 0.843293861037
5845 0.846139444139 0.84245658802
5850 0.843556318595 0.839884705634
5855 0.839440277575 0.835786579849
5860 0.838613901432 0.834963800542
5865 0.834297665731 0.830666351431
5870 0.831292845542 0.827674609844
5875 0.810924717647 0.807395135048
5880 0.824911321202 0.821320861346
5885 0.818931843893 0.815367409954
5890 0.809543546387 0.806019975392
5895 0.812347668619 0.808811892568
5900 0.809257742289 0.805735415268
5905 0.813637305344 0.810095916097
5910 0.810086673544 0.806560738566
5915 0.808010736551 0.804493837172
5920 0.802884687385 0.799390099342
5925 0.802168942758 0.798677470023
5930 0.802353526241 0.798861250099
5935 0.798778353336 0.795301638278
5940 0.795059710296 0.791599180782
5945 0.788987140447 0.785553042039
5950 0.788101107798 0.784670865883
5955 0.783936150394 0.780524036625
5960 0.779858218065 0.776463853661
5965 0.783731448344 0.780320225549
5970 0.780102505952 0.776707078275
5975 0.775216711065 0.771842549007
5980 0.768371802262 0.765027432946
5985 0.777173607354 0.773790927826
5990 0.773304697468 0.769938857527
5995 0.770815527683 0.767460521954
6000 0.767928868229 0.764586426802
6005 0.767400000977 0.764059861466
6010 0.766526931769 0.763190592327
6015 0.763630919706 0.760307185274
6020 0.763099172985 0.759777753001
6025 0.761115883542 0.757803095906
6030 0.759168278275 0.75586396767
6035 0.757075074644 0.753779874792
6040 0.756426513657 0.753134136693
6045 0.753386431046 0.750107286164
6050 0.752351577041 0.749076936403
6055 0.75216254456 0.748888726694
6060 0.750590827558 0.747323850653
6065 0.74991909101 0.746655037866
6070 0.746485385693 0.74323627789
6075 0.747192014683 0.743939831249
6080 0.745912900283 0.742666284246
6085 0.743257288776 0.740022231395
6090 0.742986442416 0.739752563905
6095 0.742627821987 0.739395504386
6100 0.740170708301 0.736949085387
6105 0.739832350638 0.73661220044
6110 0.741032022952 0.737806651131
6115 0.738545327573 0.735330779193
6120 0.736883164629 0.733675850881
6125 0.735704554271 0.732502370472
6130 0.733658080029 0.730464803593
6135 0.732707799568 0.729518659265
6140 0.729150438282 0.725976781538
6145 0.726799449438 0.723636025468
6150 0.723817780155 0.720667334022
6155 0.716043353443 0.712926745816
6160 0.716000830523 0.712884407978
6165 0.721010868868 0.717872639929
6170 0.720018581873 0.716884671903
6175 0.717846941174 0.714722483358
6180 0.71589368892 0.712777732714
6185 0.716053652551 0.712937000096
6190 0.714149196929 0.711040833695
6195 0.71262885183 0.709527105959
6200 0.711176016097 0.708080593752
6205 0.709060810932 0.705974595103
6210 0.707111718087 0.704033985764
6215 0.703655428959 0.700592740273
6220 0.697226880657 0.694192172488
6225 0.6929482441 0.689932158869
6230 0.688200379687 0.685204959727
6235 0.684068008091 0.681090574446
6240 0.680380936395 0.677419550879
6245 0.681678371213 0.678711338559
6250 0.684363295909 0.681384577012
6255 0.687551713786 0.684559117171
6260 0.68376099322 0.68078489587
6265 0.681516842753 0.678550513158
6270 0.676296434576 0.673352827019
6275 0.667789284838 0.664882704994
6280 0.640070293466 0.637284361652
6285 0.663222056356 0.660335355559
6290 0.662337825966 0.659454973817
6295 0.656393297044 0.653536318697
6300 0.658621060576 0.655754385799
6305 0.657913974206 0.65505037705
6310 0.659792453771 0.656920680457
6315 0.6574686952 0.65460703614
6320 0.653423697092 0.650579644049
6325 0.65715515544 0.654294861074
6330 0.654568268719 0.651719233882
6335 0.653664964365 0.650819861196
6340 0.652745015434 0.64990391638
6345 0.63739818616 0.6346238848
6350 0.640815558394 0.638026382784
6355 0.648100363023 0.645279480006
6360 0.645839143166 0.643028102201
6365 0.646331072789 0.64351789068
6370 0.63408323186 0.631323358973
6375 0.63920712791 0.636424953059
6380 0.640917729135 0.638128108823
6385 0.638493041803 0.63571397504
6390 0.638798243074 0.63601784791
6395 0.635819104488 0.633051676145
6400 0.635068421199 0.632304260235
6405 0.633730248491 0.630971911978
6410 0.633773304519 0.631014780604
6415 0.632406675717 0.629654100108
6420 0.629634918587 0.626894407164
6425 0.629595121496 0.626854783291
6430 0.627239439913 0.624509354907
6435 0.625000558533 0.622280218349
6440 0.624254433474 0.62153734083
6445 0.620739326745 0.618037533744
6450 0.619280490656 0.616585047299
6455 0.610177802054 0.607521978516
6460 0.615790476734 0.613110223803
6465 0.614698931148 0.612023429214
6470 0.612997127844 0.610329033077
6475 0.611205213094 0.608544917708
6480 0.608763611456 0.60611394324
6485 0.604626704458 0.601995042297
6490 0.604273982031 0.601643855109
6495 0.601112863137 0.598496495112
6500 0.600141087255 0.597528948924
6505 0.600168720748 0.597556462141
6510 0.597254575556 0.594655000884
6515 0.591974429127 0.589397836506
6520 0.589391589396 0.586826238689
6525 0.589492618725 0.586926828284
6530 0.58546776026 0.582919488177
6535 0.579632748573 0.577109873615
6540 0.569494966166 0.567016216315
6545 0.551936285724 0.54953396074
6550 0.529786653505 0.52748073569
6555 0.480931169869 0.47883789752
6560 0.390234051526 0.388535542049
6565 0.379380336612 0.377729068368
6570 0.475371218136 0.473302145702
6575 0.51937397848 0.517113382254
6580 0.546297021787 0.543919241926
6585 0.558845114795 0.556412718853
6590 0.564225290662 0.561769477287
6595 0.567883469647 0.5654117339
6600 0.568377585067 0.565903698663
6605 0.56741352708 0.564943836778
6610 0.566386565566 0.563921345154
6615 0.566696285115 0.564229716637
6620 0.565073379371 0.562613874655
6625 0.562221392454 0.559774301127
6630 0.562227962846 0.559780842921
6635 0.56329500163 0.560843237376
6640 0.563596771561 0.561143693841
6645 0.560768256123 0.55832748963
6650 0.560097735175 0.557659887152
6655 0.559978866786 0.557541536142
6660 0.558130779914 0.555701493143
6665 0.558143294612 0.55571395337
6670 0.554871715242 0.552456613682
6675 0.550447163401 0.548051319882
6680 0.547678790622 0.545294996557
6685 0.551848574181 0.549446630965
6690 0.552293336932 0.549889457868
6695 0.55034395402 0.547948559723
6700 0.549179001051 0.546788677259
6705 0.550724556991 0.548327506104
6710 0.550606798132 0.548210259796
6715 0.546568336432 0.544189375663
6720 0.543111419877 0.540747505477
6725 0.541468380574 0.53911161757
6730 0.539784396575 0.537434963179
6735 0.539422027338 0.537074171169
6740 0.539249939966 0.536902832814
6745 0.53795338026 0.535611916437
6750 0.537501275976 0.535161779955
6755 0.536763961642 0.534427674811
6760 0.534541742985 0.53221512845
6765 0.535299638962 0.532969725655
6770 0.533475242071 0.531153269525
6775 0.532005661925 0.529690085786
6780 0.530247374627 0.527939451504
6785 0.522994592302 0.520718237208
6790 0.527797561455 0.525500301243
6795 0.528560541366 0.526259960253
6800 0.528207497982 0.525908453505
6805 0.528010416706 0.525712230033
6810 0.52770581026 0.525408949399
6815 0.525861380487 0.523572547581
6820 0.526670839916 0.524378483805
6825 0.527339169131 0.525043904091
6830 0.529135674313 0.526832589911
6835 0.527510874104 0.52521486171
6840 0.521474348273 0.519204610102
6845 0.518607272599 0.51635001349
6850 0.513757541072 0.511521390616
6855 0.510770734462 0.508547584202
6860 0.507960192721 0.505749275458
6865 0.505299245663 0.50309991028
6870 0.50154880302 0.49936579159
6875 0.499054014238 0.496881861477
6880 0.498289732904 0.496120906708
6885 0.496813543321 0.4946511423
6890 0.494551858485 0.492399301539
6895 0.494377800206 0.492226000855
6900 0.492533585691 0.490389813359
6905 0.490929300013 0.488792510399
6910 0.491008272204 0.48887113886
6915 0.490156275084 0.488022850092
6920 0.490222135851 0.488088424197
6925 0.490085903599 0.487952784902
6930 0.489993528659 0.487860812027
6935 0.488386739654 0.486261016636
6940 0.489337604701 0.487207743005
6945 0.489316749344 0.487186978421
6950 0.488675239702 0.486548260976
6955 0.487041498574 0.484921630772
6960 0.487068885728 0.484948898723
6965 0.483503029883 0.48139856341
6970 0.484659378626 0.482549879098
6975 0.484506693893 0.482397858932
6980 0.481858546165 0.479761237373
6985 0.483516317897 0.481411793587
6990 0.483812733973 0.4817069195
6995 0.483838331804 0.481732405916
7000 0.484348756805 0.482240609271
7005 0.481732669732 0.479635908823
7010 0.481642502667 0.479546134213
7015 0.479396911239 0.477310316813
7020 0.47996276958 0.477873712232
7025 0.477436051445 0.47535799174
7030 0.477345915002 0.47526824762
7035 0.477488596692 0.475410308283
7040 0.475330126388 0.473261232807
7045 0.473951450936 0.471888558096
7050 0.473826230233 0.471763882421
7055 0.4737319898 0.471670052173
7060 0.468884335549 0.466843497533
7065 0.46382905359 0.461810218893
7070 0.470127025525 0.468080778651
7075 0.467853355025 0.465817004394
7080 0.463897287662 0.461878155974
7085 0.466984368138 0.464951799807
7090 0.46473156594 0.462708803022
7095 0.4652913936 0.463266194009
7100 0.463196788798 0.461180706059
7105 0.461920342371 0.459909815417
7110 0.460808337051 0.458802650145
7115 0.460326534431 0.458322944591
7120 0.457545850583 0.455554363781
7125 0.458370737748 0.456375660592
7130 0.455169520186 0.453188376459
7135 0.454965924368 0.4529856668
7140 0.453262333783 0.451289491161
7145 0.451843339571 0.449876673178
7150 0.445872688258 0.443932009367
7155 0.446115625391 0.444173889106
7160 0.443633818075 0.441702883957
7165 0.447987907002 0.446038021536
7170 0.448332155571 0.446380771749
7175 0.447255211999 0.445308515618
7180 0.445802373698 0.443862000854
7185 0.443403145416 0.44147321531
7190 0.440457609591 0.438540500049
7195 0.440416946955 0.438500014398
7200 0.440768318343 0.438849856428
7205 0.440149463474 0.43823369515
7210 0.437237527532 0.435334433527
7215 0.435043576684 0.433150031939
7220 0.437452353254 0.435548324211
7225 0.438035083479 0.43612851808
7230 0.434620796791 0.432729092213
7235 0.431721923715 0.429842836598
7240 0.430148694189 0.428276454618
7245 0.432743268769 0.430859736206
7250 0.430347451496 0.428474346825
7255 0.428115117962 0.426251729613
7260 0.429259179684 0.42739081176
7265 0.42791322098 0.426050711396
7270 0.425661548732 0.423808839642
7275 0.425073225232 0.423223076844
7280 0.424438556335 0.42259117037
7285 0.423780457185 0.421935935622
7290 0.422119609283 0.420282316627
7295 0.422473990003 0.420635154892
7300 0.422371045259 0.420532658218
7305 0.421191821413 0.419358566992
7310 0.419731659331 0.417904760325
7315 0.419573045371 0.417746836738
7320 0.419434541288 0.417608935499
7325 0.416279086211 0.414467214669
7330 0.416512460048 0.414699572736
7335 0.415009348903 0.413203003943
7340 0.413881464614 0.412080028816
7345 0.41355513995 0.411755124494
7350 0.411396063039 0.409605445052
7355 0.410814644079 0.409026556741
7360 0.411879122071 0.41008640155
7365 0.410355001633 0.408568914908
7370 0.410291524718 0.408505714279
7375 0.408872834912 0.407093199378
7380 0.407297194221 0.405524416726
7385 0.406185000907 0.404417064278
7390 0.404774352681 0.403012555956
7395 0.403505841882 0.401749566401
7400 0.404515361267 0.402754691813
