Wave Flux FluxNorm
3600 0.473895542891 0.448635370741
3605 0.327344874822 0.309896329432
3610 0.277406373258 0.262619712254
3615 0.376308807528 0.356250325438
3620 0.273502434083 0.258923865721
3625 0.452650183437 0.428522457974
3630 0.378044305859 0.35789331607
3635 0.348459737394 0.329885701226
3640 0.465939955884 0.44110384237
3645 0.357964567585 0.338883893086
3650 0.353944901776 0.335078488524
3655 0.506127171848 0.479148949153
3660 0.557040257269 0.527348201701
3665 0.502868841095 0.476064298016
3670 0.478086193933 0.452602646467
3675 0.515945619393 0.488444041543
3680 0.393716739121 0.372730357718
3685 0.416123636629 0.393942894788
3690 0.46904645492 0.444044754915
3695 0.493339070627 0.467042495277
3700 0.556467983799 0.526806432267
3705 0.362688022048 0.343355572079
3710 0.415707389975 0.393548835433
3715 0.573420600792 0.542855419694
3720 0.265626175395 0.251467437212
3725 0.418397684673 0.396095728682
3730 0.410838093815 0.388939088579
3735 0.194346772554 0.183987458133
3740 0.375949647636 0.355910309935
3745 0.250790828978 0.23742286296
3750 0.263225030518 0.249194281159
3755 0.481264980586 0.455611993464
3760 0.340042290147 0.321916931266
3765 0.352443764629 0.333657366865
3770 0.456749476478 0.432403245377
3775 0.524895938506 0.496917279567
3780 0.561295336115 0.53137647102
3785 0.520459089827 0.492716929339
3790 0.394749366488 0.373707942691
3795 0.373233630977 0.353339065789
3800 0.384458044901 0.363965181982
3805 0.493985094396 0.467654083879
3810 0.488203486072 0.462180654064
3815 0.317655658723 0.300723580032
3820 0.26766395133 0.253396593069
3825 0.22140804475 0.209606276598
3830 0.226319790014 0.21425620988
3835 0.232831727618 0.220421040052
3840 0.224441842743 0.2124783633
3845 0.387182326777 0.366544250782
3850 0.355357126873 0.336415437435
3855 0.319100133963 0.302091060048
3860 0.246750359047 0.233597763204
3865 0.381465072093 0.361131744349
3870 0.303657665476 0.287471725305
3875 0.389192938107 0.368447689996
3880 0.326478710103 0.309076334107
3885 0.347871571237 0.329328886236
3890 0.417085192481 0.394853196589
3895 0.482541121074 0.456820111517
3900 0.459295123766 0.434813201394
3905 0.406925865349 0.385235394601
3910 0.546782346004 0.517637070436
3915 0.560058051212 0.530205137423
3920 0.421934267185 0.399443799856
3925 0.395562227005 0.374477475101
3930 0.20929329706 0.198137284321
3935 0.154145712045 0.145929244765
3940 0.338251825892 0.320221904573
3945 0.403099239356 0.381612740206
3950 0.538320404249 0.509626177669
3955 0.548269928828 0.519045360262
3960 0.455173914825 0.430911666279
3965 0.26893631598 0.254601136549
3970 0.19096886361 0.180789602711
3975 0.429068212529 0.406197482735
3980 0.630679764024 0.597062483487
3985 0.640486608725 0.606346591503
3990 0.711940888434 0.673992125945
3995 0.7048643287 0.667292769836
4000 0.748609136858 0.70870583759
4005 0.682500556306 0.646121059172
4010 0.771909765302 0.730764466833
4015 0.789723182702 0.747628371209
4020 0.795338094047 0.752943989536
4025 0.7926435859 0.750393107428
4030 0.722277383584 0.68377765232
4035 0.691212360297 0.654368495706
4040 0.824387646274 0.780445106246
4045 0.574526769952 0.543902626444
4050 0.793496280636 0.751200350764
4055 0.736277689433 0.697031696378
4060 0.71763201151 0.679379893669
4065 0.616267035755 0.583418000463
4070 0.717459988896 0.67921704042
4075 0.716443379598 0.6782546197
4080 0.771711072166 0.730576364687
4085 0.790271669428 0.74814762181
4090 0.890702855461 0.843225499322
4095 0.801018866296 0.758321958167
4100 0.678831728649 0.64264779195
4105 0.756245910197 0.715935546098
4110 0.803894287485 0.761044110064
4115 0.869356727042 0.823017188902
4120 0.816356135533 0.772841701122
4125 0.835493558556 0.79095903732
4130 0.770436695486 0.729369916424
4135 0.756705300981 0.716370449861
4140 0.851321201631 0.805943015594
4145 0.714476873969 0.676392935211
4150 0.796331668903 0.753884603625
4155 0.743035205503 0.703429014886
4160 0.837176368911 0.792552148415
4165 0.856243427735 0.810602871054
4170 0.798456975195 0.755896624186
4175 0.739488808741 0.700071652595
4180 0.789568204477 0.747481653827
4185 0.767116899283 0.726227076145
4190 0.776367102297 0.734984213284
4195 0.784660659314 0.742835696766
4200 0.680394434123 0.644127200145
4205 0.821535358406 0.777744854589
4210 0.853932203822 0.808414842884
4215 0.795682398797 0.753269941724
4220 0.863137277768 0.817129256481
4225 0.598538264811 0.566634230612
4230 0.776486374243 0.735097127648
4235 0.745636518041 0.705891669014
4240 0.782696289862 0.740976034588
4245 0.853383202882 0.807895105478
4250 0.689086618997 0.652356063324
4255 0.741806531562 0.702265833258
4260 0.687505685073 0.650859398314
4265 0.859756358209 0.813928550919
4270 0.664826790828 0.629389362817
4275 0.661614187359 0.626348001551
4280 0.775106244925 0.733790563707
4285 0.750098143748 0.710115475575
4290 0.664010252142 0.628616348296
4295 0.711854934275 0.673910753422
4300 0.510476119479 0.483266083746
4305 0.522439566497 0.494591840167
4310 0.475019262221 0.44969919218
4315 0.819894852728 0.776191793193
4320 0.951288768785 0.900581986618
4325 0.616635024092 0.583766373826
4330 0.912509981504 0.863870234694
4335 0.925854448144 0.876503397905
4340 0.677469502416 0.641358176801
4345 0.875907402987 0.829218692535
4350 0.879852494701 0.832953498044
4355 0.835556449426 0.791018575902
4360 0.899373683316 0.851434143879
4365 0.961900842914 0.910628402717
4370 0.8891249257 0.841731678343
4375 0.798705996972 0.756132372293
4380 0.833877260949 0.789428893626
4385 0.628231299396 0.594744529979
4390 0.80855716547 0.765458441503
4395 0.863466379459 0.817440815983
4400 0.869418940562 0.823076086239
4405 0.719656723945 0.681296682354
4410 0.922390635031 0.873224217285
4415 0.852470646111 0.807031190948
4420 0.991367518056 0.938524408335
4425 0.921183409662 0.87208134095
4430 0.942466956177 0.892230405284
4435 0.868407803156 0.822118845742
4440 0.968403780166 0.916784712285
4445 0.972441694868 0.920607393014
4450 0.994531999799 0.941520212919
4455 0.836896090568 0.792286809818
4460 0.836044787588 0.791480884053
4465 0.9500758225 0.899433694311
4470 0.952182334347 0.901427922232
4475 1.04111496724 0.985620156846
4480 0.968537888612 0.916911672315
4485 1.0366287025 0.981373024589
4490 0.981828295771 0.929493657591
4495 0.969028770853 0.917376388938
4500 1.03906342134 0.983677965008
4505 1.10914501588 1.05002398286
4510 1.09066493926 1.03252895436
4515 1.03114611799 0.976182679653
4520 1.05735663734 1.00099609315
4525 0.965608475683 0.914138406613
4530 0.874506215606 0.827892192995
4535 0.92097334721 0.87188247551
4540 1.02664864254 0.971924934252
4545 0.997613879282 0.944437818213
4550 0.958640923549 0.907542247646
4555 0.973844692306 0.92193560613
4560 1.06500179473 1.00823373882
4565 0.993094858866 0.940159676268
4570 1.03278339046 0.977732680182
4575 1.05967046399 1.00318658533
4580 0.970734114403 0.918990832136
4585 0.972114871813 0.920297990689
4590 1.0335339479 0.978443230465
4595 0.972120494363 0.92030331354
4600 0.984396756275 0.931925210805
4605 1.00454889828 0.951003178169
4610 1.05636970926 1.00006177156
4615 1.04118977328 0.985690975484
4620 1.04449985744 0.988824621402
4625 1.04879123792 0.992887257356
4630 1.05971091673 1.00322488181
4635 1.03288399129 0.977827918657
4640 1.00277058689 0.949319656551
4645 0.98189645601 0.929558184668
4650 0.985790369447 0.933244539867
4655 0.99868048797 0.945447573192
4660 1.07025444141 1.01320640237
4665 0.954745969693 0.903854907485
4670 0.966173636451 0.914673442476
4675 1.0243684292 0.969766263692
4680 0.971127867328 0.91936359675
4685 1.01748807228 0.963252652147
4690 1.00142705277 0.948047737162
4695 1.01925223353 0.964922777871
4700 0.946722468814 0.896259085272
4705 0.946883943452 0.896411952787
4710 0.976240388813 0.924203604229
4715 1.00011811574 0.946808570734
4720 1.0773803578 1.01995248426
4725 1.06303187707 1.00636882418
4730 0.965198918429 0.913750680091
4735 1.00795304683 0.954225874542
4740 1.03337182517 0.978289749408
4745 1.06105057291 1.00449312996
4750 1.06091576864 1.0043655112
4755 1.00144609132 0.948065760899
4760 1.02810737933 0.973305915635
4765 0.968718668877 0.917082816404
4770 1.03970893932 0.984289074777
4775 1.08096881466 1.02334966471
4780 1.08283186914 1.02511341233
4785 1.02724108693 0.972485799435
4790 1.02993703154 0.97503804144
4795 1.10714949094 1.04813482588
4800 1.04915894122 0.993235360881
4805 1.06424653711 1.00751873888
4810 1.05726534688 1.00090966877
4815 1.09114129174 1.03297991571
4820 1.10268806079 1.04391120445
4825 1.04780811617 0.99195653919
4830 1.0509805482 0.994959870284
4835 1.06976133897 1.01273958388
4840 1.02387309272 0.96929733026
4845 1.05848766781 1.00206683603
4850 1.05757810949 1.00120576012
4855 0.982913603289 0.930521114693
4860 0.802548624628 0.75977017541
4865 0.927547038417 0.878105767617
4870 0.928634731396 0.879135483026
4875 0.97631937305 0.92427837835
4880 1.03918814281 0.983796038418
4885 0.991425528796 0.938579326914
4890 0.896275168137 0.848500789627
4895 1.08206467349 1.02438711071
4900 1.07419010642 1.01693228365
4905 1.05028046582 0.994297104574
4910 0.992439434147 0.939539187816
4915 1.05444076381 0.998235645157
4920 0.832951475276 0.788552455338
4925 0.994915756946 0.941883514564
4930 1.07398302655 1.0167362418
4935 0.998937044573 0.945690454494
4940 0.974873172902 0.922909265369
4945 1.06627170223 1.00943595612
4950 1.08063301838 1.02303176746
4955 1.00385174497 0.950343185397
4960 1.00969008684 0.955870324675
4965 1.04390732898 0.988263676629
4970 1.02239148925 0.96789470107
4975 1.07064178997 1.01357310399
4980 0.976584713838 0.924529575612
4985 0.914753839264 0.865994487545
4990 1.02315640903 0.968618848132
4995 1.03069576977 0.975756336456
5000 0.973626212708 0.921728772205
5005 0.916148910097 0.86731519657
5010 0.98082502757 0.928543866845
5015 0.90380202128 0.855626437042
5020 0.948492411461 0.897934684225
5025 0.972745917884 0.920895399954
5030 1.00635781362 0.952715672437
5035 0.985525275338 0.932993576136
5040 0.875989471425 0.829296386459
5045 1.01850769406 0.964217924782
5050 0.942520973908 0.892281543695
5055 1.02272596502 0.968211348186
5060 1.04620574391 0.990439578582
5065 0.968454841685 0.916833052059
5070 0.979498831193 0.927288361044
5075 0.973394886798 0.921509776717
5080 0.897632358636 0.849785637463
5085 0.973021962321 0.921156730326
5090 1.00915290572 0.955361777049
5095 1.01067954652 0.956807042934
5100 0.93366623238 0.88389878866
5105 0.973518033859 0.92162635964
5110 0.944367665346 0.894029800479
5115 1.01181784826 0.957884669491
5120 1.00629074973 0.952652183275
5125 0.917073035725 0.868190063299
5130 0.940993793691 0.890835767146
5135 0.957906387532 0.906846864785
5140 0.888948095835 0.841564274084
5145 0.927519152396 0.878079368012
5150 0.934858361056 0.885027373005
5155 0.946433016084 0.895985061313
5160 0.974659681055 0.922707153331
5165 0.795289400367 0.752897891388
5170 0.689288125695 0.65254682906
5175 0.806355872667 0.763374484759
5180 0.874647007462 0.828025480187
5185 0.699208297357 0.66193822334
5190 0.910157529126 0.86164317567
5195 0.900068777815 0.852092187583
5200 0.983469731543 0.931047599504
5205 0.872450822254 0.825946358786
5210 0.910197037027 0.861680577673
5215 0.951121997908 0.900424105171
5220 1.00307355657 0.949606476959
5225 0.894494201412 0.846814754214
5230 0.930289229228 0.880701790748
5235 0.944927839229 0.894560115274
5240 1.02942823555 0.974556365926
5245 1.0062578701 0.95262105624
5250 0.971249596615 0.919478837471
5255 0.985643734157 0.933105720714
5260 1.00695347076 0.953279579118
5265 0.812302392843 0.769004036088
5270 0.774128159975 0.732864613862
5275 0.932353853155 0.882656363512
5280 0.991083552788 0.938255579338
5285 0.978709070007 0.926540696695
5290 1.0643401926 1.00760740223
5295 1.00752110315 0.953816954862
5300 0.957054597765 0.90604047818
5305 1.04240011045 0.986836797746
5310 1.06953280474 1.01252323128
5315 1.03413475173 0.979012009501
5320 1.02471678332 0.970096049405
5325 0.914130317328 0.865404201353
5330 0.897222610507 0.84939773024
5335 1.03214020897 0.977123782351
5340 0.95406097024 0.903206420728
5345 1.00370451438 0.950203802674
5350 0.999192835757 0.945932611178
5355 1.06331652167 1.00663829629
5360 1.06453146738 1.00778848144
5365 0.985548678861 0.933015732175
5370 0.905719882196 0.85744206974
5375 1.03222884325 0.977207692134
5380 1.02655015588 0.971831697251
5385 1.01742383884 0.963191842563
5390 0.996121921986 0.943025387088
5395 0.948241107613 0.897696775688
5400 0.965981262685 0.914491322856
5405 0.883675916574 0.836573119107
5410 0.941287054117 0.891113395838
5415 0.989768493323 0.937010616815
5420 1.01295597265 0.958962128161
5425 0.988681825901 0.935981872298
5430 0.949292783601 0.898692393929
5435 0.953935173319 0.903087329193
5440 1.05892857151 1.00248423813
5445 0.974374316423 0.922436999561
5450 1.03583075484 0.980617610138
5455 0.971398402075 0.919619711116
5460 1.04115473194 0.985657801959
5465 1.00142672649 0.948047428275
5470 1.03120069409 0.976234346669
5475 0.971560655095 0.919773315523
5480 0.985475143737 0.932946116712
5485 1.02798744674 0.97319237584
5490 1.02642483966 0.971713060792
5495 1.02272053452 0.968206207152
5500 1.02762739868 0.972851519515
5505 1.00762605166 0.953916309269
5510 1.01327047997 0.95925987122
5515 0.999191323143 0.945931179191
5520 1.04853263817 0.992642441816
5525 1.02001329446 0.965643271783
5530 0.982147971975 0.929796294015
5535 1.01349133906 0.9594689578
5540 1.03298404645 0.977922640555
5545 1.02584732216 0.971166326851
5550 1.05630445969 1.0
5555 1.02207891115 0.967598784397
5560 1.02816476492 0.973360242387
5565 0.990860749099 0.93804465181
5570 0.976192370929 0.924158145854
5575 0.987576517886 0.934935480791
5580 1.02317635718 0.968637732987
5585 0.962395897999 0.911097069757
5590 0.929536066385 0.879988773932
5595 0.980125475198 0.927881602887
5600 0.956894903217 0.90588929587
5605 1.02171103469 0.96725051694
5610 1.05722876846 1.00087504011
5615 0.944175385903 0.893847770155
5620 1.00988583705 0.956055640762
5625 0.979285359234 0.927086267833
5630 1.0478248271 0.991972359374
5635 1.01501265292 0.960909180685
5640 1.00188436028 0.948480668696
5645 1.01744318248 0.963210155127
5650 1.01766717971 0.963422212573
5655 0.990571201655 0.937770538185
5660 0.959297733659 0.908164047643
5665 1.0069697698 0.953295009366
5670 1.02709323515 0.97234582863
5675 1.03792052168 0.982595985609
5680 1.01463407026 0.96055077771
5685 0.982680198107 0.930300150765
5690 0.992765761914 0.939848121252
5695 1.01664617959 0.962455635073
5700 0.988532737289 0.935840730593
5705 0.972946684598 0.921085465151
5710 0.917464120717 0.86856030219
5715 0.994985386811 0.94194943293
5720 1.02546164203 0.970801204728
5725 1.03337369999 0.978291524295
5730 1.01794208684 0.963682466261
5735 1.02714789224 0.97239757232
5740 1.02297600582 0.968448061007
5745 1.02152980854 0.96707895074
5750 1.00157235546 0.948185294746
5755 0.972175242206 0.920355143144
5760 0.995691976434 0.942618359031
5765 1.00992210503 0.956089975539
5770 1.01717466029 0.962955946037
5775 1.0018475219 0.948445793921
5780 0.969030815607 0.917378324699
5785 0.948304904711 0.897757172194
5790 0.986887861653 0.934283532173
5795 1.00813315327 0.954396380718
5800 1.01455779348 0.960478566734
5805 0.99476051068 0.941736543428
5810 1.01184424562 0.95790965979
5815 1.00456347647 0.951016979288
5820 1.03235365704 0.977325852946
5825 1.03107917344 0.97611930346
5830 1.0328904563 0.977834039055
5835 1.02656515736 0.971845899108
5840 1.03191455745 0.976910158791
5845 1.03039415122 0.975470795153
5850 1.02149641115 0.967047333535
5855 0.988120946088 0.935450889201
5860 0.979832849236 0.92760457484
5865 1.01073541223 0.956859930819
5870 1.02883161745 0.973991549511
5875 1.02338636691 0.968836548513
5880 1.00358778947 0.950093299583
5885 0.966731015168 0.915201111097
5890 0.753099199279 0.712956565096
5895 0.821959550661 0.778146436018
5900 0.948819428225 0.898244269933
5905 0.997945363674 0.94475163341
5910 0.999405631915 0.946134064609
5915 0.965709043539 0.914233613876
5920 0.986121037886 0.933557582604
5925 1.00510444602 0.951529113403
5930 0.983372854608 0.930955886423
5935 1.00792176861 0.954196263547
5940 0.980293652286 0.92804081559
5945 0.977715275967 0.925599875106
5950 0.978815671662 0.926641616136
5955 0.993093364989 0.940158262019
5960 1.0083589617 0.954610152831
5965 1.00131489381 0.947941556644
5970 1.00422669506 0.950698149426
5975 0.982035346686 0.92968967202
5980 0.996411941093 0.943299947234
5985 0.966841886365 0.915306072498
5990 0.996209159371 0.943107974437
5995 1.00312225265 0.949652577384
6000 0.993133686035 0.940196433823
6005 0.982453038143 0.930085099165
6010 0.550275416586 0.520943949007
6015 0.00425250875421 0.00402583622097
6020 9.99989859152e-05 9.46687150636e-05
6025 9.99973424932e-05 9.46671592413e-05
6030 9.99973424932e-05 9.46671592413e-05
6035 9.99973424932e-05 9.46671592413e-05
6040 9.99973424932e-05 9.46671592413e-05
6045 9.99973424932e-05 9.46671592413e-05
6050 9.99973424932e-05 9.46671592413e-05
6055 9.99973424932e-05 9.46671592413e-05
6060 9.99973424932e-05 9.46671592413e-05
6065 9.99973424932e-05 9.46671592413e-05
6070 9.99973424932e-05 9.46671592413e-05
6075 9.99973424932e-05 9.46671592413e-05
6080 9.99973424932e-05 9.46671592413e-05
6085 9.99973424932e-05 9.46671592413e-05
6090 9.99973424932e-05 9.46671592413e-05
6095 9.99973424932e-05 9.46671592413e-05
6100 9.99973424932e-05 9.46671592413e-05
6105 9.99973424932e-05 9.46671592413e-05
6110 9.99973424932e-05 9.46671592413e-05
6115 9.99973424932e-05 9.46671592413e-05
6120 9.99973424932e-05 9.46671592413e-05
6125 9.99973424932e-05 9.46671592413e-05
6130 9.99973424932e-05 9.46671592413e-05
6135 9.99973424932e-05 9.46671592413e-05
6140 9.99973424932e-05 9.46671592413e-05
6145 9.99973424932e-05 9.46671592413e-05
6150 9.99973424932e-05 9.46671592413e-05
6155 9.99973424932e-05 9.46671592413e-05
6160 9.99973424932e-05 9.46671592413e-05
6165 9.99973424932e-05 9.46671592413e-05
6170 9.99973424932e-05 9.46671592413e-05
6175 9.99973424932e-05 9.46671592413e-05
6180 9.99973424932e-05 9.46671592413e-05
6185 9.99973424932e-05 9.46671592413e-05
6190 9.99973424932e-05 9.46671592413e-05
6195 9.99973424932e-05 9.46671592413e-05
6200 9.99973424932e-05 9.46671592413e-05
6205 9.99973424932e-05 9.46671592413e-05
6210 9.99973424932e-05 9.46671592413e-05
6215 9.99973424932e-05 9.46671592413e-05
6220 9.99973424932e-05 9.46671592413e-05
6225 9.99973424932e-05 9.46671592413e-05
6230 9.99973424932e-05 9.46671592413e-05
6235 9.99973424932e-05 9.46671592413e-05
6240 9.99973424932e-05 9.46671592413e-05
6245 9.99973424932e-05 9.46671592413e-05
6250 9.99973424932e-05 9.46671592413e-05
6255 9.99973424932e-05 9.46671592413e-05
6260 9.99973424932e-05 9.46671592413e-05
6265 9.99973424932e-05 9.46671592413e-05
6270 9.99973424932e-05 9.46671592413e-05
6275 9.99973424932e-05 9.46671592413e-05
6280 9.99973424932e-05 9.46671592413e-05
6285 9.99973424932e-05 9.46671592413e-05
6290 9.99973424932e-05 9.46671592413e-05
6295 9.99973424932e-05 9.46671592413e-05
6300 9.99973424932e-05 9.46671592413e-05
6305 9.99973424932e-05 9.46671592413e-05
6310 9.99973424932e-05 9.46671592413e-05
6315 9.99973424932e-05 9.46671592413e-05
6320 9.99973424932e-05 9.46671592413e-05
6325 9.99973424932e-05 9.46671592413e-05
6330 9.99973424932e-05 9.46671592413e-05
6335 9.99973424932e-05 9.46671592413e-05
6340 9.99973424932e-05 9.46671592413e-05
6345 9.99973424932e-05 9.46671592413e-05
6350 9.99973424932e-05 9.46671592413e-05
6355 9.99973424932e-05 9.46671592413e-05
6360 9.99973424932e-05 9.46671592413e-05
6365 9.99973424932e-05 9.46671592413e-05
6370 9.99973424932e-05 9.46671592413e-05
6375 9.99973424932e-05 9.46671592413e-05
6380 9.99973424932e-05 9.46671592413e-05
6385 9.99973424932e-05 9.46671592413e-05
6390 9.99973424932e-05 9.46671592413e-05
6395 9.99973424932e-05 9.46671592413e-05
6400 9.99973424932e-05 9.46671592413e-05
6405 9.99973424932e-05 9.46671592413e-05
6410 9.99973424932e-05 9.46671592413e-05
6415 9.99973424932e-05 9.46671592413e-05
6420 9.99973424932e-05 9.46671592413e-05
6425 9.99973424932e-05 9.46671592413e-05
6430 9.99973424932e-05 9.46671592413e-05
6435 9.99973424932e-05 9.46671592413e-05
6440 9.99973424932e-05 9.46671592413e-05
6445 9.99973424932e-05 9.46671592413e-05
6450 9.99973424932e-05 9.46671592413e-05
6455 9.99973424932e-05 9.46671592413e-05
6460 9.99973424932e-05 9.46671592413e-05
6465 9.99973424932e-05 9.46671592413e-05
6470 9.99973424932e-05 9.46671592413e-05
6475 9.99973424932e-05 9.46671592413e-05
6480 9.99973424932e-05 9.46671592413e-05
6485 9.99973424932e-05 9.46671592413e-05
6490 9.99973424932e-05 9.46671592413e-05
6495 9.99973424932e-05 9.46671592413e-05
6500 9.99973424932e-05 9.46671592413e-05
6505 9.99973424932e-05 9.46671592413e-05
6510 9.99973424932e-05 9.46671592413e-05
6515 9.99973424932e-05 9.46671592413e-05
6520 9.99973424932e-05 9.46671592413e-05
6525 9.99973424932e-05 9.46671592413e-05
6530 9.99973424932e-05 9.46671592413e-05
6535 9.99973424932e-05 9.46671592413e-05
6540 9.99973424932e-05 9.46671592413e-05
6545 9.99973424932e-05 9.46671592413e-05
6550 9.99973424932e-05 9.46671592413e-05
6555 9.99973424932e-05 9.46671592413e-05
6560 9.99973424932e-05 9.46671592413e-05
6565 9.99973424932e-05 9.46671592413e-05
6570 9.99973424932e-05 9.46671592413e-05
6575 9.99973424932e-05 9.46671592413e-05
6580 9.99973424932e-05 9.46671592413e-05
6585 9.99973424932e-05 9.46671592413e-05
6590 9.99973424932e-05 9.46671592413e-05
6595 9.99973424932e-05 9.46671592413e-05
6600 9.99973424932e-05 9.46671592413e-05
6605 9.99973424932e-05 9.46671592413e-05
6610 9.99973424932e-05 9.46671592413e-05
6615 9.99973424932e-05 9.46671592413e-05
6620 9.99973424932e-05 9.46671592413e-05
6625 9.99973424932e-05 9.46671592413e-05
6630 9.99973424932e-05 9.46671592413e-05
6635 9.99973424932e-05 9.46671592413e-05
6640 9.99973424932e-05 9.46671592413e-05
6645 9.99973424932e-05 9.46671592413e-05
6650 9.99973424932e-05 9.46671592413e-05
6655 9.99973424932e-05 9.46671592413e-05
6660 9.99973424932e-05 9.46671592413e-05
6665 9.99973424932e-05 9.46671592413e-05
6670 9.99973424932e-05 9.46671592413e-05
6675 9.99973424932e-05 9.46671592413e-05
6680 9.99973424932e-05 9.46671592413e-05
6685 9.99973424932e-05 9.46671592413e-05
6690 9.99973424932e-05 9.46671592413e-05
6695 9.99973424932e-05 9.46671592413e-05
6700 9.99973424932e-05 9.46671592413e-05
6705 9.99973424932e-05 9.46671592413e-05
6710 9.99973424932e-05 9.46671592413e-05
6715 9.99973424932e-05 9.46671592413e-05
6720 9.99973424932e-05 9.46671592413e-05
6725 9.99973424932e-05 9.46671592413e-05
6730 9.99973424932e-05 9.46671592413e-05
6735 9.99973424932e-05 9.46671592413e-05
6740 9.99973424932e-05 9.46671592413e-05
6745 9.99973424932e-05 9.46671592413e-05
6750 9.99973424932e-05 9.46671592413e-05
6755 9.99973424932e-05 9.46671592413e-05
6760 9.99973424932e-05 9.46671592413e-05
6765 9.99973424932e-05 9.46671592413e-05
6770 9.99973424932e-05 9.46671592413e-05
6775 9.99973424932e-05 9.46671592413e-05
6780 9.99973424932e-05 9.46671592413e-05
6785 9.99973424932e-05 9.46671592413e-05
6790 9.99973424932e-05 9.46671592413e-05
6795 9.99973424932e-05 9.46671592413e-05
6800 9.99973424932e-05 9.46671592413e-05
6805 9.99973424932e-05 9.46671592413e-05
6810 9.99973424932e-05 9.46671592413e-05
6815 9.99973424932e-05 9.46671592413e-05
6820 9.99973424932e-05 9.46671592413e-05
6825 9.99973424932e-05 9.46671592413e-05
6830 9.99973424932e-05 9.46671592413e-05
6835 9.99973424932e-05 9.46671592413e-05
6840 9.99973424932e-05 9.46671592413e-05
6845 9.99973424932e-05 9.46671592413e-05
6850 9.99973424932e-05 9.46671592413e-05
6855 9.99973424932e-05 9.46671592413e-05
6860 9.99973424932e-05 9.46671592413e-05
6865 9.99973424932e-05 9.46671592413e-05
6870 9.99973424932e-05 9.46671592413e-05
6875 9.99973424932e-05 9.46671592413e-05
6880 9.99973424932e-05 9.46671592413e-05
6885 9.99973424932e-05 9.46671592413e-05
6890 9.99973424932e-05 9.46671592413e-05
6895 9.99973424932e-05 9.46671592413e-05
6900 9.99973424932e-05 9.46671592413e-05
6905 9.99973424932e-05 9.46671592413e-05
6910 9.99973424932e-05 9.46671592413e-05
6915 9.99973424932e-05 9.46671592413e-05
6920 9.99973424932e-05 9.46671592413e-05
6925 9.99973424932e-05 9.46671592413e-05
6930 9.99973424932e-05 9.46671592413e-05
6935 9.99973424932e-05 9.46671592413e-05
6940 9.99973424932e-05 9.46671592413e-05
6945 9.99973424932e-05 9.46671592413e-05
6950 9.99973424932e-05 9.46671592413e-05
6955 9.99973424932e-05 9.46671592413e-05
6960 9.99973424932e-05 9.46671592413e-05
6965 9.99973424932e-05 9.46671592413e-05
6970 9.99973424932e-05 9.46671592413e-05
6975 9.99973424932e-05 9.46671592413e-05
6980 9.99973424932e-05 9.46671592413e-05
6985 9.99973424932e-05 9.46671592413e-05
6990 9.99973424932e-05 9.46671592413e-05
6995 9.99973424932e-05 9.46671592413e-05
7000 9.99973424932e-05 9.46671592413e-05
7005 9.99973424932e-05 9.46671592413e-05
7010 9.99973424932e-05 9.46671592413e-05
7015 9.99973424932e-05 9.46671592413e-05
7020 9.99973424932e-05 9.46671592413e-05
7025 9.99973424932e-05 9.46671592413e-05
7030 9.99973424932e-05 9.46671592413e-05
7035 9.99973424932e-05 9.46671592413e-05
7040 9.99973424932e-05 9.46671592413e-05
7045 9.99973424932e-05 9.46671592413e-05
7050 9.99973424932e-05 9.46671592413e-05
7055 9.99973424932e-05 9.46671592413e-05
7060 9.99973424932e-05 9.46671592413e-05
7065 9.99973424932e-05 9.46671592413e-05
7070 9.99973424932e-05 9.46671592413e-05
7075 9.99973424932e-05 9.46671592413e-05
7080 9.99973424932e-05 9.46671592413e-05
7085 9.99973424932e-05 9.46671592413e-05
7090 9.99973424932e-05 9.46671592413e-05
7095 9.99973424932e-05 9.46671592413e-05
7100 9.99973424932e-05 9.46671592413e-05
7105 9.99973424932e-05 9.46671592413e-05
7110 9.99973424932e-05 9.46671592413e-05
7115 9.99973424932e-05 9.46671592413e-05
7120 9.99973424932e-05 9.46671592413e-05
7125 9.99973424932e-05 9.46671592413e-05
7130 9.99973424932e-05 9.46671592413e-05
7135 9.99973424932e-05 9.46671592413e-05
7140 9.99973424932e-05 9.46671592413e-05
7145 9.99973424932e-05 9.46671592413e-05
7150 9.99973424932e-05 9.46671592413e-05
7155 9.99973424932e-05 9.46671592413e-05
7160 9.99973424932e-05 9.46671592413e-05
7165 9.99973424932e-05 9.46671592413e-05
7170 9.99973424932e-05 9.46671592413e-05
7175 9.99973424932e-05 9.46671592413e-05
7180 9.99973424932e-05 9.46671592413e-05
7185 9.99973424932e-05 9.46671592413e-05
7190 9.99973424932e-05 9.46671592413e-05
7195 9.99973424932e-05 9.46671592413e-05
7200 9.99973424932e-05 9.46671592413e-05
7205 9.99973424932e-05 9.46671592413e-05
7210 9.99973424932e-05 9.46671592413e-05
7215 9.99973424932e-05 9.46671592413e-05
7220 9.99973424932e-05 9.46671592413e-05
7225 9.99973424932e-05 9.46671592413e-05
7230 9.99973424932e-05 9.46671592413e-05
7235 9.99973424932e-05 9.46671592413e-05
7240 9.99973424932e-05 9.46671592413e-05
7245 9.99973424932e-05 9.46671592413e-05
7250 9.99973424932e-05 9.46671592413e-05
7255 9.99973424932e-05 9.46671592413e-05
7260 9.99973424932e-05 9.46671592413e-05
7265 9.99973424932e-05 9.46671592413e-05
7270 9.99973424932e-05 9.46671592413e-05
7275 9.99973424932e-05 9.46671592413e-05
7280 9.99973424932e-05 9.46671592413e-05
7285 9.99973424932e-05 9.46671592413e-05
7290 9.99973424932e-05 9.46671592413e-05
7295 9.99973424932e-05 9.46671592413e-05
7300 9.99973424932e-05 9.46671592413e-05
7305 9.99973424932e-05 9.46671592413e-05
7310 9.99973424932e-05 9.46671592413e-05
7315 9.99973424932e-05 9.46671592413e-05
7320 9.99973424932e-05 9.46671592413e-05
7325 9.99973424932e-05 9.46671592413e-05
7330 9.99973424932e-05 9.46671592413e-05
7335 9.99973424932e-05 9.46671592413e-05
7340 9.99973424932e-05 9.46671592413e-05
7345 9.99973424932e-05 9.46671592413e-05
7350 9.99973424932e-05 9.46671592413e-05
7355 9.99973424932e-05 9.46671592413e-05
7360 9.99973424932e-05 9.46671592413e-05
7365 9.99973424932e-05 9.46671592413e-05
7370 9.99973424932e-05 9.46671592413e-05
7375 9.99973424932e-05 9.46671592413e-05
7380 9.99973424932e-05 9.46671592413e-05
7385 9.99973424932e-05 9.46671592413e-05
7390 9.99973424932e-05 9.46671592413e-05
7395 9.99973424932e-05 9.46671592413e-05
7400 9.99973424932e-05 9.46671592413e-05
