Wave Flux FluxNorm
3600 0.0878330572034 0.0818703819234
3605 0.054577547687 0.0508724712068
3610 0.0476197156846 0.0443869817848
3615 0.0727443955081 0.0678060360491
3620 0.055136514007 0.0513934912823
3625 0.0912267278029 0.0850336682413
3630 0.0727205312429 0.0677837918444
3635 0.0642130285023 0.059853833344
3640 0.0931807226808 0.086855013325
3645 0.0685350097676 0.0638824106032
3650 0.0646707786563 0.0602805084607
3655 0.0943570797299 0.087951511659
3660 0.106832377912 0.0995799060164
3665 0.0986079265047 0.0919137834964
3670 0.0891350663904 0.0830840023165
3675 0.100965641163 0.0941114412539
3680 0.0781713091494 0.0728645357373
3685 0.0763750866087 0.0711902523854
3690 0.0838298764273 0.078138962917
3695 0.0896804015527 0.0835923166055
3700 0.105428804036 0.0982716158019
3705 0.0630831094345 0.0588006204812
3710 0.0693336203004 0.0646268062944
3715 0.101018180772 0.0941604141346
3720 0.042226257934 0.0393596667853
3725 0.0672752352424 0.0627081577103
3730 0.0603133006366 0.0562188441961
3735 0.0295890764171 0.0275803787795
3740 0.0578050349837 0.0538808558178
3745 0.0398872675864 0.0371794622111
3750 0.0414254091496 0.0386131847894
3755 0.0788786389951 0.0735238474642
3760 0.0518862178957 0.0483638462663
3765 0.058453508504 0.0544853067667
3770 0.0906925696518 0.0845357721959
3775 0.0996058060961 0.0928439205754
3780 0.106548051971 0.0993148819567
3785 0.0983826407397 0.0917037915844
3790 0.0647375541442 0.0603427507971
3795 0.0640578737319 0.0597092114816
3800 0.065516651823 0.0610689582929
3805 0.0923760842926 0.0861049989882
3810 0.0888716280848 0.0828384479048
3815 0.0602420557793 0.0561524358999
3820 0.0402171267788 0.0374869284309
3825 0.0360915803711 0.0336414507622
3830 0.0461440715652 0.04301151392
3835 0.0458733829253 0.0427592013736
3840 0.0428487358432 0.0399398868731
3845 0.0726535994723 0.0677214038348
3850 0.0624162905269 0.0581790695483
3855 0.0627963409768 0.0585333197188
3860 0.0475105293735 0.0442852077457
3865 0.0655670629464 0.0611159471836
3870 0.0619672310372 0.0577604951176
3875 0.0649064781427 0.0605002071435
3880 0.061836513634 0.057638651656
3885 0.0669455328802 0.0624008376741
3890 0.0833672259672 0.0777077201585
3895 0.0944015558661 0.0879929684677
3900 0.0867886437092 0.0808968699636
3905 0.0852887285008 0.0794987786883
3910 0.106443255548 0.0992171997921
3915 0.101733361768 0.0948270440249
3920 0.0738509702829 0.0688374893803
3925 0.0632761614296 0.0589805668598
3930 0.0299398212365 0.0279073127749
3935 0.0204492298456 0.0190610040321
3940 0.0501318776903 0.0467286020062
3945 0.0637184924836 0.0593928696247
3950 0.0979303555715 0.0912822104549
3955 0.108359077771 0.101002963627
3960 0.0733566585704 0.0683767347399
3965 0.0386714756369 0.0360462060726
3970 0.0297989947841 0.0277760465318
3975 0.0781970185501 0.0728884998179
3980 0.124968775301 0.116485087598
3985 0.145306977408 0.135442601172
3990 0.155500555974 0.14494417378
3995 0.16512999827 0.153919907331
4000 0.184574981207 0.172044839222
4005 0.177080331886 0.165058975109
4010 0.197369366272 0.183970658784
4015 0.214277281244 0.199730755271
4020 0.216681654884 0.201971904497
4025 0.202786370671 0.189019921933
4030 0.203177947168 0.189384915688
4035 0.182386390486 0.170004824176
4040 0.234910527092 0.21896328311
4045 0.157323917408 0.146643753661
4050 0.22868109739 0.213156747336
4055 0.211196532113 0.196859147291
4060 0.20719567893 0.193129897865
4065 0.17755134319 0.165498011123
4070 0.222924341436 0.207790797161
4075 0.205416862739 0.191471839208
4080 0.227010335513 0.211599407567
4085 0.252870391043 0.235703915484
4090 0.292892350669 0.27300892597
4095 0.237312099559 0.221201821326
4100 0.186622850079 0.173953685526
4105 0.224809543779 0.209548019792
4110 0.220243916785 0.205292337049
4115 0.227724198832 0.212264809232
4120 0.21308958466 0.198623687203
4125 0.249765577409 0.232809876655
4130 0.207308666449 0.193235215061
4135 0.207803091709 0.193696075541
4140 0.226753874987 0.211360357238
4145 0.173281269098 0.161517817242
4150 0.215277325707 0.200662910256
4155 0.221569984773 0.206528382977
4160 0.255319018868 0.237986314636
4165 0.240771635274 0.224426501409
4170 0.220522007337 0.205551549018
4175 0.197951100054 0.184512900719
4180 0.239143990497 0.222909351673
4185 0.252849085662 0.235684056451
4190 0.24249664976 0.226034410769
4195 0.250849128278 0.233819869092
4200 0.199655515071 0.186101609034
4205 0.23878367549 0.222573497177
4210 0.277617127688 0.258770683795
4215 0.243588013115 0.22705168533
4220 0.305963668883 0.285192878669
4225 0.146110590086 0.136191659431
4230 0.214330158232 0.199780042627
4235 0.255949251775 0.238573763262
4240 0.279072504519 0.260127260246
4245 0.33991380287 0.316838258261
4250 0.262084159139 0.244292193486
4255 0.253679213082 0.236457829459
4260 0.263748382095 0.245843438237
4265 0.348254491923 0.324612727464
4270 0.257734984822 0.240238269215
4275 0.236568289808 0.220508506185
4280 0.308634465233 0.287682364111
4285 0.28849559423 0.268910649759
4290 0.227250446307 0.211823218089
4295 0.290448345295 0.270730835468
4300 0.214837640654 0.200253073864
4305 0.216978477389 0.202248576773
4310 0.217034328993 0.202300636809
4315 0.35947196744 0.335068688284
4320 0.416946039398 0.388641048983
4325 0.277216914723 0.258397639871
4330 0.408547367041 0.380812532758
4335 0.439682393817 0.4098339128
4340 0.320088520461 0.298358844083
4345 0.417284510485 0.388956542467
4350 0.418220897451 0.389829361437
4355 0.397200395471 0.370235866914
4360 0.415831584775 0.387602250739
4365 0.466862655342 0.435169002601
4370 0.415048162874 0.386872012577
4375 0.364485924996 0.339742266013
4380 0.407031733226 0.379399789956
4385 0.281655944215 0.262535319367
4390 0.378293613813 0.352612599723
4395 0.40689353953 0.37927097774
4400 0.426379955636 0.39743453005
4405 0.321253835549 0.299445050055
4410 0.418452884885 0.390045600066
4415 0.40589595504 0.37834111573
4420 0.462075726734 0.430707041628
4425 0.434109924549 0.404639738741
4430 0.434309836801 0.404826079657
4435 0.398861163204 0.371783891005
4440 0.489515152833 0.45628370224
4445 0.485939293313 0.452950595162
4450 0.505979358362 0.471630211146
4455 0.43311649319 0.403713747919
4460 0.404398854419 0.376945647969
4465 0.475502323195 0.443222153993
4470 0.478076919772 0.445621970324
4475 0.563980216136 0.525693596039
4480 0.533349525693 0.497142314721
4485 0.594505662175 0.554146777622
4490 0.530356986174 0.494352928116
4495 0.501922239452 0.467848515675
4500 0.584554257182 0.544870938281
4505 0.647792698813 0.603816346005
4510 0.630406204464 0.587610159201
4515 0.584893263715 0.545186930861
4520 0.60766664488 0.566414307807
4525 0.536819203208 0.500376448115
4530 0.483479226162 0.450657533259
4535 0.490647634391 0.457339303634
4540 0.57514779623 0.536103048659
4545 0.567522906621 0.52899578581
4550 0.576862566341 0.537701409098
4555 0.569959596017 0.53126705699
4560 0.649952953831 0.605829948959
4565 0.586177482222 0.54638396832
4570 0.624625309042 0.582221708302
4575 0.645265262021 0.601460487949
4580 0.575340445582 0.536282619729
4585 0.599801028527 0.5590826603
4590 0.651281717416 0.607068507488
4595 0.586762879586 0.546929625129
4600 0.60782565626 0.566562524468
4605 0.62195116613 0.579729103484
4610 0.704405561922 0.656585962277
4615 0.687125336596 0.640478830267
4620 0.691204556387 0.644281126268
4625 0.689687050192 0.642866638196
4630 0.691452653943 0.64451238136
4635 0.641825201864 0.598253961296
4640 0.611654147215 0.570131112727
4645 0.619388367529 0.577340284206
4650 0.63350460913 0.590498224144
4655 0.632426531553 0.589493333437
4660 0.73856258432 0.688424185357
4665 0.630559619465 0.587753159401
4670 0.614408265796 0.572698263948
4675 0.671682773612 0.62608460821
4680 0.642868690334 0.599226611029
4685 0.661271661135 0.616380269297
4690 0.651215031414 0.607006348563
4695 0.703221599831 0.65548237518
4700 0.640613137361 0.597124179561
4705 0.657780674386 0.61312627328
4710 0.64309170962 0.599434490325
4715 0.670153680785 0.624659320081
4720 0.737501619094 0.687435245304
4725 0.720322265428 0.671422137134
4730 0.615931936749 0.574118498275
4735 0.687993271464 0.64128784411
4740 0.695542079854 0.648324190624
4745 0.709813451425 0.661626729307
4750 0.733541219942 0.683743703629
4755 0.702547670689 0.654854196701
4760 0.697843519877 0.650469394033
4765 0.646966158411 0.603045916505
4770 0.690473016622 0.643599248149
4775 0.714101873182 0.665624025295
4780 0.679717166019 0.633573574161
4785 0.651910709405 0.607654799438
4790 0.661780235353 0.616854318213
4795 0.750488214331 0.699540226569
4800 0.700174742937 0.652642358613
4805 0.736367725031 0.686378327294
4810 0.726111210176 0.676818090919
4815 0.737433019243 0.687371302453
4820 0.781605074837 0.728544673585
4825 0.727176133115 0.67781072001
4830 0.721285858825 0.672320315587
4835 0.740522100461 0.690250676884
4840 0.720132158543 0.671244935933
4845 0.748975616958 0.698130314076
4850 0.755486219773 0.704198935118
4855 0.728296884861 0.678855387889
4860 0.670430663271 0.624917499206
4865 0.696283835799 0.649015591384
4870 0.704868323676 0.657017308773
4875 0.716325005044 0.667696236605
4880 0.750905649152 0.699929323218
4885 0.703072906511 0.655343776123
4890 0.688440362595 0.641704583806
4895 0.83820955893 0.781306479661
4900 0.79882004095 0.744590976599
4905 0.803198411181 0.748672114776
4910 0.759102848803 0.707570044007
4915 0.81597523317 0.760581563557
4920 0.67448287598 0.628694621541
4925 0.755286409788 0.704012689525
4930 0.851488345174 0.793683816121
4935 0.78066317573 0.727666716673
4940 0.738451498928 0.688320641159
4945 0.83121404103 0.774785862704
4950 0.875476574634 0.816043569614
4955 0.814771470185 0.759459519779
4960 0.790981397308 0.73728447072
4965 0.772820656884 0.720356598665
4970 0.786161552948 0.732791828529
4975 0.840735384455 0.783660835834
4980 0.744498528539 0.693957159339
4985 0.722131262022 0.673108327355
4990 0.773124058362 0.720639403292
4995 0.784796033345 0.731519009218
5000 0.735780108567 0.685830602031
5005 0.727268842808 0.67789713597
5010 0.75299647203 0.701878207534
5015 0.66839449915 0.623019563058
5020 0.731184778714 0.681547232853
5025 0.745410268011 0.694807004046
5030 0.78271337733 0.729577737346
5035 0.78145440156 0.728404228984
5040 0.638800926599 0.595434993372
5045 0.791429711909 0.73770235083
5050 0.733008403193 0.683247057922
5055 0.803494044401 0.748947678503
5060 0.835035913353 0.778348281646
5065 0.72343952721 0.674327779051
5070 0.73801455487 0.687913359686
5075 0.770506598797 0.718199633789
5080 0.677339834272 0.63135763105
5085 0.712822580045 0.66443157884
5090 0.774247193342 0.721686292614
5095 0.772535204428 0.720090524566
5100 0.708353770566 0.660266141014
5105 0.720731993888 0.67180405058
5110 0.698909921264 0.651463401205
5115 0.768794883328 0.716604120623
5120 0.76345634123 0.711627993246
5125 0.65312901073 0.6087903946
5130 0.673889236372 0.628141282025
5135 0.766837617426 0.714779726574
5140 0.723442807555 0.674330836705
5145 0.686677412076 0.640061313756
5150 0.67340774708 0.627692479336
5155 0.687858204102 0.641161945993
5160 0.800937337497 0.746564537379
5165 0.641556270115 0.598003286371
5170 0.516960666852 0.481866037482
5175 0.569773218 0.531093331516
5180 0.611974907197 0.570430097449
5185 0.554349507239 0.516716681871
5190 0.774220083148 0.721661022835
5195 0.713633228526 0.665187195265
5200 0.797360290075 0.743230323042
5205 0.650176269271 0.606038104304
5210 0.611536859944 0.570021787673
5215 0.827387158946 0.771218774096
5220 0.86123824741 0.802771832014
5225 0.713437635742 0.665004880583
5230 0.841149603034 0.78404693458
5235 0.840480374726 0.783423137813
5240 0.887377129426 0.827136237874
5245 0.872625475404 0.813386021416
5250 0.76325249829 0.711437988482
5255 0.819496503155 0.76386378699
5260 0.886949953549 0.826738061456
5265 0.695274578302 0.648074848806
5270 0.674575088121 0.628780573727
5275 0.844672983632 0.787331125345
5280 0.905277853172 0.843821744863
5285 0.891699200815 0.831164899139
5290 0.952965781694 0.888272308757
5295 0.883614854848 0.823629370797
5300 0.822350544398 0.766524077477
5305 0.96151558035 0.896241691853
5310 0.988729196261 0.92160787173
5315 0.963144818039 0.897760326364
5320 0.941896652185 0.877954623261
5325 0.871923487103 0.812731688615
5330 0.78787853844 0.734392253955
5335 0.952292223398 0.88764447595
5340 0.880212894318 0.820458357323
5345 0.921140963985 0.858607965247
5350 0.916865833804 0.854623058518
5355 1.024351649 0.954812042278
5360 1.0233678487 0.953895028696
5365 0.961901864019 0.896601752092
5370 0.872831096127 0.813577683276
5375 0.995176275651 0.927617281726
5380 1.0026268864 0.934562096894
5385 0.974197332492 0.908062524742
5390 0.914325189466 0.852254889529
5395 0.884256492841 0.824227450259
5400 0.925293145931 0.862478270261
5405 0.842338963107 0.785155553209
5410 0.881261363168 0.821435649335
5415 0.546821691902 0.509699903265
5420 0.0033083939816 0.00308379882758
5425 9.99973424932e-05 9.32088769526e-05
5430 9.99973424931e-05 9.32088769526e-05
5435 9.99973424932e-05 9.32088769526e-05
5440 9.99973424932e-05 9.32088769526e-05
5445 9.99973424932e-05 9.32088769526e-05
5450 9.9997315394e-05 9.32088516931e-05
5455 0.000493621300368 0.000460111097956
5460 0.282620934492 0.26343479987
5465 0.958418622059 0.893354975096
5470 0.950537120418 0.886008520697
5475 0.897526798273 0.836596881639
5480 0.932046451163 0.868773117511
5485 0.978510415601 0.912082807909
5490 0.956157768413 0.891247602799
5495 0.983720659868 0.91693934714
5500 1.00268608632 0.934617277934
5505 0.959033654462 0.893928255126
5510 0.971579906134 0.905622786193
5515 0.913199524617 0.85120564208
5520 1.04696441426 0.975889706962
5525 1.01727975912 0.948220237962
5530 0.982628588199 0.91592141235
5535 0.997695227345 0.929965230708
5540 1.04498512288 0.974044782663
5545 1.01857125222 0.949424056166
5550 1.07283067625 1.0
5555 1.03510837261 0.964838530004
5560 1.029433442 0.959548850335
5565 0.988879752598 0.92174820733
5570 1.0045051755 0.936312875596
5575 1.03057079471 0.960608992202
5580 1.03546378459 0.965169814323
5585 0.979520347451 0.913024179062
5590 0.915053758613 0.852933998695
5595 0.986975181287 0.919972930623
5600 0.951061731322 0.886497517624
5605 1.0140695634 0.945227971066
5610 1.07113265815 0.998417254342
5615 0.983558242537 0.916787955747
5620 0.998345347493 0.930571216501
5625 0.951809008441 0.887194064745
5630 1.04528112536 0.974320690581
5635 1.02751580153 0.957761391692
5640 0.998575287022 0.93078554625
5645 0.998665578081 0.930869707768
5650 1.02156139539 0.952211209107
5655 1.01993227044 0.950692679679
5660 0.946954452047 0.882669066997
5665 1.00946993869 0.940940598585
5670 0.990729424103 0.923472311186
5675 1.06866812237 0.996120027171
5680 1.04444630741 0.973542545474
5685 1.01802289306 0.948912923169
5690 1.02892983818 0.959079434396
5695 1.06233960601 0.990221131376
5700 0.968332946286 0.902596250953
5705 0.976845989754 0.91053137404
5710 0.914048807322 0.851997269989
5715 1.02189184012 0.952519221113
5720 1.07289461084 1.0000595943
5725 1.06514864536 0.992839474989
5730 1.03917334521 0.968627546008
5735 1.06971089992 0.99709201424
5740 1.05439488636 0.982815750618
5745 1.08019406044 1.00686351012
5750 1.06750292891 0.995033934567
5755 1.04818760632 0.977029860838
5760 1.06341028978 0.991219130224
5765 1.09312051499 1.01891243343
5770 1.1105535195 1.03516197298
5775 1.07248767288 0.999680281922
5780 1.00277679605 0.934701829709
5785 0.96177343186 0.896482038737
5790 1.0544703212 0.982886064453
5795 1.09693141118 1.02246462137
5800 1.11505950202 1.03936206031
5805 1.09235167086 1.01819578341
5810 1.11823044933 1.04231774323
5815 1.09681239129 1.02235368132
5820 1.15182783202 1.07363431856
5825 1.14447015762 1.06677613062
5830 1.14851094281 1.07054260121
5835 1.12438059599 1.04805037821
5840 1.13846094747 1.06117486447
5845 1.13838495826 1.06110403391
5850 1.11241210135 1.03689438229
5855 1.07165470277 0.998903859201
5860 1.087982138 1.01412288266
5865 1.0937792783 1.01952647563
5870 1.1335954496 1.05663966803
5875 1.13995296053 1.06256559005
5880 1.07554806208 1.00253291213
5885 1.08636404679 1.01261463794
5890 0.794404368989 0.740475068973
5895 0.876681305494 0.81716651556
5900 1.03361898437 0.963450251055
5905 1.0883448498 1.01446097124
5910 1.11118232451 1.03574809064
5915 1.0463376332 0.975305475853
5920 1.08312245423 1.00959310562
5925 1.10103764154 1.02629209429
5930 1.09755563512 1.02304646896
5935 1.08241018377 1.00892918868
5940 1.07820411805 1.00500865787
5945 1.09890311509 1.02430247328
5950 1.08307021134 1.00954440931
5955 1.07015921264 0.997509892601
5960 1.10857365076 1.03331651052
5965 1.10558544149 1.0305311602
5970 1.13040780735 1.05366842353
5975 1.1061142702 1.03102408861
5980 1.08571091076 1.012005841
5985 1.05757148826 0.985776704264
5990 1.1007383945 1.02601316207
5995 1.11971748061 1.04370382522
6000 1.08542520691 1.01173953257
6005 1.08204478164 1.00858859241
6010 1.08870187976 1.0147937637
6015 1.07203114783 0.999254748738
6020 1.06374985656 0.991535645008
6025 1.10455636915 1.02957194794
6030 1.12534029767 1.04894492914
6035 1.15037902082 1.07228386202
6040 1.12890499899 1.05226763551
6045 1.16366241324 1.08466549196
6050 1.16472597129 1.08565684882
6055 1.12968094169 1.05299090221
6060 1.13085361216 1.05408396423
6065 1.0846134688 1.01098290048
6070 1.17482676337 1.09507193388
6075 1.17375026567 1.09406851581
6080 1.11160270633 1.03613993423
6085 1.10338071339 1.02847610329
6090 1.08123921506 1.00783771288
6095 1.12117890007 1.04506603409
6100 1.12449594885 1.04815790017
6105 1.10204619437 1.02723218003
6110 1.12258544762 1.04637709611
6115 1.14574150693 1.06796117253
6120 1.07032777359 0.997667010542
6125 1.09943393613 1.02479725876
6130 1.12321368825 1.0469626877
6135 1.04438706582 0.973487325584
6140 1.09076471219 1.01671655774
6145 1.13870109953 1.06139871346
6150 1.09793953645 1.02340430858
6155 1.12179744902 1.04564259194
6160 1.03704984514 0.966648202832
6165 1.0227764818 0.953343807602
6170 1.01849581913 0.949353743966
6175 1.08916748231 1.01522775814
6180 1.11568054994 1.03994094748
6185 1.11165221329 1.03618608035
6190 1.00710869007 0.938739646773
6195 1.10584597512 1.03077400712
6200 1.06471742108 0.992437525001
6205 1.12457150904 1.04822833085
6210 1.09683697203 1.02237659335
6215 0.985620447265 0.918710164696
6220 1.01447438277 0.94560530868
6225 1.04354178627 0.972699429066
6230 0.986385417324 0.919423203647
6235 1.07570680317 1.00268087685
6240 0.983852877292 0.917062588792
6245 0.99243067842 0.925058073371
6250 1.05876117848 0.986885630627
6255 0.97190282561 0.905923783809
6260 0.949696881499 0.885225322623
6265 1.04548284656 0.974508717651
6270 1.042432301 0.971665262825
6275 1.05033219721 0.979028863049
6280 0.976657834138 0.910355991642
6285 1.04022887166 0.969611416497
6290 1.09601521703 1.0216106244
6295 1.02566463677 0.956035895956
6300 1.03216069192 0.962090956918
6305 1.04268879278 0.971904342287
6310 1.08444797481 1.01082864129
6315 1.03656507903 0.966196345784
6320 1.05119100783 0.979829372055
6325 1.0950524064 1.02071317557
6330 1.11263998588 1.03710679655
6335 1.08105405444 1.00766512217
6340 1.11147039011 1.0360166005
6345 1.09270290905 1.01852317728
6350 1.1485185723 1.07054971276
6355 1.10556729399 1.03051424467
6360 1.033989949 0.963796032211
6365 1.06542548885 0.993097524558
6370 1.15822156254 1.07959400135
6375 1.17374657718 1.09406507771
6380 1.13307377097 1.05615340431
6385 1.16677861091 1.08757014201
6390 1.16051181071 1.08172877268
6395 1.11687189646 1.0410514177
6400 1.10349924976 1.02858659264
6405 1.16790319286 1.08861838007
6410 1.13153318976 1.05471740771
6415 1.13878223784 1.06147434358
6420 1.10265467157 1.02779934988
6425 1.17054340343 1.09107935609
6430 1.11144777947 1.03599552481
6435 1.1515317468 1.07335833352
6440 1.13965071013 1.06228385836
6445 1.18786282902 1.1072230272
6450 1.03830575248 0.967818851077
6455 1.13150587295 1.05469194534
6460 1.16240697606 1.08349528197
6465 1.12488306879 1.04851873991
6470 1.14257490817 1.06500954295
6475 1.14886232542 1.0708701297
6480 1.14716530025 1.06928830956
6485 1.14307436453 1.06547509299
6490 1.13260287682 1.0557144775
6495 0.987622192235 0.920576018288
6500 1.06402131687 0.991788676847
6505 1.14837614588 1.07041695517
6510 1.1522910669 1.07406610606
6515 1.15038915986 1.07229331276
6520 1.143818305 1.06616852997
6525 1.16176416506 1.08289610913
6530 1.14083856952 1.06339107818
6535 1.14627451538 1.06845799692
6540 1.17005914655 1.0906279737
6545 1.11674572899 1.0409338153
6550 1.13130710058 1.05450666693
6555 1.0895489066 1.01558328889
6560 1.05185566846 0.980448911235
6565 1.00700328817 0.938641400241
6570 1.12549497004 1.04908910135
6575 1.08311932144 1.0095901855
6580 1.14009490477 1.0626978982
6585 1.14867060313 1.07069142276
6590 1.1499673601 1.07190014749
6595 1.10244646052 1.02760527353
6600 1.14038781758 1.0629709262
6605 1.12233046633 1.04613942459
6610 1.10940251093 1.03408910231
6615 1.15744628001 1.07887135001
6620 1.17388771356 1.09419663285
6625 1.11771794949 1.04184003518
6630 1.13042730708 1.05368659948
6635 1.12554438944 1.04913516584
6640 1.15888212254 1.08020971827
6645 1.12844045778 1.05183463035
6650 1.15909720502 1.08041019956
6655 1.16393772122 1.08492211025
6660 1.15036779764 1.07227340074
6665 1.11059370546 1.03519943086
6670 1.16293127066 1.08398398406
6675 1.15892303719 1.08024785537
6680 1.12262232907 1.0464114738
6685 1.17019510169 1.09075469932
6690 1.16488152254 1.08580184025
6695 1.14083167618 1.0633846528
6700 1.1518926949 1.07369477813
6705 1.14135699373 1.06387430841
6710 1.14119829821 1.06372638617
6715 1.09999138321 1.02531686273
6720 1.12921858195 1.05255993043
6725 1.14509553916 1.06735905723
6730 1.14461175039 1.06690811116
6735 1.14829898683 1.07034503418
6740 1.1194785041 1.04348107198
6745 1.10485477404 1.02985009518
6750 1.10433194397 1.02936275819
6755 1.12887009427 1.05223510034
6760 1.16474878686 1.08567811552
6765 1.11676164827 1.04094865387
6770 1.10029797341 1.0256026396
6775 1.15760655884 1.07902074808
6780 1.1624087674 1.0834969517
6785 1.09896596847 1.02436105977
6790 1.13939362843 1.06204422903
6795 1.08419433498 1.01059222018
6800 0.186672904205 0.174000341655
6805 0.00137914747887 0.00128552203941
6810 0.464091632801 0.43258609497
6815 1.11823000136 1.04231732566
6820 1.14325069773 1.06563945555
6825 1.15908077107 1.08039488126
6830 1.14173809063 1.06422953399
6835 1.15096017495 1.07282556365
6840 1.09454232725 1.02023772389
6845 1.12486740628 1.04850414067
6850 1.13553784854 1.05845020439
6855 1.10693099718 1.03178537088
6860 1.09208772927 1.01794975988
6865 1.1317464585 1.05491619839
6870 1.12692722541 1.05042412597
6875 1.11361160357 1.03801245455
6880 1.11641583614 1.0406263177
6885 1.11681068524 1.04099436189
6890 1.15140923532 1.07324413891
6895 1.13147377373 1.05466202522
6900 1.12784625569 1.05128076654
6905 1.12950261247 1.05282467912
6910 1.13019651999 1.05347147972
6915 1.08719399152 1.01338824065
6920 1.13182394081 1.0549884207
6925 1.0847143887 1.01107696929
6930 1.12533434788 1.04893938326
6935 1.11160971626 1.03614646829
6940 1.13079557698 1.05402986885
6945 1.10232134 1.027488647
6950 1.11860159259 1.04266369089
6955 1.11169450526 1.03622550126
6960 1.13893680778 1.06161842031
6965 1.11650993763 1.04071403097
6970 1.11949022054 1.04349199303
6975 1.10115265743 1.02639930216
6980 1.04164977921 0.970935863673
6985 1.14017882599 1.06277612231
6990 1.12153725433 1.04540006095
6995 1.13187911484 1.05503984916
7000 1.11096282258 1.03554348992
7005 1.10666910147 1.03154125434
7010 1.12683107641 1.05033450418
7015 1.08052967297 1.00717633909
7020 1.13543969186 1.05835871121
7025 1.10689705952 1.03175373713
7030 1.13065551378 1.05389931404
7035 1.13577005344 1.05866664571
7040 1.13822187652 1.06095202321
7045 1.17095091456 1.09145920273
7050 1.15928452634 1.0805848043
7055 1.1054556931 1.03041021997
7060 1.09915578111 1.0245379867
7065 1.0666488346 0.994237821693
7070 1.10319053398 1.02829883448
7075 1.14241659184 1.06486197415
7080 1.14152154784 1.06402769152
7085 1.06980177033 0.997176715785
7090 1.08684985439 1.01306746578
7095 1.10177897085 1.02698309738
7100 1.10297729963 1.02810007585
7105 1.10019069458 1.02550264356
7110 1.0811967869 1.00779816502
7115 1.11555151038 1.03982066796
7120 1.11672708594 1.04091643786
7125 1.09391437673 1.01965240271
7130 1.04005416875 0.969448573552
7135 1.08489707452 1.01124725321
7140 1.0695240462 0.996917845358
7145 1.07606447239 1.00301426517
7150 1.03520143616 0.964925275794
7155 1.07961774669 1.00632632026
7160 1.06271758562 0.990573451288
7165 1.06908718462 0.996510640765
7170 1.10644445837 1.03133186147
7175 1.12262707159 1.04641589437
7180 1.08759455653 1.01376161272
7185 1.10599536887 1.03091325906
7190 1.04514376962 0.974192659441
7195 1.10278766149 1.02792331158
7200 1.09882938455 1.02423374804
7205 1.09278187458 1.01859678211
7210 1.07821697093 1.00502063821
7215 1.0936440223 1.01940040168
7220 1.11524833523 1.0395380743
7225 1.12793548369 1.05136393717
7230 1.12710636444 1.05059110388
7235 1.12357782521 1.04730210469
7240 1.12245045407 1.04625126679
7245 1.09716712793 1.02268433614
7250 1.10397385115 1.02902897502
7255 1.09988291071 1.02521575405
7260 1.0918584753 1.01773606915
7265 1.11197593793 1.03648782846
7270 1.11742063351 1.04156290294
7275 1.12074314588 1.0446598617
7280 1.11047870802 1.03509224019
7285 1.10002588788 1.025349025
7290 1.05415405463 0.982591268102
7295 1.10200233059 1.02719129402
7300 1.11618604934 1.04041213032
7305 1.11726444452 1.04141731707
7310 1.09811332919 1.02356630315
7315 1.09751309466 1.02300681642
7320 1.11616543473 1.04039291516
7325 1.07532367139 1.00232375453
7330 1.10027898145 1.02558493695
7335 1.11583465099 1.04008458715
7340 1.13173075915 1.05490156481
7345 1.08170860186 1.00827523468
7350 1.10677939984 1.03164406494
7355 1.04868225118 0.977490926015
7360 1.08194473371 1.00849533637
7365 1.05716259695 0.985395571134
7370 1.11528668353 1.03957381927
7375 1.12712064348 1.05060441357
7380 1.12584266989 1.04941319708
7385 1.07427583502 1.00134705206
7390 1.06227609475 0.990161931673
7395 1.100878491 1.02614374792
7400 1.06922517109 0.996639259823
