Wave Flux FluxNorm
3600 0.705967080753 0.684188892693
3605 0.595757572438 0.577379207774
3610 0.565437145493 0.547994127502
3615 0.62003713385 0.600909775546
3620 0.543884569564 0.527106421175
3625 0.686511984876 0.665333961822
3630 0.645225968533 0.625321566661
3635 0.599312642455 0.580824608396
3640 0.702639392952 0.680963859836
3645 0.613882441109 0.594944947261
3650 0.628124326414 0.608747488487
3655 0.731688991076 0.709117314742
3660 0.769022917539 0.745299536978
3665 0.729246722508 0.706750387059
3670 0.705310113154 0.683552191711
3675 0.737005977799 0.714270279176
3680 0.665619422075 0.645085908056
3685 0.680675561602 0.659677584795
3690 0.721616962436 0.699355995397
3695 0.746501687976 0.723473058751
3700 0.799758059522 0.775086538856
3705 0.630508361896 0.611057979502
3710 0.673124998788 0.652359947257
3715 0.819912015749 0.794618771123
3720 0.62862526149 0.609232970352
3725 0.730979218417 0.708429437669
3730 0.729508574846 0.707004161585
3735 0.508030043766 0.492357961972
3740 0.727028641621 0.704600731151
3745 0.630378261006 0.610931892059
3750 0.532628472137 0.516197560061
3755 0.820578525283 0.795264719684
3760 0.688315703615 0.667082038127
3765 0.7353419984 0.712657631429
3770 0.648268905391 0.628270632781
3775 0.801992575648 0.777252122996
3780 0.899077213637 0.871341823174
3785 0.895042107015 0.867431194468
3790 0.758776448239 0.735369158246
3795 0.667340310797 0.646753709546
3800 0.666659379051 0.646093783679
3805 0.870282846532 0.843435725733
3810 0.924623407747 0.896099949633
3815 0.739344482155 0.716536643642
3820 0.729461900568 0.706958927149
3825 0.65526672049 0.635052574169
3830 0.581078271766 0.563152744889
3835 0.47411776756 0.459491836429
3840 0.558840031366 0.541600525969
3845 0.815912821897 0.790742947324
3850 0.876281891369 0.849249707655
3855 0.849067008999 0.82287436985
3860 0.754967248385 0.731677467371
3865 0.916932977435 0.88864675933
3870 0.863584701514 0.836944209984
3875 0.844650343471 0.818593952845
3880 0.811990784314 0.78694189962
3885 0.693104800316 0.671723397276
3890 0.60706102234 0.5883339606
3895 0.78500331549 0.760786959942
3900 0.839484883195 0.813587840461
3905 0.777133089689 0.753159520615
3910 0.907734163888 0.879731717501
3915 0.893573408235 0.866007803181
3920 0.804924619821 0.78009371733
3925 0.753804002172 0.730550105826
3930 0.414426144876 0.401641624512
3935 0.29670449413 0.287551537218
3940 0.613931937886 0.594992917125
3945 0.754098825529 0.730835834257
3950 0.85470208452 0.828335610446
3955 0.862432248196 0.835827308388
3960 0.804927082115 0.780096103665
3965 0.494150948079 0.478907018765
3970 0.342214450427 0.331657569149
3975 0.684550255912 0.663432749705
3980 0.927084814469 0.898485425082
3985 0.936401914335 0.907515104248
3990 1.00662590343 0.975572772448
3995 1.0120690719 0.980848026079
4000 1.04977694193 1.0173926562
4005 0.992668588849 0.962046023296
4010 1.07538796576 1.04221361246
4015 1.0884652691 1.0548874976
4020 1.11629261368 1.08185640393
4025 1.10018484223 1.06624553678
4030 1.04037583624 1.00828156268
4035 1.05380881787 1.02130015388
4040 1.13336623203 1.09840332283
4045 0.964142470794 0.934399899763
4050 1.12146019713 1.08686457399
4055 1.03097233743 0.999168149867
4060 1.05167886101 1.01923590349
4065 0.989608657978 0.959080487407
4070 1.0599484439 1.02725038024
4075 1.01463177061 0.983331668783
4080 1.01907292517 0.987635819371
4085 1.04403602998 1.01182884409
4090 1.10283545854 1.06881438494
4095 1.0108718819 0.979687767868
4100 0.774951317438 0.751045053267
4105 0.888166087705 0.860767291623
4110 1.01959431308 0.988141123121
4115 1.11740383961 1.08293334995
4120 1.07505004656 1.04188611764
4125 1.08996427603 1.05634026206
4130 1.05182469197 1.01937723574
4135 1.07144310231 1.03839044303
4140 1.16565865304 1.12969956366
4145 1.07394476911 1.04081493659
4150 1.11196278981 1.07766014963
4155 1.05028976226 1.01788965667
4160 1.11368221802 1.07932653566
4165 1.16093143366 1.12511817299
4170 1.081277376 1.04792134187
4175 1.01780139763 0.986403516833
4180 1.07461314501 1.04146269394
4185 1.05968163225 1.0269917994
4190 1.08670463335 1.05318117522
4195 1.10441169149 1.0703419931
4200 1.00004007218 0.969190105721
4205 1.07864330049 1.04536852425
4210 1.12730676612 1.09253078375
4215 1.08962879127 1.05601512658
4220 1.11361789552 1.07926419743
4225 0.929659693951 0.900980872802
4230 1.08282280626 1.04941909757
4235 1.03119368673 0.999382670823
4240 1.04581020816 1.01354829112
4245 1.08778628903 1.0542294632
4250 1.02005317893 0.988585833543
4255 1.07515376545 1.04198663693
4260 0.995627646357 0.964913797637
4265 1.12423719194 1.08955590203
4270 0.993261695449 0.96262083331
4275 1.01320285303 0.981946831496
4280 1.07315892003 1.04005332996
4285 1.02995665681 0.998183801708
4290 0.92886038793 0.900206224356
4295 0.999824638302 0.968981317709
4300 0.812655908742 0.787586505804
4305 0.85126508647 0.825004639422
4310 0.842714568656 0.816717894226
4315 1.02921146117 0.997461594404
4320 1.10752636018 1.07336057822
4325 0.922586657341 0.89412603039
4330 1.07409899611 1.04096440589
4335 1.0155259133 0.984198228311
4340 0.685389669285 0.664246268242
4345 0.946544458136 0.917344763451
4350 1.02725219663 0.995562770689
4355 1.06473676817 1.03189099079
4360 1.11114133077 1.07686403155
4365 1.16648367977 1.13049913936
4370 1.10312257621 1.06909264539
4375 1.05286065336 1.02038123904
4380 1.11374091925 1.07938342604
4385 0.936135595825 0.907257001325
4390 1.069705844 1.03670677694
4395 1.08493424852 1.05146540452
4400 1.08411283227 1.05066932791
4405 1.04158130398 1.00944984327
4410 1.13354686183 1.09857838044
4415 1.08678700498 1.0532610058
4420 1.1727596726 1.13658152578
4425 1.13649927068 1.10143971122
4430 1.1395637155 1.1044096218
4435 1.08204542935 1.04866570175
4440 1.16362572214 1.1277293461
4445 1.13304533199 1.09809232215
4450 1.15803721779 1.12231324
4455 1.04243095584 1.01027328445
4460 1.05966878753 1.02697935092
4465 1.12303212597 1.08838801082
4470 1.11471136112 1.080323931
4475 1.20311832025 1.16600364769
4480 1.10983990744 1.07560275549
4485 1.17989368291 1.14349546093
4490 1.13153068683 1.09662440187
4495 1.1544061378 1.11879417422
4500 1.1882878469 1.15163067561
4505 1.24415120852 1.20577072346
4510 1.22942492473 1.19149872683
4515 1.18415212449 1.14762253499
4520 1.18883051478 1.15215660288
4525 1.12504440438 1.090338213
4530 1.07418571982 1.04104845428
4535 1.08700346478 1.05347078808
4540 1.18361733987 1.1471042478
4545 1.15683327519 1.12114643751
4550 1.09126701476 1.05760281296
4555 1.10602647419 1.07190696181
4560 1.19478955194 1.15793181131
4565 1.14790832027 1.11249680611
4570 1.18119818042 1.14475971635
4575 1.19730704328 1.16037164124
4580 1.13251394823 1.0975773309
4585 1.10962543721 1.07539490139
4590 1.15163987649 1.11611324856
4595 1.13864445161 1.10351871604
4600 1.13480507431 1.09979777865
4605 1.15481853188 1.11919384647
4610 1.18599897857 1.14941241597
4615 1.16306398009 1.12718493307
4620 1.16224156722 1.1263878906
4625 1.17526158712 1.13900625941
4630 1.16645279344 1.13046920583
4635 1.15261737813 1.11706059552
4640 1.14401817252 1.10872666448
4645 1.11922471717 1.08469805575
4650 1.12383633344 1.08916740951
4655 1.12592521157 1.0911918484
4660 1.18029090732 1.14388043147
4665 1.09543177265 1.06163909336
4670 1.08961314743 1.05599996534
4675 1.15439762477 1.11878592381
4680 1.11961514578 1.08507644013
4685 1.15182500797 1.11629266897
4690 1.13456543527 1.09956553217
4695 1.15763250389 1.12192101102
4700 1.0956142746 1.06181596535
4705 1.08655658952 1.05303769836
4710 1.10136380798 1.06738813293
4715 1.12551314066 1.09079248935
4720 1.17197156837 1.13581773356
4725 1.16822177603 1.13218361756
4730 1.09420816578 1.06045323321
4735 1.12661335336 1.0918587619
4740 1.14011367968 1.10494262029
4745 1.15216081591 1.11661811766
4750 1.15107741426 1.11556813758
4755 1.11112451101 1.07684773067
4760 1.13900584899 1.10386896477
4765 1.08199751549 1.04861926598
4770 1.13658929765 1.10152696097
4775 1.16557629521 1.12961974646
4780 1.1648141575 1.12888111974
4785 1.12639309986 1.09164530293
4790 1.12129515588 1.08670462405
4795 1.18050122826 1.14408426427
4800 1.13606186621 1.10101580012
4805 1.13644732833 1.10138937122
4810 1.13810199554 1.10299299405
4815 1.16985788601 1.13376925562
4820 1.17013829072 1.1340410102
4825 1.12240835754 1.08778348486
4830 1.13198457898 1.09706429202
4835 1.13635917698 1.10130393923
4840 1.09849189892 1.06460481862
4845 1.10943952186 1.07521472129
4850 1.0879820167 1.05441915292
4855 0.989354614219 0.958834280576
4860 0.742507044405 0.719601644862
4865 0.896220707847 0.868573436961
4870 0.995219874366 0.964518604894
4875 1.03964960895 1.00757773858
4880 1.0968169897 1.06298157822
4885 1.06042480243 1.02771204372
4890 1.02131159557 0.989805429627
4895 1.14361826849 1.10833909698
4900 1.13319717031 1.09823947645
4905 1.1241012261 1.08942413057
4910 1.07586000261 1.04267108757
4915 1.1316730004 1.09676232525
4920 0.996963320153 0.966208267592
4925 1.07149613352 1.03844183831
4930 1.13744746819 1.10235865803
4935 1.07049361599 1.03747024717
4940 1.06978524755 1.03678373099
4945 1.13345731718 1.09849159812
4950 1.14061315465 1.10542668709
4955 1.09722876279 1.06338064863
4960 1.11058745327 1.07632724047
4965 1.12577551885 1.09104677352
4970 1.09941566919 1.06550009175
4975 1.14174793108 1.10652645711
4980 1.07046290101 1.03744047971
4985 1.01963597292 0.988181497807
4990 1.09772033491 1.06385705638
4995 1.10401770138 1.06996015709
5000 1.06236231589 1.02958978735
5005 1.02459675643 0.992989247445
5010 1.07276523108 1.03967178581
5015 1.00787057882 0.976779051179
5020 1.02633160419 0.994670577356
5025 1.06885259698 1.03587985151
5030 1.08611943699 1.05261403143
5035 1.07761481992 1.04437177099
5040 0.994891203489 0.964200073096
5045 1.09716254848 1.06331647695
5050 1.04917641252 1.01681065235
5055 1.10083672521 1.06687730999
5060 1.12638815219 1.0916405079
5065 1.06533956118 1.0324751884
5070 1.07608220276 1.04288643313
5075 1.06224022891 1.0294714666
5080 1.00328229333 0.972332308471
5085 1.06777691794 1.0348373558
5090 1.08952779982 1.0559172506
5095 1.09433747729 1.06057855562
5100 1.02843454195 0.996708642153
5105 1.07862248561 1.04534835148
5110 1.05108144806 1.01865691996
5115 1.09907083885 1.06516589899
5120 1.09380359564 1.06006114354
5125 1.02755009365 0.995851477963
5130 1.04339969968 1.01121214377
5135 1.04961587594 1.01723655889
5140 1.00140842437 0.970516245989
5145 1.0348094283 1.00288687136
5150 1.04399445666 1.01178855325
5155 1.0477498114 1.01542806007
5160 1.07300710044 1.03990619381
5165 0.971569167586 0.941597492388
5170 0.880651183876 0.853484213036
5175 0.989070277791 0.958558715565
5180 1.0380722565 1.00604904545
5185 0.895264830324 0.867647047045
5190 1.00254153085 0.971614397575
5195 0.992495673012 0.961878441692
5200 1.04096875842 1.00885619396
5205 0.993387616633 0.962742869985
5210 1.02366580278 0.992087012534
5215 1.02303881476 0.991479366301
5220 1.06378162292 1.03096531056
5225 0.9896356117 0.959106609641
5230 1.00413516644 0.973158871524
5235 1.00378813112 0.972822541809
5240 1.06273612379 1.02995206375
5245 1.05759918764 1.02497359556
5250 1.03007634528 0.998299797935
5255 1.03772340343 1.00571095406
5260 1.04430013833 1.01208480503
5265 0.911455699184 0.883338448159
5270 0.921671999973 0.893239589041
5275 0.974803116815 0.94473167839
5280 1.03083813853 0.99903809083
5285 1.0199854877 0.988520230498
5290 1.0768595463 1.04363979661
5295 1.04209113018 1.00994394198
5300 1.01370766993 0.98243607544
5305 1.05550313008 1.02294219871
5310 1.06924539901 1.0362605361
5315 1.03710229378 1.00510900485
5320 1.04405878303 1.01185089524
5325 0.98477425826 0.954395222782
5330 0.975436053069 0.945345089364
5335 1.03911451344 1.00705915009
5340 0.996634790649 0.965889872807
5345 1.02926887555 0.997517237628
5350 1.01930447382 0.987860225038
5355 1.06418079498 1.03135216867
5360 1.05826192247 1.02561588586
5365 1.00006343423 0.969212747088
5370 0.969660692754 0.939747891582
5375 1.0443212237 1.01210523995
5380 1.02672019096 0.995047176716
5385 1.032464409 1.00061419293
5390 1.0181710783 0.98676179333
5395 1.00558247229 0.974561529831
5400 1.00211550336 0.971201512485
5405 0.956361105099 0.926858579319
5410 0.983444846871 0.953106822046
5415 1.00529197869 0.974279997589
5420 1.02312778088 0.991565587929
5425 1.00143024878 0.970537397144
5430 0.999893209365 0.969047773443
5435 1.00064003943 0.969771564744
5440 1.05517920788 1.0226282691
5445 1.00029986935 0.969441888486
5450 1.04412616671 1.01191620022
5455 0.999198550023 0.968374543459
5460 1.03630521496 1.0043365149
5465 1.006092057 0.975055394498
5470 1.03731731732 1.00531739519
5475 0.983851241471 0.953500679889
5480 0.980931635375 0.950671139933
5485 1.02936426475 0.997609684189
5490 1.0239967677 0.992407767608
5495 1.02119408681 0.989691545867
5500 1.01887396276 0.987442994699
5505 1.00901186875 0.977885133765
5510 1.00970001094 0.978552047636
5515 1.01810913616 0.98670176202
5520 1.03412447191 1.002223045
5525 1.00718947864 0.976118962076
5530 0.993716392611 0.963061503642
5535 1.00373460447 0.972770666382
5540 1.02524265682 0.993615222627
5545 1.00758699327 0.976504213882
5550 1.03183066591 1.0
5555 1.00785136178 0.976760426962
5560 1.00867026868 0.977554071623
5565 0.985612669849 0.955207770438
5570 0.980711800943 0.950458087115
5575 0.985827462697 0.955415937199
5580 1.00609304447 0.975056351503
5585 0.974720476988 0.944651587897
5590 0.944353700963 0.915221588355
5595 0.967752370897 0.937898439031
5600 0.949314386314 0.920029242861
5605 0.99580732125 0.965087929788
5610 1.01951815042 0.988067309988
5615 0.948950685302 0.919676761564
5620 0.987454704237 0.956992980404
5625 0.967013410915 0.937182275026
5630 1.00739851963 0.976321554411
5635 0.982693326123 0.952378484759
5640 0.971339902964 0.941375300288
5645 0.98918832028 0.958673116593
5650 0.983962139133 0.953608156499
5655 0.956431723196 0.926927018938
5660 0.937935385369 0.909001269647
5665 0.968123965834 0.938258570736
5670 0.980497473544 0.950250371444
5675 0.983872885546 0.953521656272
5680 0.971672362185 0.941697503564
5685 0.943473092952 0.914368145982
5690 0.957945437515 0.928394037092
5695 0.975696596293 0.945597595161
5700 0.964254427118 0.934508402376
5705 0.950228284066 0.920914948028
5710 0.909960340763 0.881889219647
5715 0.959114124908 0.929526671962
5720 0.976550285756 0.946424949388
5725 0.985163744861 0.954772694215
5730 0.977091207193 0.946949184085
5735 0.980001934089 0.949770118752
5740 0.977881355061 0.947714956894
5745 0.975770449346 0.945669169941
5750 0.963651362357 0.933923941397
5755 0.945316969549 0.916155141328
5760 0.959576052837 0.929974350001
5765 0.96488819483 0.935122619159
5770 0.972222028225 0.942230213105
5775 0.962534618788 0.93284164795
5780 0.95200938917 0.922641108301
5785 0.937295526426 0.90838114954
5790 0.953743913026 0.924322124299
5795 0.962885999055 0.933182188581
5800 0.967938728198 0.938079047446
5805 0.955692845619 0.926210934796
5810 0.965200325742 0.935425121229
5815 0.95872853732 0.929152979262
5820 0.975050196103 0.944971135596
5825 0.975125816839 0.945044423528
5830 0.974734676142 0.944665349025
5835 0.970371821717 0.940437083119
5840 0.972584560836 0.942581562045
5845 0.969601226778 0.939690260055
5850 0.95993001678 0.930317394606
5855 0.932378664614 0.903615966672
5860 0.933091202231 0.904306523408
5865 0.956098335011 0.926603915355
5870 0.963635379705 0.933908451789
5875 0.957983406795 0.928430835068
5880 0.955800867498 0.926315624337
5885 0.941387500435 0.912346891347
5890 0.841076984122 0.815130827096
5895 0.868582702374 0.841788028864
5900 0.931973600798 0.90322339856
5905 0.944616314117 0.915476100227
5910 0.947177918612 0.917958682475
5915 0.92567664156 0.897120692519
5920 0.945415175484 0.916250317735
5925 0.948067291077 0.918820618929
5930 0.923811841732 0.895313419399
5935 0.934467493414 0.905640357755
5940 0.936850626322 0.90794997404
5945 0.934454117708 0.905627394673
5950 0.92007248681 0.891689418827
5955 0.927339621526 0.898732371665
5960 0.933787408589 0.904981252684
5965 0.93269373439 0.903921316945
5970 0.935900728622 0.907029379477
5975 0.917187382449 0.888893316273
5980 0.92390980954 0.895408365024
5985 0.896728539806 0.869065602949
5990 0.917564934928 0.889259221738
5995 0.920972165174 0.892561343256
6000 0.911070706578 0.882965332086
6005 0.90523932946 0.877313845548
6010 0.89897326285 0.871241079137
6015 0.899828247461 0.872069688558
6020 0.883644956391 0.85638563147
6025 0.891303408247 0.86380782981
6030 0.909650677094 0.881589108708
6035 0.91532167329 0.887085161873
6040 0.910396483572 0.882311908004
6045 0.910278720216 0.882197777498
6050 0.912060380241 0.883924475574
6055 0.89643698932 0.868783046425
6060 0.908080068079 0.880066950988
6065 0.891459444049 0.863959052105
6070 0.911601979242 0.883480215663
6075 0.906338275646 0.87837889064
6080 0.889619726306 0.862176087319
6085 0.892259524093 0.864734450695
6090 0.891705037234 0.864197069052
6095 0.895120510413 0.867507179221
6100 0.886847214849 0.85948910432
6105 0.876699680634 0.849654608651
6110 0.896347268503 0.868696093381
6115 0.896085679665 0.868442574226
6120 0.882025807511 0.854816431277
6125 0.881488339394 0.854295543369
6130 0.884808958253 0.857513725352
6135 0.864752768772 0.838076243851
6140 0.857456814119 0.831005360134
6145 0.879310401742 0.852184792328
6150 0.877771112602 0.850692988303
6155 0.869095008449 0.842284530947
6160 0.848477025453 0.822302586547
6165 0.847738059404 0.821586416663
6170 0.842908300628 0.816905649812
6175 0.869908928176 0.843073342283
6180 0.877756715112 0.850679034957
6185 0.879647745837 0.852511729786
6190 0.860000633374 0.833470705795
6195 0.876290007887 0.849257573788
6200 0.87420513202 0.847237013694
6205 0.884228147216 0.856950831598
6210 0.881417733946 0.854227116009
6215 0.854029447271 0.827683723202
6220 0.85878698625 0.832294498145
6225 0.87429295133 0.84732212389
6230 0.842416968648 0.8164294748
6235 0.85820762372 0.831733008213
6240 0.848481289577 0.822306719129
6245 0.828703486661 0.80313903632
6250 0.850274192202 0.824044312984
6255 0.824716503976 0.799275046988
6260 0.847412778728 0.821271170482
6265 0.854170732331 0.827820649797
6270 0.854024513583 0.827678941713
6275 0.837761333281 0.811917459873
6280 0.812721852107 0.7876504149
6285 0.849581983003 0.82337345756
6290 0.835735794205 0.809954406105
6295 0.838454868723 0.812589600627
6300 0.814735602489 0.78960204364
6305 0.838905749951 0.813026572742
6310 0.839338692275 0.813446159345
6315 0.815820983193 0.790653941727
6320 0.818462749573 0.793214212968
6325 0.845889847689 0.819795219932
6330 0.846417982768 0.820307062714
6335 0.822841364007 0.797457752707
6340 0.833583904743 0.807868899701
6345 0.828276483862 0.802725206015
6350 0.848181200829 0.822015887737
6355 0.838119440053 0.812264519506
6360 0.822283839243 0.796917426874
6365 0.831591250365 0.805937716181
6370 0.839847671096 0.813939436816
6375 0.849739893354 0.823526496577
6380 0.842280663 0.816297374008
6385 0.84545827163 0.819376957447
6390 0.846826643847 0.820703117118
6395 0.831842520349 0.806181234805
6400 0.818560197819 0.79330865506
6405 0.841152842914 0.81520434574
6410 0.824429759816 0.798997148522
6415 0.830451784508 0.804833401398
6420 0.81641653769 0.791231124124
6425 0.844394271752 0.818345780614
6430 0.825918530131 0.800439992163
6435 0.83826757175 0.812408081528
6440 0.820592636316 0.79527839541
6445 0.847095193709 0.820963382558
6450 0.818995763708 0.793730784294
6455 0.817848279848 0.792618698854
6460 0.824054888531 0.79863384154
6465 0.825748005729 0.800274728222
6470 0.820871029525 0.795548200542
6475 0.824831535569 0.799386530003
6480 0.83060322808 0.804980173129
6485 0.831199084353 0.805557647992
6490 0.825840680021 0.80036454363
6495 0.760017154546 0.736571590338
6500 0.807565044775 0.782652688526
6505 0.833569585073 0.807855021775
6510 0.834372341255 0.808633013948
6515 0.813478014355 0.788383250502
6520 0.822840631905 0.79745704319
6525 0.825179255185 0.79972352291
6530 0.822507825487 0.797134503427
6535 0.81861653776 0.793363256985
6540 0.816691202511 0.791497315884
6545 0.792904092975 0.768444008474
6550 0.790931597973 0.766532362439
6555 0.750499247741 0.727347298873
6560 0.625171762522 0.605886007442
6565 0.600253136877 0.581736089759
6570 0.740656461029 0.717808149634
6575 0.77170595611 0.747899807216
6580 0.796147476369 0.771587337609
6585 0.801305379327 0.77658612581
6590 0.805401743157 0.780556122017
6595 0.794464936345 0.769956701808
6600 0.812766516127 0.787693701091
6605 0.804919870214 0.780089114242
6610 0.803230619865 0.778451975122
6615 0.810934110055 0.785917822421
6620 0.812503186857 0.787438495195
6625 0.809743160779 0.784763612417
6630 0.80445707198 0.779640592746
6635 0.79015152527 0.765776353988
6640 0.802709800854 0.777947222716
6645 0.79247612164 0.768029239512
6650 0.806884947746 0.781993571627
6655 0.803900880872 0.779101559428
6660 0.798688820002 0.774050284018
6665 0.790716044573 0.766323458587
6670 0.796421534438 0.771852941334
6675 0.79212536416 0.767689302454
6680 0.784427695435 0.760229097036
6685 0.798628998553 0.773992307984
6690 0.801272262031 0.77655403014
6695 0.791592032598 0.767172423494
6700 0.786628626676 0.762362132342
6705 0.779235473695 0.755197048743
6710 0.781307803104 0.757205449421
6715 0.772317414275 0.748492402673
6720 0.762343997069 0.738826652724
6725 0.771868930244 0.748057753804
6730 0.785340507949 0.761113750443
6735 0.776882446887 0.752916609825
6740 0.772675995873 0.748839922483
6745 0.769846858443 0.746098060351
6750 0.766660383008 0.743009883637
6755 0.774849385209 0.750946265518
6760 0.771427772348 0.74763020507
6765 0.773701672454 0.749833958244
6770 0.769368875223 0.745634822306
6775 0.771902249406 0.748090045113
6780 0.77680377848 0.752840368239
6785 0.75802144214 0.734637443126
6790 0.702286004625 0.68062137309
6795 0.764342854086 0.74076384754
6800 0.768049135175 0.744355794564
6805 0.764167048246 0.740593465087
6810 0.762898945511 0.739364481711
6815 0.766687936854 0.743036587482
6820 0.763719992739 0.740160200674
6825 0.7666691398 0.743018370293
6830 0.756691205451 0.73334824255
6835 0.757551401478 0.734181902622
6840 0.736034105286 0.713328387696
6845 0.744418697614 0.721454325997
6850 0.752415980914 0.729204903261
6855 0.73748668304 0.714736155271
6860 0.744250242402 0.721291067415
6865 0.740553578839 0.717708441229
6870 0.731464392375 0.708899644626
6875 0.736001248283 0.71329654429
6880 0.734410698494 0.711755060942
6885 0.738393589972 0.715615085275
6890 0.762978140844 0.739441233969
6895 0.748350359883 0.725264701477
6900 0.736512777323 0.713792293309
6905 0.727527569598 0.705084267833
6910 0.736259543703 0.713546871624
6915 0.727933468753 0.705477645515
6920 0.733893627491 0.711253940924
6925 0.729144260536 0.706651085909
6930 0.737281620525 0.714537418674
6935 0.730587892182 0.708050183352
6940 0.732072131739 0.709488636003
6945 0.722535036778 0.700245748312
6950 0.727380358232 0.704941597751
6955 0.72866517808 0.706186782538
6960 0.732410389453 0.709816458896
6965 0.729691706584 0.707181643942
6970 0.730205521305 0.707679608131
6975 0.718408042934 0.696246066988
6980 0.710261490039 0.688350824906
6985 0.728636845169 0.706159323661
6990 0.726867051856 0.704444126225
6995 0.733118913252 0.710503125635
7000 0.721394341205 0.699140241748
7005 0.70620787937 0.684422262979
7010 0.724578597325 0.702226267611
7015 0.709300607565 0.687419584436
7020 0.718715909779 0.696544436531
7025 0.711818360643 0.689859668029
7030 0.725154019101 0.702783938356
7035 0.712187479825 0.690217400352
7040 0.71772798028 0.695586983403
7045 0.727043808917 0.704615430555
7050 0.728214879018 0.705750374631
7055 0.722207307603 0.699928129166
7060 0.717029925274 0.694910462508
7065 0.719314723762 0.697124777864
7070 0.717201508149 0.695076752269
7075 0.722763311424 0.700466980975
7080 0.724317532702 0.7019732565
7085 0.708479764719 0.68662406355
7090 0.710935028063 0.689003585137
7095 0.713424865769 0.691416614511
7100 0.717474909442 0.695341719479
7105 0.717100071045 0.69497844437
7110 0.708978387618 0.687107304565
7115 0.705563789223 0.683798042195
7120 0.704218940557 0.682494680403
7125 0.708054044669 0.686211476422
7130 0.697108838335 0.675603915807
7135 0.708289708171 0.686439870005
7140 0.71014563255 0.688238541473
7145 0.697223786499 0.675715317965
7150 0.688567126646 0.667325705077
7155 0.700438458035 0.678830820967
7160 0.699578243893 0.677997143339
7165 0.672932501181 0.652173387957
7170 0.711228457607 0.689287962752
7175 0.719998026336 0.697787001421
7180 0.708512716914 0.686655999211
7185 0.685985242562 0.664823468839
7190 0.680341404082 0.65935373561
7195 0.679828636632 0.658856786385
7200 0.687548054253 0.666338069774
7205 0.67634010029 0.655475866959
7210 0.68129899106 0.660281782246
7215 0.67924423264 0.658290410514
7220 0.671886603859 0.651159755239
7225 0.674430342817 0.65362502308
7230 0.68631255513 0.66514068423
7235 0.675338103132 0.654504780142
7240 0.676883105499 0.656002121147
7245 0.673548259976 0.652770151374
7250 0.671457731468 0.650744113016
7255 0.676067932221 0.65521209493
7260 0.676295342737 0.65543249012
7265 0.675078335561 0.65425302607
7270 0.680973955055 0.659966773189
7275 0.671200114772 0.650494443468
7280 0.697887837129 0.676358883477
7285 0.660618789745 0.640239538884
7290 0.643312134826 0.623466772294
7295 0.661092687589 0.64069881758
7300 0.667532757452 0.646940219465
7305 0.66437178194 0.643876756034
7310 0.652864698965 0.632724651959
7315 0.666678683096 0.646112492218
7320 0.665909391932 0.64536693271
7325 0.650961495429 0.630880159835
7330 0.656521603811 0.636268745933
7335 0.664857273371 0.644347270671
7340 0.668380158463 0.647761479231
7345 0.662215140523 0.641786644267
7350 0.668348993363 0.647731275535
7355 0.652151833473 0.632033777461
7360 0.660251280623 0.639883366951
7365 0.655878472099 0.635645454018
7370 0.661384884765 0.640982000845
7375 0.656429601838 0.636179582104
7380 0.665333504939 0.6448088111
7385 0.642929986488 0.623096412747
7390 0.635164247653 0.615570237095
7395 0.650565170766 0.630496061285
7400 0.647740646809 0.627758670305
