Wave Flux FluxNorm
3600 1.539601772 1.53550982745
3605 1.52409025263 1.52003953451
3610 1.51289284052 1.50887188281
3615 1.51590449521 1.51187553314
3620 1.50220926148 1.49821669853
3625 1.49789468344 1.49391358775
3630 1.49311871758 1.48915031542
3635 1.4888288494 1.48487184883
3640 1.48269146465 1.47875077598
3645 1.47251794454 1.468604295
3650 1.46406308246 1.46017190419
3655 1.45338042482 1.44951763886
3660 1.45069927019 1.44684361019
3665 1.4447311676 1.44089136958
3670 1.44078658685 1.43695727272
3675 1.44551809295 1.44167620346
3680 1.45197219825 1.44811315507
3685 1.44032248879 1.43649440814
3690 1.43928013477 1.43545482448
3695 1.43718983559 1.43337008088
3700 1.46549090018 1.46159592707
3705 1.43776571958 1.4339444343
3710 1.45650487485 1.45263378474
3715 1.55869173386 1.55454905212
3720 1.46403518503 1.46014408092
3725 1.60052517592 1.5962713095
3730 1.70444557526 1.69991550982
3735 1.38369175063 1.38001418282
3740 1.90814244412 1.90307099434
3745 1.85640247356 1.85146853796
3750 1.34797755778 1.34439491094
3755 1.85384250893 1.84891537719
3760 2.16928963594 2.16352411068
3765 1.93777498982 1.93262478283
3770 1.34037158315 1.33680915143
3775 1.79636706985 1.79159269601
3780 2.31294867636 2.30680133495
3785 2.41720250563 2.410778079
3790 2.21654596938 2.21065484652
3795 1.57122426905 1.56704827842
3800 1.4510406975 1.44718413005
3805 2.13863753141 2.13295347314
3810 2.46432397693 2.45777431113
3815 2.46692307384 2.46036650018
3820 2.36712240342 2.36083107939
3825 2.33756536306 2.33135259557
3830 1.91482207755 1.90973287468
3835 1.32074032775 1.31723007187
3840 1.81385006742 1.80902922736
3845 2.33820715931 2.33199268606
3850 2.50188671604 2.49523721622
3855 2.50882355372 2.50215561721
3860 2.57512620801 2.5682820527
3865 2.55841018416 2.5516104566
3870 2.56436854412 2.55755298047
3875 2.51575355491 2.50906719989
3880 2.30985862665 2.30371949796
3885 1.76083636886 1.7561564283
3890 1.37091024752 1.36726665032
3895 2.02056308452 2.01519284383
3900 2.42065418022 2.41422057976
3905 2.56480406557 2.55798734439
3910 2.65284906957 2.6457983429
3915 2.65451295103 2.6474578021
3920 2.66105614557 2.65398360618
3925 2.64092914377 2.6339100978
3930 2.63530496629 2.62830086822
3935 2.58979174394 2.58290861066
3940 2.69671682628 2.68954950814
3945 2.68520884689 2.67807211459
3950 2.67115838798 2.6640589989
3955 2.61306867286 2.60612367429
3960 2.42645073257 2.42000172607
3965 1.95427311486 1.94907905925
3970 1.39164527892 1.38794657227
3975 1.93654597766 1.93139903713
3980 2.4225897574 2.41615101257
3985 2.62079690541 2.61383136678
3990 2.68319014773 2.67605878071
3995 2.71377094633 2.70655830185
4000 2.72296783184 2.71573074393
4005 2.69555339008 2.68838916411
4010 2.65560766203 2.64854960358
4015 2.71358245602 2.7063703125
4020 2.71128248747 2.70407645679
4025 2.49276077195 2.48613552702
4030 2.64406600049 2.6370386174
4035 2.73302961626 2.7257657862
4040 2.74245171644 2.73516284437
4045 2.7218494856 2.71461537002
4050 2.71692552263 2.70970449394
4055 2.70487644574 2.69768744101
4060 2.71004174013 2.70283900711
4065 2.68870642546 2.68156039732
4070 2.68118288462 2.6740568525
4075 2.65517548051 2.64811857071
4080 2.63633857359 2.62933172841
4085 2.58599141236 2.57911837957
4090 2.45460436774 2.44808053467
4095 2.11483104928 2.10921026373
4100 1.52587479692 1.52181933585
4105 1.69424882493 1.68974586036
4110 2.21785371047 2.2119591119
4115 2.4703694925 2.46380375897
4120 2.52119246781 2.51449165727
4125 2.53412616934 2.52739098369
4130 2.47258482742 2.46601320599
4135 2.55980607412 2.55300263657
4140 2.53397836468 2.52724357186
4145 2.47133171062 2.46476341972
4150 2.5492551605 2.5424797651
4155 2.55619801996 2.54940417188
4160 2.54296953302 2.53621084353
4165 2.52814752755 2.5214282319
4170 2.52613739703 2.5194234439
4175 2.50901636873 2.50234791976
4180 2.49580347153 2.48917013972
4185 2.49923171565 2.49258927228
4190 2.47849178339 2.47190446248
4195 2.46873123075 2.46216985139
4200 2.45502654925 2.44850159411
4205 2.44431387763 2.43781739456
4210 2.44562062923 2.43912067308
4215 2.43091274882 2.42445188319
4220 2.42212155673 2.41568405628
4225 2.41040577802 2.4039994157
4230 2.41924298031 2.41281313052
4235 2.39644379878 2.39007454453
4240 2.37894276927 2.37262002915
4245 2.36652500401 2.36023526775
4250 2.36053037836 2.35425657459
4255 2.3422800069 2.33605470885
4260 2.32741722888 2.32123143304
4265 2.3109050302 2.30476312038
4270 2.29693957456 2.29083478205
4275 2.29185301787 2.28576174438
4280 2.30001871635 2.29390574012
4285 2.29041361998 2.28432617211
4290 2.27911571563 2.27305829527
4295 2.26960308485 2.2635709471
4300 2.26413998239 2.25812236444
4305 2.24671913107 2.24074781416
4310 2.24034435928 2.2343899852
4315 2.19287324782 2.18704504218
4320 2.17917672844 2.17338492533
4325 2.1144847714 2.10886490619
4330 1.98345769106 1.97818606885
4335 1.68612388949 1.68164251931
4340 1.33952099928 1.33596082823
4345 1.59512332137 1.59088381197
4350 1.91072479247 1.90564647934
4355 2.06755685153 2.06206171108
4360 2.11195631333 2.10634316825
4365 2.1267080197 2.12105566762
4370 2.12749975411 2.12184529776
4375 2.13764788118 2.1319664532
4380 2.13871312243 2.13302886326
4385 2.04129214599 2.03586681171
4390 2.05983974298 2.05436511301
4395 2.09035099175 2.08479526916
4400 2.10140035452 2.095815265
4405 2.09938375523 2.09380402541
4410 2.08869053173 2.0831392223
4415 2.07385775687 2.0683458699
4420 2.07362561254 2.06811434257
4425 2.06427065884 2.05878425241
4430 2.05258440106 2.04712905429
4435 2.03633942914 2.03092725816
4440 2.03574036949 2.03032979069
4445 2.02670228588 2.02131572845
4450 2.01449128125 2.00913717815
4455 2.01806799433 2.01270438507
4460 2.0125563525 2.00720739204
4465 1.99442338733 1.98912262056
4470 1.87876703837 1.87377366236
4475 1.92964677678 1.92451817291
4480 1.87325110295 1.86827238717
4485 1.94233449659 1.93717217138
4490 1.95652911195 1.95132906037
4495 1.97143614774 1.96619647632
4500 1.95133548752 1.94614923952
4505 1.95890854512 1.9537021695
4510 1.94406930751 1.93890237152
4515 1.93886837946 1.93371526647
4520 1.9293358981 1.92420812048
4525 1.91955256459 1.91445078906
4530 1.91008855291 1.90501193077
4535 1.89456646939 1.88953110175
4540 1.89229721501 1.88726787858
4545 1.89947045078 1.89442204938
4550 1.86420865904 1.85925397622
4555 1.86932658386 1.86435829865
4560 1.86776020903 1.86279608691
4565 1.85773228715 1.85279481719
4570 1.85466532798 1.84973600936
4575 1.83965745467 1.83476802389
4580 1.85230033257 1.84737729962
4585 1.83626301954 1.83138261047
4590 1.80929170685 1.80448298198
4595 1.80975041584 1.80494047181
4600 1.80313658211 1.79834421629
4605 1.79974811347 1.7949647535
4610 1.79656573629 1.79179083443
4615 1.78656693948 1.78181861236
4620 1.76354912039 1.75886196989
4625 1.79444811452 1.78967884086
4630 1.77618185636 1.77146113066
4635 1.75045774344 1.74580538713
4640 1.76506136333 1.7603701936
4645 1.76485978994 1.76016915596
4650 1.76208659133 1.75740332794
4655 1.75619133679 1.75152374177
4660 1.75380143294 1.74914018979
4665 1.74787455725 1.74322906652
4670 1.74459840034 1.73996161696
4675 1.74077695899 1.73615033222
4680 1.73714449034 1.73252751792
4685 1.73573908206 1.73112584492
4690 1.73715019246 1.73253320488
4695 1.73471331032 1.73010279948
4700 1.73282629499 1.72822079944
4705 1.72866327099 1.7240688399
4710 1.71596844246 1.71140775161
4715 1.70249813543 1.69797324588
4720 1.71333702189 1.70878332481
4725 1.71407318161 1.70951752798
4730 1.70365367302 1.69912571229
4735 1.70349759348 1.69897004758
4740 1.68906592352 1.68457673403
4745 1.68783507113 1.68334915299
4750 1.67962377517 1.67515968097
4755 1.66595520851 1.66152744254
4760 1.6584806684 1.65407276822
4765 1.6447622232 1.64039078382
4770 1.63681237891 1.63246206858
4775 1.62355780729 1.61924272489
4780 1.60823142169 1.60395707366
4785 1.61241327947 1.60812781692
4790 1.61709422458 1.61279632105
4795 1.60818545806 1.60391123219
4800 1.6013001578 1.59704423165
4805 1.58944440561 1.5852199896
4810 1.58774136786 1.58352147818
4815 1.57955959715 1.57536145293
4820 1.57801547509 1.57382143483
4825 1.55865789474 1.55451530294
4830 1.56661649092 1.56245274681
4835 1.54394107045 1.53983759294
4840 1.52286815852 1.51882068847
4845 1.48987637788 1.48591659319
4850 1.4036744795 1.39994380172
4855 1.282070211 1.27866273232
4860 1.3578327338 1.35422389393
4865 1.32437182378 1.32085191612
4870 1.32938977135 1.32585652702
4875 1.42193484527 1.41815563519
4880 1.47145216927 1.46754135233
4885 1.47970457576 1.47577182563
4890 1.49306809237 1.48909982477
4895 1.49680211908 1.4928239272
4900 1.48996997894 1.48600994548
4905 1.49351980254 1.48955033438
4910 1.48149990404 1.4775623823
4915 1.48667143084 1.48272016425
4920 1.46897850937 1.46507426691
4925 1.46061515127 1.4567331369
4930 1.48908900961 1.48513131758
4935 1.47290061283 1.46898594623
4940 1.46913095831 1.46522631067
4945 1.46240935847 1.45852257547
4950 1.45739311886 1.45351966799
4955 1.44856804104 1.44471804541
4960 1.44850768635 1.44465785113
4965 1.44936439058 1.44551227841
4970 1.43677060308 1.43295196261
4975 1.43752269788 1.4337020585
4980 1.43230784315 1.42850106378
4985 1.42972894627 1.42592902108
4990 1.4243224478 1.42053689196
4995 1.42119640006 1.41741915261
5000 1.41465735808 1.41089749006
5005 1.40627993979 1.40254233723
5010 1.40460544453 1.40087229242
5015 1.41802210248 1.41425329167
5020 1.41295115206 1.40919581879
5025 1.4067080314 1.40296929106
5030 1.38247535868 1.37880102379
5035 1.37294347326 1.36929447216
5040 1.36172478545 1.35810560131
5045 1.36263374965 1.35901214967
5050 1.36331449891 1.35969108964
5055 1.33932747186 1.33576781517
5060 1.34787833105 1.34429594794
5065 1.358683242 1.35507214166
5070 1.35363599169 1.3500383059
5075 1.34544808377 1.34187215976
5080 1.34619896781 1.3426210481
5085 1.34378037557 1.34020888398
5090 1.33862167677 1.33506389594
5095 1.33242538727 1.3288840749
5100 1.3218019187 1.31828884132
5105 1.3245978545 1.3210773461
5110 1.32627971638 1.32275473794
5115 1.31908772307 1.31558185946
5120 1.31305157247 1.30956175172
5125 1.30728827308 1.30381376999
5130 1.30246509723 1.29900341315
5135 1.30192743231 1.29846717723
5140 1.29456928428 1.29112858564
5145 1.28767373425 1.28425136256
5150 1.28358230487 1.28017080736
5155 1.2771457823 1.27375139174
5160 1.27850583478 1.27510782948
5165 1.30274715885 1.2992847251
5170 1.28085637672 1.27745212416
5175 1.27830322582 1.27490575901
5180 1.26100440892 1.25765291881
5185 1.24733961964 1.24402444772
5190 1.25125602155 1.24793044064
5195 1.25140458196 1.24807860621
5200 1.2365380722 1.23325160858
5205 1.21870273138 1.21546367042
5210 1.21250109248 1.20927851419
5215 1.20402007498 1.20082003749
5220 1.20136060154 1.19816763239
5225 1.19332127197 1.1901496697
5230 1.20885032524 1.20563744995
5235 1.18959504701 1.18643334828
5240 1.18889590537 1.18573606481
5245 1.18868828001 1.18552899128
5250 1.18747528691 1.18431922206
5255 1.17695701499 1.17382890555
5260 1.1792435427 1.17610935614
5265 1.17158461756 1.16847078684
5270 1.1846963189 1.18154763998
5275 1.17576614747 1.1726412031
5280 1.19309907533 1.18992806362
5285 1.16735891155 1.16425631189
5290 1.16042973588 1.15734555254
5295 1.15295012142 1.14988581736
5300 1.15005840518 1.14700178671
5305 1.14497075745 1.1419276609
5310 1.15107252935 1.14801321555
5315 1.16444273452 1.16134788546
5320 1.16353899684 1.16044654972
5325 1.1242573431 1.12126929854
5330 1.11618620195 1.11321960882
5335 1.11709638473 1.11412737252
5340 1.11834938027 1.11537703786
5345 1.11267672416 1.1097194585
5350 1.11113896093 1.10818578232
5355 1.10931094995 1.10636262983
5360 1.11501565437 1.11205217232
5365 1.10906548229 1.10611781457
5370 1.10319648864 1.1002644195
5375 1.0990998964 1.09617871515
5380 1.09372343399 1.09081654227
5385 1.08394209657 1.08106120163
5390 1.03217181315 1.02942851296
5395 1.08234246912 1.07946582566
5400 1.07520204322 1.07234437754
5405 1.07249567863 1.06964520592
5410 1.07183037789 1.0689816734
5415 1.07266534869 1.06981442503
5420 1.07293348595 1.07008184964
5425 1.06561013936 1.06277796699
5430 1.06203134705 1.05920868637
5435 1.05680279047 1.05399402622
5440 1.05969219518 1.05687575149
5445 1.05828165964 1.05546896486
5450 1.04655382737 1.04377230275
5455 1.04269381941 1.0399225539
5460 1.0457421143 1.04296274705
5465 1.03570717676 1.03295448031
5470 1.03484083026 1.03209043638
5475 1.03553732171 1.03278507669
5480 1.0336717022 1.03092441562
5485 1.03310454286 1.03035876367
5490 1.02928163359 1.02654601491
5495 1.03136342745 1.02862227579
5500 1.02807745707 1.02534503884
5505 1.02138929548 1.01867465301
5510 1.01348900075 1.01079535564
5515 1.01894796872 1.01623981479
5520 1.01885436124 1.0161464561
5525 1.0138786982 1.01118401735
5530 1.01942788291 1.01671845347
5535 1.01268796159 1.00999644548
5540 1.01284621592 1.0101542792
5545 1.00223822784 0.999574484966
5550 1.00266487682 1.0
5555 1.0003612223 0.997702468117
5560 0.997939216893 0.995286899904
5565 0.991536713552 0.988901413098
5570 0.992408145316 0.989770528776
5575 0.988366777597 0.98573990218
5580 0.985990769027 0.983370208552
5585 0.982995036917 0.980382438481
5590 0.979412182279 0.976809106333
5595 0.976183044986 0.973588551422
5600 0.974079651822 0.971490748644
5605 0.968245602308 0.965672204832
5610 0.966913297107 0.964343440625
5615 0.966978435613 0.964408406006
5620 0.963826153228 0.961264501738
5625 0.961716070483 0.95916002716
5630 0.957732355363 0.955186899934
5635 0.953632650709 0.95109809145
5640 0.94523012854 0.942717901456
5645 0.943990561885 0.941481629314
5650 0.942985373327 0.94047911234
5655 0.939894225095 0.937396179743
5660 0.933926231798 0.931444048144
5665 0.932609326936 0.930130643344
5670 0.931864872293 0.929388167308
5675 0.929451806991 0.926981515437
5680 0.924820208091 0.922362226373
5685 0.91897840301 0.916535947608
5690 0.916325745877 0.913890340691
5695 0.913003731517 0.910577155561
5700 0.907884818637 0.905471847698
5705 0.905503602469 0.903096960312
5710 0.906949945781 0.904539459541
5715 0.90428386494 0.901880464595
5720 0.90032177841 0.897928908475
5725 0.89796203417 0.89557543595
5730 0.894249114805 0.89187238476
5735 0.89247311963 0.890101109814
5740 0.889990672623 0.88762526064
5745 0.886037880741 0.883682974465
5750 0.884488130246 0.882137342888
5755 0.882632512707 0.880286657199
5760 0.878402710054 0.876068096491
5765 0.878666757953 0.876331442604
5770 0.876410945941 0.874081626077
5775 0.874153262548 0.871829943141
5780 0.868070392479 0.865763240089
5785 0.870039414931 0.867727029284
5790 0.87345266142 0.871131204066
5795 0.869921831019 0.867609757886
5800 0.870130738744 0.867818110377
5805 0.867696110415 0.865389952789
5810 0.867651577861 0.865345538593
5815 0.863552567974 0.861257423031
5820 0.865724867369 0.863423948901
5825 0.864220007597 0.861923088736
5830 0.862570836889 0.860278301185
5835 0.861563415749 0.859273557563
5840 0.859247462176 0.856963759317
5845 0.856126254877 0.853850847545
5850 0.851084129672 0.84882212327
5855 0.85143026028 0.849167333935
5860 0.850736676544 0.848475593601
5865 0.84769965304 0.845446641881
5870 0.838212102296 0.835984307093
5875 0.815303266653 0.813136358419
5880 0.823143164705 0.820955419636
5885 0.830501856503 0.828294553546
5890 0.794071098849 0.791960621346
5895 0.804557928205 0.802419578869
5900 0.820174373904 0.81799451927
5905 0.824273023165 0.822082275165
5910 0.821135448363 0.818953039391
5915 0.818505697373 0.816330277737
5920 0.811861641762 0.809703880658
5925 0.812017175026 0.809859000547
5930 0.81446394131 0.81229926383
5935 0.813351198592 0.811189478553
5940 0.80273352361 0.800600023166
5945 0.79737314681 0.795253893144
5950 0.804345281951 0.802207497784
5955 0.800375411963 0.798248178894
5960 0.797136037011 0.795017413533
5965 0.797168596645 0.795049886631
5970 0.795462791962 0.793348615626
5975 0.789944349848 0.787844840394
5980 0.789066271696 0.786969095993
5985 0.7940276014 0.791917239505
5990 0.794026846967 0.791916487076
5995 0.794762328255 0.792650013607
6000 0.789257679895 0.787159995468
6005 0.782448970725 0.780369382446
6010 0.781950255484 0.779871992687
6015 0.776094860544 0.774032160182
6020 0.774793798774 0.772734556366
6025 0.772765286837 0.770711435796
6030 0.765354923326 0.763320767505
6035 0.767663104999 0.765622814507
6040 0.763847167511 0.761817018996
6045 0.760878106498 0.758855849136
6050 0.762105723184 0.760080203069
6055 0.762812224831 0.76078482698
6060 0.759238216887 0.757220318013
6065 0.754205949163 0.752201425021
6070 0.753676602826 0.751673485577
6075 0.753422879645 0.75142043674
6080 0.754183163987 0.752178700403
6085 0.751597952078 0.749600359455
6090 0.748614245898 0.746624583352
6095 0.745003064163 0.743022999395
6100 0.747162609359 0.745176804964
6105 0.744908342194 0.742928529177
6110 0.74161333597 0.739642280401
6115 0.739605467735 0.737639748666
6120 0.740137158844 0.73817002665
6125 0.738590760992 0.736627738805
6130 0.735141979239 0.733188123204
6135 0.734310996285 0.732359348831
6140 0.731951408579 0.730006032424
6145 0.734213959617 0.732262570067
6150 0.730698621343 0.728756574839
6155 0.71959411073 0.717681577729
6160 0.716602584494 0.714698002354
6165 0.724534190061 0.722608527346
6170 0.725139572895 0.723212301197
6175 0.720755683 0.718840062779
6180 0.720583395969 0.718668233652
6185 0.722088724796 0.720169561624
6190 0.719776046655 0.717863030105
6195 0.714724896419 0.712825304786
6200 0.713034151837 0.711139053856
6205 0.71132298463 0.709432434579
6210 0.708916748616 0.707032593845
6215 0.710850010336 0.708960717353
6220 0.705922424676 0.704046228201
6225 0.704618736172 0.702746004633
6230 0.707029743987 0.705150604486
6235 0.705587984688 0.703712677086
6240 0.696676407838 0.694824785373
6245 0.704458882497 0.702586575817
6250 0.70119189373 0.699328270033
6255 0.695004638028 0.693157458783
6260 0.6847892567 0.682969227836
6265 0.683525046709 0.681708377854
6270 0.682763249848 0.680948605693
6275 0.66927504277 0.667496247492
6280 0.636774148377 0.635081733785
6285 0.663891009699 0.662126524073
6290 0.664144453114 0.662379293887
6295 0.659494222809 0.657741422937
6300 0.663652765304 0.661888912882
6305 0.658358293765 0.656608512958
6310 0.663438787031 0.661675503319
6315 0.670777119267 0.668994331779
6320 0.670673568975 0.668891056702
6325 0.663526847786 0.661763330027
6330 0.65428671024 0.652547750864
6335 0.655317442331 0.653575743481
6340 0.656858428829 0.655112634354
6345 0.632130371759 0.630450299369
6350 0.637997174184 0.636301509042
6355 0.64944431951 0.647718230212
6360 0.648208809315 0.646486003748
6365 0.649757750817 0.648030828483
6370 0.629554516557 0.62788129026
6375 0.641834280282 0.640128416901
6380 0.650507701456 0.648778785908
6385 0.649326676035 0.647600899409
6390 0.648628586831 0.646904665582
6395 0.640024100579 0.638323048283
6400 0.632717970223 0.631036336118
6405 0.631292702838 0.6296148568
6410 0.633518707605 0.631834945304
6415 0.632731818661 0.63105014775
6420 0.633584142721 0.631900206508
6425 0.63194088456 0.630261315788
6430 0.633801894624 0.632117379671
6435 0.629188480243 0.627516226795
6440 0.628657234853 0.626986393346
6445 0.622398827773 0.620744619824
6450 0.62723504376 0.625567982144
6455 0.620014840597 0.618366968795
6460 0.626649305258 0.624983800415
6465 0.613675668456 0.612044644869
6470 0.60959493389 0.607974756055
6475 0.605511316645 0.603901992224
6480 0.604051871317 0.602446425801
6485 0.603202379152 0.601599191411
6490 0.610420542404 0.608798170271
6495 0.608175148554 0.606558744216
6500 0.605528187404 0.603918818144
6505 0.601045139487 0.599447685245
6510 0.607731750441 0.606116524564
6515 0.60419549817 0.602589670923
6520 0.609344897578 0.607725384288
6525 0.596560148412 0.594974614353
6530 0.595227014664 0.593645023801
6535 0.592573247064 0.590998309368
6540 0.595863065063 0.594279383708
6545 0.595551374344 0.593968521399
6550 0.610935533514 0.609311792641
6555 0.7675072334 0.765467357183
6560 1.59199316012 1.58776197005
6565 1.63277796685 1.62843837916
6570 0.798132133115 0.796010862219
6575 0.603982536602 0.602377275364
6580 0.589063992839 0.587498382018
6585 0.58904902934 0.587483458289
6590 0.588382498224 0.586818698675
6595 0.585646692093 0.584090163755
6600 0.582088988944 0.580541916248
6605 0.583143785906 0.581593909776
6610 0.581918592344 0.580371972527
6615 0.582449288704 0.580901258405
6620 0.582727784913 0.581179014428
6625 0.582589581852 0.581041178683
6630 0.583563255176 0.582012264184
6635 0.581874131717 0.580327630067
6640 0.580551718142 0.579008731195
6645 0.584442481318 0.582889153524
6650 0.582273789447 0.580726225589
6655 0.582104567668 0.580557453566
6660 0.579185834236 0.577646477528
6665 0.57960057839 0.578060119376
6670 0.580346964634 0.57880452188
6675 0.571555014797 0.570035939235
6680 0.568632963183 0.567121653833
6685 0.578872436894 0.577333913131
6690 0.578566430435 0.577028719974
6695 0.577084014618 0.575550244113
6700 0.577487160959 0.575952318974
6705 0.575375236164 0.57384600724
6710 0.57143285401 0.569914103127
6715 0.571444036755 0.56992525615
6720 0.571408544391 0.569889858118
6725 0.56938779004 0.567874474516
6730 0.563332869571 0.561835646779
6735 0.56613609284 0.564631419657
6740 0.564064965492 0.562565796939
6745 0.561335010175 0.559843097281
6750 0.559268802004 0.557782380666
6755 0.55540579439 0.553929640132
6760 0.552966153905 0.551496483709
6765 0.550076720582 0.548614729905
6770 0.546328438422 0.544876409907
6775 0.541258095047 0.539819542461
6780 0.542011803003 0.540571247216
6785 0.532062789345 0.530648675988
6790 0.5345302141 0.533109542836
6795 0.533099527511 0.531682658718
6800 0.539193288521 0.537760223766
6805 0.541473686046 0.540034560463
6810 0.541542524346 0.540103215805
6815 0.539620077961 0.538185878887
6820 0.53947219947 0.538038393427
6825 0.539272056613 0.537838782509
6830 0.537801742514 0.536372376201
6835 0.537719662627 0.536290514466
6840 0.536976794369 0.535549620598
6845 0.534690852983 0.533269754774
6850 0.532055042789 0.530640950021
6855 0.531782546642 0.530369178112
6860 0.530201101174 0.528791935802
6865 0.531314950886 0.52990282513
6870 0.526506212951 0.525106867831
6875 0.524099756623 0.522706807368
6880 0.526139105322 0.524740735898
6885 0.521142036559 0.519756948314
6890 0.521481278528 0.520095288649
6895 0.518548398803 0.517170203914
6900 0.51912580414 0.517746074626
6905 0.51843690138 0.517059002829
6910 0.514817838414 0.513449558587
6915 0.511571548975 0.510211897117
6920 0.511442205856 0.510082897765
6925 0.509761090861 0.508406250828
6930 0.508183229977 0.506832583573
6935 0.50583639585 0.504491986848
6940 0.503665594734 0.502326955274
6945 0.502427212401 0.501091864307
6950 0.501080222013 0.499748453942
6955 0.50104552362 0.49971384777
6960 0.499213602633 0.497886795651
6965 0.492516449916 0.491207442588
6970 0.491795985607 0.490488893125
6975 0.490650843001 0.489346794072
6980 0.488155493787 0.486858076983
6985 0.491321891066 0.49001605863
6990 0.488173186867 0.486875723038
6995 0.48760424732 0.486308295615
7000 0.486646330339 0.48535292458
7005 0.486808708613 0.485514871287
7010 0.486734780212 0.485441139372
7015 0.486302870947 0.485010378032
7020 0.483267598096 0.481983172312
7025 0.481406039948 0.480126561802
7030 0.48118329152 0.479904405394
7035 0.478171249379 0.476900368641
7040 0.477450516683 0.476181551504
7045 0.474688930984 0.473427305531
7050 0.476416423678 0.475150206905
7055 0.471334709801 0.470081999177
7060 0.466706255457 0.465465846312
7065 0.460459705335 0.459235898234
7070 0.466197965686 0.464958907471
7075 0.468256549244 0.467012019737
7080 0.46424036069 0.463006505386
7085 0.468201618484 0.466957234972
7090 0.464579179597 0.463344423782
7095 0.465175606553 0.463939265558
7100 0.462871990473 0.461641772015
7105 0.464177546273 0.462943857917
7110 0.462888818171 0.461658554988
7115 0.461266607438 0.460040655758
7120 0.460781004913 0.459556343864
7125 0.459833379 0.458611236546
7130 0.457010791812 0.455796151214
7135 0.456205243213 0.454992743597
7140 0.454481581867 0.453273663388
7145 0.453160843426 0.451956435197
7150 0.447228209842 0.446039569332
7155 0.449161399533 0.447967621003
7160 0.445110543196 0.443927531008
7165 0.450478921912 0.449281641679
7170 0.45079915248 0.44960102114
7175 0.452919622158 0.451715855046
7180 0.44986231115 0.448666669741
7185 0.4493845557 0.448190184067
7190 0.446721099516 0.445533806802
7195 0.446029570123 0.444844115351
7200 0.446052323408 0.444866808163
7205 0.444263269361 0.443082509053
7210 0.442477759515 0.441301744725
7215 0.441824661316 0.440650382326
7220 0.44183318213 0.440658880493
7225 0.437803213891 0.43663962308
7230 0.437505243336 0.43634244447
7235 0.436948944799 0.43578762446
7240 0.433205094934 0.432053724977
7245 0.43637088589 0.435211101912
7250 0.435045987782 0.433889725111
7255 0.433699590611 0.432546906386
7260 0.430238441649 0.429094956445
7265 0.430146599221 0.429003358116
7270 0.430707330407 0.429562598994
7275 0.428004117431 0.426866570601
7280 0.427755938724 0.426619051503
7285 0.426717400691 0.42558327369
7290 0.42532660971 0.424196179145
7295 0.4258594259 0.424727579219
7300 0.427113490039 0.425978310313
7305 0.427402692002 0.426266743637
7310 0.425858173776 0.424726330423
7315 0.424805469145 0.423676423664
7320 0.422811235485 0.421687490266
7325 0.421247478159 0.420127889086
7330 0.416473144346 0.415366244469
7335 0.41760752885 0.416497614013
7340 0.417637022205 0.41652702898
7345 0.416861378891 0.415753447167
7350 0.416312483118 0.415206010246
7355 0.414013903831 0.412913540109
7360 0.414115633081 0.413014998983
7365 0.412734995073 0.411638030427
7370 0.410242090313 0.409151751295
7375 0.410686771382 0.409595250493
7380 0.410418426207 0.409327618524
7385 0.411002588722 0.409910228456
7390 0.410073961048 0.408984068883
7395 0.407593443692 0.406510144231
7400 0.406162915358 0.405083417947
