Wave Flux FluxNorm
3600 0.151349359728 0.138804893306
3605 0.0921059799638 0.0844718520431
3610 0.0797583968597 0.0731476881455
3615 0.126050408446 0.115602824664
3620 0.0894051695768 0.0819948960898
3625 0.167181772421 0.153325049577
3630 0.127488220781 0.116921465113
3635 0.118678557448 0.108841983435
3640 0.177642390734 0.162918648198
3645 0.128027674477 0.117416206636
3650 0.117387421979 0.107657862661
3655 0.188821549552 0.173171231689
3660 0.220582088275 0.202299324446
3665 0.193745353125 0.177686929879
3670 0.173344702086 0.158977169917
3675 0.200024482708 0.183445619003
3680 0.145254505417 0.133215205951
3685 0.149177215145 0.136812785129
3690 0.172874123121 0.1585455945
3695 0.179481596461 0.164605412881
3700 0.22287490619 0.204402104046
3705 0.124764759324 0.114423735506
3710 0.137730073198 0.126314430069
3715 0.208942719444 0.191624675068
3720 0.0783865649192 0.0718895593601
3725 0.131649351012 0.120737703509
3730 0.118925945049 0.109068866519
3735 0.0525622373124 0.0482056597742
3740 0.115901050578 0.106294687923
3745 0.0735979916564 0.0674978830291
3750 0.0780427569939 0.0715742476701
3755 0.157014077663 0.144000095784
3760 0.100191206851 0.0918869415909
3765 0.104947725095 0.0962492197572
3770 0.173069509663 0.15872478659
3775 0.186436898679 0.170984230631
3780 0.193042267362 0.177042118797
3785 0.176561090144 0.161926970312
3790 0.11463334623 0.105132056201
3795 0.11043293867 0.101279795944
3800 0.114670291969 0.105165939723
3805 0.157193425276 0.144164578318
3810 0.143009326552 0.131156116878
3815 0.0964711505028 0.0884752190347
3820 0.0649000787039 0.059520889393
3825 0.0592288862195 0.0543197490041
3830 0.0789217827723 0.0723804161243
3835 0.0778439865824 0.0713919521796
3840 0.0722357237788 0.066248525597
3845 0.110442677848 0.101288727899
3850 0.0928239145663 0.0851302812303
3855 0.0920665802992 0.0844357179871
3860 0.0715971965551 0.0656629221738
3865 0.0961753511865 0.0882039368
3870 0.0823937538744 0.0755646157751
3875 0.105974049743 0.0971904783362
3880 0.0910379631017 0.0834923568747
3885 0.118683052805 0.108846106197
3890 0.165384194903 0.151676462783
3895 0.188268801993 0.172664298155
3900 0.169397336419 0.155356978386
3905 0.161041471986 0.147693682862
3910 0.206966146499 0.189811928736
3915 0.201126849184 0.184456616746
3920 0.138261906763 0.126802183049
3925 0.127298200318 0.116747194339
3930 0.0575672219488 0.0527958104013
3935 0.0385943125409 0.0353954548873
3940 0.101769527483 0.0933344444241
3945 0.13505385022 0.123860023617
3950 0.195278469221 0.179092974916
3955 0.213408917878 0.195720696341
3960 0.15941359431 0.146200730479
3965 0.075831822141 0.0695465643227
3970 0.0530045836585 0.0486113426096
3975 0.150277818583 0.137822165962
3980 0.243938344266 0.223719716489
3985 0.270720783146 0.248282315088
3990 0.290326990253 0.266263477946
3995 0.296995508086 0.272379281197
4000 0.340906705332 0.312650935201
4005 0.2994843559 0.27466184292
4010 0.347934417988 0.31909616171
4015 0.380172600182 0.348662308854
4020 0.377366167227 0.346088484772
4025 0.355874792128 0.326378404511
4030 0.321372477369 0.294735785556
4035 0.287787685325 0.263934641205
4040 0.372568753639 0.341688700838
4045 0.237207148994 0.217546430766
4050 0.36052782906 0.330645778328
4055 0.319146058495 0.292693901568
4060 0.30864596627 0.283064100797
4065 0.26369922163 0.241842729888
4070 0.323871297615 0.297027493154
4075 0.305025365086 0.279743590146
4080 0.349357392825 0.320401194456
4085 0.370863416153 0.340124708839
4090 0.423954077903 0.388814995028
4095 0.356696710529 0.327132198886
4100 0.306450121319 0.281050256637
4105 0.355317391249 0.325867203343
4110 0.335774947184 0.307944518581
4115 0.35114896579 0.322044274378
4120 0.315438524898 0.289293663824
4125 0.345647959833 0.316999214747
4130 0.293218557795 0.268915380306
4135 0.299768289244 0.274922242684
4140 0.320750908104 0.294165734545
4145 0.248496315781 0.227899904308
4150 0.268234914841 0.246002485921
4155 0.270115231918 0.247726954473
4160 0.331357487425 0.303893196317
4165 0.314878946615 0.288780465724
4170 0.308118811329 0.282580638657
4175 0.268286676983 0.246049957801
4180 0.288260593513 0.26436835279
4185 0.349351944368 0.320396197589
4190 0.331372731275 0.303907176694
4195 0.319726376466 0.293226120364
4200 0.284383269905 0.260812397939
4205 0.330004573794 0.302652417813
4210 0.368382984745 0.337849865935
4215 0.321411756152 0.29477180875
4220 0.483230077153 0.443177952139
4225 0.246721417859 0.226272117331
4230 0.383243307978 0.351478503575
4235 0.387488620553 0.355371946932
4240 0.427372846439 0.391950401763
4245 0.523377708417 0.479997980212
4250 0.377669994308 0.346367129397
4255 0.385926543289 0.353939341149
4260 0.387756107012 0.355617262997
4265 0.538736905724 0.494084143162
4270 0.358062566663 0.328384847165
4275 0.352837439948 0.323592800753
4280 0.459614619608 0.421519842248
4285 0.436910990373 0.400697984532
4290 0.352802521081 0.323560776107
4295 0.417329363372 0.382739364478
4300 0.300238055833 0.275353073058
4305 0.292025906111 0.267821580569
4310 0.287767875146 0.263916472976
4315 0.537388663946 0.492847649288
4320 0.612232126256 0.561487773166
4325 0.37215841541 0.341312373154
4330 0.60076936376 0.550975092252
4335 0.648117849022 0.5943991375
4340 0.466126868016 0.427492328336
4345 0.613824327541 0.562948006165
4350 0.607411693289 0.557066877796
4355 0.579488716416 0.531458273751
4360 0.598030584762 0.548463314685
4365 0.681095534092 0.624643494437
4370 0.59366769121 0.544462035954
4375 0.513871909774 0.471280061823
4380 0.559414620797 0.513048002934
4385 0.374806862971 0.343741306331
4390 0.509196485129 0.46699215588
4395 0.572754171626 0.525281916132
4400 0.594755718741 0.545459883224
4405 0.42927249258 0.393692597306
4410 0.595495750043 0.546138577644
4415 0.549289419223 0.503762020313
4420 0.649820139816 0.59596033533
4425 0.61756233388 0.566376190942
4430 0.609949705572 0.559394529031
4435 0.562176428509 0.5155809005
4440 0.668121333394 0.612744649625
4445 0.677875569028 0.621690413512
4450 0.704100266946 0.645741499047
4455 0.592784529066 0.543652073974
4460 0.536332201264 0.491878750641
4465 0.640726171434 0.587620112992
4470 0.645938329875 0.592400265994
4475 0.767183410327 0.703596048298
4480 0.695764903744 0.638097005525
4485 0.78862082726 0.72325664267
4490 0.686081217359 0.629215943472
4495 0.637073642405 0.584270320808
4500 0.766423959438 0.702899543867
4505 0.862153057004 0.790694214408
4510 0.827380111396 0.758803395619
4515 0.746798859141 0.684901053766
4520 0.801218325559 0.734810007749
4525 0.692228510419 0.634853723235
4530 0.608346701433 0.557924388564
4535 0.669558797934 0.614062971107
4540 0.732272933387 0.671579097346
4545 0.72605160612 0.66587341964
4550 0.725945897162 0.665776472282
4555 0.718356665917 0.658816268188
4560 0.824763617861 0.756403767985
4565 0.733580489366 0.67277827763
4570 0.790885156543 0.725333294894
4575 0.807990362442 0.741020749959
4580 0.708986623453 0.650222853939
4585 0.742936285669 0.6813586265
4590 0.819169260279 0.751273094101
4595 0.714237718261 0.655038716099
4600 0.745028800404 0.683277704883
4605 0.752941488719 0.690534556575
4610 0.887044382643 0.813522443122
4615 0.860769216437 0.789425072321
4620 0.868093662466 0.796142437703
4625 0.858959071418 0.787764959675
4630 0.866320352793 0.794516107335
4635 0.799689303166 0.733407717111
4640 0.749129492433 0.687038514447
4645 0.707048657054 0.64844551428
4650 0.755347770211 0.692741395417
4655 0.766016332911 0.702525703127
4660 0.883160605037 0.809960569208
4665 0.717937739007 0.658432063688
4670 0.74006057618 0.678721267811
4675 0.80998164221 0.742846984151
4680 0.766835177136 0.703276678126
4685 0.798490360975 0.732308148251
4690 0.764857386321 0.701462814866
4695 0.811286586842 0.744043769528
4700 0.727710233311 0.66739457289
4705 0.757463698632 0.694681946862
4710 0.755919833009 0.693266043263
4715 0.773805977932 0.709669709868
4720 0.892898885211 0.81889170009
4725 0.860775136315 0.789430501535
4730 0.712551428609 0.65349219317
4735 0.813120764795 0.745725923159
4740 0.840025356048 0.770400549633
4745 0.853078162278 0.782371484821
4750 0.879505238789 0.806608174967
4755 0.825523186676 0.757100380567
4760 0.853076451845 0.782369916156
4765 0.774892900253 0.710666543531
4770 0.872185284143 0.799894928704
4775 0.927699541996 0.850807933239
4780 0.906046542754 0.830949624919
4785 0.826215544317 0.757735352718
4790 0.832535535133 0.763531516325
4795 0.945301813376 0.866951254924
4800 0.869520299399 0.797450829015
4805 0.904435072321 0.829471719879
4810 0.884352797874 0.81105394813
4815 0.910410913998 0.834952258864
4820 0.968751326352 0.888457174424
4825 0.885255227198 0.811881580346
4830 0.887631158731 0.81406058476
4835 0.906941992921 0.83177085644
4840 0.864832086638 0.793151194889
4845 0.900914480696 0.826242929577
4850 0.895458482191 0.821239146993
4855 0.838950573106 0.769414849186
4860 0.751620963258 0.689323481774
4865 0.813905775579 0.746445868974
4870 0.798542424706 0.732355896723
4875 0.827468217101 0.758884198755
4880 0.90093494488 0.826261697604
4885 0.811228548701 0.74399054183
4890 0.775787599123 0.711487086026
4895 0.979967013326 0.898743258465
4900 0.933750208531 0.856357095286
4905 0.938876750947 0.861058728477
4910 0.851374357934 0.78080889889
4915 0.931031983803 0.853864168365
4920 0.725768842468 0.66561409262
4925 0.845137057317 0.775088571772
4930 0.972998095068 0.892351953229
4935 0.87319632986 0.800822174733
4940 0.829051202217 0.760335979459
4945 0.951451494051 0.872591224406
4950 0.986172246987 0.90443417647
4955 0.926595448071 0.849795351225
4960 0.916996214911 0.840991742561
4965 0.901702662269 0.826965783373
4970 0.905126721965 0.830106042715
4975 0.967829225433 0.887611501077
4980 0.842514402328 0.772683293371
4985 0.79520149447 0.729291876725
4990 0.882914108231 0.809734503086
4995 0.885906223654 0.812478619499
5000 0.828744312303 0.760054525862
5005 0.766834165955 0.703275750756
5010 0.831698334456 0.762763706333
5015 0.741919603694 0.680426211368
5020 0.783448230752 0.718512772543
5025 0.828017623508 0.759388068066
5030 0.870216531891 0.798089354853
5035 0.887633902128 0.814063100772
5040 0.708371243061 0.649658478841
5045 0.899924536088 0.825335035709
5050 0.801819163256 0.73536104551
5055 0.894499584865 0.820359727078
5060 0.944431045021 0.866152659484
5065 0.827559765812 0.758968159527
5070 0.839617760449 0.770026737258
5075 0.850827027331 0.780306933331
5080 0.730602268972 0.670046904569
5085 0.80767813111 0.740734397663
5090 0.877132141331 0.804431769728
5095 0.877024928015 0.804333442699
5100 0.787664263867 0.722379363242
5105 0.818034454223 0.750232345506
5110 0.774476174937 0.710284358148
5115 0.864848823664 0.79316654468
5120 0.861121546182 0.789748199507
5125 0.725348203338 0.665228317817
5130 0.765084702186 0.701671289844
5135 0.844699583364 0.774687357486
5140 0.779830873423 0.715195236882
5145 0.76220202796 0.699027543685
5150 0.753639552278 0.691174761714
5155 0.79075149061 0.725210707751
5160 0.86375293963 0.792161492087
5165 0.677224358933 0.621093178427
5170 0.602021225004 0.552123194013
5175 0.695673458317 0.638013139477
5180 0.764623426686 0.701248246782
5185 0.652719011168 0.59861893613
5190 0.854526443083 0.78369972607
5195 0.781866220185 0.717061885612
5200 0.881738597129 0.80865642325
5205 0.728993272901 0.668571268806
5210 0.725312885301 0.665195927086
5215 0.863090465716 0.791553926775
5220 0.917643917026 0.841585760423
5225 0.74538145542 0.683601130379
5230 0.875293363042 0.802745397055
5235 0.86981681055 0.797722764084
5240 0.945979939791 0.867573175392
5245 0.933549188453 0.856172736591
5250 0.815488729983 0.747897621513
5255 0.869295937022 0.797245062727
5260 0.937683302542 0.859964198055
5265 0.69685652839 0.639098151766
5270 0.674905191484 0.618966233252
5275 0.861068856254 0.78969987674
5280 0.93359432033 0.85621412775
5285 0.932341816321 0.855065436499
5290 1.02257069981 0.937815773652
5295 0.929749901203 0.852688350121
5300 0.866178634915 0.794386135626
5305 1.01972769586 0.935208409738
5310 1.05063160537 0.963550874278
5315 1.00178609574 0.918753884294
5320 0.976207718015 0.895295549236
5325 0.885551630193 0.812153416224
5330 0.814234908433 0.746747721924
5335 1.00241097213 0.919326968316
5340 0.914538224887 0.838737481007
5345 0.961876724907 0.882152368631
5350 0.949065131673 0.870402653699
5355 1.07609474524 0.986903522875
5360 1.06997317122 0.981289330451
5365 0.99135004543 0.909182817375
5370 0.878969112772 0.806116485311
5375 1.025036394 0.940077100818
5380 1.02430497016 0.939406300441
5385 1.00655880486 0.923131011367
5390 0.931987615466 0.854740593289
5395 0.891526656854 0.817633207745
5400 0.932927369669 0.855602456743
5405 0.829242232799 0.76051117663
5410 0.895292538478 0.821086957387
5415 1.02507390122 0.940111499289
5420 1.00343207556 0.920263438439
5425 0.997941241914 0.915227707993
5430 0.918207197415 0.842102353783
5435 0.890595224187 0.816778976103
5440 1.06845204027 0.979894277179
5445 0.97824632269 0.897165185849
5450 1.03558597788 0.949752291178
5455 0.942357673466 0.864251137614
5460 1.04117352155 0.954876715915
5465 1.00838005578 0.924801309414
5470 0.993431512882 0.91109176412
5475 0.924540570047 0.847910790066
5480 0.946435223589 0.867990723369
5485 1.01070672997 0.926935139134
5490 0.987669880937 0.90580768027
5495 1.00252622685 0.91943267025
5500 1.03627079364 0.950380346546
5505 0.967382861433 0.887202133587
5510 0.989505151611 0.907490836053
5515 0.941472793516 0.863439600206
5520 1.05482376884 0.967395573756
5525 1.02854729926 0.943297007605
5530 0.993735548874 0.91137060034
5535 0.999695317655 0.916836398618
5540 1.04658483969 0.959839521428
5545 1.02945283883 0.944127492276
5550 1.09037481405 1.0
5555 1.04173562514 0.955392230008
5560 1.04057726376 0.954329878458
5565 1.00084260469 0.91788859372
5570 1.01009263682 0.926371944586
5575 1.04031046309 0.954085191336
5580 1.05095279599 0.963845443287
5585 0.982318937811 0.900900245636
5590 0.920507278295 0.844211794363
5595 1.01103669058 0.927237751236
5600 0.97730836086 0.896304966209
5605 1.05208636516 0.964885057508
5610 1.10378322726 1.01229706798
5615 0.987979421534 0.906091564851
5620 1.01685018452 0.932569398537
5625 0.963671652632 0.883798525256
5630 1.08448175471 0.99459538201
5635 1.040028091 0.95382622342
5640 1.0063932724 0.922979198931
5645 1.0161627154 0.931938909728
5650 1.03319086823 0.947555698207
5655 1.02032926491 0.935760118235
5660 0.95354035818 0.87450695476
5665 1.03068576815 0.945258231272
5670 1.02617507417 0.941121402426
5675 1.10601075513 1.01433996905
5680 1.05954491679 0.971725413265
5685 1.02281707019 0.938041723829
5690 1.04754161867 0.96071699857
5695 1.07878422892 0.989370090929
5700 0.983532271168 0.902013012862
5705 0.982647305853 0.901201397165
5710 0.91581833067 0.839911486281
5715 1.03952747371 0.953367099382
5720 1.09439544267 1.00368738215
5725 1.09971377013 1.00856490443
5730 1.05963682604 0.971809704686
5735 1.09204443333 1.00153123427
5740 1.06800213115 0.979481658407
5745 1.08583016562 0.995832030992
5750 1.06226476054 0.97421982501
5755 1.03019709618 0.944810062473
5760 1.04544253305 0.958791893923
5765 1.09792585173 1.00692517618
5770 1.1087704253 1.01687090624
5775 1.08190788078 0.992234841489
5780 0.998186744754 0.915452862533
5785 0.943243252141 0.865063315834
5790 1.04221947296 0.955835974507
5795 1.08184576972 0.992177878449
5800 1.10047206871 1.00926035207
5805 1.05874118231 0.970988295651
5810 1.09353091288 1.00289450819
5815 1.07256757796 0.98366870194
5820 1.13839269563 1.04403795921
5825 1.12739321952 1.03395016557
5830 1.13109850832 1.03734834458
5835 1.09071330591 1.00031043624
5840 1.12101110869 1.02809703072
5845 1.10947073789 1.017513174
5850 1.08882980763 0.99858305016
5855 1.0461940306 0.959481104226
5860 1.04882932172 0.961897971424
5865 1.07596345455 0.986783114103
5870 1.11167542288 1.0195351255
5875 1.10783251897 1.0160107375
5880 1.04330381672 0.956830443329
5885 1.04781062588 0.960963709338
5890 0.743486830354 0.681863539744
5895 0.826492765314 0.757989596482
5900 1.01860320083 0.934177117547
5905 1.06862416757 0.980052137851
5910 1.09037625864 1.00000132486
5915 1.02904712866 0.943755409062
5920 1.08040520988 0.99085671822
5925 1.09704638849 1.00611860651
5930 1.0714304785 0.982625850025
5935 1.06354073066 0.975390037407
5940 1.06149484784 0.973513725894
5945 1.08722455181 0.997110844641
5950 1.07445244331 0.98539734178
5955 1.06633901104 0.97795638463
5960 1.10476333117 1.01319593679
5965 1.10077424824 1.0095374857
5970 1.13926458367 1.04483758153
5975 1.09273838326 1.00216766673
5980 1.09142190126 1.00096030026
5985 1.0502248925 0.963177871471
5990 1.09961425028 1.00847363321
5995 1.10779772333 1.01597882587
6000 1.08723810601 0.997123275408
6005 1.06850777533 0.979945392686
6010 1.07502169276 0.985919409467
6015 1.0472150666 0.960417512499
6020 1.04031398026 0.95408841699
6025 1.08450228577 0.994614211364
6030 1.11547362677 1.0230185184
6035 1.13010069191 1.03643323135
6040 1.11278125022 1.02054929726
6045 1.14551697925 1.05057175248
6050 1.1432553434 1.04849757044
6055 1.09860883536 1.00755155127
6060 1.11778224299 1.02513578688
6065 1.0690555047 0.980447723961
6070 1.16076807256 1.06455877154
6075 1.15127689994 1.05585426691
6080 1.08661924239 0.996555705794
6085 1.08264939241 0.992914893542
6090 1.065631588 0.977307595763
6095 1.09950538472 1.00837379088
6100 1.09365251707 1.00300603332
6105 1.08038950283 0.990842313038
6110 1.11199591926 1.0198290578
6115 1.1189690671 1.02622424206
6120 1.04904748488 0.962098052311
6125 1.08260286248 0.992872220204
6130 1.09214023063 1.00161909149
6135 0.994549548064 0.912117131881
6140 1.0546966038 0.967278948679
6145 1.10904037105 1.01711847776
6150 1.0682705402 0.979727820594
6155 1.0741873383 0.985154209784
6160 1.00410564396 0.920881178681
6165 1.02396035741 0.939090250638
6170 1.01147488374 0.927639625115
6175 1.08785219236 0.997686463719
6180 1.10322190936 1.01178227445
6185 1.10295916747 1.0115413097
6190 1.01544876603 0.931284135461
6195 1.11619772465 1.02368260003
6200 1.06448470786 0.976255773833
6205 1.1321446295 1.03830775887
6210 1.09359456567 1.00295288517
6215 0.987014272242 0.905206411159
6220 1.01356708992 0.929558420518
6225 1.06439722815 0.976175544808
6230 0.980853819027 0.89955656201
6235 1.09605530441 1.00520966762
6240 1.00427470573 0.9210362279
6245 0.998960867576 0.916162822826
6250 1.04185179001 0.955498766648
6255 0.951904584679 0.873006760992
6260 0.973900818745 0.893179855402
6265 1.0417664221 0.95542047439
6270 1.0461323027 0.959424492593
6275 1.0409757902 0.954695373359
6280 0.998426233613 0.915672501556
6285 1.07212624982 0.983263952914
6290 1.0792556589 0.989802446823
6295 1.03340826589 0.947755077037
6300 1.01818605925 0.933794550404
6305 1.03557373727 0.949741065119
6310 1.06400443887 0.975815311541
6315 1.0022035738 0.919136760024
6320 1.01658130085 0.932322801072
6325 1.08028971772 0.990750798536
6330 1.0827301487 0.99298895641
6335 1.03324480521 0.947605164661
6340 1.06230550504 0.974257192436
6345 1.04627665403 0.95955687948
6350 1.09809306598 1.00707853101
6355 1.04916867498 0.962209197665
6360 0.978540217355 0.897434721298
6365 1.01676267631 0.932489143374
6370 1.09749249768 1.00652774032
6375 1.11911585466 1.02635886325
6380 1.0879664158 0.997791219848
6385 1.1065822133 1.01486406238
6390 1.10368583271 1.0122077459
6395 1.0627710784 0.974684177139
6400 1.03974585366 0.953567379092
6405 1.10621714443 1.01452925194
6410 1.06678981076 0.978369820195
6415 1.08323647203 0.993453313552
6420 1.04452409564 0.957949580445
6425 1.12128462045 1.02834787268
6430 1.05395004298 0.966594265933
6435 1.10276876379 1.01136668748
6440 1.08349219082 0.993687837304
6445 1.135875564 1.04172945795
6450 0.987169818823 0.90534906539
6455 1.07586612297 0.986693849778
6460 1.10932749331 1.01738180213
6465 1.07357702643 0.984594483107
6470 1.0760943181 0.986903131141
6475 1.09001661621 0.999671491096
6480 1.08279940501 0.993052472469
6485 1.08845717687 0.998241304594
6490 1.07533163487 0.986203662277
6495 0.908521613127 0.833219551132
6500 1.0050903313 0.921784251022
6505 1.09016926815 0.999811490605
6510 1.08822737162 0.998030546558
6515 1.08323749022 0.993454247346
6520 1.08516927791 0.995225920412
6525 1.10151134477 1.01021348859
6530 1.07973158972 0.990238930514
6535 1.09086254312 1.00044730405
6540 1.1136912382 1.02138386163
6545 1.06239248429 0.974336962486
6550 1.08223442565 0.99253432096
6555 1.03135334544 0.94587047697
6560 0.980963531864 0.899657181389
6565 0.976257089127 0.895340828264
6570 1.05609696905 0.968563245812
6575 1.03305478394 0.947430893146
6580 1.08340023 0.99360349858
6585 1.08777437179 0.997615093249
6590 1.09037992141 1.00000468405
6595 1.03223628073 0.946680230897
6600 1.08950163713 0.999199195631
6605 1.06035418622 0.972467607066
6610 1.03997283229 0.953775544788
6615 1.10115938461 1.00989070035
6620 1.12092272615 1.02801597369
6625 1.06065915819 0.972747301687
6630 1.06337559534 0.975238589193
6635 1.04900915111 0.962062895797
6640 1.07855853465 0.989163103139
6645 1.06030281433 0.972420493095
6650 1.09913722848 1.00803614896
6655 1.10233080083 1.01096502471
6660 1.08068759566 0.991115698689
6665 1.03430915867 0.948581300067
6670 1.08904296254 0.998778537901
6675 1.08570868607 0.995720620179
6680 1.06318542923 0.975064184844
6685 1.11465330149 1.02226618511
6690 1.11104668875 1.01895850348
6695 1.07196288026 0.983114124106
6700 1.08647146466 0.996420176493
6705 1.07119401973 0.982408989949
6710 1.06906294967 0.980454551859
6715 1.03276664448 0.947166635893
6720 1.08908368256 0.998815882879
6725 1.09666386022 1.00576778378
6730 1.10631195048 1.01461620007
6735 1.09390519291 1.00323776634
6740 1.05858655349 0.970846483113
6745 1.06326443631 0.975136643485
6750 1.05878319151 0.971026822953
6755 1.07752020296 0.988210832715
6760 1.1184792614 1.02577503349
6765 1.08146497647 0.991828646933
6770 1.05134561145 0.964205700555
6775 1.10402778851 1.01252135897
6780 1.1139209879 1.02159456872
6785 1.05193867035 0.964749604261
6790 1.09903024734 1.00793803487
6795 1.07057735651 0.981843438345
6800 1.08894160171 0.998685578277
6805 1.08696127777 0.996869391848
6810 1.08521279299 0.995265828781
6815 1.08162466447 0.991975099327
6820 1.09115025709 1.00071117108
6825 1.11342437414 1.02113911638
6830 1.08829922091 0.998096440683
6835 1.09979184264 1.00863650598
6840 1.02858094448 0.943327864166
6845 1.06993805824 0.981257127785
6850 1.08871169929 0.998474731133
6855 1.05081678576 0.963720706145
6860 1.04270511016 0.956281360069
6865 1.07386143884 0.984855322228
6870 1.04056322464 0.954317002955
6875 1.03126880202 0.945792940861
6880 1.06036702338 0.972479380223
6885 1.07883975282 0.989421012772
6890 1.1166164039 1.02406657739
6895 1.0856696554 0.99568482453
6900 1.08556440433 0.99558829711
6905 1.08724008497 0.99712509035
6910 1.08664750885 0.996581629413
6915 1.04613172609 0.959423963773
6920 1.10322359657 1.01178382182
6925 1.04112173714 0.954829223609
6930 1.07218013726 0.98331337394
6935 1.06614226979 0.977775950115
6940 1.08119247486 0.991578731396
6945 1.01947670688 0.934978223767
6950 1.04727586464 0.960473271347
6955 1.04027213523 0.954050040254
6960 1.06092424462 0.972990416641
6965 1.05920782324 0.971416259429
6970 1.05521095923 0.967750672183
6975 1.01358940491 0.929578885947
6980 0.969001107172 0.888686252367
6985 1.0601345117 0.972266140083
6990 1.05048226502 0.963413911886
6995 1.05597723365 0.968453434588
7000 1.0154515153 0.931286656862
7005 1.01916439576 0.934691798298
7010 1.02984699621 0.944488980252
7015 0.973130921218 0.892473770194
7020 1.03275180991 0.947153030869
7025 0.988488563927 0.906558507398
7030 1.02649117347 0.941411302103
7035 1.0323235516 0.946760268398
7040 1.04141538202 0.955098529974
7045 1.04887531856 0.961940155852
7050 1.06023319507 0.972356644166
7055 1.03794090524 0.951912032324
7060 1.02906320868 0.943770156296
7065 1.01506716687 0.930934164832
7070 1.0154948795 0.931326426854
7075 1.04910923699 0.962154686148
7080 1.06561944955 0.9772964634
7085 0.972734712002 0.892110400452
7090 1.00249112346 0.919400476371
7095 1.00672918625 0.923287270838
7100 1.02118956468 0.936549112767
7105 1.00955481591 0.925878700515
7110 0.975769172863 0.894893352535
7115 0.9967667077 0.914150524076
7120 0.978697514571 0.897578981064
7125 0.991446849297 0.909271597733
7130 0.952563488426 0.873611052048
7135 1.01026943709 0.926534090915
7140 0.993296986313 0.910968387674
7145 0.987554536401 0.90570189597
7150 0.958476231997 0.879033722761
7155 0.983284523644 0.901785799687
7160 0.987361798907 0.905525133364
7165 0.957244511378 0.877904092286
7170 1.02634523887 0.941277463165
7175 1.018885615 0.934436124046
7180 0.963953056464 0.884056605165
7185 0.972280483233 0.891693820058
7190 0.93142739812 0.854226809094
7195 0.970743398066 0.890284134923
7200 0.984504618007 0.902904767538
7205 0.988917637031 0.906952017132
7210 0.981500513543 0.900149655786
7215 0.975651298654 0.894785248233
7220 1.00334668235 0.920185122974
7225 1.01139863858 0.927569699476
7230 1.02416515057 0.939278069683
7235 1.03392724404 0.948231040115
7240 1.02148908102 0.936823803942
7245 1.00706836782 0.923598339626
7250 1.0202057236 0.935646816545
7255 1.01094393816 0.927152686525
7260 0.984232122462 0.902654857561
7265 1.01099023439 0.927195145527
7270 1.0198408736 0.935312206834
7275 1.01523986122 0.931092545558
7280 1.00580455542 0.92243927727
7285 0.965431327584 0.885412351006
7290 0.935787636104 0.858225652361
7295 0.99769138118 0.914998556759
7300 0.99501015678 0.912539563424
7305 1.00433875918 0.921094972334
7310 0.985642209701 0.903948070886
7315 1.00868220327 0.925078413657
7320 0.997764351479 0.915065478975
7325 0.971257516124 0.890755640731
7330 1.0020416683 0.918988273933
7335 1.01898162905 0.934524180053
7340 1.03771587278 0.951705651497
7345 0.993126231197 0.910811785454
7350 1.00673024049 0.923288237692
7355 0.95117739752 0.872339846138
7360 1.00744394128 0.923942783991
7365 0.987284175402 0.905453943619
7370 1.02506224624 0.940100810322
7375 1.02622302395 0.941165377935
7380 1.03757066738 0.951572481323
7385 0.979543991219 0.898355298196
7390 0.978858789419 0.89772688878
7395 1.02644304918 0.941367166555
7400 1.00287350732 0.91975116666
