Wave Flux FluxNorm
3600 1.15960803198e-12 0.823492087148
3605 1.03182732089e-12 0.732749007099
3610 1.04741039695e-12 0.743815280764
3615 1.06e-12 0.752755748759
3620 1.01551672677e-12 0.721166088716
3625 1.13822568902e-12 0.808307481882
3630 1.07112766934e-12 0.76065802901
3635 1.01928933893e-12 0.723845197668
3640 1.17427797016e-12 0.833909898757
3645 1.09866210762e-12 0.780211525904
3650 1.075e-12 0.763407952751
3655 1.17728311229e-12 0.83604399122
3660 1.19398277047e-12 0.847903202251
3665 1.1352628194e-12 0.806203409105
3670 1.12781505771e-12 0.800914403989
3675 1.18290700806e-12 0.84003778355
3680 1.13459731228e-12 0.805730801269
3685 1.121e-12 0.796074711659
3690 1.16127365545e-12 0.824674924547
3695 1.2183101275e-12 0.865179200229
3700 1.19198860194e-12 0.846487049587
3705 1.08117109675e-12 0.76779033818
3710 1.13949349891e-12 0.809207813189
3715 1.2673394862e-12 0.899997248934
3720 1.245e-12 0.884132931325
3725 1.1858236461e-12 0.842109025106
3730 1.28144614124e-12 0.910015046737
3735 1.03925391762e-12 0.738022981988
3740 1.26348879487e-12 0.897262692289
3745 1.23101358846e-12 0.874200524068
3750 9.63345064988e-13 0.684116543121
3755 1.325e-12 0.940944685948
3760 1.27731283639e-12 0.907079792977
3765 1.38388805072e-12 0.982763854548
3770 1.16831791776e-12 0.829677385823
3775 1.32867385567e-12 0.943553663285
3780 1.52886074338e-12 1.08571576758
3785 1.56153286724e-12 1.10891777613
3790 1.378e-12 0.978582473386
3795 1.1801975132e-12 0.838113644088
3800 1.10842358128e-12 0.787143606481
3805 1.44997413234e-12 1.0296946827
3810 1.52217069069e-12 1.08096484718
3815 1.34814223775e-12 0.957379075105
3820 1.30972219322e-12 0.930095198322
3825 1.248e-12 0.886263372123
3830 1.11565164584e-12 0.792276594353
3835 9.06668183679e-13 0.643867629699
3840 1.09821515959e-12 0.779894127128
3845 1.37219262574e-12 0.974458384365
3850 1.53006315151e-12 1.08656965402
3855 1.56752285511e-12 1.11317154764
3860 1.501e-12 1.06593054612
3865 1.62765776893e-12 1.15587617224
3870 1.54479759027e-12 1.09703327051
3875 1.4878261908e-12 1.05657520592
3880 1.49537812497e-12 1.06193818881
3885 1.27270332707e-12 0.90380636407
3890 1.10620829065e-12 0.785570424631
3895 1.306e-12 0.927451894225
3900 1.49552681943e-12 1.06204378372
3905 1.4584065512e-12 1.0356829391
3910 1.56013564922e-12 1.10792554603
3915 1.52784305986e-12 1.08499306275
3920 1.41821596867e-12 1.00714172018
3925 1.30707350032e-12 0.928214237188
3930 8.253e-13 0.586084263633
3935 6.52146186935e-13 0.463119614383
3940 1.16794853893e-12 0.829415072581
3945 1.35190975783e-12 0.960054567934
3950 1.51065133033e-12 1.07278440875
3955 1.47014504845e-12 1.04401899692
3960 1.31501349022e-12 0.933852796659
3965 8.67e-13 0.61569739073
3970 6.38380522309e-13 0.453343969871
3975 1.14162385058e-12 0.810720675891
3980 1.49989449406e-12 1.06514547447
3985 1.56138747746e-12 1.10881452802
3990 1.65435600651e-12 1.17483584377
3995 1.62252755985e-12 1.15223296999
4000 1.685e-12 1.19659758175
4005 1.60171165434e-12 1.13745061854
4010 1.72122874043e-12 1.22232531065
4015 1.73426311875e-12 1.23158163443
4020 1.79105456401e-12 1.2719119051
4025 1.73448852026e-12 1.23174170262
4030 1.64635609525e-12 1.16915473132
4035 1.742e-12 1.23707595692
4040 1.80174416833e-12 1.27950309481
4045 1.67436652111e-12 1.18904624933
4050 1.81015998044e-12 1.28547955797
4055 1.64802642258e-12 1.17034090915
4060 1.68291955019e-12 1.1951201567
4065 1.64837044324e-12 1.17058521437
4070 1.689e-12 1.19943816948
4075 1.59963778343e-12 1.13597786548
4080 1.60494045448e-12 1.13974354106
4085 1.64031575204e-12 1.16486520012
4090 1.69647144632e-12 1.20474399417
4095 1.54816960763e-12 1.0994278983
4100 1.18169600011e-12 0.839177789967
4105 1.37e-12 0.972901297924
4110 1.56880442342e-12 1.11408164944
4115 1.74762973828e-12 1.2410738983
4120 1.6979566553e-12 1.20579871077
4125 1.70419023327e-12 1.21022546705
4130 1.64893917072e-12 1.17098909445
4135 1.73052139548e-12 1.22892446113
4140 1.79e-12 1.2711630097
4145 1.71559462509e-12 1.21832426092
4150 1.75818708203e-12 1.24857116357
4155 1.68148183942e-12 1.19409917081
4160 1.74539991017e-12 1.2394903927
4165 1.80461533806e-12 1.28154204719
4170 1.71394078761e-12 1.2171497933
4175 1.602e-12 1.13765538633
4180 1.6789025197e-12 1.19226747482
4185 1.70429860371e-12 1.21030242599
4190 1.75950932549e-12 1.24951015071
4195 1.76586681096e-12 1.25402489952
4200 1.62902044254e-12 1.15684387073
4205 1.69415064898e-12 1.20309588706
4210 1.735e-12 1.23210492839
4215 1.71011460551e-12 1.21443264183
4220 1.74475355195e-12 1.23903138339
4225 1.53750227761e-12 1.09185252661
4230 1.6658087081e-12 1.18296894467
4235 1.66593556026e-12 1.18305902835
4240 1.66384671065e-12 1.1815756382
4245 1.7e-12 1.20724978575
4250 1.64962701094e-12 1.17147756207
4255 1.65873486753e-12 1.17794547849
4260 1.6331825342e-12 1.15979956735
4265 1.76395618422e-12 1.2526680738
4270 1.6822481601e-12 1.19464337109
4275 1.65410085371e-12 1.17465464779
4280 1.751e-12 1.24346727932
4285 1.68350657103e-12 1.19553702775
4290 1.51616754429e-12 1.07670173117
4295 1.60585780434e-12 1.14039499425
4300 1.4257542417e-12 1.01249500166
4305 1.39425841696e-12 0.990128338325
4310 1.41898808679e-12 1.0076900375
4315 1.55e-12 1.10072774583
4320 1.71658628322e-12 1.2190284839
4325 1.55855116034e-12 1.10680032612
4330 1.64402659749e-12 1.16750044563
4335 1.57547015927e-12 1.11881530131
4340 1.0691570374e-12 0.759258590781
4345 1.39589478719e-12 0.991290401622
4350 1.547e-12 1.09859730503
4355 1.5906137881e-12 1.12956950287
4360 1.65447720165e-12 1.17492191013
4365 1.79253472342e-12 1.27296303576
4370 1.66666513112e-12 1.18357713085
4375 1.60964881676e-12 1.1430871701
4380 1.71308829502e-12 1.21654439831
4385 1.499e-12 1.06451025225
4390 1.58766792869e-12 1.12747750985
4395 1.60302939679e-12 1.1383864093
4400 1.63299332532e-12 1.15966520124
4405 1.64632722198e-12 1.16913422706
4410 1.64697052922e-12 1.16959106972
4415 1.63295123149e-12 1.15963530844
4420 1.717e-12 1.2193222836
4425 1.68457439225e-12 1.19629533772
4430 1.70937749204e-12 1.21390918296
4435 1.62522212971e-12 1.15414651052
4440 1.70569163754e-12 1.21129168469
4445 1.63056112886e-12 1.15793798439
4450 1.72470879342e-12 1.2247966596
4455 1.577e-12 1.11990171301
4460 1.57238328001e-12 1.11662316347
4465 1.62685031305e-12 1.15530275992
4470 1.63901960177e-12 1.16394474298
4475 1.7437780388e-12 1.23833862572
4480 1.60272630807e-12 1.13817117178
4485 1.69803151858e-12 1.2058518747
4490 1.603e-12 1.13836553326
4495 1.63931155888e-12 1.16415207543
4500 1.64057639395e-12 1.16505029418
4505 1.7520852499e-12 1.2442379662
4510 1.7515579286e-12 1.2438634906
4515 1.67435439222e-12 1.18903763604
4520 1.69224113801e-12 1.2017398537
4525 1.614e-12 1.14617714952
4530 1.56851142806e-12 1.11387357969
4535 1.57416408963e-12 1.11788779996
4540 1.64903697987e-12 1.17105855332
4545 1.68061442477e-12 1.19348317896
4550 1.57249333426e-12 1.11670131816
4555 1.6156050931e-12 1.14731700147
4560 1.703e-12 1.20938022654
4565 1.64723398197e-12 1.16977815988
4570 1.65550017287e-12 1.17564837
4575 1.67949724789e-12 1.19268981922
4580 1.58546775311e-12 1.12591506191
4585 1.6107233714e-12 1.14385026177
4590 1.65663935636e-12 1.17645735766
4595 1.637e-12 1.16251052898
4600 1.59329403353e-12 1.13147287095
4605 1.63795112206e-12 1.1631859654
4610 1.70168952245e-12 1.20844959493
4615 1.64515852604e-12 1.16830428122
4620 1.66754656387e-12 1.18420307762
4625 1.67423897324e-12 1.1889556716
4630 1.676e-12 1.19020625936
4635 1.66199749617e-12 1.18026242421
4640 1.69869316529e-12 1.20632174109
4645 1.59646819849e-12 1.13372699445
4650 1.63095906636e-12 1.15822057849
4655 1.5994382643e-12 1.13583617758
4660 1.66524497725e-12 1.18256861294
4665 1.532e-12 1.08794510104
4670 1.56998639774e-12 1.11492102488
4675 1.66966723788e-12 1.18570906776
4680 1.61235167669e-12 1.14500659778
4685 1.68647016119e-12 1.19764161222
4690 1.63816826507e-12 1.16334016884
4695 1.63499505795e-12 1.16108672553
4700 1.534e-12 1.0893653949
4705 1.58190159963e-12 1.12338256896
4710 1.60018165454e-12 1.13636409388
4715 1.56348649801e-12 1.11030514102
4720 1.63804017128e-12 1.16324920342
4725 1.65291277593e-12 1.173810938
4730 1.54883046296e-12 1.09989720269
4735 1.615e-12 1.14688729646
4740 1.63195041345e-12 1.15892458058
4745 1.5983714021e-12 1.13507854866
4750 1.58965075357e-12 1.12888560686
4755 1.55068760224e-12 1.10121604445
4760 1.58622724705e-12 1.1264544142
4765 1.51289724445e-12 1.07437933777
4770 1.573e-12 1.11706112528
4775 1.5767381391e-12 1.1197157533
4780 1.62739814785e-12 1.15569180312
4785 1.6071951186e-12 1.14134468387
4790 1.57026268126e-12 1.11511722677
4795 1.61399616015e-12 1.14617442266
4800 1.59335364939e-12 1.13151520696
4805 1.619e-12 1.14972788419
4810 1.52948095921e-12 1.08615621195
4815 1.59108479142e-12 1.12990398444
4820 1.57200113102e-12 1.11635178154
4825 1.50345939796e-12 1.06767708004
4830 1.50224668772e-12 1.06681587758
4835 1.52157970685e-12 1.08054516182
4840 1.508e-12 1.07090157465
4845 1.51579203471e-12 1.0764350642
4850 1.42535535517e-12 1.01221173361
4855 1.25316230756e-12 0.889929369005
4860 9.77681271331e-13 0.694297356083
4865 1.22049785012e-12 0.866732804738
4870 1.33797919134e-12 0.950161818865
4875 1.354e-12 0.961538946999
4880 1.46521960618e-12 1.04052120919
4885 1.43781195307e-12 1.0210577484
4890 1.45404260721e-12 1.03258389766
4895 1.54812587464e-12 1.09939684145
4900 1.57826915258e-12 1.12080299782
4905 1.59712463353e-12 1.13419315979
4910 1.446e-12 1.02687246482
4915 1.53423866429e-12 1.08953488161
4920 1.41179608193e-12 1.00258265731
4925 1.42495488202e-12 1.01192733883
4930 1.5592001775e-12 1.10726122366
4935 1.48702489671e-12 1.05600616939
4940 1.4753206611e-12 1.04769444236
4945 1.601e-12 1.1369452394
4950 1.56385088647e-12 1.11056391037
4955 1.54030247021e-12 1.09384107479
4960 1.49314793095e-12 1.06035442337
4965 1.57419341152e-12 1.11790862281
4970 1.51980727697e-12 1.07928647617
4975 1.54217175628e-12 1.09516854256
4980 1.5e-12 1.06522039919
4985 1.39089955777e-12 0.987743054771
4990 1.49568819887e-12 1.06215838684
4995 1.49390151148e-12 1.06088957627
5000 1.42413239309e-12 1.01134325084
5005 1.48314843409e-12 1.05325331134
5010 1.45768305802e-12 1.03516915264
5015 1.358e-12 0.96437953473
5020 1.35621178341e-12 0.963109638202
5025 1.4085843751e-12 1.00030187356
5030 1.44412884286e-12 1.02554366831
5035 1.40107713389e-12 0.994970629232
5040 1.40676553753e-12 0.99901023163
5045 1.44304709573e-12 1.02477546891
5050 1.429e-12 1.01479996696
5055 1.44558932213e-12 1.02658082319
5060 1.49481321395e-12 1.06153701898
5065 1.46267168619e-12 1.03871181163
5070 1.45257207205e-12 1.03153960162
5075 1.42070629356e-12 1.00891021677
5080 1.3798174952e-12 0.979873162031
5085 1.437e-12 1.02048114242
5090 1.48212018384e-12 1.05252310258
5095 1.50464024128e-12 1.0685156523
5100 1.34241286979e-12 0.953310382023
5105 1.48470680533e-12 1.0543599839
5110 1.43331341955e-12 1.01786312862
5115 1.48876061385e-12 1.05723878358
5120 1.498e-12 1.06380010532
5125 1.38161213006e-12 0.981147616472
5130 1.40477223075e-12 0.997594690938
5135 1.44823767185e-12 1.02846154062
5140 1.40659049049e-12 0.998885922518
5145 1.42976539708e-12 1.01534351135
5150 1.43648743816e-12 1.0201171482
5155 1.374e-12 0.975741885655
5160 1.43137957619e-12 1.01648981569
5165 1.35292303529e-12 0.960774143812
5170 1.23179224976e-12 0.874753488
5175 1.34948634474e-12 0.958333588561
5180 1.44197866983e-12 1.02401672953
5185 1.26750300306e-12 0.900113369925
5190 1.326e-12 0.941654832881
5195 1.34248622791e-12 0.953362477063
5200 1.3966856264e-12 0.991852013661
5205 1.35295337158e-12 0.960795687037
5210 1.36227200603e-12 0.967413286709
5215 1.35994113853e-12 0.965758028306
5220 1.42585877694e-12 1.01256923704
5225 1.328e-12 0.943075126747
5230 1.37407857757e-12 0.975797687277
5235 1.34685009717e-12 0.956461465434
5240 1.4243774267e-12 1.01151726071
5245 1.41726024033e-12 1.00646301264
5250 1.37619679577e-12 0.977301933433
5255 1.39897644674e-12 0.993478832696
5260 1.435e-12 1.01906084856
5265 1.2236313116e-12 0.868958022799
5270 1.25284260733e-12 0.889702334863
5275 1.32170627142e-12 0.938605654699
5280 1.36984899065e-12 0.972794059098
5285 1.383172393e-12 0.982255632414
5290 1.4673717247e-12 1.04204952956
5295 1.414e-12 1.00414776297
5300 1.39353676235e-12 0.989615857512
5305 1.45172947468e-12 1.03094123369
5310 1.4386775405e-12 1.02167244266
5315 1.40986474468e-12 1.00121112409
5320 1.40701579386e-12 0.999187950395
5325 1.35853977838e-12 0.964762856692
5330 1.32e-12 0.937393951284
5335 1.38677573279e-12 0.984814533109
5340 1.37110037974e-12 0.973682729218
5345 1.37041712805e-12 0.973197520129
5350 1.37006327577e-12 0.972946233015
5355 1.47952403368e-12 1.05067945451
5360 1.47501709508e-12 1.04747886589
5365 1.369e-12 0.972191150991
5370 1.33039472448e-12 0.944775732991
5375 1.43022368167e-12 1.01566896074
5380 1.37149332921e-12 0.97396178108
5385 1.37862786426e-12 0.979028349264
5390 1.37103189775e-12 0.973634096948
5395 1.36856018908e-12 0.971878820617
5400 1.357e-12 0.963669387798
5405 1.31285502646e-12 0.932319970241
5410 1.33771781959e-12 0.94997620652
5415 1.37072658433e-12 0.973417279554
5420 1.38843321238e-12 0.985991587154
5425 1.356115214e-12 0.963041059735
5430 1.38457572593e-12 0.983252204984
5435 1.342e-12 0.953017183806
5440 1.43099699092e-12 1.01621812394
5445 1.38388880932e-12 0.982764393264
5450 1.42199312154e-12 1.00982405371
5455 1.33227527025e-12 0.946111196801
5460 1.40418330694e-12 0.997176468503
5465 1.32670767539e-12 0.942157386388
5470 1.378e-12 0.978582473386
5475 1.34222908068e-12 0.95317986475
5480 1.3416742192e-12 0.952785831567
5485 1.36854376709e-12 0.971867158591
5490 1.34807840037e-12 0.957333741188
5495 1.37582038724e-12 0.977034628072
5500 1.38935039276e-12 0.986642919991
5505 1.361e-12 0.966509975529
5510 1.34701795743e-12 0.956580670887
5515 1.39490464358e-12 0.990587254174
5520 1.41098901988e-12 1.00200952467
5525 1.37919695029e-12 0.979432483962
5530 1.31556477168e-12 0.934244287493
5535 1.33383843583e-12 0.947221274043
5540 1.36e-12 0.965799828596
5545 1.36255424578e-12 0.967613718403
5550 1.40815928905e-12 1.0
5555 1.34799621041e-12 0.95727537424
5560 1.35540121536e-12 0.962534015788
5565 1.35836771342e-12 0.96464066529
5570 1.34004703814e-12 0.951630293934
5575 1.326e-12 0.941654832881
5580 1.33978004315e-12 0.951440688261
5585 1.31772516985e-12 0.935778487631
5590 1.25361881718e-12 0.890253557912
5595 1.29915919926e-12 0.922593920559
5600 1.28133402268e-12 0.909935426085
5605 1.28893477036e-12 0.91533307374
5610 1.34e-12 0.95159688994
5615 1.30676803719e-12 0.927997313481
5620 1.34090007251e-12 0.952236073674
5625 1.3138442393e-12 0.933022456704
5630 1.30579244369e-12 0.927304498748
5635 1.31872877657e-12 0.936491195867
5640 1.31675798202e-12 0.935091642158
5645 1.281e-12 0.909698220906
5650 1.31985820946e-12 0.93729325917
5655 1.27444475078e-12 0.905043030777
5660 1.217579602e-12 0.864660419791
5665 1.2714138348e-12 0.902890635094
5670 1.29405440411e-12 0.918968765947
5675 1.34128770884e-12 0.952511352425
5680 1.325e-12 0.940944685948
5685 1.23602658776e-12 0.877760490149
5690 1.2925833962e-12 0.917924134186
5695 1.31379024356e-12 0.932984111792
5700 1.32144606783e-12 0.938420871918
5705 1.29882985032e-12 0.92236003442
5710 1.24655313309e-12 0.885235884024
5715 1.3e-12 0.923191012629
5720 1.28974469902e-12 0.91590824209
5725 1.3146664547e-12 0.933606350451
5730 1.33198245075e-12 0.945903251931
5735 1.31978344355e-12 0.937240164384
5740 1.30816281607e-12 0.928987811425
5745 1.2643682401e-12 0.897887227622
5750 1.318e-12 0.935973657419
5755 1.25719355033e-12 0.892792143693
5760 1.29838421764e-12 0.922043569745
5765 1.30705723539e-12 0.928202686696
5770 1.33182965736e-12 0.945794746172
5775 1.29581599302e-12 0.920219752908
5780 1.24749996545e-12 0.885908274125
5785 1.266e-12 0.899046016914
5790 1.26181724813e-12 0.896075648506
5795 1.28109481324e-12 0.909765552238
5800 1.28565229645e-12 0.913002034959
5805 1.27478868668e-12 0.9052872758
5810 1.29439161522e-12 0.919208235382
5815 1.30458825365e-12 0.926449346884
5820 1.306e-12 0.927451894225
5825 1.2951218564e-12 0.919726813911
5830 1.31596814632e-12 0.93453074276
5835 1.29911869568e-12 0.922565157067
5840 1.30067789529e-12 0.923672417889
5845 1.26530905736e-12 0.898555346117
5850 1.28448184545e-12 0.912170842771
5855 1.239e-12 0.879872049728
5860 1.25627417064e-12 0.892139249026
5865 1.29432545983e-12 0.919161255329
5870 1.30099050482e-12 0.92389441659
5875 1.30383811996e-12 0.925916641745
5880 1.23714840535e-12 0.878557145466
5885 1.26141647904e-12 0.895791043559
5890 1.141e-12 0.810277650315
5895 1.19323240458e-12 0.847370332221
5900 1.27047949738e-12 0.902227118239
5905 1.30680210122e-12 0.928021503944
5910 1.26956607951e-12 0.901578457341
5915 1.23772127997e-12 0.878963970624
5920 1.26361967932e-12 0.897355639485
5925 1.27e-12 0.901886604645
5930 1.23497082309e-12 0.877010742106
5935 1.27214524952e-12 0.903410047013
5940 1.24536453287e-12 0.884391803222
5945 1.25830222879e-12 0.893579468297
5950 1.22571427592e-12 0.870437233523
5955 1.25218853202e-12 0.889237845289
5960 1.244e-12 0.883422784392
5965 1.23087534817e-12 0.874102353154
5970 1.21742848343e-12 0.864553103403
5975 1.20493772185e-12 0.855682827378
5980 1.23315571351e-12 0.8757217476
5985 1.18738710402e-12 0.843219309954
5990 1.22107029169e-12 0.867139322365
5995 1.284e-12 0.911828661704
6000 1.2060567396e-12 0.856477494399
6005 1.21921915374e-12 0.865824742427
6010 1.19736993724e-12 0.850308588344
6015 1.20068017909e-12 0.852659346447
6020 1.17425261412e-12 0.833891892241
6025 1.16571908387e-12 0.82783183191
6030 1.162e-12 0.825190735903
6035 1.2233036062e-12 0.868725303818
6040 1.23056866435e-12 0.873884562576
6045 1.22947656201e-12 0.873109009447
6050 1.22604974036e-12 0.870675462568
6055 1.20381774133e-12 0.854887476642
6060 1.2460263272e-12 0.88486177444
6065 1.218e-12 0.86495896414
6070 1.24026411258e-12 0.880769755399
6075 1.19217302759e-12 0.846618018897
6080 1.16498192973e-12 0.827308344151
6085 1.18722458118e-12 0.84310389486
6090 1.18432623162e-12 0.841045640811
6095 1.18136211572e-12 0.838940682992
6100 1.141e-12 0.810277650315
6105 1.15015678488e-12 0.816780313009
6110 1.18404235987e-12 0.840844050154
6115 1.18808622801e-12 0.843715790711
6120 1.19734055537e-12 0.850287722906
6125 1.16863760229e-12 0.829904408814
6130 1.16845628173e-12 0.829775644574
6135 1.143e-12 0.81169794418
6140 1.13570700564e-12 0.806518846603
6145 1.11478388325e-12 0.791660355414
6150 1.16457580351e-12 0.827019934863
6155 1.13185327557e-12 0.803782132012
6160 1.15438660694e-12 0.819784108171
6165 1.09371109946e-12 0.776695582639
6170 1.12e-12 0.795364564726
6175 1.15479554671e-12 0.820074515496
6180 1.21388893606e-12 0.862039504695
6185 1.16268587947e-12 0.825677811105
6190 1.13294411938e-12 0.804556791401
6195 1.15547554122e-12 0.820557411514
6200 1.19901357353e-12 0.851475811619
6205 1.206e-12 0.856437200946
6210 1.17876272334e-12 0.837094732466
6215 1.16635372689e-12 0.828282521703
6220 1.13605099258e-12 0.806763127874
6225 1.16799180392e-12 0.829445797077
6230 1.09301712563e-12 0.776202759254
6235 1.15102229527e-12 0.817394952563
6240 1.107e-12 0.7861326546
6245 1.08697819861e-12 0.771914233753
6250 1.12536893408e-12 0.799177296793
6255 1.10377798876e-12 0.783844553202
6260 1.16290642499e-12 0.825834430827
6265 1.08026810333e-12 0.767149080174
6270 1.12729617174e-12 0.800545918706
6275 1.129e-12 0.801755887121
6280 1.07898449697e-12 0.766237531051
6285 1.1494921638e-12 0.816308334393
6290 1.16676804924e-12 0.828576751448
6295 1.12998049003e-12 0.802452179108
6300 1.09023044759e-12 0.774223808391
6305 1.12355730625e-12 0.797890774852
6310 1.13e-12 0.802466034054
6315 1.07015315638e-12 0.759965981621
6320 1.08801308705e-12 0.772649156602
6325 1.15483269691e-12 0.820100897599
6330 1.11474439272e-12 0.79163231134
6335 1.08632074763e-12 0.771447346956
6340 1.10800109152e-12 0.786843576674
6345 1.096e-12 0.778321038339
6350 1.09462854789e-12 0.777347105833
6355 1.10478983277e-12 0.784563111117
6360 1.09676731122e-12 0.778865942051
6365 1.11203319173e-12 0.789706960271
6370 1.0960155083e-12 0.778332051513
6375 1.13155189645e-12 0.803568108557
6380 1.102e-12 0.782581919936
6385 1.08278351162e-12 0.768935389652
6390 1.10328441426e-12 0.783494042783
6395 1.07777898831e-12 0.765381442773
6400 1.07316538147e-12 0.762105104027
6405 1.05923604105e-12 0.752213225653
6410 1.09117614983e-12 0.774895395936
6415 1.066e-12 0.757016630355
6420 1.06743370712e-12 0.758034773072
6425 1.10766372741e-12 0.786603998582
6430 1.07421658332e-12 0.762851611799
6435 1.10191219772e-12 0.782519567417
6440 1.06559822726e-12 0.756731312678
6445 1.11500478394e-12 0.791817227364
6450 1.071e-12 0.760567365019
6455 1.05549811543e-12 0.749558749236
6460 1.07945272655e-12 0.766570042853
6465 1.05909843134e-12 0.75211550254
6470 1.08355532775e-12 0.76948349251
6475 1.05926546609e-12 0.752234121757
6480 1.09745779307e-12 0.779356285619
6485 1.074e-12 0.762697805818
6490 1.07019146963e-12 0.75999318966
6495 1.0033066512e-12 0.712495141
6500 1.06179173186e-12 0.754028141642
6505 1.09213669707e-12 0.775577525616
6510 1.09867439503e-12 0.780220251769
6515 1.07865678718e-12 0.766004808947
6520 1.104e-12 0.784002213801
6525 1.10984389001e-12 0.788152234366
6530 1.06413104637e-12 0.755689398671
6535 1.05652805488e-12 0.75029015758
6540 1.07577196599e-12 0.763956162027
6545 1.08695551676e-12 0.771898126306
6550 1.04775948005e-12 0.744063181062
6555 9.695e-13 0.688487451341
6560 8.72332773879e-13 0.619484443744
6565 7.66461079562e-13 0.544299984755
6570 9.6275899373e-13 0.683700346415
6575 1.00346762818e-12 0.71260945831
6580 1.05374496495e-12 0.748313754807
6585 1.06921952945e-12 0.759302969316
6590 1.078e-12 0.765538393549
6595 1.02996452696e-12 0.731426149707
6600 1.07632237817e-12 0.764347035553
6605 1.08434726671e-12 0.770045885533
6610 1.07058944201e-12 0.760275808519
6615 1.06359801551e-12 0.755310868434
6620 1.06615915764e-12 0.757129655666
6625 1.086e-12 0.771219569011
6630 1.07525064444e-12 0.76358594713
6635 1.02881334863e-12 0.730608643947
6640 1.04506867689e-12 0.742152315449
6645 1.02265550202e-12 0.726235668063
6650 1.02821201458e-12 0.730181608411
6655 1.05670831224e-12 0.750418166795
6660 1.055e-12 0.749205014095
6665 1.01333796423e-12 0.719618847176
6670 1.04425092472e-12 0.741571591256
6675 1.00098452409e-12 0.710846089554
6680 1.01815473907e-12 0.723039465057
6685 1.02377930755e-12 0.72703373511
6690 1.03419407949e-12 0.734429753463
6695 1.04e-12 0.738552810103
6700 1.04270750987e-12 0.740475539934
6705 1.02546435037e-12 0.7282303631
6710 1.01406433093e-12 0.720134674266
6715 9.82971082227e-13 0.698053899066
6720 9.85034368891e-13 0.699519135762
6725 1.02022160581e-12 0.724507244135
6730 9.995e-13 0.709791859325
6735 1.02584144509e-12 0.72849815576
6740 1.0174325553e-12 0.722526608471
6745 1.03623662756e-12 0.73588026271
6750 9.83990223652e-13 0.698777639223
6755 1.01424124171e-12 0.720260306911
6760 9.96083197574e-13 0.707365427562
6765 1.015e-12 0.720799136783
6770 9.94453778651e-13 0.706208300711
6775 1.00816441796e-12 0.715944869165
6780 1.02247787278e-12 0.726109525204
6785 1.00057528653e-12 0.710555470754
6790 1.02218186471e-12 0.725899315979
6795 1.03001215996e-12 0.731459976134
6800 1.026e-12 0.728610753044
6805 9.85338879209e-13 0.69973538283
6810 1.00040422412e-12 0.710433991311
6815 1.02321799628e-12 0.726635121636
6820 9.86727811318e-13 0.700721728707
6825 9.90197124622e-13 0.703185450909
6830 9.91987420127e-13 0.704456823771
6835 9.821e-13 0.697435302694
6840 9.55904250075e-13 0.678832471233
6845 9.61194243751e-13 0.682589144016
6850 9.64741614993e-13 0.685108298823
6855 9.36533192355e-13 0.665076174008
6860 9.70718172484e-13 0.689352532794
6865 8.99278169694e-13 0.638619633934
6870 6.979e-13 0.495611544395
6875 7.67695220423e-13 0.545176406102
6880 8.69561489282e-13 0.617516424487
6885 8.79193337106e-13 0.624356451676
6890 8.70924372118e-13 0.618484271553
6895 8.7698743091e-13 0.622789934157
6900 8.7785636051e-13 0.623407001847
6905 9.061e-13 0.643464135802
6910 9.32391416628e-13 0.662134904679
6915 9.14960795055e-13 0.649756602232
6920 9.45651580873e-13 0.671551569646
6925 9.39884099988e-13 0.667455810785
6930 9.27984907377e-13 0.65900563565
6935 9.40636493702e-13 0.667990120874
6940 9.675e-13 0.687067157475
6945 9.61666582449e-13 0.682924573894
6950 9.43598422237e-13 0.670093525338
6955 9.48671761362e-13 0.673696341556
6960 9.34601910954e-13 0.663704680445
6965 9.36837925725e-13 0.665292579476
6970 9.53951949361e-13 0.677446050869
6975 9.421e-13 0.669029425383
6980 9.20461790174e-13 0.653663117044
6985 9.47310205622e-13 0.672729436924
6990 9.47461529268e-13 0.672836898947
6995 9.79723026464e-13 0.695747302229
7000 9.52566461485e-13 0.676462150903
7005 9.17030697936e-13 0.651226537415
7010 9.684e-13 0.687706289715
7015 9.38483546238e-13 0.666461211836
7020 9.39206119954e-13 0.666974345344
7025 9.34618486182e-13 0.663716451292
7030 9.37325327226e-13 0.665638706157
7035 9.07486583138e-13 0.644448813565
7040 9.11731197904e-13 0.647463113721
7045 9.412e-13 0.668390293143
7050 9.39096311557e-13 0.666896365248
7055 9.69576874314e-13 0.688542043399
7060 9.28051885962e-13 0.659053200287
7065 9.23125328596e-13 0.655554620684
7070 9.08239972617e-13 0.644983830792
7075 9.41739778923e-13 0.66877361549
7080 9.501e-13 0.674710600845
7085 9.31948468097e-13 0.661820346139
7090 9.04266405954e-13 0.642162014614
7095 9.36091252292e-13 0.664762331628
7100 9.43700802269e-13 0.670166230204
7105 9.15792408817e-13 0.650347170195
7110 9.10342549179e-13 0.646476969089
7115 9.274e-13 0.658590265471
7120 9.30231044247e-13 0.660600722859
7125 9.38116319672e-13 0.666200427016
7130 9.52782451783e-13 0.676615535751
7135 9.44893567499e-13 0.671013268774
7140 9.69980135614e-13 0.688828418174
7145 9.26300203388e-13 0.65780924828
7150 8.853e-13 0.6286930796
7155 9.09694986702e-13 0.646017104582
7160 9.37044482033e-13 0.665439264805
7165 8.78381328211e-13 0.62377980605
7170 8.85068930785e-13 0.628528986506
7175 8.98876799525e-13 0.63833460214
7180 8.6226572427e-13 0.612335359341
7185 7.94e-13 0.563856664636
7190 8.44667379416e-13 0.599837948721
7195 8.46417130058e-13 0.601080528773
7200 8.51238247159e-13 0.604504230295
7205 8.41653906893e-13 0.597697940452
7210 9.11461252823e-13 0.64727141305
7215 9.13378911531e-13 0.6486332325
7220 9.298e-13 0.660294618109
7225 9.01482066532e-13 0.640184724514
7230 8.94940635295e-13 0.635539347185
7235 8.53183927678e-13 0.605885949347
7240 8.51285157791e-13 0.604537543736
7245 8.61185637775e-13 0.61156833923
7250 8.91843533767e-13 0.633339950035
7255 8.778e-13 0.623366977604
7260 9.18041031646e-13 0.6519440228
7265 8.65673275968e-13 0.614755221728
7270 9.08900478495e-13 0.645452887015
7275 8.10975450719e-13 0.575911728897
7280 8.52572814574e-13 0.605451969251
7285 8.41640976188e-13 0.597688757751
7290 7.824e-13 0.555618960216
7295 8.5482845662e-13 0.607053806531
7300 8.60236474692e-13 0.610894293978
7305 8.66858617613e-13 0.615596988462
7310 8.37591955072e-13 0.594813357825
7315 8.49737643478e-13 0.603438581193
7320 8.59623432726e-13 0.610458944106
7325 8.684e-13 0.616691596436
7330 8.33529932829e-13 0.591928725188
7335 8.6325461181e-13 0.613037614795
7340 8.58177874587e-13 0.609432385427
7345 8.64140170947e-13 0.6136664919
7350 8.49778713689e-13 0.603467747077
7355 8.43763466979e-13 0.599196038076
7360 8.09e-13 0.574508868628
7365 8.33114780267e-13 0.59163390587
7370 8.10600877908e-13 0.575645727164
7375 8.1480796702e-13 0.578633378593
7380 8.35502681303e-13 0.593329666466
7385 7.83476382348e-13 0.556383349839
7390 7.69786929665e-13 0.546661827004
7395 7.823e-13 0.555547945523
7400 8.13470236883e-13 0.577683393639
