Wave Flux FluxNorm
3600 0.708206267496 0.688509805052
3605 0.597254817385 0.580644109997
3610 0.563715449594 0.548037531039
3615 0.616215530156 0.599077491983
3620 0.542569778103 0.52747995788
3625 0.685571843682 0.666504884392
3630 0.640681011001 0.622862544757
3635 0.591919785888 0.575457455113
3640 0.701779778195 0.682262047727
3645 0.611048299778 0.594053971373
3650 0.627182845165 0.609739786664
3655 0.728664627807 0.708399182365
3660 0.758216694265 0.737129353855
3665 0.721498152639 0.701432019481
3670 0.699354930215 0.679904639035
3675 0.738049756868 0.717523294473
3680 0.665675539768 0.647161931699
3685 0.683707641175 0.664692528637
3690 0.716597257427 0.696667426788
3695 0.744269966892 0.723570509511
3700 0.80383004414 0.78147411621
3705 0.636363355844 0.618664971186
3710 0.67710107573 0.658269703401
3715 0.835421172071 0.812186639287
3720 0.623891661544 0.60654013665
3725 0.734689744371 0.714256729835
3730 0.743030079416 0.722365105488
3735 0.506766541111 0.492672471907
3740 0.751394619509 0.730497013002
3745 0.656577115683 0.638316550797
3750 0.539104022046 0.524110590597
3755 0.823013319522 0.800123870949
3760 0.705548610604 0.685926062275
3765 0.780562349155 0.758853536764
3770 0.674898035682 0.656127933774
3775 0.826898185601 0.803900692067
3780 0.921490384514 0.895862115486
3785 0.911689776592 0.886334079715
3790 0.781100676937 0.759376892703
3795 0.690025757201 0.670834926738
3800 0.691847397367 0.672605903886
3805 0.892984780432 0.868149302412
3810 0.93051597592 0.904636689314
3815 0.75549123505 0.734479694457
3820 0.736534577438 0.716050254849
3825 0.658410201253 0.640098655031
3830 0.60266599993 0.585904798034
3835 0.488578181159 0.474989962249
3840 0.572281530486 0.556365374149
3845 0.818193180913 0.795437788876
3850 0.85365878217 0.829917029358
3855 0.840455420144 0.817080876062
3860 0.733365270956 0.712969092357
3865 0.906624484586 0.881409662392
3870 0.815253085424 0.792579462616
3875 0.816382250233 0.793677223365
3880 0.77263489161 0.751146555763
3885 0.697768370556 0.678362204392
3890 0.628662022408 0.611177825384
3895 0.793115884063 0.771057935777
3900 0.85135230914 0.827674703401
3905 0.789297469614 0.767345718153
3910 0.906440428051 0.881230724793
3915 0.900045374049 0.875013528496
3920 0.814931601862 0.792266920078
3925 0.768082144814 0.746720428866
3930 0.388987871344 0.378169434187
3935 0.236570783091 0.229991333348
3940 0.611414226088 0.594409720629
3945 0.761377716499 0.740202462499
3950 0.874821968059 0.850491629809
3955 0.883644075871 0.85906837928
3960 0.823758570983 0.800848395656
3965 0.482351752559 0.468936701584
3970 0.291924811279 0.283805868613
3975 0.686104445167 0.667022673292
3980 0.942964496371 0.916738994507
3985 0.955473429319 0.928900032019
3990 1.02159052912 0.993178298939
3995 1.01979006933 0.991427913098
4000 1.05195850041 1.02270168351
4005 0.995811070976 0.968115812884
4010 1.09289304467 1.06249776607
4015 1.08902745579 1.05873968602
4020 1.10547867562 1.07473336848
4025 1.0995463563 1.06896603739
4030 1.05023104068 1.02102226747
4035 1.04994323279 1.02074246403
4040 1.13153460167 1.10006463337
4045 0.973960046749 0.94687250409
4050 1.11643587643 1.08538583025
4055 1.0336242975 1.00487738704
4060 1.05671082321 1.02732183585
4065 0.991469096379 0.96389459624
4070 1.06915288934 1.03941786623
4075 1.03244410181 1.00373001468
4080 1.02893605058 1.00031952852
4085 1.04532985903 1.01625739631
4090 1.12248384139 1.09126559067
4095 1.03731464227 1.00846509683
4100 0.814919443361 0.792255099726
4105 0.918307562705 0.892767813552
4110 1.03809427972 1.00922305119
4115 1.12820083658 1.09682358615
4120 1.07765980717 1.04768819171
4125 1.09182439122 1.06145883375
4130 1.06147152554 1.03195013467
4135 1.07721222625 1.0472530588
4140 1.16102778285 1.12873755729
4145 1.07830007817 1.04831065564
4150 1.11330918769 1.08234610023
4155 1.05800611222 1.02858110059
4160 1.12076990319 1.0895993201
4165 1.157931654 1.12572753723
4170 1.0838156357 1.05367281582
4175 1.01407122995 0.98586812471
4180 1.07546471107 1.04555414509
4185 1.06507747914 1.03545580036
4190 1.08717687778 1.05694057584
4195 1.10362743088 1.07293361011
4200 1.01190242497 0.983759638005
4205 1.07579434402 1.04587461037
4210 1.12848566824 1.09710049614
4215 1.09044489674 1.06011770543
4220 1.1215513772 1.09035905994
4225 0.946971098219 0.920634165707
4230 1.08653145744 1.05631310577
4235 1.03991550386 1.01099362388
4240 1.04947061494 1.02028299052
4245 1.08498361591 1.05480831244
4250 1.02491711658 0.996412368143
4255 1.07171162526 1.0419054392
4260 0.998206054745 0.970444187941
4265 1.12181053714 1.09061101219
4270 0.995324640282 0.967642910684
4275 1.00289815904 0.975005796554
4280 1.05506169666 1.02571857441
4285 1.01924969059 0.990902563245
4290 0.92494664494 0.899222251228
4295 0.9808498628 0.953570702233
4300 0.771328761479 0.749876751409
4305 0.795983399174 0.773845700247
4310 0.764714056061 0.743446012587
4315 1.02695932677 0.998397780879
4320 1.13503812384 1.10347071643
4325 0.913506542004 0.888100317685
4330 1.09951127154 1.0689319284
4335 1.0581334704 1.02870491672
4340 0.733237291205 0.712844671948
4345 0.987651978697 0.960183639318
4350 1.05140397204 1.02216257755
4355 1.06776840668 1.03807188847
4360 1.11261597222 1.08167216429
4365 1.16148315338 1.12918026316
4370 1.10034631629 1.06974374909
4375 1.04276200364 1.0137609575
4380 1.10748022242 1.07667924874
4385 0.936909448229 0.910852347908
4390 1.05977778282 1.03030349792
4395 1.08005632298 1.05001805619
4400 1.08133979047 1.05126582819
4405 1.05134542493 1.02210565874
4410 1.13123677116 1.09977508605
4415 1.09836355193 1.06781612889
4420 1.17482111808 1.1421472756
4425 1.14730982413 1.11540111913
4430 1.14860469683 1.11665997915
4435 1.09535539771 1.06489163673
4440 1.17065690465 1.13809887627
4445 1.13884305651 1.10716982722
4450 1.16013192943 1.12786661913
4455 1.05900491161 1.02955212161
4460 1.0668429342 1.037172155
4465 1.1276227562 1.09626158321
4470 1.11562492928 1.08459743697
4475 1.2006220198 1.16723060884
4480 1.12195578316 1.09075221866
4485 1.18251177265 1.14962403953
4490 1.13202865933 1.10054495042
4495 1.15442826033 1.1223215791
4500 1.18549385586 1.15252318576
4505 1.24317546007 1.20860056306
4510 1.22500608614 1.19093651139
4515 1.18130834405 1.1484540804
4520 1.18254761353 1.14965888361
4525 1.12603000423 1.09471312847
4530 1.07697704396 1.04702441734
4535 1.08694365321 1.05671383765
4540 1.18169711246 1.14883203647
4545 1.14813002729 1.11619851101
4550 1.09154664655 1.06118881365
4555 1.11408013629 1.08309560739
4560 1.19349980937 1.16030647962
4565 1.14574908262 1.1138837846
4570 1.17148117803 1.13890022515
4575 1.18772524503 1.15469251607
4580 1.12964951593 1.09823197518
4585 1.11227337657 1.08133909683
4590 1.14899156454 1.11703608739
4595 1.13384443416 1.10231022536
4600 1.13044005687 1.09900052979
4605 1.15261394442 1.12055772251
4610 1.17869466622 1.14591309355
4615 1.15944156139 1.12719545144
4620 1.15993141342 1.12767167983
4625 1.16833538566 1.13584192281
4630 1.16328801183 1.13093492532
4635 1.14761071388 1.11569364062
4640 1.15019891899 1.11820986319
4645 1.12758546473 1.09622532889
4650 1.12775984071 1.09639485516
4655 1.12230238556 1.09108918144
4660 1.18072005551 1.1478821532
4665 1.10073253157 1.07011922304
4670 1.09340655175 1.06299699162
4675 1.15460171927 1.12249021384
4680 1.11805059867 1.08695564422
4685 1.15297581157 1.1209095255
4690 1.13839838439 1.10673752222
4695 1.15930610401 1.12706376137
4700 1.10317754851 1.07249623976
4705 1.08974409131 1.05943639064
4710 1.1022981045 1.07164125463
4715 1.12734229147 1.0959889187
4720 1.16767447146 1.1351993898
4725 1.16433282241 1.13195067789
4730 1.09886868911 1.06830721732
4735 1.12440440164 1.09313273675
4740 1.14061404849 1.1088915648
4745 1.15630334552 1.12414451488
4750 1.15322921337 1.12115587975
4755 1.11262747306 1.08168334528
4760 1.13293842415 1.10142941308
4765 1.07830255062 1.04831305933
4770 1.13042054116 1.09898155685
4775 1.16041120853 1.12813813098
4780 1.16094278644 1.12865492478
4785 1.12499274814 1.0937047203
4790 1.12242194293 1.09120541371
4795 1.17368061402 1.14103849096
4800 1.13535015111 1.10377406567
4805 1.13535777961 1.10378148201
4810 1.13712514796 1.10549969673
4815 1.16349047064 1.1311317534
4820 1.16420373476 1.13182518039
4825 1.12407392435 1.09281145061
4830 1.12981942179 1.09839715566
4835 1.13695530835 1.10533458067
4840 1.09733787668 1.06681897948
4845 1.11823286701 1.08713284336
4850 1.09525521594 1.0647942412
4855 1.01499000893 0.986761350831
4860 0.781618559717 0.759880372252
4865 0.92758312126 0.901785402502
4870 1.01922219124 0.990875828702
4875 1.05506220987 1.02571907335
4880 1.10799694573 1.07718160107
4885 1.07537182589 1.04546384321
4890 1.03674711244 1.007913351
4895 1.14606174494 1.11418775123
4900 1.13501364276 1.10344691621
4905 1.12218252151 1.09097265102
4910 1.0819717368 1.05188019899
4915 1.12616740638 1.09484670923
4920 1.010550765 0.982445570083
4925 1.07885240611 1.04884762237
4930 1.13555138177 1.10396969975
4935 1.07458168719 1.04469567966
4940 1.07243879042 1.04261238062
4945 1.13368985382 1.10215994416
4950 1.1335741471 1.10204745546
4955 1.09074983009 1.06041415806
4960 1.10417466235 1.07346562211
4965 1.11691647267 1.08585306026
4970 1.09588906217 1.06541045905
4975 1.13119814606 1.09973753518
4980 1.07069055664 1.0409127683
4985 1.01778962772 0.989483107294
4990 1.09209719949 1.06172405474
4995 1.09901820074 1.06845257077
5000 1.06314963133 1.03358156938
5005 1.03549581456 1.00669685392
5010 1.07183780238 1.04202810711
5015 1.00992936078 0.981841448208
5020 1.03548969292 1.00669090254
5025 1.06699381522 1.03731883976
5030 1.08081177959 1.05075250223
5035 1.07707782909 1.04712239946
5040 0.992455591198 0.964853654903
5045 1.09405978614 1.0636320584
5050 1.05210136519 1.02284057497
5055 1.1072843531 1.07648882688
5060 1.11690448077 1.08584140188
5065 1.06645582303 1.03679581007
5070 1.07971491976 1.049686148
5075 1.06869591497 1.03897360112
5080 1.00638117387 0.97839194262
5085 1.06978645859 1.0400338148
5090 1.09718908297 1.06667432399
5095 1.09613298438 1.06564759735
5100 1.03388809924 1.00513385199
5105 1.07218208606 1.04236281565
5110 1.04696209972 1.01784424151
5115 1.09356300844 1.06314909696
5120 1.09373755362 1.06331878774
5125 1.03127489686 1.00259332737
5130 1.04364724239 1.0146215762
5135 1.06092926381 1.0314229542
5140 1.00858885317 0.980538222467
5145 1.03504730453 1.00626081774
5150 1.04428763227 1.01524415571
5155 1.0455566653 1.01647789469
5160 1.07123439927 1.04144148571
5165 0.977531987843 0.950345103216
5170 0.899991387021 0.874961042943
5175 0.993415165873 0.965786542118
5180 1.04895458767 1.01978131487
5185 0.90715707863 0.88192744406
5190 1.01461660184 0.986398328849
5195 0.994489009542 0.966830520305
5200 1.03405185145 1.00529304996
5205 0.987916589056 0.960440890398
5210 1.00479951876 0.976854276119
5215 1.01012368669 0.982030369573
5220 1.04883584446 1.01966587411
5225 0.981926082427 0.954616990298
5230 0.997475132454 0.969733593884
5235 0.9993546697 0.971560857893
5240 1.0345705735 1.00579734544
5245 1.0577676241 1.02834924525
5250 1.02950775567 1.00087533349
5255 1.04096225198 1.0120112601
5260 1.04616957567 1.01707375896
5265 0.927353802243 0.901562461251
5270 0.9366022799 0.91055372247
5275 0.991807400094 0.964223491134
5280 1.03783329883 1.00896932864
5285 1.02858005219 0.999973431074
5290 1.08143181869 1.05135529695
5295 1.04527750766 1.01620650092
5300 1.01755177815 0.989251872738
5305 1.06019310036 1.03070726474
5310 1.06843344864 1.03871843444
5315 1.04520791696 1.01613884567
5320 1.04623914213 1.01714139065
5325 0.996659923042 0.96894105688
5330 0.975930214975 0.948787878471
5335 1.03981872246 1.01089953415
5340 1.00097430068 0.973135444081
5345 1.02440442418 0.995913934621
5350 1.02017213464 0.991799352506
5355 1.0601738087 1.03068850963
5360 1.05860204888 1.02916046321
5365 1.00587545045 0.977900284259
5370 0.981856827428 0.954549661403
5375 1.0476355903 1.01849900114
5380 1.03148288017 1.0027955263
5385 1.03294407252 1.00421608032
5390 0.954174413344 0.927637143964
5395 1.00886381822 0.980805540258
5400 1.00429064848 0.976359558418
5405 0.963757975488 0.936954170382
5410 0.986091495915 0.958666556308
5415 1.00980928419 0.981724711155
5420 1.02267136323 0.994229073149
5425 1.00462309802 0.976682761951
5430 0.994556520798 0.966896153955
5435 0.99398194019 0.966337553444
5440 1.05135580325 1.02211574842
5445 1.00380837105 0.975890693969
5450 1.03759906786 1.00874161205
5455 0.999070132468 0.971284234141
5460 1.03451430468 1.00574264156
5465 1.00608851005 0.978107418297
5470 1.03623717683 1.0074175976
5475 0.984195041708 0.95682284583
5480 0.998917747955 0.97113608771
5485 1.02514168978 0.996630695573
5490 1.01667884728 0.988403219608
5495 1.02031955874 0.99194267648
5500 1.01285703444 0.984687698106
5505 1.00595412151 0.977976767332
5510 1.00567014802 0.977700691648
5515 1.00076120112 0.972928271198
5520 1.0298872718 1.0012442946
5525 1.00175302878 0.973892514384
5530 0.987851110975 0.960377233377
5535 0.996191840257 0.968485992301
5540 1.02189861424 0.993477815666
5545 1.00845189463 0.98040507299
5550 1.02860738119 1.0
5555 1.01052175892 0.982417370715
5560 1.01373733246 0.985543513496
5565 0.986878549008 0.95943172007
5570 0.98467383385 0.95728832192
5575 0.98900521406 0.961499238824
5580 1.00391829149 0.975997557331
5585 0.977738894001 0.95054625495
5590 0.948767382346 0.922380492012
5595 0.969015425815 0.942065401764
5600 0.953245608845 0.926734171153
5605 0.992991297068 0.96537446185
5610 1.01772653337 0.98942176771
5615 0.95939553759 0.932713059557
5620 0.992838417224 0.965225833864
5625 0.976480056826 0.949322428252
5630 1.01151149981 0.983379585168
5635 0.989979153453 0.96244609125
5640 0.978159873258 0.950955526034
5645 0.988494153965 0.96100239221
5650 0.989627212163 0.962103938066
5655 0.961307476586 0.934571824166
5660 0.93825014029 0.912155752964
5665 0.971871173692 0.944841726268
5670 0.978426472989 0.951214711157
5675 0.98668580383 0.959244335474
5680 0.972140517427 0.94510357908
5685 0.945766859986 0.919463419459
5690 0.957093636823 0.930475178702
5695 0.974222390259 0.947127551365
5700 0.961932669151 0.935179629026
5705 0.951685401565 0.925217355982
5710 0.909351273024 0.884060614046
5715 0.961426990741 0.934688014422
5720 0.972386502204 0.945342722587
5725 0.981388862257 0.954094711166
5730 0.973807858375 0.946724548342
5735 0.976205688902 0.949055690983
5740 0.973646692795 0.94656786506
5745 0.970373355357 0.943385564896
5750 0.958142792054 0.93149515508
5755 0.941821340591 0.9156276319
5760 0.957367942456 0.930741855412
5765 0.959353732837 0.932672417469
5770 0.965408953799 0.938559232081
5775 0.959533064484 0.932846761586
5780 0.94777852027 0.921419131931
5785 0.938750613028 0.912642306674
5790 0.950109534232 0.923685316292
5795 0.959641884196 0.932952554831
5800 0.964915526478 0.938079527842
5805 0.954277423561 0.927737289286
5810 0.963015439918 0.936232286032
5815 0.957896292591 0.9312555112
5820 0.969508418664 0.942544683615
5825 0.971974767706 0.94494243915
5830 0.975093062287 0.947974008472
5835 0.97382002416 0.946736375775
5840 0.973062754269 0.946000166892
5845 0.975920381655 0.948778318632
5850 0.966886830139 0.93999600608
5855 0.941834916722 0.915640830455
5860 0.942193161547 0.915989111861
5865 0.960907422512 0.9341828963
5870 0.965314241978 0.938467154362
5875 0.965988151134 0.939122320918
5880 0.962856128469 0.936077405316
5885 0.942720896083 0.916502169172
5890 0.844408830595 0.820924335212
5895 0.871503040502 0.847265007468
5900 0.924704154651 0.898986505021
5905 0.946352443054 0.920032716431
5910 0.944620208212 0.918348658088
5915 0.928345871547 0.902526939362
5920 0.935168788248 0.909160098744
5925 0.940865059028 0.914697946211
5930 0.92805098906 0.902240258075
5935 0.937675445415 0.911597041365
5940 0.93980898215 0.913671240688
5945 0.928494898462 0.902671821576
5950 0.917358390752 0.891845039741
5955 0.933625945665 0.907660165328
5960 0.938462614416 0.91236231781
5965 0.938701239843 0.912594306644
5970 0.93476003027 0.908762709044
5975 0.921489678011 0.895861428632
5980 0.924659312111 0.898942909631
5985 0.901882389621 0.876799453433
5990 0.916789387993 0.89129186195
5995 0.920376191189 0.894778909838
6000 0.911437295296 0.886088620368
6005 0.909026754526 0.883745120978
6010 0.899466735658 0.874450983057
6015 0.898357584074 0.87337267893
6020 0.884291831738 0.859698119917
6025 0.891484077059 0.86669033624
6030 0.913268779146 0.887869167429
6035 0.914123518366 0.888700134848
6040 0.909709950472 0.884409316044
6045 0.908152244593 0.882894932705
6050 0.911094769037 0.885755620367
6055 0.897193543166 0.872241012048
6060 0.909467345532 0.884173458373
6065 0.89000231042 0.865249780138
6070 0.910369124815 0.885050157588
6075 0.903967677834 0.878826746112
6080 0.890021716562 0.865268646561
6085 0.894124654963 0.869257475026
6090 0.894104128131 0.869237519082
6095 0.901138125951 0.876075889045
6100 0.888287082083 0.86358225532
6105 0.880764795104 0.856269176377
6110 0.898187850472 0.873207665918
6115 0.893188227396 0.868347091157
6120 0.881045580751 0.856542152881
6125 0.882636272574 0.858088604766
6130 0.883333590961 0.858766529501
6135 0.860379895815 0.836451217006
6140 0.857186581082 0.833346713975
6145 0.874848729974 0.850517647428
6150 0.871712700009 0.847468835975
6155 0.86216616529 0.838187807184
6160 0.847290236383 0.823725604035
6165 0.846710342881 0.823161838392
6170 0.839727709976 0.816373404795
6175 0.865762725947 0.841684341161
6180 0.874728542824 0.850400802894
6185 0.874884829702 0.850552743159
6190 0.852816995014 0.829098653784
6195 0.870142880706 0.845942676109
6200 0.867419306381 0.843294849178
6205 0.879837536743 0.855367706703
6210 0.875991267434 0.851628408911
6215 0.853062218919 0.829337057581
6220 0.853407378323 0.829672617494
6225 0.865750635599 0.841672587067
6230 0.837355634004 0.814067300429
6235 0.860790793729 0.836850687126
6240 0.849853931352 0.826217998136
6245 0.832923261827 0.809758200322
6250 0.851262376164 0.82758727162
6255 0.823653963004 0.800746697009
6260 0.847202709385 0.823640511317
6265 0.851707013099 0.828019542419
6270 0.854692521053 0.830922018144
6275 0.85205246638 0.828355388037
6280 0.8054254988 0.783025198469
6285 0.844615103902 0.821124871696
6290 0.843574594296 0.820113300493
6295 0.841209975054 0.817814445473
6300 0.816558883828 0.79384894447
6305 0.840046250996 0.816683086628
6310 0.843047223894 0.81960059719
6315 0.821213298627 0.798373911803
6320 0.823932425351 0.801017414828
6325 0.845969302167 0.822441407325
6330 0.848892932053 0.825283725919
6335 0.831903990146 0.808767276379
6340 0.838810547124 0.815481749855
6345 0.834168307556 0.810968619139
6350 0.850259689932 0.826612471856
6355 0.842817524076 0.819377285728
6360 0.832080209326 0.808938594594
6365 0.838808752057 0.815480004713
6370 0.845171186566 0.821665488723
6375 0.853912135477 0.830163336464
6380 0.846258808199 0.822722861685
6385 0.845549388371 0.822033172069
6390 0.848959063505 0.825348018138
6395 0.832280459602 0.809133275558
6400 0.820384251061 0.797567921509
6405 0.841504650929 0.818100925893
6410 0.823257015269 0.800360789089
6415 0.831271150345 0.808152036967
6420 0.820492174466 0.797672843373
6425 0.845552937168 0.822036622169
6430 0.825732445289 0.802767373044
6435 0.838598839054 0.815275929759
6440 0.822369536701 0.799497992861
6445 0.84545177804 0.821938276453
6450 0.819798376996 0.796998341632
6455 0.822745242956 0.799863250065
6460 0.821181438665 0.798342937922
6465 0.820213737534 0.797402150263
6470 0.816704324704 0.793990340378
6475 0.815154399199 0.792483521029
6480 0.821190428257 0.798351677498
6485 0.818713618987 0.795943752652
6490 0.818640043125 0.795872223064
6495 0.758628075944 0.737529294287
6500 0.80837486628 0.78589253885
6505 0.832571378465 0.809416103455
6510 0.831921545912 0.808784343889
6515 0.806518542406 0.784087842609
6520 0.81079669272 0.788247010035
6525 0.818010987445 0.79526066253
6530 0.822160945343 0.799295202796
6535 0.813909673305 0.791273413152
6540 0.821770143302 0.798915269647
6545 0.794075636755 0.771990996059
6550 0.794545738292 0.772448023244
6555 0.7626753219 0.741463979211
6560 0.640546204618 0.622731487576
6565 0.606126074973 0.589268642301
6570 0.756091053208 0.735062830616
6575 0.777401728262 0.7557808183
6580 0.803524157108 0.781176736435
6585 0.804070405298 0.781707792501
6590 0.804243299433 0.781875878146
6595 0.789707101096 0.767743957063
6600 0.809610854495 0.787094152057
6605 0.805027340065 0.782638113229
6610 0.802450925321 0.780133353113
6615 0.810332584603 0.787795809581
6620 0.811129105816 0.788570178138
6625 0.810493804336 0.78795254551
6630 0.80424506555 0.781877595144
6635 0.790555869142 0.768569119376
6640 0.803855705126 0.781499063519
6645 0.796070771443 0.77393064254
6650 0.804410430889 0.782038361383
6655 0.804191395298 0.781825417557
6660 0.80122457597 0.778941110695
6665 0.789400992914 0.767446362288
6670 0.797703573679 0.775518033673
6675 0.796371272843 0.774222786467
6680 0.786307584298 0.764438986809
6685 0.799713085968 0.777471657889
6690 0.797929956363 0.775738120256
6695 0.788936143832 0.766994441477
6700 0.789789163966 0.76782373762
6705 0.779307669615 0.75763375207
6710 0.782513076877 0.760750011315
6715 0.776891006692 0.755284300795
6720 0.77457703533 0.753034685049
6725 0.782181693097 0.760427843902
6730 0.787332312327 0.765435215348
6735 0.780965819003 0.759245785406
6740 0.775697600997 0.754124085812
6745 0.770073938926 0.748656827679
6750 0.762579883669 0.741371195285
6755 0.771835590758 0.750369484874
6760 0.775396646971 0.753831501847
6765 0.773451406229 0.751940361674
6770 0.766404401204 0.745089346258
6775 0.774517440793 0.75297674794
6780 0.776442847185 0.754848605392
6785 0.767017316933 0.745685215722
6790 0.774084721866 0.752556063688
6795 0.769584711539 0.748181206566
6800 0.76789931538 0.74654268424
6805 0.764247072864 0.742992017015
6810 0.760621575386 0.739467351001
6815 0.761613873957 0.740432052003
6820 0.757858524926 0.736781145836
6825 0.760111693936 0.738971650251
6830 0.75115970851 0.730268635292
6835 0.75345533479 0.732500416165
6840 0.737582968308 0.717069488124
6845 0.742837171862 0.722177563032
6850 0.751375789397 0.73047870659
6855 0.738999159665 0.718446292707
6860 0.740774624132 0.720172378383
6865 0.745757838513 0.725017000804
6870 0.740157045067 0.71957197528
6875 0.740487245857 0.719892992604
6880 0.738310451787 0.717776739007
6885 0.735518270348 0.715062213048
6890 0.739122268818 0.718565977979
6895 0.737435316508 0.71692594278
6900 0.738305567728 0.717771990783
6905 0.736324921899 0.715846430199
6910 0.73591052726 0.715443560605
6915 0.723945721421 0.703811517069
6920 0.731365654598 0.711025088848
6925 0.729112471822 0.70883457105
6930 0.737151451707 0.716649972759
6935 0.732515252425 0.712142714337
6940 0.736341767442 0.715862807239
6945 0.727838068374 0.707595611004
6950 0.731891643406 0.711536448982
6955 0.728003512398 0.707756453739
6960 0.733971600117 0.713558558437
6965 0.728643723298 0.708378859247
6970 0.731317754938 0.710978521362
6975 0.720390869247 0.700355531589
6980 0.706231389829 0.686589852209
6985 0.728827289744 0.708557320387
6990 0.732404823672 0.712035356802
6995 0.733207972648 0.712816168791
7000 0.722408441158 0.702316991275
7005 0.715045892948 0.695159208485
7010 0.722243380234 0.702156520985
7015 0.712743487341 0.69292083683
7020 0.717138340158 0.697193461057
7025 0.712077939786 0.692273799324
7030 0.724852724832 0.704693295119
7035 0.71710404992 0.69716012449
7040 0.721070662674 0.701016418764
7045 0.726678348559 0.706468145038
7050 0.72545262082 0.705276506944
7055 0.720340151768 0.700306224652
7060 0.716348783395 0.696425863257
7065 0.715093599907 0.695205588631
7070 0.712056668556 0.692253119684
7075 0.718655415951 0.698668344303
7080 0.718531309163 0.698547689143
7085 0.708887854665 0.689172436083
7090 0.708474721751 0.688770793122
7095 0.714869978135 0.694988186173
7100 0.715162166882 0.695272248637
7105 0.715479591744 0.695580845355
7110 0.712892461473 0.693065667729
7115 0.707462240135 0.687786470401
7120 0.706959300012 0.687297517928
7125 0.706927319702 0.687266427047
7130 0.699560216219 0.680104215675
7135 0.707219482885 0.687550464657
7140 0.709021954989 0.68930280684
7145 0.702616794879 0.683075785504
7150 0.688496216149 0.669347924915
7155 0.70278228148 0.683236669632
7160 0.700554946249 0.681071280512
7165 0.680558963571 0.661631421297
7170 0.706426568523 0.686779602639
7175 0.707962715129 0.688273026306
7180 0.698447190617 0.679022145274
7185 0.691306321326 0.672079876122
7190 0.685644657003 0.666575672646
7195 0.687847781168 0.668717524052
7200 0.696657718691 0.677282441711
7205 0.69110095119 0.671880217691
7210 0.681358460391 0.662408682704
7215 0.687207653434 0.668095199396
7220 0.67993892476 0.661028626856
7225 0.676450843562 0.657637555334
7230 0.685718294996 0.666647262636
7235 0.689489369652 0.670313457071
7240 0.683591273452 0.664579397305
7245 0.681658732308 0.66270060353
7250 0.679332675266 0.660439238228
7255 0.682261324948 0.663286437009
7260 0.67580058621 0.657005382783
7265 0.676049570273 0.657247442161
7270 0.676819193613 0.657995660922
7275 0.674907833754 0.656137459344
7280 0.681761236793 0.662800257186
7285 0.664175917133 0.645704016208
7290 0.653803037148 0.635619624267
7295 0.660959934568 0.642577475776
7300 0.669854498153 0.651224665897
7305 0.672744930563 0.654034710297
7310 0.66456278998 0.64608012944
7315 0.66616611766 0.647638865756
7320 0.667991815213 0.649413787447
7325 0.655608950455 0.637375311947
7330 0.657964736712 0.639665579643
7335 0.664142991885 0.645672006669
7340 0.665314301144 0.646810739757
7345 0.662626555174 0.644197744731
7350 0.661263919709 0.642873006556
7355 0.654518533692 0.636315221593
7360 0.660498215984 0.642128598399
7365 0.656327404215 0.638073784244
7370 0.666266969778 0.647736912999
7375 0.65713997282 0.638863753886
7380 0.660128097423 0.641768773487
7385 0.650011158333 0.631933204274
7390 0.636490830361 0.618788900413
7395 0.647915119449 0.629895459919
7400 0.655352375092 0.637125872397
