Wave Flux FluxNorm
3600 0.238541346224 0.222836757559
3605 0.159030628681 0.148560701148
3610 0.132630450001 0.123898602484
3615 0.196234938999 0.183315631518
3620 0.138193752674 0.129095640014
3625 0.248100956528 0.231767002136
3630 0.203338126211 0.189951173874
3635 0.180421511702 0.168543295735
3640 0.261129815877 0.243938094561
3645 0.197593343628 0.18458460433
3650 0.180407038713 0.168529775587
3655 0.277954197308 0.259654827385
3660 0.313283735325 0.292658412811
3665 0.27734736049 0.259087942226
3670 0.25282075909 0.236176072161
3675 0.287935597209 0.268979092654
3680 0.215043364348 0.200885786906
3685 0.222888592487 0.208214517244
3690 0.251026281466 0.234499735619
3695 0.257505765463 0.240552636835
3700 0.318456540687 0.29749066178
3705 0.193378416827 0.180647171108
3710 0.20695433067 0.193329302191
3715 0.312313105686 0.291751685466
3720 0.129247831005 0.120738681317
3725 0.207121959728 0.193485895236
3730 0.19394139224 0.181173082517
3735 0.0841059388657 0.0785687471163
3740 0.184013416128 0.171898723832
3745 0.119937348783 0.112041163245
3750 0.120741762837 0.112792617961
3755 0.241638626348 0.2257301254
3760 0.151219993418 0.141264286233
3765 0.162006494096 0.15134064773
3770 0.240552615955 0.2247156135
3775 0.262823166462 0.245519961854
3780 0.272323365166 0.25439470625
3785 0.249920978036 0.233467200856
3790 0.165837810393 0.154919725799
3795 0.161722082957 0.151074961059
3800 0.167170964424 0.156165110409
3805 0.223315856372 0.208613651818
3810 0.204662315194 0.19118818366
3815 0.140281708096 0.131046132974
3820 0.0978454064232 0.0914036642053
3825 0.0873299987746 0.0815805480793
3830 0.108155671692 0.101035143688
3835 0.109036767592 0.10185823183
3840 0.10020159826 0.093604733988
3845 0.150781001674 0.140854195914
3850 0.126097071852 0.117795355287
3855 0.124159421126 0.115985271577
3860 0.0978048596165 0.0913657868349
3865 0.134665763319 0.12579991908
3870 0.106095737026 0.0991108267133
3875 0.152777896619 0.142719623445
3880 0.126319638412 0.118003268973
3885 0.172367354217 0.161019391106
3890 0.234547978849 0.219106297193
3895 0.268914442831 0.251210213448
3900 0.252798057013 0.236154864696
3905 0.235359894044 0.219864759206
3910 0.296324042549 0.276815276988
3915 0.297020817554 0.277466179172
3920 0.214372311929 0.200258913839
3925 0.199027273215 0.185924129846
3930 0.090000199041 0.0840749532582
3935 0.0587020505026 0.0548373470809
3940 0.160579113168 0.150007239736
3945 0.209163036501 0.195392595845
3950 0.295427400717 0.275977666396
3955 0.31809006826 0.297148316402
3960 0.256703121692 0.239802835854
3965 0.122949446091 0.11485495636
3970 0.080027014522 0.0747583625039
3975 0.228830793613 0.213765508099
3980 0.36546867608 0.341407710051
3985 0.392407218434 0.366572728722
3990 0.42848672843 0.400276911033
3995 0.428578850126 0.400362967813
4000 0.484869662772 0.452947823096
4005 0.435339224645 0.406678266864
4010 0.492859556397 0.460411694735
4015 0.527689811268 0.492948867779
4020 0.527671665591 0.49293191674
4025 0.512290292252 0.478563190245
4030 0.480327331291 0.448704540181
4035 0.434343567212 0.405748159454
4040 0.536998269122 0.501644494759
4045 0.364551239964 0.340550674185
4050 0.51670330731 0.482685670402
4055 0.455264261119 0.425291520258
4060 0.446746634156 0.417334659091
4065 0.385514811398 0.360134089635
4070 0.474395021907 0.443162789836
4075 0.450402396162 0.420749740647
4080 0.504864446246 0.471626231633
4085 0.529033687807 0.494204268972
4090 0.598500654661 0.559097814247
4095 0.516410705119 0.482412331945
4100 0.455632675428 0.425635679673
4105 0.513147193178 0.479363676311
4110 0.499798825516 0.466894110697
4115 0.533452885833 0.498332525036
4120 0.479776878744 0.448190327183
4125 0.502867165968 0.469760444136
4130 0.444705386993 0.41542779931
4135 0.44855990761 0.419028554021
4140 0.491183740612 0.458846207822
4145 0.38848208673 0.36290601167
4150 0.419730395636 0.392097059453
4155 0.414298268615 0.387022561504
4160 0.490402441196 0.45811634597
4165 0.479358995772 0.447799955921
4170 0.463931615958 0.43338825183
4175 0.403797469514 0.377213092159
4180 0.421694625067 0.393931972035
4185 0.495734292209 0.463097169673
4190 0.476404488361 0.445039961219
4195 0.459531063449 0.429277413737
4200 0.420956126364 0.393242093072
4205 0.482384082834 0.450625883597
4210 0.524896859149 0.490339792229
4215 0.455164287908 0.425198128876
4220 0.65463152356 0.611533255828
4225 0.38807418377 0.362524963376
4230 0.548667767912 0.512545721376
4235 0.532668365409 0.497599654235
4240 0.568672682814 0.531233594328
4245 0.662010081093 0.618426039247
4250 0.501837989764 0.468799024693
4255 0.531365526422 0.496382588849
4260 0.508605094485 0.475120610858
4265 0.675204885933 0.630752151988
4270 0.48133011146 0.449641301397
4275 0.476669335928 0.445287372304
4280 0.582179115173 0.543850818305
4285 0.553595120088 0.517148676795
4290 0.475801258334 0.444476445395
4295 0.52759150049 0.492857029381
4300 0.372752850501 0.348212324158
4305 0.364522750208 0.340524060078
4310 0.343107651915 0.320518844454
4315 0.640669891766 0.598490800888
4320 0.747260077669 0.698063523983
4325 0.462666609186 0.43220652794
4330 0.717031018678 0.669824622861
4335 0.767175859723 0.71666813223
4340 0.559130149384 0.522319302353
4345 0.720510404295 0.673074939929
4350 0.714584263817 0.667538952354
4355 0.672736524106 0.62844629703
4360 0.708211810123 0.661586035003
4365 0.791366552624 0.739266208641
4370 0.697031966085 0.651142226267
4375 0.609783624022 0.569637958955
4380 0.669767634662 0.62567286715
4385 0.458670549608 0.428473552615
4390 0.602625515211 0.562951110813
4395 0.670878454682 0.626710555314
4400 0.692726999897 0.647120681482
4405 0.540324189396 0.504751450017
4410 0.705355998758 0.658918238602
4415 0.670063316082 0.625949082112
4420 0.765345925023 0.714958672961
4425 0.723308485542 0.675688806927
4430 0.717589509346 0.670346344782
4435 0.665853620929 0.622016536107
4440 0.770593521221 0.719860788843
4445 0.77588181503 0.724800922971
4450 0.810690305194 0.757317764208
4455 0.693046560463 0.647419203486
4460 0.639880092599 0.597752998875
4465 0.746738263619 0.69757606404
4470 0.756075723884 0.70629878403
4475 0.883617402223 0.825443638809
4480 0.800035001576 0.747363962292
4485 0.889144902188 0.830607230737
4490 0.79026527832 0.738237437742
4495 0.755694433916 0.705942596638
4500 0.872919547369 0.815450087058
4505 0.969463940568 0.905638391439
4510 0.936986228114 0.875298879021
4515 0.849402805256 0.793481591265
4520 0.9022838707 0.842881183186
4525 0.79959887734 0.746956550696
4530 0.713022154371 0.666079685818
4535 0.768776265232 0.718163173572
4540 0.837106604843 0.781994922503
4545 0.823594932109 0.769372803156
4550 0.811821072701 0.758374086598
4555 0.815546058667 0.761853834691
4560 0.915113811233 0.854866452799
4565 0.815679468048 0.761978460942
4570 0.882269269114 0.824184261282
4575 0.906421491212 0.846746399651
4580 0.794628567881 0.742313466127
4585 0.821135334773 0.767075135669
4590 0.904270063254 0.844736612929
4595 0.803018721468 0.750151246245
4600 0.82806010968 0.773544011659
4605 0.850007771027 0.794046728559
4610 0.96146836046 0.898169207693
4615 0.931419240343 0.870098399004
4620 0.939832392095 0.877957663181
4625 0.940108462474 0.878215558214
4630 0.9399327303 0.878051395529
4635 0.880327931781 0.822370733676
4640 0.838946896903 0.783714057244
4645 0.797231846058 0.744745355093
4650 0.835715069419 0.780695000091
4655 0.851101072806 0.795068051811
4660 0.957709022621 0.894657369315
4665 0.799347577558 0.746721795466
4670 0.82055200838 0.766530213106
4675 0.88761055622 0.829173899845
4680 0.834058332453 0.779147335925
4685 0.879039938481 0.821167536598
4690 0.847008262046 0.791244695007
4695 0.889023740227 0.830494045585
4700 0.810024393471 0.756695693395
4705 0.840897122493 0.785535887941
4710 0.845929672552 0.790237115443
4715 0.867699196688 0.810573422959
4720 0.985726704122 0.920830481015
4725 0.955397079266 0.892497634874
4730 0.814937803332 0.761285624405
4735 0.903976717467 0.844462579831
4740 0.930986665989 0.869694303579
4745 0.953913040799 0.891111299442
4750 0.974940215736 0.910754131002
4755 0.912857542722 0.852758727797
4760 0.944044282073 0.881892259514
4765 0.853835266019 0.797622236902
4770 0.954764186043 0.891906408757
4775 1.00545111036 0.939256312852
4780 1.00047583444 0.934608588793
4785 0.932247789099 0.870872399491
4790 0.926584935251 0.865582364829
4795 1.03141624955 0.963512013248
4800 0.949613225535 0.887094566467
4805 0.980913341394 0.916334010444
4810 0.96001838114 0.896814689094
4815 0.993466839074 0.928061037072
4820 1.03511679051 0.96696892569
4825 0.960322853212 0.897099115967
4830 0.957200603666 0.894182422589
4835 0.976441397541 0.912156481123
4840 0.92463817636 0.863763772597
4845 0.967539365274 0.903840522328
4850 0.957835144917 0.894775188233
4855 0.898361063187 0.83921663731
4860 0.795030349221 0.742688795823
4865 0.875059657284 0.817449300871
4870 0.849178577258 0.793272125523
4875 0.885034611789 0.826767545082
4880 0.963691529426 0.900246012288
4885 0.876507064738 0.818801416925
4890 0.840962550543 0.785597008475
4895 1.0372791557 0.968988929588
4900 0.987191917264 0.922199230504
4905 0.994820152444 0.929325253813
4910 0.902539128747 0.843119636085
4915 0.986512192861 0.921564256381
4920 0.781044822398 0.729624019006
4925 0.907209629339 0.84748264998
4930 1.02518638791 0.957692300276
4935 0.932042769415 0.870680877467
4940 0.897595631705 0.838501598713
4945 1.01320319859 0.946498035224
4950 1.03680398095 0.968545038404
4955 0.976672486451 0.912372356083
4960 0.986837787253 0.921868414967
4965 0.970112990805 0.906244710858
4970 0.967140035314 0.903467482623
4975 1.02290448346 0.955560627097
4980 0.910502484116 0.850558716638
4985 0.869892307036 0.812622147873
4990 0.95944903931 0.896282830406
4995 0.958075665709 0.894999874118
5000 0.898667526077 0.839502923934
5005 0.836819829657 0.781727027425
5010 0.908307965079 0.848508675778
5015 0.823567530251 0.769347205324
5020 0.864196512432 0.807301341139
5025 0.905391228038 0.8457839648
5030 0.950379698968 0.887810578418
5035 0.963176263175 0.899764669064
5040 0.791212198959 0.739122016991
5045 0.984048163901 0.919262449031
5050 0.889467552124 0.830908638717
5055 0.981676808158 0.917047213672
5060 1.02949323357 0.961715600791
5065 0.924134180504 0.863292957772
5070 0.935151217347 0.873584677873
5075 0.944051811621 0.881899293347
5080 0.825969842802 0.771591359422
5085 0.912089490062 0.85204124059
5090 0.975237490846 0.911031834731
5095 0.973732433728 0.909625864431
5100 0.885402094784 0.827110834496
5105 0.916289237873 0.855964494146
5110 0.879279736423 0.821391547223
5115 0.966916778427 0.903258924058
5120 0.964173287138 0.900696053038
5125 0.832864038486 0.778031669399
5130 0.866992958626 0.809913680729
5135 0.938779210408 0.876973818678
5140 0.863983948185 0.807102771255
5145 0.859943739995 0.803328553882
5150 0.858596737301 0.802070232348
5155 0.892740149304 0.833965781456
5160 0.948585594335 0.886134590311
5165 0.750157155691 0.700769870212
5170 0.687237943296 0.641993001966
5175 0.799504547013 0.746868430693
5180 0.872968774111 0.815496072912
5185 0.732954310885 0.684699590497
5190 0.927842036472 0.866756703636
5195 0.865618119742 0.808629355626
5200 0.955600304349 0.892687480447
5205 0.828550003515 0.774001652883
5210 0.827824089408 0.773323529998
5215 0.916207949699 0.855888557654
5220 0.967647680633 0.903941706646
5225 0.807507900667 0.754344876207
5230 0.920971437309 0.860338436681
5235 0.913846432939 0.853682513519
5240 0.986215081981 0.921286706069
5245 0.989658645508 0.924503559428
5250 0.88436594575 0.826142901286
5255 0.926674250846 0.865665800249
5260 0.988247643142 0.923185451699
5265 0.754309341378 0.704648692939
5270 0.741545838907 0.692725487379
5275 0.90704482088 0.847328691838
5280 0.977672507554 0.913306539877
5285 0.977592821883 0.913232100386
5290 1.06953291562 0.999119233588
5295 0.97689393878 0.912579228894
5300 0.921935602907 0.86123912555
5305 1.06096178013 0.991112386681
5310 1.08634575223 1.01482518166
5315 1.03696488555 0.968695349702
5320 1.01347967093 0.946756305757
5325 0.916993635218 0.856622516844
5330 0.864719296827 0.807789707543
5335 1.02790261603 0.960229703017
5340 0.943310173288 0.881206481455
5345 0.993774581214 0.928348518726
5350 0.980255029854 0.91571903945
5355 1.08889551533 1.01720707876
5360 1.08049557176 1.00936015319
5365 1.00220894523 0.936227598637
5370 0.90231773275 0.842912815897
5375 1.04529011644 0.976472481363
5380 1.0312170426 0.963325921271
5385 1.0253808555 0.957873964911
5390 0.902088180994 0.842698376892
5395 0.914799172284 0.854572528393
5400 0.949989307572 0.887445888797
5405 0.854528910188 0.798270214371
5410 0.914851524293 0.85462143376
5415 1.0156994549 0.948829948208
5420 1.00127562279 0.935355722338
5425 0.994008399378 0.928566943256
5430 0.932053960844 0.870691332097
5435 0.906898565767 0.847192065564
5440 1.06371085469 0.993680473388
5445 0.975295782047 0.911086288277
5450 1.03332332061 0.96529353053
5455 0.950200088385 0.887642792662
5460 1.03426578457 0.966173946511
5465 0.981221692322 0.916622060806
5470 0.997457968082 0.931789406435
5475 0.930887254734 0.869601437156
5480 0.946116017383 0.883827600227
5485 1.00688254469 0.940593507389
5490 0.98247310904 0.917791089354
5495 0.998171005229 0.932455500127
5500 1.02001391376 0.952860360708
5505 0.970380556608 0.906494661221
5510 0.98381872372 0.919048114256
5515 0.95537761846 0.892479455288
5520 1.0397512034 0.971298227753
5525 1.00728229204 0.940966937
5530 0.979305031935 0.914831585516
5535 0.988070484935 0.923019956865
5540 1.03127114122 0.963376458256
5545 1.02110822653 0.953882628389
5550 1.07047575471 1.0
5555 1.02689046095 0.959284184098
5560 1.02806762422 0.96038384774
5565 0.989630132165 0.924476923287
5570 0.998750680442 0.93299701189
5575 1.02133630961 0.954095695411
5580 1.03156212258 0.963648282597
5585 0.971685910528 0.907714075966
5590 0.922673174659 0.861928138588
5595 0.998400459448 0.932669848016
5600 0.963682356638 0.900237443399
5605 1.04346661176 0.97476902879
5610 1.08629717366 1.0147798013
5615 0.973864722442 0.909749443796
5620 1.01347943298 0.946756083476
5625 0.964738205596 0.901223779571
5630 1.07205461821 1.00147491757
5635 1.02293417464 0.955588363531
5640 0.999101947023 0.933325152513
5645 1.01551737573 0.948659856395
5650 1.02410443474 0.95668157848
5655 1.000903914 0.935008485336
5660 0.950390415114 0.887820589055
5665 1.0197908246 0.952651958828
5670 1.020746661 0.953544866865
5675 1.08411547006 1.01274173216
5680 1.04548106431 0.976650858005
5685 1.00941405149 0.942958350111
5690 1.03434398325 0.966246996913
5695 1.05689047232 0.987309117162
5700 0.981877874368 0.917235042504
5705 0.978321412887 0.913912723931
5710 0.920257714466 0.859671702437
5715 1.0300555258 0.962240873991
5720 1.07694411828 1.00604251291
5725 1.083982125 1.012617166
5730 1.05370623262 0.984334514807
5735 1.07948286949 1.00841412311
5740 1.06316826159 0.993173602403
5745 1.07226500289 1.00167145139
5750 1.05248930573 0.983197705419
5755 1.01826212033 0.95122389821
5760 1.03355922436 0.96551390334
5765 1.07871758518 1.00769922199
5770 1.09085971684 1.01904196526
5775 1.06859257308 0.998240799364
5780 0.990266197173 0.925071112371
5785 0.952843240315 0.890111930256
5790 1.03971365062 0.971263147294
5795 1.06717017057 0.99691204203
5800 1.08743753906 1.0158450897
5805 1.04542998406 0.976603140672
5810 1.07854469709 1.00753771615
5815 1.05607378424 0.986546196491
5820 1.11705831933 1.04351575868
5825 1.10930519854 1.03627307172
5830 1.11107255495 1.0379240726
5835 1.08115102689 1.00997245584
5840 1.10636279291 1.03352438208
5845 1.09680824805 1.02459886946
5850 1.0803550516 1.00922888431
5855 1.03809669686 0.969752647173
5860 1.04055173967 0.972046059978
5865 1.07070310251 1.00021238015
5870 1.10105758835 1.02856845053
5875 1.09954950385 1.02715965216
5880 1.05475465345 0.985313911889
5885 1.05894155858 0.989225168273
5890 0.820640830141 0.766613187204
5895 0.890062617668 0.831464527575
5900 1.02294750195 0.955600813427
5905 1.05676401625 0.987190986439
5910 1.0752700677 1.004478675
5915 1.02663962769 0.959049864678
5920 1.06462063451 0.99453035702
5925 1.07802661645 1.00705374382
5930 1.05501919376 0.985561035944
5935 1.05549413012 0.986004704431
5940 1.06623865212 0.996041850955
5945 1.06555840523 0.995406388744
5950 1.0468208569 0.977902444123
5955 1.05533336509 0.985854523515
5960 1.07348095658 1.00280735165
5965 1.08076507 1.00961190876
5970 1.10263442001 1.03004147003
5975 1.06626108663 0.996062808465
5980 1.06732941347 0.997060801026
5985 1.02934634617 0.961578383859
5990 1.07253327428 1.00192206089
5995 1.07746020915 1.00652462647
6000 1.06023570412 0.990434112546
6005 1.04158946716 0.973015467734
6010 1.04044776976 0.971948935025
6015 1.02384649141 0.956440617091
6020 1.01379567183 0.94705150245
6025 1.04826543223 0.979251914506
6030 1.08040359487 1.00927423169
6035 1.08852362992 1.01685967677
6040 1.07426588593 1.00354060445
6045 1.09570879321 1.02357179823
6050 1.0994004165 1.02702038011
6055 1.05314134775 0.98380681965
6060 1.07975288044 1.00866635764
6065 1.0316896079 0.963767374798
6070 1.10811620287 1.03516235468
6075 1.09961737069 1.02722305092
6080 1.04296660288 0.974301938453
6085 1.03720298914 0.968917777523
6090 1.02457529396 0.957121438256
6095 1.04814710021 0.979141372989
6100 1.04424564217 0.975496771018
6105 1.02503212776 0.957548195982
6110 1.05706370553 0.987470945403
6115 1.06402576553 0.993974651789
6120 1.01395567183 0.9472009687
6125 1.03620748317 0.967987811603
6130 1.04136790139 0.972808488947
6135 0.981598195532 0.916973776581
6140 1.01356452807 0.946835576253
6145 1.06076675379 0.990930200077
6150 1.0306103647 0.962759184563
6155 1.03174950443 0.963823327985
6160 0.97976077192 0.915257321441
6165 0.980179035468 0.915648048223
6170 0.978545033071 0.914121621876
6175 1.03709246066 0.968814525782
6180 1.056968656 0.987382153544
6185 1.05916602936 0.989434860807
6190 0.990900300358 0.925663468791
6195 1.06829051027 0.997958623139
6200 1.02821453084 0.960521082625
6205 1.08148833458 1.01028755656
6210 1.06057327119 0.990749455581
6215 0.968853111015 0.905067776412
6220 0.987792727662 0.922760485997
6225 1.0303207879 0.962488672323
6230 0.959312791269 0.89615555238
6235 1.0478902467 0.978901429662
6240 0.985878221284 0.920972022905
6245 0.966586621972 0.902950503757
6250 1.01165016202 0.945047244245
6255 0.932954580385 0.871532658524
6260 0.95417065319 0.891351951685
6265 1.01160287378 0.945003069275
6270 1.00815224783 0.941779618449
6275 1.03530003606 0.967140107101
6280 0.948437237537 0.885996000719
6285 1.01090582636 0.944351912609
6290 1.03141108186 0.963507185779
6295 0.992410428379 0.927074176146
6300 0.958220020719 0.895134725383
6305 0.990784165579 0.925554979851
6310 1.01115149768 0.944581409931
6315 0.955005007752 0.892131375748
6320 0.961071173672 0.897798170062
6325 1.02470274755 0.957240500821
6330 1.02298571922 0.955636514624
6335 0.981268144283 0.916665454559
6340 1.00137888072 0.935452182188
6345 0.990345089183 0.925144810453
6350 1.03655135724 0.968309046406
6355 0.996057589881 0.930481223419
6360 0.945205591668 0.882977113225
6365 0.974206108689 0.910068354566
6370 1.03772315896 0.969403701482
6375 1.05269724245 0.983391952431
6380 1.02872765214 0.961000422113
6385 1.04212410665 0.973514908735
6390 1.04810790013 0.979104753676
6395 1.00772766791 0.941382991142
6400 0.983094275987 0.918371361205
6405 1.03957203484 0.971130854924
6410 1.00434041758 0.93821874355
6415 1.01959240926 0.952466606344
6420 0.987306910778 0.922306653315
6425 1.05107129166 0.981873047599
6430 1.00483354263 0.938679403255
6435 1.04030830698 0.971818653904
6440 1.016313012 0.949403111213
6445 1.0644095305 0.994333151241
6450 0.945515996504 0.883267082273
6455 1.01435612962 0.947575061988
6460 1.041208859 0.97265991726
6465 1.01353146698 0.946804691768
6470 1.01707267686 0.950112762844
6475 1.03426339371 0.96617171306
6480 1.0253458323 0.957841247489
6485 1.02501215754 0.957529540517
6490 1.02267010175 0.955341676123
6495 0.874155935186 0.816605076147
6500 0.962047081809 0.898709828391
6505 1.03466857395 0.966550217885
6510 1.03639144057 0.968159657994
6515 1.02969933793 0.96190813608
6520 1.01409238369 0.947328680008
6525 1.03093797939 0.963065230441
6530 1.01856551398 0.951507317659
6535 1.02221732873 0.954918711831
6540 1.04391258565 0.975185641585
6545 1.00557015068 0.939367516036
6550 1.024395962 0.956953912781
6555 0.978719098897 0.914284227917
6560 0.917112614576 0.856733663087
6565 0.898546818248 0.839390163016
6570 0.996132804215 0.930551485949
6575 0.978908471385 0.914461132894
6580 1.02329372779 0.955924245165
6585 1.02200808508 0.954723243926
6590 1.0210221969 0.953802262603
6595 0.976874657337 0.912561216862
6600 1.02555757191 0.95803904703
6605 1.00812556902 0.941754696065
6610 0.989887969542 0.924717785704
6615 1.0370993698 0.968820980053
6620 1.05076363839 0.981585648967
6625 1.01086356899 0.944312437292
6630 1.00930086306 0.942852613545
6635 0.987724187876 0.922696458592
6640 1.01856692948 0.951508639964
6645 1.00321168153 0.937164318868
6650 1.0318639763 0.963930263495
6655 1.03604261876 0.967833801195
6660 1.01965443949 0.952524552754
6665 0.983717260052 0.918953330541
6670 1.02306953441 0.955714811763
6675 1.0197254575 0.952590895228
6680 1.00014236851 0.934297076895
6685 1.04312680164 0.974451590385
6690 1.04082612191 0.972302378018
6695 1.00692456778 0.940632763848
6700 1.01354879181 0.946820875999
6705 1.00077846566 0.934891296005
6710 1.00226314613 0.936278231174
6715 0.96626474307 0.902649816047
6720 1.00580333106 0.939585344772
6725 1.01508102286 0.948252231211
6730 1.01631679805 0.949406648006
6735 1.00446474797 0.938334888531
6740 0.985327091161 0.920457176941
6745 0.986745175249 0.92178190016
6750 0.980208036965 0.91567514038
6755 0.999882105823 0.934053948841
6760 1.02694425985 0.959334441095
6765 1.00510665214 0.938934532357
6770 0.975360322506 0.911146579656
6775 1.01564629903 0.948780291907
6780 1.0203132605 0.953139999681
6785 0.974857960138 0.910677290776
6790 1.01199614765 0.945370451597
6795 0.989211242377 0.924085611493
6800 0.831744864348 0.776986177119
6805 0.0373386206899 0.0348803982955
6810 0.0851366599388 0.0795316097207
6815 0.919720980934 0.85917030525
6820 0.999341811378 0.933549225178
6825 1.01791832143 0.95090273362
6830 1.00449194267 0.938360292848
6835 1.01567552825 0.948807596794
6840 0.946471092591 0.884159298732
6845 0.985757190975 0.920858960738
6850 1.00873080499 0.942320085768
6855 0.969591357775 0.905757420018
6860 0.966665581609 0.903024265014
6865 1.01019176354 0.943684860771
6870 1.01133176288 0.94474980721
6875 0.987273266795 0.922275224314
6880 0.986671271717 0.921712862135
6885 0.994037655774 0.928594273531
6890 1.02537493378 0.957868433048
6895 1.01137559246 0.944790751226
6900 1.00694552927 0.940652345312
6905 1.00386937717 0.937778714518
6910 1.00386265142 0.937772431563
6915 0.963264245751 0.899846859226
6920 1.00385612623 0.937766335965
6925 0.960012289765 0.89680899875
6930 0.986892812676 0.921919817741
6935 0.981923250216 0.917277430991
6940 0.998873627245 0.933111864377
6945 0.954693208406 0.891840103999
6950 0.966567617683 0.902932750632
6955 0.968696454995 0.904921433984
6960 0.983742767283 0.91897715848
6965 0.972587171039 0.908556001164
6970 0.973702174318 0.909597597178
6975 0.938391374626 0.876611516421
6980 0.898462911816 0.839311780641
6985 0.979009239787 0.914555267116
6990 0.971934205644 0.907946024345
6995 0.979004088186 0.914550454675
7000 0.943147151289 0.881054192159
7005 0.950012190579 0.88746726528
7010 0.959323485166 0.896165542234
7015 0.916049423637 0.855740468301
7020 0.96196019358 0.898628660528
7025 0.923487807228 0.862689139074
7030 0.960088470278 0.896880163849
7035 0.962781424951 0.899395825377
7040 0.970141142782 0.906271009424
7045 0.98487267293 0.920032675752
7050 0.99366203778 0.928243384692
7055 0.971367513948 0.907416641318
7060 0.965738233389 0.902157969615
7065 0.959251218382 0.896098033201
7070 0.956286120486 0.893328145248
7075 0.990901254339 0.925664359965
7080 0.991290193263 0.926027692737
7085 0.927633986714 0.866562351024
7090 0.950580984198 0.887998611849
7095 0.961720060227 0.898404336575
7100 0.975129842917 0.910931273903
7105 0.969835788249 0.905985758187
7110 0.937827431925 0.876084701406
7115 0.958608206451 0.895497354551
7120 0.943445270323 0.881332684253
7125 0.95831400994 0.895222526738
7130 0.919642376387 0.859096875705
7135 0.964163340142 0.900686760912
7140 0.954333647634 0.89150421524
7145 0.947101282121 0.884747999155
7150 0.913320570452 0.853191271672
7155 0.942037721677 0.880017802865
7160 0.942102268175 0.880078099885
7165 0.91004928544 0.850135354713
7170 0.970327959602 0.906445526986
7175 0.95644421117 0.893475827888
7180 0.922929012311 0.862167132934
7185 0.919510710186 0.858973877869
7190 0.893342896377 0.834528846121
7195 0.914448669942 0.854245101695
7200 0.948361464583 0.885925216347
7205 0.93472023821 0.873182072644
7210 0.923972294225 0.863141729425
7215 0.925030673879 0.864130429682
7220 0.940580039662 0.878656088684
7225 0.94078695086 0.878849377693
7230 0.957554766938 0.894513269196
7235 0.951528049032 0.888883325799
7240 0.949707350456 0.887182494587
7245 0.92498362248 0.864086475955
7250 0.948034338498 0.885619626908
7255 0.934043290724 0.872549692617
7260 0.918640057757 0.858160545643
7265 0.941305517787 0.879333804291
7270 0.948080509183 0.885662757904
7275 0.934658070264 0.873123997581
7280 0.922242812892 0.861526110084
7285 0.906003806027 0.846356213154
7290 0.869092186952 0.81187470443
7295 0.919569995024 0.859029259636
7300 0.926842644382 0.865823107443
7305 0.929702750467 0.868494915816
7310 0.916535922848 0.856194938389
7315 0.928633855386 0.867496392424
7320 0.918398933513 0.857935296035
7325 0.898652162226 0.839488571576
7330 0.919706896127 0.859157147729
7335 0.929442491868 0.86825179158
7340 0.947839449424 0.885437568536
7345 0.911750584013 0.851724646732
7350 0.917947164627 0.857513269768
7355 0.885971335082 0.827642598336
7360 0.920345914556 0.859754095792
7365 0.901126133464 0.841799666645
7370 0.934895690007 0.873345973411
7375 0.931157909977 0.869854273562
7380 0.941711528064 0.879713084507
7385 0.889578750532 0.831012516276
7390 0.890315071361 0.831700360748
7395 0.922809004565 0.862055026008
7400 0.902371966637 0.842963479246
