Wave Flux FluxNorm
3600 0.692351862544 0.670371186266
3605 0.572973265415 0.554782601759
3610 0.522116471131 0.505540400852
3615 0.603603231048 0.584440132138
3620 0.50894800889 0.492790008846
3625 0.665383445761 0.644258958469
3630 0.607445656271 0.58816056866
3635 0.571301027265 0.553163453558
3640 0.675770465383 0.654316212652
3645 0.582963360518 0.56445553292
3650 0.589086200715 0.570383986165
3655 0.71089519518 0.688325808141
3660 0.744635123863 0.720994566961
3665 0.708903038188 0.686396897831
3670 0.691971348016 0.670002752253
3675 0.726826880893 0.703751697243
3680 0.639920438317 0.619604346516
3685 0.654637303712 0.63385398322
3690 0.697184749885 0.675050639872
3695 0.723385915352 0.700419974925
3700 0.779438946773 0.754693443664
3705 0.60232106974 0.583198676683
3710 0.646847610209 0.626311595661
3715 0.808117696767 0.782461705286
3720 0.560984702515 0.543174649839
3725 0.68969963293 0.667803159214
3730 0.695637479049 0.673552491544
3735 0.449075585577 0.434818405659
3740 0.678788158384 0.657238100418
3745 0.568206440326 0.550167113071
3750 0.503265190851 0.487287608006
3755 0.785077016304 0.760152516664
3760 0.630925204144 0.610894691599
3765 0.683004841359 0.661320912816
3770 0.66111354213 0.640124615056
3775 0.78672430121 0.761747503832
3780 0.860434755845 0.833117810734
3785 0.845652452483 0.818804813576
3790 0.729809676645 0.706639795672
3795 0.65456270302 0.63378175094
3800 0.650364390884 0.629716726145
3805 0.822768572115 0.796647446986
3810 0.841264765434 0.814556426115
3815 0.659072827592 0.638148688797
3820 0.631978887278 0.611914922569
3825 0.554888022667 0.537271526408
3830 0.475314106787 0.460223910491
3835 0.426767116097 0.413218181903
3840 0.464043576018 0.449311194732
3845 0.731487530787 0.708264381569
3850 0.744960402871 0.721309519063
3855 0.727329729462 0.704238581456
3860 0.598853999764 0.579841678691
3865 0.795983259719 0.770712510406
3870 0.691272071066 0.669325675836
3875 0.72002044804 0.697161353932
3880 0.663266772237 0.642209484758
3885 0.629405599925 0.609423331532
3890 0.616644990551 0.597067843946
3895 0.749434252599 0.725641333724
3900 0.782141863626 0.757310548744
3905 0.696788553199 0.674667021575
3910 0.853361104044 0.8262687321
3915 0.860023038544 0.832719164568
3920 0.753518605355 0.729596017102
3925 0.711363280435 0.6887790327
3930 0.379622097028 0.367569915365
3935 0.257427827759 0.249255050226
3940 0.56829364918 0.550251553232
3945 0.695771170609 0.673681938685
3950 0.835296601499 0.808777738495
3955 0.845070810888 0.818241637846
3960 0.761022703958 0.736861876782
3965 0.465792109745 0.451004216289
3970 0.308279324225 0.29849212151
3975 0.667054600839 0.645877057983
3980 0.914275755604 0.885249475038
3985 0.915227341768 0.886170850396
3990 0.990862623173 0.959404874976
3995 0.984938624636 0.953668950598
4000 1.00690417439 0.974937141592
4005 0.951878153989 0.921658078489
4010 1.03827443638 1.00531146552
4015 1.04088155946 1.00783581807
4020 1.05424946253 1.02077931909
4025 1.0507088473 1.01735111074
4030 1.00636879681 0.974418761087
4035 0.991981760917 0.960488482513
4040 1.08217374182 1.04781706282
4045 0.903253109658 0.874576774294
4050 1.06328570477 1.02952868016
4055 0.999242495556 0.967518704509
4060 1.00836635091 0.97635289716
4065 0.923885972864 0.894554588656
4070 1.00887990682 0.976850148779
4075 0.989445589534 0.958032829095
4080 1.00181652207 0.970011011239
4085 1.01776510469 0.985453260805
4090 1.10399521159 1.06894574806
4095 1.02551660149 0.992958664326
4100 0.82466665758 0.798485272336
4105 0.909642667455 0.880763477431
4110 1.0139618129 0.981770715321
4115 1.09067019187 1.05604376893
4120 1.04443125065 1.01127281423
4125 1.07292705939 1.03886394258
4130 1.03743757138 1.00450116917
4135 1.02237255794 0.989914437369
4140 1.11852210929 1.08301144813
4145 1.02215971264 0.989708349446
4150 1.07337071094 1.03929350916
4155 1.01536454405 0.983128912782
4160 1.08895642535 1.0543844108
4165 1.11380306348 1.07844222183
4170 1.05346017946 1.02001509405
4175 0.996642844746 0.965001586998
4180 1.04956247831 1.01624113649
4185 1.02515817011 0.992611612373
4190 1.03773509105 1.00478924323
4195 1.06581439365 1.03197708862
4200 0.974694499286 0.943750054102
4205 1.04810632885 1.01483121663
4210 1.09117627368 1.05653378373
4215 1.06296885547 1.02922189013
4220 1.09150045681 1.05684767475
4225 0.898344399273 0.869823904861
4230 1.02876687331 0.996105747035
4235 1.00488903536 0.972985978871
4240 1.01627941095 0.984014734632
4245 1.05031830538 1.01697296768
4250 0.964955762874 0.934320501537
4255 1.0213492515 0.988923618701
4260 0.96108450636 0.930572149056
4265 1.07487995335 1.04075483638
4270 0.944301290663 0.914321764209
4275 0.940422554997 0.910566170023
4280 1.00640160419 0.974450526907
4285 0.973915926125 0.942996198957
4290 0.892395709532 0.864064073171
4295 0.939206314409 0.909388542446
4300 0.712429872519 0.689811762789
4305 0.738372564908 0.714930830727
4310 0.688571711625 0.666711046974
4315 0.988444817284 0.957063829202
4320 1.13047371784 1.09458361892
4325 0.86106923424 0.83373214581
4330 1.08656726687 1.05207110294
4335 1.06987417721 1.03590798282
4340 0.762586969935 0.738376480693
4345 1.00100112197 0.969221498333
4350 1.04827367958 1.01499325434
4355 1.0349417091 1.00208454513
4360 1.09142611764 1.05677569569
4365 1.13607757244 1.10000956324
4370 1.07986507634 1.04558169249
4375 1.02761593951 0.994991352902
4380 1.07780334908 1.04358542062
4385 0.901370557121 0.872753988733
4390 1.04120961827 1.00815346172
4395 1.0662017797 1.032352176
4400 1.0785020083 1.04426189891
4405 1.01425886283 0.98205833456
4410 1.12591748597 1.09017203757
4415 1.08828722013 1.0537364514
4420 1.1747594603 1.13746338471
4425 1.14455852843 1.10822126719
4430 1.15499255933 1.11832404015
4435 1.08960579226 1.05501316171
4440 1.17300476112 1.13576439344
4445 1.14470209812 1.10836027886
4450 1.16283800494 1.12592040981
4455 1.05759715577 1.0240207303
4460 1.07986395558 1.04558060731
4465 1.13890674346 1.10274891419
4470 1.1326000604 1.0966424547
4475 1.2110956774 1.17264600539
4480 1.15155426607 1.11499490527
4485 1.19406657802 1.15615754315
4490 1.16117812751 1.1243132299
4495 1.17233938192 1.13512013859
4500 1.20471277928 1.1664657505
4505 1.25405238268 1.21423892807
4510 1.24290377667 1.20344426621
4515 1.20075301433 1.16263169954
4520 1.20857778386 1.17020804953
4525 1.15512433165 1.11845162899
4530 1.09442943623 1.05968366541
4535 1.10264298432 1.06763645109
4540 1.20987560733 1.17146466991
4545 1.16925411205 1.13213281937
4550 1.11221003989 1.0768997733
4555 1.13814366547 1.10201006228
4560 1.21344639915 1.17492209681
4565 1.16816577404 1.13107903375
4570 1.18695285148 1.14926966205
4575 1.20092418491 1.16279743582
4580 1.1493950274 1.11290421777
4585 1.13876211191 1.10260887438
4590 1.17477406026 1.13747752116
4595 1.16206100218 1.12516807521
4600 1.15495468236 1.1182873657
4605 1.16721713689 1.13016051378
4610 1.19534682151 1.15739714167
4615 1.17326783808 1.13601911828
4620 1.17166719906 1.13446929609
4625 1.18275785314 1.14520784585
4630 1.17847083412 1.14105693042
4635 1.16844954018 1.13135379092
4640 1.15635133851 1.11963968102
4645 1.14380625243 1.10749287433
4650 1.14197845187 1.1057231025
4655 1.13307553541 1.0971028344
4660 1.18787940814 1.15016680254
4665 1.12158424503 1.08597636767
4670 1.10701744424 1.07187203135
4675 1.15718685909 1.12044867563
4680 1.121331414 1.08573156348
4685 1.15299387637 1.11638881105
4690 1.14397606576 1.10765729646
4695 1.16375267754 1.12680604353
4700 1.10559979553 1.07049938992
4705 1.09019406967 1.05558276258
4710 1.11735029098 1.08187683252
4715 1.13397887968 1.09797749945
4720 1.17954687998 1.14209881415
4725 1.17691517187 1.1395506571
4730 1.11953924163 1.08399628871
4735 1.13882170444 1.10266657497
4740 1.16140835137 1.12453614465
4745 1.17840151207 1.14098980921
4750 1.1791744192 1.1417381782
4755 1.13965162366 1.10347014606
4760 1.16041429102 1.12357364357
4765 1.12605636317 1.09030650572
4770 1.16605979637 1.12903991631
4775 1.1878734073 1.15016099221
4780 1.18246428335 1.14492359627
4785 1.15054925205 1.11402179828
4790 1.14410752398 1.10778458117
4795 1.19057871919 1.15278041629
4800 1.15763637378 1.1208839192
4805 1.15688968515 1.12016093632
4810 1.15708001558 1.12034522417
4815 1.18147392392 1.14396467861
4820 1.18238893977 1.14485064469
4825 1.15045235166 1.11392797426
4830 1.147937083 1.11149255996
4835 1.15881984648 1.1220298192
4840 1.12303461894 1.08738069535
4845 1.14409416721 1.10777164845
4850 1.13057700583 1.09468362774
4855 1.05727061107 1.02370455269
4860 0.827629408677 0.801353962485
4865 0.961993901851 0.931452673204
4870 1.04499301051 1.01181673943
4875 1.08325253279 1.0488616045
4880 1.12584612314 1.09010294036
4885 1.09671400488 1.06189570393
4890 1.03765667706 1.00471331872
4895 1.15308819609 1.11648013633
4900 1.15084836704 1.11431141702
4905 1.13226987356 1.09632275058
4910 1.09611923704 1.06131981869
4915 1.13671098659 1.10062286786
4920 1.00161611024 0.969816962052
4925 1.09402787709 1.0592948549
4930 1.14418987901 1.1078643216
4935 1.0851394295 1.05068859633
4940 1.07872999645 1.04448264893
4945 1.14228291217 1.10601789684
4950 1.152511964 1.11592219837
4955 1.10423583138 1.06917872869
4960 1.10076979377 1.06582273028
4965 1.12677029986 1.09099777647
4970 1.10656804975 1.07143690416
4975 1.13656194172 1.10047855484
4980 1.07726584707 1.04306498313
4985 1.02740865564 0.994790649847
4990 1.10030801763 1.06537561454
4995 1.11009493983 1.0748518231
5000 1.07288526961 1.03882347954
5005 1.04032534078 1.00729725812
5010 1.07981972171 1.04553777776
5015 1.01853191789 0.986195729347
5020 1.04614655468 1.01293366106
5025 1.07001200239 1.03604143236
5030 1.08792986115 1.05339043779
5035 1.07436416501 1.04025542321
5040 0.995148000654 0.963554200977
5045 1.08742862817 1.05290511788
5050 1.05017684793 1.0168360012
5055 1.1058968359 1.0707869999
5060 1.11788164429 1.08239131651
5065 1.06874868261 1.03481822025
5070 1.0761091872 1.04194504472
5075 1.06987812939 1.03591180953
5080 1.00996682987 0.977902564372
5085 1.06829901108 1.03438282482
5090 1.09397852188 1.05924706661
5095 1.09541831327 1.06064114773
5100 1.03843692872 1.00546879908
5105 1.07447249607 1.04036031499
5110 1.05100593603 1.01763876755
5115 1.09337848447 1.05866607909
5120 1.0972541069 1.06241865889
5125 1.03355968718 1.00074639942
5130 1.04568491692 1.0124866793
5135 1.05774843578 1.02416720749
5140 1.00053048343 0.968765801552
5145 1.03370495347 1.00088705382
5150 1.04047280675 1.00744004237
5155 1.04632352612 1.01310501404
5160 1.06728758689 1.03340351116
5165 0.951715464913 0.92150055444
5170 0.842431037959 0.815685672006
5175 0.929166212177 0.899667191776
5180 1.01241882853 0.980276717375
5185 0.827598728615 0.801324256449
5190 1.00680082256 0.974837070951
5195 1.00060308948 0.968836102513
5200 1.05598329248 1.02245810368
5205 0.998705836311 0.966999083036
5210 1.01532127181 0.983087014349
5215 1.03974314956 1.00673355022
5220 1.07265664916 1.0386021173
5225 1.00718970731 0.975213609453
5230 1.02037965995 0.987984809591
5235 1.0246229598 0.992093393827
5240 1.07862961403 1.04438545344
5245 1.07304725841 1.03898032554
5250 1.04633536109 1.01311647327
5255 1.05342124393 1.01997739464
5260 1.0607449109 1.027068551
5265 0.935786033015 0.9060768476
5270 0.925115418943 0.895745002478
5275 1.01077451328 0.978684605575
5280 1.05455917529 1.02107919914
5285 1.03960942736 1.00660407341
5290 1.08924688926 1.05466565311
5295 1.06228856314 1.02856319562
5300 1.02884950193 0.99618575238
5305 1.07136178111 1.03734835851
5310 1.07840557902 1.04416853106
5315 1.06359571467 1.02982884791
5320 1.06534801249 1.03152551406
5325 1.00262684689 0.970795609997
5330 0.982875447769 0.95167127514
5335 1.05724922313 1.02368384376
5340 1.01702465594 0.984736319703
5345 1.04365976616 1.01052582271
5350 1.0355986309 1.00272061108
5355 1.07069913527 1.03670675024
5360 1.07353378182 1.03945140289
5365 1.02255415714 0.990090271185
5370 0.98681261272 0.955483443608
5375 1.05797735533 1.02438885935
5380 1.05064001495 1.01728446367
5385 1.04748698868 1.01423153918
5390 1.03728436592 1.00435282765
5395 1.02037592441 0.987981192641
5400 1.01927046598 0.986910830125
5405 0.972277775814 0.941410056381
5410 0.998736270166 0.967028550682
5415 1.02357102089 0.991074851712
5420 1.03776878569 1.00482186814
5425 1.01466307525 0.982449714103
5430 0.996916996486 0.965267035013
5435 1.00474867943 0.972850078934
5440 1.0588061042 1.02519129723
5445 1.00919320986 0.977153505124
5450 1.04394500946 1.01080201015
5455 1.00385586909 0.971985613396
5460 1.04226994459 1.00918012497
5465 0.999372687605 0.967644763243
5470 1.03338227277 1.00057461753
5475 0.989802261115 0.958378177123
5480 1.00362606785 0.97176310785
5485 1.02853385262 0.995880124256
5490 1.02299517248 0.990517285245
5495 1.02181244345 0.989372105301
5500 1.01749798582 0.985194622386
5505 1.01452781272 0.982318745864
5510 1.01892059749 0.986572069208
5515 1.0127689638 0.9806157366
5520 1.03691005755 1.00399040276
5525 1.01196387018 0.979836202968
5530 0.985821490671 0.954523787542
5535 1.01305308851 0.980890840971
5540 1.02711643749 0.994507708993
5545 1.01551942182 0.983278873523
5550 1.03278881421 1.0
5555 1.01165058583 0.979532864718
5560 1.01490381507 0.982682810955
5565 0.994118147641 0.962557043573
5570 0.985376371322 0.954092799772
5575 0.98922119056 0.957815554303
5580 1.00722894068 0.975251597255
5585 0.980503044524 0.949374190574
5590 0.94910788016 0.91897575487
5595 0.97399788981 0.943075560472
5600 0.961164736633 0.930649832191
5605 0.994506586493 0.962933150331
5610 1.01624760952 0.983983942832
5615 0.956072029761 0.925718807763
5620 0.9973274683 0.965664475233
5625 0.976893879326 0.945879608575
5630 1.01201306092 0.979883832003
5635 0.992416118055 0.96090904975
5640 0.9856851633 0.954391788271
5645 0.995721434433 0.964109429473
5650 0.995936507711 0.964317674638
5655 0.976739819203 0.945730439529
5660 0.953887436222 0.923603570351
5665 0.984057131983 0.952815443432
5670 0.994243134812 0.962678062671
5675 0.996750104764 0.965105441742
5680 0.989799154083 0.958375168733
5685 0.965129007432 0.934488245955
5690 0.973558563602 0.942650181922
5695 0.991165404107 0.959698043269
5700 0.97795562842 0.946907649429
5705 0.970042554949 0.93924579895
5710 0.923885413987 0.894554047523
5715 0.974051572981 0.943127539318
5720 0.988327462917 0.956950200582
5725 0.991563570699 0.960083568931
5730 0.987979076728 0.956612874902
5735 0.99296628967 0.961441754605
5740 0.987774430303 0.956414725559
5745 0.986952121364 0.955618523154
5750 0.975173495761 0.944213843473
5755 0.957139399187 0.926752290516
5760 0.973540283616 0.942632482286
5765 0.973125560265 0.942230925506
5770 0.982714580494 0.951515515054
5775 0.973226534046 0.942328693588
5780 0.966767004142 0.936074239807
5785 0.956365997087 0.926003442261
5790 0.971069529432 0.940240169212
5795 0.977633403332 0.946595654292
5800 0.981524068676 0.950362799414
5805 0.975164193987 0.944204837011
5810 0.982595325009 0.951400045672
5815 0.979403114529 0.948309180981
5820 0.987695068149 0.956337882983
5825 0.99095942611 0.959498604629
5830 0.984915779662 0.953646830902
5835 0.985414237327 0.954129463613
5840 0.986915701456 0.955583259498
5845 0.986605880215 0.955283274413
5850 0.980164445553 0.949046341389
5855 0.958478765465 0.928049134806
5860 0.95069488616 0.920512376858
5865 0.969246536986 0.938475052838
5870 0.975380077567 0.944413866753
5875 0.975067086183 0.94411081217
5880 0.971000746336 0.94017356983
5885 0.954361853651 0.924062926051
5890 0.83315748363 0.806706532998
5895 0.864665142745 0.837213891987
5900 0.937861165096 0.908086098719
5905 0.95096655204 0.920775417932
5910 0.958933977844 0.928489895176
5915 0.936234816167 0.906511382856
5920 0.952401044077 0.922164367945
5925 0.951228861702 0.921029399829
5930 0.939089646688 0.909275578674
5935 0.946345391605 0.916300969361
5940 0.955998405939 0.925647521339
5945 0.93927619821 0.909456207588
5950 0.926001577795 0.8966030277
5955 0.940440665481 0.910583705538
5960 0.941995580665 0.912089255523
5965 0.946308597762 0.916265343643
5970 0.941803348422 0.911903126239
5975 0.931864442238 0.90227975886
5980 0.935295481588 0.905601870121
5985 0.917776051227 0.888638643835
5990 0.934128233792 0.904471679921
5995 0.936039427559 0.906322197414
6000 0.928775658861 0.899289037684
6005 0.918725478752 0.889557929087
6010 0.922251631472 0.892972134074
6015 0.921391495151 0.892139305223
6020 0.9039558832 0.875257236293
6025 0.90823147913 0.879397091287
6030 0.923981617648 0.894647196925
6035 0.931686999947 0.902107949978
6040 0.928818911999 0.899330917628
6045 0.927104585559 0.89767101735
6050 0.93241827579 0.902816009393
6055 0.918640770844 0.889475910472
6060 0.930754702134 0.901205250608
6065 0.912455667788 0.883487171079
6070 0.933713866332 0.904070467733
6075 0.922706389307 0.89341245433
6080 0.907819375408 0.878998070968
6085 0.907938558405 0.879113470163
6090 0.90852272602 0.879679091717
6095 0.915423613116 0.886360890553
6100 0.904841768697 0.876114996839
6105 0.89406185897 0.865677325963
6110 0.909294944206 0.880426793644
6115 0.911276083869 0.882345036402
6120 0.897669217243 0.869170158403
6125 0.897430070923 0.868938604462
6130 0.906449678655 0.87767185913
6135 0.88979342247 0.861544403103
6140 0.881770717124 0.853776401325
6145 0.900793287552 0.872195046226
6150 0.904270047034 0.875561426104
6155 0.893174866999 0.864818494072
6160 0.871499700952 0.843831467732
6165 0.869555347795 0.841948843589
6170 0.865158717098 0.83769179642
6175 0.894246796816 0.865856392432
6180 0.900591480042 0.871999645669
6185 0.905079876877 0.876345545599
6190 0.883703907401 0.855648216986
6195 0.90075682771 0.872159743906
6200 0.899569645259 0.871010251934
6205 0.906976248919 0.878181711925
6210 0.903016610764 0.874347783729
6215 0.877761415039 0.849894385922
6220 0.881173395959 0.853198043816
6225 0.893417444761 0.865053370514
6230 0.866942688096 0.839419130192
6235 0.884118079233 0.856049239756
6240 0.877176304569 0.849327851445
6245 0.85649010612 0.829298395118
6250 0.876176299028 0.84835959392
6255 0.848421408784 0.821485861496
6260 0.868584992397 0.841009294879
6265 0.875330877298 0.847541012505
6270 0.876448511327 0.848623164066
6275 0.880737367589 0.852775858405
6280 0.828264593508 0.80196898157
6285 0.859998306334 0.832695217553
6290 0.868095372731 0.84053521958
6295 0.856956459509 0.829749942795
6300 0.831895925485 0.805485026599
6305 0.853679584885 0.826577101862
6310 0.859236789375 0.831957877112
6315 0.834451774497 0.807959732925
6320 0.83611599433 0.809571117373
6325 0.860594376201 0.833272363489
6330 0.860355309123 0.833040886274
6335 0.841215878086 0.814509090834
6340 0.84978096167 0.822802251514
6345 0.848785435176 0.821838330836
6350 0.86083265632 0.833503078729
6355 0.856632656786 0.829436420108
6360 0.847153654285 0.820258355464
6365 0.853308534824 0.826217831839
6370 0.861278134615 0.83393441405
6375 0.866792249404 0.839273467604
6380 0.860476664732 0.833158389105
6385 0.8635329452 0.836117639268
6390 0.862560830947 0.835176387543
6395 0.845272412687 0.818436839223
6400 0.829634212632 0.803295118245
6405 0.850990956893 0.823973832002
6410 0.833322292179 0.806866109232
6415 0.841803551691 0.815078107072
6420 0.83058139988 0.804212234343
6425 0.854214720947 0.82709524851
6430 0.838467114172 0.811847594238
6435 0.847341129989 0.82043987922
6440 0.830088433055 0.80373491815
6445 0.85530059206 0.828146645561
6450 0.826657219096 0.800412637823
6455 0.836221387998 0.80967316502
6460 0.834304863144 0.807817485691
6465 0.829703658323 0.803362359184
6470 0.830609329439 0.804239277199
6475 0.834801319208 0.808298180347
6480 0.83476262762 0.808260717133
6485 0.837370055344 0.810785364659
6490 0.830978274742 0.804596509286
6495 0.7724657998 0.747941679046
6500 0.813063875496 0.787250853524
6505 0.838740901307 0.812112689223
6510 0.835116237693 0.80860310085
6515 0.824379206497 0.798206947204
6520 0.815970630519 0.790065325352
6525 0.821551411426 0.795468928519
6530 0.820562422533 0.794511337888
6535 0.814655744469 0.788792184094
6540 0.817811494699 0.791847746071
6545 0.7987392639 0.773381017407
6550 0.797337186164 0.772023452611
6555 0.772119110258 0.747605996148
6560 0.662349873129 0.641321695216
6565 0.62389701215 0.604089629522
6570 0.765618447895 0.741311715775
6575 0.787884798066 0.76287115742
6580 0.805374798955 0.779805888555
6585 0.806347224537 0.780747441726
6590 0.805126411958 0.779565387309
6595 0.792668932613 0.767503406027
6600 0.811736517935 0.785965636698
6605 0.810159838088 0.784439013031
6610 0.805654855575 0.780077053983
6615 0.812749754066 0.786946704771
6620 0.812536677339 0.78674039277
6625 0.810375437173 0.784647767311
6630 0.807767227594 0.782122362752
6635 0.795315929099 0.770066366092
6640 0.807018683016 0.781397582849
6645 0.801375754289 0.775933804921
6650 0.811923640725 0.786146818744
6655 0.812346505213 0.786556258198
6660 0.80704016589 0.781418383687
6665 0.798124788256 0.772786050038
6670 0.808777750244 0.783100803491
6675 0.804184229879 0.778653117477
6680 0.797148454962 0.771840713217
6685 0.808654292633 0.782981265392
6690 0.807601190447 0.781961596926
6695 0.803642021344 0.778128122891
6700 0.80033598817 0.77492704913
6705 0.795740415019 0.770477375501
6710 0.798124224794 0.772785504465
6715 0.78610604821 0.761148879029
6720 0.785182474215 0.760254626515
6725 0.795444993847 0.770191333313
6730 0.790197924925 0.765110847496
6735 0.794736375374 0.769505211946
6740 0.794066671983 0.768856770191
6745 0.791350272059 0.766226610098
6750 0.782340504663 0.757502883357
6755 0.793370945279 0.768183131307
6760 0.794587403388 0.769360969499
6765 0.790977065188 0.76586525174
6770 0.783531337104 0.75865590944
6775 0.789645581676 0.764576039953
6780 0.797482125715 0.772163790644
6785 0.786483927473 0.761514761442
6790 0.793188607508 0.768006582367
6795 0.788960823978 0.763913021833
6800 0.774993936349 0.75038955272
6805 0.789828057213 0.764752722286
6810 0.786727001193 0.761750118097
6815 0.79060665254 0.765506598892
6820 0.787792524797 0.762781813628
6825 0.790326012584 0.76523486865
6830 0.788255703405 0.763230287315
6835 0.795510766132 0.77025501747
6840 0.774248094024 0.749667389278
6845 0.77994041309 0.755178989509
6850 0.783826983365 0.758942169571
6855 0.769780101794 0.745341246151
6860 0.772417888908 0.747895289222
6865 0.776308267825 0.75166215701
6870 0.768846510654 0.744437294513
6875 0.769786448844 0.745347391696
6880 0.764321121484 0.740055576676
6885 0.764875886395 0.740592728999
6890 0.770454837561 0.745994560515
6895 0.763455089307 0.73921703915
6900 0.76639899858 0.742067485662
6905 0.765602910006 0.741296671181
6910 0.767985898248 0.743604004692
6915 0.754946975935 0.730979040001
6920 0.762681469801 0.738467980392
6925 0.760200282995 0.736065565908
6930 0.766312289154 0.741983529073
6935 0.763904071433 0.739651767063
6940 0.766298651019 0.741970323919
6945 0.75918484353 0.735082364454
6950 0.7627781109 0.738561553345
6955 0.762358769303 0.738155524938
6960 0.765628754722 0.741321695383
6965 0.76166073382 0.737479650574
6970 0.764303894157 0.740038896279
6975 0.750479069531 0.726652979976
6980 0.741278135404 0.717744155635
6985 0.758768217787 0.734678965678
6990 0.7602070613 0.736072129016
6995 0.764382285325 0.740114798697
7000 0.753356304985 0.729438869419
7005 0.746659650262 0.722954819019
7010 0.752691794616 0.728795455819
7015 0.740271832864 0.716769801027
7020 0.751038019886 0.727194184864
7025 0.742646754759 0.719069324282
7030 0.749753978029 0.725950908563
7035 0.741692493493 0.718145358749
7040 0.749323675793 0.725534267494
7045 0.754427125156 0.730475693362
7050 0.752438151908 0.728549865719
7055 0.746398679731 0.722702133739
7060 0.744245338526 0.720617156466
7065 0.742024485545 0.718466810771
7070 0.736661685181 0.713274267735
7075 0.746634317516 0.722930290533
7080 0.741765944496 0.718216477841
7085 0.731550093822 0.708324958363
7090 0.735360098554 0.712014003673
7095 0.739162317593 0.715695510469
7100 0.742249674023 0.718684850001
7105 0.742426411545 0.718855976488
7110 0.73702677426 0.713627766025
7115 0.735589958774 0.712236566327
7120 0.73237436561 0.709123061301
7125 0.736718844464 0.713329612335
7130 0.726375098526 0.70331425799
7135 0.733616347738 0.710325613179
7140 0.734451541812 0.711134291645
7145 0.726882712205 0.703805756031
7150 0.715247770384 0.692540198483
7155 0.72664388628 0.703574512313
7160 0.724500434878 0.701499110864
7165 0.701810665462 0.679529692621
7170 0.733050670007 0.709777894494
7175 0.732572598838 0.709315001053
7180 0.723730859824 0.700753968155
7185 0.717178271336 0.694409410199
7190 0.716816768316 0.69405938412
7195 0.714237612159 0.6915621106
7200 0.7191583909 0.696326665244
7205 0.720536871245 0.697661381816
7210 0.720846684754 0.697961359415
7215 0.720477277575 0.697603680116
7220 0.71766512068 0.694880803129
7225 0.722762800967 0.699816643077
7230 0.724900877727 0.701886840518
7235 0.721332386355 0.698431641039
7240 0.719262689379 0.696427652472
7245 0.717507750783 0.694728429386
7250 0.71556442623 0.69284680119
7255 0.724212205216 0.701220031871
7260 0.720531192477 0.697655883336
7265 0.724486322062 0.701485446099
7270 0.722894789895 0.699944441642
7275 0.717197722041 0.694428243387
7280 0.722791229629 0.69984416919
7285 0.712106294655 0.689498457824
7290 0.694071538879 0.672036266591
7295 0.712612772899 0.689988856478
7300 0.721250128222 0.698351994424
7305 0.721280379049 0.698381284852
7310 0.714863581121 0.6921682064
7315 0.723370722072 0.700405264
7320 0.719123686706 0.696293062833
7325 0.709785097137 0.687250953314
7330 0.714113960188 0.691442384313
7335 0.719827233071 0.696974273121
7340 0.72021945806 0.697354045813
7345 0.715563364162 0.692845772841
7350 0.717379127893 0.694603889995
7355 0.709891607419 0.687354082124
7360 0.717089632744 0.694323585692
7365 0.713880160897 0.691216007644
7370 0.715844672968 0.6931181507
7375 0.710399168006 0.687845528759
7380 0.716461927427 0.693715808663
7385 0.700591278632 0.678349018689
7390 0.694522304061 0.672472720953
7395 0.703758177959 0.681415375802
7400 0.703757830034 0.681415038923
