Wave Flux FluxNorm
3600 0.280161451923 0.259402495292
3605 0.197904030861 0.18324005348
3610 0.159713568382 0.147879367007
3615 0.236849116927 0.219299448646
3620 0.175701814812 0.162682941842
3625 0.311976519018 0.288860180264
3630 0.258311357252 0.239171414102
3635 0.223278513233 0.20673437791
3640 0.328783661557 0.304421973949
3645 0.247547897749 0.229205488262
3650 0.218553838927 0.202359784988
3655 0.337217584432 0.312230973453
3660 0.382453566537 0.354115131871
3665 0.338453943279 0.313375722552
3670 0.297231712282 0.275207910711
3675 0.351362352621 0.325327665158
3680 0.272881631556 0.252662083448
3685 0.274269065097 0.25394671315
3690 0.304363343911 0.281811114069
3695 0.311601514523 0.288512962254
3700 0.389314911544 0.360468075873
3705 0.236395352161 0.218879306218
3710 0.251653024997 0.233006440336
3715 0.38477693398 0.356266346137
3720 0.175816645262 0.162789263768
3725 0.259481824452 0.24025515389
3730 0.231370790402 0.214227046426
3735 0.113948772073 0.105505577616
3740 0.231619168542 0.214457020638
3745 0.157630228288 0.145950394926
3750 0.148077999563 0.137105952017
3755 0.281551067559 0.260689145403
3760 0.16770145323 0.155275378298
3765 0.190191899964 0.176099363764
3770 0.273275942378 0.253027177255
3775 0.287581191309 0.266272458657
3780 0.302059175139 0.279677675921
3785 0.279640322221 0.258919979427
3790 0.178625320369 0.165389826145
3795 0.179791506171 0.16646960177
3800 0.189441808758 0.175404851621
3805 0.247208530444 0.228891266854
3810 0.226728842694 0.209929050359
3815 0.166951673679 0.154581154717
3820 0.122071243128 0.11302620276
3825 0.111965854637 0.103669587236
3830 0.13976971292 0.129413279552
3835 0.129735228331 0.120122314206
3840 0.124426075666 0.115206550671
3845 0.166412037959 0.154081504064
3850 0.141944659533 0.131427070439
3855 0.144775009364 0.13404770152
3860 0.119616046782 0.110752927639
3865 0.153474060523 0.142102184254
3870 0.129092309064 0.119527032946
3875 0.171125334588 0.158445562353
3880 0.14993947973 0.138829503195
3885 0.214516161149 0.198621284621
3890 0.273662653705 0.253385234663
3895 0.3294517133 0.305040525459
3900 0.307068788594 0.284316095026
3905 0.279948195823 0.259205040702
3910 0.3384551255 0.313376817175
3915 0.329539713951 0.305122005578
3920 0.242205691039 0.224259119868
3925 0.221431720454 0.205024425838
3930 0.106302722999 0.0984260732975
3935 0.0736796475736 0.0682202505076
3940 0.173723963709 0.160851642396
3945 0.238778920338 0.22108626056
3950 0.315770401093 0.292372949313
3955 0.353020395655 0.326862853162
3960 0.295425855066 0.273535861024
3965 0.141579557052 0.131089020739
3970 0.100235304722 0.0928082289074
3975 0.250157207894 0.231621457904
3980 0.41007323837 0.379688285291
3985 0.459087493108 0.42507075992
3990 0.505666282533 0.468198228462
3995 0.499589656056 0.462571858166
4000 0.571591891754 0.529238986989
4005 0.525854753248 0.486890806058
4010 0.59224919333 0.548365656765
4015 0.652010693081 0.603699044179
4020 0.644878623894 0.597095435685
4025 0.614867947443 0.569308442494
4030 0.589368611553 0.545698515745
4035 0.533733311952 0.494185591879
4040 0.649072365579 0.600978436184
4045 0.45594612881 0.422162159426
4050 0.633360622671 0.586430876954
4055 0.544826555492 0.504456865945
4060 0.545510902169 0.505090504992
4065 0.469530479033 0.434739958122
4070 0.573356929778 0.530873242039
4075 0.523461683522 0.484675054198
4080 0.572161789161 0.529766657047
4085 0.611186326933 0.565899616832
4090 0.704497298762 0.652296581026
4095 0.628971591956 0.58236705764
4100 0.535025347635 0.495381892363
4105 0.609677681233 0.564502756356
4110 0.573674207257 0.531167010398
4115 0.595580674878 0.551450287505
4120 0.523747013274 0.484939242041
4125 0.543585910306 0.503308148108
4130 0.496403061859 0.459621379146
4135 0.499264712302 0.462270991576
4140 0.533651407763 0.494109756497
4145 0.428936244361 0.397153610336
4150 0.423573950647 0.392188643312
4155 0.41818827644 0.387202028207
4160 0.525221039495 0.486304048217
4165 0.497406020716 0.460550022356
4170 0.501175293687 0.464040005748
4175 0.421392048922 0.390168412663
4180 0.430091603352 0.398223361378
4185 0.569775529212 0.527557210383
4190 0.54106017044 0.500969556488
4195 0.498303334755 0.461380848651
4200 0.476186334793 0.440902638892
4205 0.517216054797 0.478892204113
4210 0.572500133761 0.530079931528
4215 0.490394002305 0.454057569308
4220 0.804010544637 0.744436253053
4225 0.467441395702 0.432805668357
4230 0.676664528209 0.626526118735
4235 0.62657608633 0.580149050371
4240 0.667908821101 0.618419178054
4245 0.789156194016 0.730682556423
4250 0.605570307384 0.560699724147
4255 0.62671390354 0.580276655821
4260 0.602801385985 0.558135969871
4265 0.813977136915 0.753664356664
4270 0.567520984625 0.525469719447
4275 0.569191190599 0.527016169161
4280 0.684467502968 0.63375092111
4285 0.637942789932 0.590673522091
4290 0.533277261504 0.493763333131
4295 0.608603521184 0.563508187706
4300 0.420059437141 0.388934542625
4305 0.418713874819 0.387688681635
4310 0.407499691724 0.377305429202
4315 0.741433097989 0.686495570286
4320 0.863158442144 0.799201503943
4325 0.54301130451 0.502776118536
4330 0.83011225137 0.768603917131
4335 0.892495682716 0.826364960433
4340 0.592598397052 0.548688985746
4345 0.822543555238 0.761596034179
4350 0.814761789469 0.754390869284
4355 0.783516090734 0.725460364522
4360 0.800000138488 0.740723003584
4365 0.917035951084 0.849086883117
4370 0.788932675561 0.730475599882
4375 0.676176348955 0.626074111809
4380 0.780209772592 0.722399032671
4385 0.50702600889 0.469457203983
4390 0.656620006698 0.607966824224
4395 0.743677984662 0.688574118925
4400 0.758930468758 0.702696448769
4405 0.603582883843 0.558859561546
4410 0.767987900152 0.711082757051
4415 0.730385674862 0.676266721505
4420 0.820893495985 0.760068238386
4425 0.795996956628 0.737016443112
4430 0.775988064056 0.718490137564
4435 0.711436775739 0.658721867701
4440 0.839996372534 0.777755660443
4445 0.818045862925 0.757431604701
4450 0.869995844059 0.805532278951
4455 0.742204368993 0.68720969288
4460 0.670508044454 0.620825808298
4465 0.786653911825 0.728365684348
4470 0.784750251247 0.726603078178
4475 0.976397127409 0.904049609632
4480 0.860056979513 0.796329848546
4485 0.96569090314 0.894136678102
4490 0.828140520051 0.766778284016
4495 0.780317068778 0.722498378595
4500 0.924427758571 0.855930984237
4505 1.0736734484 0.994118104872
4510 1.01363804409 0.93853110824
4515 0.892186626881 0.826078804524
4520 0.963798661478 0.892384644745
4525 0.839070718778 0.776898594302
4530 0.737315751372 0.682683304254
4535 0.811225685927 0.751116778305
4540 0.875169284059 0.810322385642
4545 0.859140560832 0.795481333195
4550 0.836858941103 0.774850701404
4555 0.831599699511 0.769981150711
4560 0.969200588406 0.897386308304
4565 0.854420907531 0.791111389241
4570 0.940065562798 0.870410083376
4575 0.940418773711 0.87073712263
4580 0.828146808463 0.766784106479
4585 0.87603129992 0.811120529226
4590 0.967008248361 0.895356412776
4595 0.832770215146 0.771064935344
4600 0.862823185713 0.798891088809
4605 0.875455474561 0.810587370456
4610 1.06020018638 0.981643163135
4615 1.01226222614 0.937257233455
4620 1.02729043568 0.951171906678
4625 1.0249878209 0.949039907379
4630 1.01333814574 0.938253431282
4635 0.948903817639 0.8785934553
4640 0.897129271966 0.830655217373
4645 0.839001613995 0.776834609936
4650 0.882626264116 0.817226830278
4655 0.894582920319 0.828297541232
4660 1.03162541513 0.955185679735
4665 0.833494240121 0.771735312671
4670 0.840377426594 0.778108479766
4675 0.939443060098 0.869833705889
4680 0.871290381574 0.806730895889
4685 0.928227304417 0.859448997392
4690 0.89076333594 0.824760974326
4695 0.938307087651 0.868781904918
4700 0.843442649638 0.7809465808
4705 0.873039980722 0.808350856029
4710 0.867350972588 0.80308338295
4715 0.88524606384 0.819652512259
4720 1.03420078484 0.957570223807
4725 0.999563721349 0.925499642227
4730 0.817453441857 0.756883079905
4735 0.925650097862 0.85706275258
4740 0.964899521111 0.893403934636
4745 0.983953695097 0.911046262815
4750 1.00818667984 0.933483670486
4755 0.941192666692 0.871453672922
4760 0.972202335677 0.90016563689
4765 0.851578469097 0.788479565279
4770 0.98582292585 0.912776990287
4775 1.0479832348 0.97033144376
4780 1.05187171917 0.973931805415
4785 0.952602861385 0.8820184132
4790 0.939608483042 0.869986871587
4795 1.08004646125 1.00001890037
4800 0.969776857822 0.897919878227
4805 1.00835216927 0.933636897747
4810 0.977400098661 0.904978264319
4815 1.01635792731 0.941049457891
4820 1.07942186846 0.999440587662
4825 0.986751860635 0.913637094343
4830 0.980150583677 0.907524948282
4835 1.00626998539 0.931708996201
4840 0.942590871253 0.872748275551
4845 0.991379673613 0.917922003013
4850 0.973396807204 0.901271602371
4855 0.900264989727 0.833558589719
4860 0.785293691331 0.727106251304
4865 0.874531992466 0.809732315065
4870 0.867968212438 0.803654887546
4875 0.886402407724 0.820723175218
4880 0.99076242751 0.917350492627
4885 0.874456932523 0.809662816794
4890 0.859258946149 0.795590946586
4895 1.08214917216 1.00196580797
4900 1.01859893312 0.943124413222
4905 1.02809547649 0.95191729686
4910 0.908187938021 0.84089447602
4915 1.01476476934 0.9395743472
4920 0.792308182135 0.733600993551
4925 0.905341602705 0.838259043921
4930 1.06564419785 0.986683792926
4935 0.946604970262 0.876464944251
4940 0.910300902978 0.842850877869
4945 1.04855595243 0.970861725077
4950 1.08751914767 1.00693788758
4955 1.03831289403 0.961377640487
4960 1.02785974149 0.951699028973
4965 1.004187521 0.929780834943
4970 0.988521638391 0.915275737928
4975 1.06695969347 0.987901815049
4980 0.934021883218 0.864814218731
4985 0.861937396167 0.798070933085
4990 0.980941217814 0.908256999271
4995 0.981768687525 0.90902315645
5000 0.916418607597 0.848515282564
5005 0.844232049538 0.781677489004
5010 0.931830768114 0.862785457381
5015 0.822698178112 0.761739200054
5020 0.861558194785 0.797719829162
5025 0.921267904138 0.85300526366
5030 0.968977581363 0.897179825281
5035 0.997748714484 0.923819120847
5040 0.791656416158 0.732997521091
5045 1.02958083662 0.953292597146
5050 0.921716916348 0.853421005679
5055 1.03392512676 0.957314991
5060 1.08419097484 1.0038563204
5065 0.965297348968 0.893772284879
5070 0.977705146552 0.905260709259
5075 0.976887071737 0.904503250847
5080 0.828132192702 0.766770573694
5085 0.935451127249 0.866137560916
5090 1.01191066156 0.936931718545
5095 1.0308290952 0.954448364246
5100 0.911693471195 0.844140261786
5105 0.955242176094 0.884462164174
5110 0.896715848358 0.830272426968
5115 1.01299772455 0.937938234074
5120 1.01488890504 0.939689284887
5125 0.839770632876 0.777546647282
5130 0.887779668165 0.82199838561
5135 0.983815650205 0.910918446552
5140 0.900243519025 0.833538709918
5145 0.876068681702 0.811155141152
5150 0.874751673785 0.809935718788
5155 0.923342131256 0.854925798005
5160 0.986158750485 0.913087931524
5165 0.775726135951 0.71824761739
5170 0.73556212996 0.681059619886
5175 0.863980339246 0.799962501424
5180 0.96403050994 0.89259931407
5185 0.799832184234 0.740567494137
5190 0.968757408559 0.896975966491
5195 0.876129910058 0.811211832707
5200 0.992773063482 0.919212147701
5205 0.875276217842 0.810421396016
5210 0.8821184486 0.816756642067
5215 0.948412538864 0.878138578516
5220 0.998810120082 0.924801880106
5225 0.805331748883 0.745659560812
5230 0.959895937744 0.888771098813
5235 0.943248455633 0.873357135292
5240 1.03490769556 0.958224754978
5245 1.00111972615 0.926940352668
5250 0.863716075103 0.799717818305
5255 0.931442289422 0.862425763564
5260 1.01550164976 0.940256627426
5265 0.743851980402 0.688735222205
5270 0.75750376452 0.701375458187
5275 0.908113832264 0.840825861234
5280 0.993974943221 0.920324972471
5285 0.993328321238 0.919726262853
5290 1.09918468098 1.01773904681
5295 0.987089415942 0.913949638015
5300 0.92030803608 0.852116518376
5305 1.07675430545 0.996970681486
5310 1.10971738476 1.02749131509
5315 1.05389080126 0.975801280779
5320 1.02559476197 0.9496018763
5325 0.938615109829 0.869067103759
5330 0.867134604673 0.80288304712
5335 1.04581570523 0.968324520338
5340 0.965999781914 0.894422670068
5345 1.01980591445 0.94424196157
5350 0.990161028178 0.916793654824
5355 1.12496132333 1.0416057326
5360 1.11140205201 1.02905115456
5365 1.02045592074 0.944843804738
5370 0.919674561874 0.851529982331
5375 1.06878521822 0.989592074973
5380 1.04633145546 0.968802055332
5385 1.03985567821 0.962806109898
5390 0.960601094357 0.889424005856
5395 0.916900755673 0.848961705201
5400 0.95670816819 0.885819531525
5405 0.852622528151 0.789446263309
5410 0.914443462931 0.846686489018
5415 1.03460979914 0.957948931618
5420 1.00914793107 0.93437369645
5425 1.00553816095 0.931031397323
5430 0.945768723963 0.875690660797
5435 0.899770056737 0.833100329484
5440 1.08814220631 1.00751477982
5445 0.996874612254 0.923009786451
5450 1.05280258145 0.97479369415
5455 0.966907275885 0.895262921998
5460 1.05751821129 0.979159912765
5465 1.0180495568 0.942615743716
5470 1.00943632375 0.934640720275
5475 0.924267302954 0.855782417805
5480 0.928346941497 0.859559769795
5485 1.01484330367 0.939647062414
5490 0.987077306411 0.913938425757
5495 0.997170064849 0.92328334707
5500 1.02561993094 0.949625180336
5505 0.964253234954 0.892805535961
5510 0.981031814067 0.908340882667
5515 0.950827523017 0.880374621023
5520 1.0469002823 0.969328734146
5525 1.00995685286 0.935122680051
5530 0.981970944436 0.909210426852
5535 0.98011605002 0.907492973445
5540 1.03301557694 0.956472835548
5545 1.01514014747 0.939921911157
5550 1.08002604836 1.0
5555 1.03208545516 0.955611632456
5560 1.03006370792 0.953739689417
5565 0.989208854315 0.915912033622
5570 1.00266690298 0.928372889256
5575 1.03175465323 0.955305341759
5580 1.033935232 0.95732434748
5585 0.969513451872 0.897675989711
5590 0.901894716063 0.835067559191
5595 0.993881778783 0.920238711183
5600 0.959318823173 0.888236746357
5605 1.04228174006 0.96505240929
5610 1.0845075745 1.00414946116
5615 0.971971020377 0.899951461223
5620 0.994947732167 0.921225681253
5625 0.941915499164 0.872122946107
5630 1.06328763309 0.984501841141
5635 1.00492036602 0.930459378782
5640 0.973735752424 0.901585432969
5645 1.0011134553 0.926934546464
5650 1.01137321204 0.936434092107
5655 0.986319135909 0.913236432965
5660 0.92123365454 0.852973551835
5665 1.00171925225 0.927495456039
5670 0.999885397054 0.925797482918
5675 1.0837166242 1.00341711744
5680 1.03571409009 0.958971398572
5685 0.98580819556 0.912763351458
5690 1.01206300263 0.937072771689
5695 1.0464170278 0.968881287067
5700 0.955034759874 0.884270116751
5705 0.951219484048 0.880737539151
5710 0.883165985983 0.817726560695
5715 1.01146429089 0.936518422334
5720 1.06374043003 0.984921087458
5725 1.07298324951 0.993479047235
5730 1.02990579472 0.953593477012
5735 1.06065185195 0.982061361917
5740 1.03889102838 0.961912937154
5745 1.04267966145 0.965420846132
5750 1.01444404643 0.939277388704
5755 0.976201861791 0.903868812495
5760 0.99842098189 0.924441575654
5765 1.05086945617 0.973003806502
5770 1.05782308059 0.979442192346
5775 1.03577410624 0.959026967746
5780 0.948450357993 0.878173595384
5785 0.896775147582 0.830327332334
5790 1.00095932178 0.926791833683
5795 1.02829240355 0.952099632329
5800 1.05242033268 0.974439768631
5805 1.00330828185 0.928966744255
5810 1.03949508338 0.962472233857
5815 1.0221246354 0.946388873639
5820 1.08574459866 1.00529482628
5825 1.07451893837 0.994900947073
5830 1.07847494942 0.99856383192
5835 1.04278952565 0.965522569795
5840 1.07581565722 0.996101583714
5845 1.06158431069 0.982924728809
5850 1.03194993636 0.955486155104
5855 0.982819054205 0.909995694734
5860 0.987358244897 0.914198547711
5865 1.02499046776 0.949042358114
5870 1.05687076009 0.978560435373
5875 1.05512997394 0.976948635221
5880 0.992706862654 0.919150852116
5885 1.00014496032 0.926037813475
5890 0.733460436344 0.679113654213
5895 0.805386213742 0.745709990021
5900 0.971346608734 0.899373316239
5905 1.01430812058 0.939151534467
5910 1.03402841225 0.957410623403
5915 0.976029678364 0.903709387241
5920 1.02363294523 0.947785423127
5925 1.04172793605 0.964539640161
5930 1.00831684963 0.933604195163
5935 1.00780034199 0.933125958883
5940 1.01365488045 0.938546697085
5945 1.02655554801 0.950491471545
5950 1.00270643678 0.928409493739
5955 0.99661265107 0.922767235648
5960 1.02747284483 0.95134079997
5965 1.03751708805 0.960640800867
5970 1.07160862046 0.99220627326
5975 1.02083967404 0.94519912329
5980 1.02803440472 0.951860750289
5985 0.975409243466 0.903134924339
5990 1.02378272915 0.947924108601
5995 1.03426475571 0.957629454665
6000 1.00355001102 0.929190562161
6005 0.993178023462 0.919587101602
6010 0.978147344853 0.905670142255
6015 0.97212190974 0.900091170226
6020 0.962589752577 0.891265311649
6025 0.996982483519 0.923109664843
6030 1.03492808486 0.958243633513
6035 1.04947618329 0.971713770136
6040 1.03445316419 0.957803902753
6045 1.05522978032 0.977041046304
6050 1.05775689437 0.979380910287
6055 1.01291211027 0.937858963509
6060 1.03721662578 0.960362601774
6065 0.988766542784 0.915502495786
6070 1.07687892158 0.997086064006
6075 1.07046746769 0.991149675802
6080 1.00322993981 0.92889420708
6085 0.994201616853 0.920534850401
6090 0.988987581728 0.915707156539
6095 1.01703403254 0.941675466148
6100 1.0175699819 0.942171703593
6105 0.993096127826 0.919511274138
6110 1.03072554087 0.954352482924
6115 1.03733141773 0.960468888055
6120 0.986064284471 0.913000465102
6125 1.00861273306 0.933878154698
6130 1.00745091055 0.93280241906
6135 0.939376987174 0.869772528731
6140 0.968843612136 0.897055782692
6145 1.03168794893 0.955243580006
6150 0.996032893325 0.922230435869
6155 1.00326865737 0.928930055807
6160 0.951653088704 0.881139015261
6165 0.952043001841 0.881500037235
6170 0.947814839707 0.877585166719
6175 1.00828422363 0.933573986628
6180 1.02901281113 0.952766660299
6185 1.03827728254 0.961344667674
6190 0.95505609169 0.884289867956
6195 1.04691465631 0.969342043096
6200 0.998556501749 0.924567053979
6205 1.05528157374 0.97708900202
6210 1.03644900627 0.959651860106
6215 0.928189188961 0.859413706155
6220 0.946867815652 0.876708313742
6225 0.999932866053 0.925841434635
6230 0.920408635596 0.852209663829
6235 1.02587112308 0.949857760039
6240 0.950166549409 0.879762623184
6245 0.931950517276 0.86289633356
6250 0.982357212662 0.90956807399
6255 0.892488685392 0.826358481585
6260 0.926082192912 0.85746283094
6265 0.985180033532 0.912181733979
6270 0.984037355121 0.911123723932
6275 0.998566927333 0.924576707065
6280 0.925423018319 0.856852498815
6285 0.996533790054 0.92269421795
6290 1.01727399876 0.941897651736
6295 0.980026467829 0.907410028972
6300 0.946808419342 0.876653318486
6305 0.98310788047 0.910263120012
6310 0.999892976485 0.92580450074
6315 0.937380620529 0.867924085679
6320 0.938093312002 0.868583969275
6325 1.01727486111 0.941898450189
6330 1.01511456134 0.939898220866
6335 0.956953527103 0.886046710225
6340 0.989320366448 0.916015283108
6345 0.972621047555 0.900553323724
6350 1.01860145997 0.943126752842
6355 0.972509142501 0.900449710431
6360 0.912813284317 0.845177100781
6365 0.944905893293 0.874891762779
6370 1.00932503743 0.934537679866
6375 1.03336475718 0.956796142789
6380 1.00264185067 0.928349693233
6385 1.01712149437 0.941756447372
6390 1.02260698968 0.946835487199
6395 0.981070350138 0.908376563353
6400 0.956874595892 0.885973627533
6405 1.02507719269 0.949122657043
6410 0.984958955197 0.911977036754
6415 0.997078902088 0.923198939142
6420 0.956637185435 0.885753808337
6425 1.03210805623 0.955632558867
6430 0.97523103698 0.902969922313
6435 1.01895208615 0.943451398883
6440 0.998534914207 0.924547065996
6445 1.04601827258 0.968512078183
6450 0.914947859435 0.847153511554
6455 0.986467574981 0.913373873235
6460 1.02280865908 0.947022213622
6465 0.984019687021 0.911107364974
6470 0.989363523202 0.916055242101
6475 1.00414958035 0.92974570556
6480 0.988661170323 0.915404931046
6485 0.987869360866 0.914671791823
6490 0.982691168528 0.909877284927
6495 0.803376618532 0.743849298593
6500 0.90694850363 0.839746879263
6505 0.993844106539 0.920203830317
6510 0.988805924041 0.915538959034
6515 0.972752767866 0.900675284033
6520 0.975376595417 0.903104695393
6525 0.995754794913 0.92197294355
6530 0.973861476853 0.901701841669
6535 0.982571091339 0.909766105026
6540 1.01114769986 0.936225289563
6545 0.9591970711 0.888124015676
6550 0.98147910311 0.908755029199
6555 0.929727287283 0.860837836919
6560 0.859106421393 0.795449723366
6565 0.844858763352 0.782257765577
6570 0.951141924331 0.88066572633
6575 0.922201299849 0.853869498104
6580 0.980063673452 0.907444477792
6585 0.976663526216 0.904296269245
6590 0.98440349317 0.911462732467
6595 0.923100724823 0.854702278921
6600 0.988483454044 0.915240382904
6605 0.963979191344 0.892551797998
6610 0.933806602455 0.864614889498
6615 0.99308145119 0.919497684988
6620 1.01318246112 0.938109282329
6625 0.961693585769 0.89043554758
6630 0.966850914391 0.895210736688
6635 0.939295790235 0.869697348194
6640 0.969311393451 0.897488903093
6645 0.952457105881 0.881883457654
6650 0.981395885242 0.908677977476
6655 0.989789455862 0.916449614681
6660 0.971104767041 0.899149394146
6665 0.927889739229 0.859136444572
6670 0.976426137776 0.904076470436
6675 0.971399499615 0.899422288096
6680 0.955006279238 0.884243746428
6685 1.00520868181 0.930726331411
6690 1.00917426892 0.934398082765
6695 0.972883299698 0.900796143925
6700 0.978068271236 0.905596927708
6705 0.953661291595 0.882998417535
6710 0.949890938431 0.879507433989
6715 0.925653824923 0.857066203479
6720 0.974106725903 0.901928918646
6725 0.977130040899 0.904728216867
6730 0.993062951376 0.919480555944
6735 0.981780563567 0.90903415252
6740 0.943448070767 0.873541959662
6745 0.95698061228 0.886071788487
6750 0.949726197744 0.879354899995
6755 0.963553411055 0.892157566497
6760 1.00303495693 0.928713671728
6765 0.974175349864 0.901992457818
6770 0.930004170262 0.861094203864
6775 0.979295291873 0.906733030527
6780 0.986222198425 0.913146678199
6785 0.923594052705 0.855159052979
6790 0.960136550291 0.888993882835
6795 0.931149699792 0.862154853774
6800 0.961629624614 0.890376325717
6805 0.964945518124 0.893446523436
6810 0.960024902838 0.888890508057
6815 0.965924808334 0.894353251761
6820 0.977585735422 0.905150146064
6825 0.998000665168 0.924052402891
6830 0.976312350647 0.903971114524
6835 0.988117673403 0.914901705294
6840 0.916019072795 0.848145351855
6845 0.958786796789 0.887744141216
6850 0.983681739959 0.910794458575
6855 0.938890388287 0.869321985072
6860 0.936110032756 0.866747643894
6865 0.980413844981 0.907768702869
6870 0.967305413697 0.895631559229
6875 0.942637089245 0.872791068957
6880 0.95152894049 0.881024065983
6885 0.965872764233 0.894305063941
6890 0.998865698553 0.924853340411
6895 0.981384908743 0.908667814297
6900 0.97964656264 0.907058273392
6905 0.9863131973 0.913230934385
6910 0.973841717934 0.901683546815
6915 0.934879788611 0.865608556418
6920 0.984879285077 0.911903269904
6925 0.926935393639 0.858252812559
6930 0.947679843456 0.877460173205
6935 0.944518364533 0.874532948507
6940 0.959843607458 0.888722646013
6945 0.886226469277 0.820560273176
6950 0.915831697649 0.847971860533
6955 0.905745527998 0.838633039802
6960 0.930074278645 0.861159117468
6965 0.931242674328 0.862240939231
6970 0.928574032452 0.859770034126
6975 0.898373003989 0.831806793324
6980 0.849027154399 0.786117293829
6985 0.939754078366 0.870121678821
6990 0.934751845779 0.86549009369
6995 0.942660298971 0.872812558925
7000 0.896734823953 0.83028999654
7005 0.90366355367 0.836705332288
7010 0.921327282131 0.853060241958
7015 0.866745851308 0.802523098982
7020 0.922299693582 0.853960601215
7025 0.880281890404 0.815056166232
7030 0.927265257577 0.858558234765
7035 0.938929180209 0.869357902652
7040 0.946275410788 0.87615980395
7045 0.947951788409 0.877711968015
7050 0.973555472991 0.901418511593
7055 0.948290588269 0.878025664023
7060 0.937590437707 0.868118356158
7065 0.935923613912 0.866575038015
7070 0.926677662876 0.85801417872
7075 0.958296945769 0.887290586396
7080 0.978775495727 0.906251749406
7085 0.884971634919 0.819398417534
7090 0.904272171546 0.837268853768
7095 0.914978480926 0.847181864103
7100 0.9336964777 0.864512924592
7105 0.920504711932 0.852298621254
7110 0.880526980011 0.81528309558
7115 0.896757380438 0.830310881671
7120 0.870774618404 0.806253348917
7125 0.895476314972 0.829124738552
7130 0.860518312979 0.79675699886
7135 0.918539379589 0.850478912974
7140 0.905436538521 0.838346945334
7145 0.899313218757 0.832677341557
7150 0.862811006102 0.798879811663
7155 0.899161921387 0.832537254778
7160 0.899190092889 0.832563338873
7165 0.849498541407 0.786553752755
7170 0.914618626592 0.846848673681
7175 0.903541364262 0.836592196677
7180 0.858404555335 0.794799863061
7185 0.875672332306 0.810788159822
7190 0.834559009831 0.772721186773
7195 0.861431176657 0.797602222621
7200 0.873969295974 0.809211312361
7205 0.880711117542 0.815453589182
7210 0.877835369428 0.812790923667
7215 0.872365688298 0.80772652625
7220 0.886638126875 0.820941428426
7225 0.890290997185 0.824323634175
7230 0.906841128905 0.839647460619
7235 0.91422701569 0.84648607974
7240 0.895386268652 0.82904136434
7245 0.873148243673 0.808451097085
7250 0.89366291198 0.827445702203
7255 0.883178203135 0.8177378726
7260 0.859836495486 0.796125701593
7265 0.870707616441 0.806191311558
7270 0.888406901856 0.822579143539
7275 0.876409310176 0.81147053028
7280 0.864226259284 0.800190199671
7285 0.833736226884 0.771959369084
7290 0.79081341657 0.732216984742
7295 0.8522987392 0.789146465955
7300 0.854364138005 0.791058826132
7305 0.866813662184 0.802585885316
7310 0.841365612676 0.779023444811
7315 0.871875568174 0.807272722266
7320 0.861431454015 0.797602479428
7325 0.83002775426 0.768525680954
7330 0.867863451259 0.803557888794
7335 0.879756548774 0.814569750529
7340 0.8983374564 0.831773879683
7345 0.857667227631 0.794117168689
7350 0.865342522809 0.801223752081
7355 0.827422277987 0.766113261107
7360 0.885449491932 0.819840867061
7365 0.863077073273 0.799126164213
7370 0.883262944283 0.817816334733
7375 0.88747220684 0.821713706064
7380 0.912304495571 0.844706011452
7385 0.855548320867 0.792155265301
7390 0.85082863714 0.787785293175
7395 0.897461615381 0.830962935336
7400 0.87084469187 0.80631823019
