Wave Flux FluxNorm
3600 0.756616304133 0.744906751639
3605 0.719077641285 0.707949045005
3610 0.716251215573 0.705166361649
3615 0.722256571202 0.711078777136
3620 0.708553514068 0.697587791386
3625 0.750821777092 0.739201901912
3630 0.727477688634 0.71621909146
3635 0.740269810389 0.728813239658
3640 0.757779398939 0.746051846146
3645 0.729429836023 0.718141027007
3650 0.739845169522 0.728395170622
3655 0.776773114576 0.764751611059
3660 0.76921233809 0.757307846734
3665 0.767440289798 0.755563223033
3670 0.766883747273 0.755015293677
3675 0.766803493917 0.754936282339
3680 0.743292866058 0.731789509884
3685 0.735156780861 0.723779340446
3690 0.765363514891 0.753518588729
3695 0.771711906267 0.75976873107
3700 0.801839241654 0.789429809501
3705 0.709150004089 0.698175050002
3710 0.742509195286 0.731017967365
3715 0.83543892051 0.822509492685
3720 0.752619902366 0.740972199023
3725 0.834908368146 0.82198715126
3730 0.90372873506 0.889742439753
3735 0.627710711973 0.617996129439
3740 0.968804579979 0.953811157258
3745 0.90898393495 0.894916309068
3750 0.630164396327 0.620411840059
3755 0.979767590913 0.964604502337
3760 1.05262241199 1.03633180693
3765 1.00017337048 0.984694477784
3770 0.657753570851 0.647574038736
3775 0.937378435096 0.922871369979
3780 1.28093575516 1.26111172495
3785 1.33472696739 1.31407045311
3790 1.17178979958 1.15365493506
3795 0.806582846896 0.794100001714
3800 0.729046638798 0.717763760223
3805 1.1486703802 1.13089331665
3810 1.41195820717 1.39010644604
3815 1.39850685723 1.37686327201
3820 1.42833398849 1.40622879234
3825 1.23359314339 1.21450179737
3830 0.957841060734 0.943017311734
3835 0.596793935143 0.587557827127
3840 0.882572415573 0.8689135399
3845 1.27122249999 1.25154879416
3850 1.4788436468 1.45595675259
3855 1.58026037163 1.55580393093
3860 1.61232412465 1.58737145859
3865 1.67960287625 1.65360899013
3870 1.64216577815 1.6167512764
3875 1.4763657677 1.45351722167
3880 1.2458616481 1.22658043212
3885 0.907974360477 0.893922358981
3890 0.642936751881 0.632986527962
3895 1.03368478679 1.01768726439
3900 1.27919917941 1.25940202481
3905 1.45455660871 1.43204558578
3910 1.67907707957 1.65309133078
3915 1.69794978816 1.67167196138
3920 1.73508156925 1.70822908325
3925 1.7629321548 1.73564864729
3930 1.40626865237 1.38450494398
3935 0.992706942693 0.977343601996
3940 1.65589688625 1.630269879
3945 1.65502508719 1.62941157208
3950 1.58881136585 1.56422258817
3955 1.47472938357 1.45190616256
3960 1.28057034273 1.26075196772
3965 0.900438450962 0.886503076782
3970 0.506686357193 0.498844772938
3975 0.948151160857 0.933477374778
3980 1.28961176308 1.26965346116
3985 1.46721954436 1.44451254719
3990 1.63539665703 1.61008691562
3995 1.720355409 1.69373082814
4000 1.77965832182 1.75211595665
4005 1.76679891475 1.73945556446
4010 1.85383830782 1.82514791765
4015 1.86588220446 1.83700542041
4020 1.91155510994 1.88197148243
4025 1.85725804267 1.82851472796
4030 1.82428136274 1.79604840204
4035 1.85934250326 1.830566929
4040 1.91635332645 1.88669544075
4045 1.81233490208 1.78428682731
4050 1.88050011633 1.85139710241
4055 1.8008237355 1.77295380995
4060 1.80920320078 1.78120359288
4065 1.7310559863 1.70426580106
4070 1.71630547363 1.68974357042
4075 1.63351892187 1.60823824069
4080 1.56652048677 1.54227668741
4085 1.47505489138 1.45222663274
4090 1.35444001676 1.33347841919
4095 1.10419129705 1.08710260112
4100 0.702422887711 0.691552043887
4105 0.812838651314 0.800258989992
4110 1.15392548526 1.13606709261
4115 1.38340464383 1.36199478363
4120 1.49054356893 1.46747560427
4125 1.58596237445 1.56141768836
4130 1.60214755722 1.57735238585
4135 1.68337528017 1.65732301153
4140 1.77754863875 1.75003892348
4145 1.73412817059 1.70729043959
4150 1.77180768867 1.74438682155
4155 1.73294679333 1.70612734556
4160 1.77375736329 1.74630632259
4165 1.78968838321 1.76199079071
4170 1.75202774758 1.72491299897
4175 1.69323939078 1.6670344631
4180 1.7218645033 1.69521656738
4185 1.75221769299 1.72510000474
4190 1.767176584 1.73982738882
4195 1.78772817269 1.76006091682
4200 1.70499231522 1.67860549681
4205 1.76062600652 1.73337818945
4210 1.77673921092 1.74924202253
4215 1.73948116513 1.71256059006
4220 1.75506926809 1.72790744827
4225 1.65923177423 1.63355315555
4230 1.74918136093 1.72211066359
4235 1.69298770106 1.66678666858
4240 1.72778266241 1.70104313582
4245 1.71880373177 1.69220316499
4250 1.68270127725 1.65665943962
4255 1.72581894891 1.69910981316
4260 1.68252421753 1.65648512012
4265 1.75531980531 1.72815410812
4270 1.66607415747 1.64028964464
4275 1.66768360468 1.64187418371
4280 1.71118222892 1.68469961411
4285 1.66455047794 1.63878954589
4290 1.57479914661 1.55042722497
4295 1.60680952978 1.58194220874
4300 1.48706028343 1.46404622682
4305 1.51943969382 1.49592452668
4310 1.49801024969 1.47482672912
4315 1.42886495803 1.40675154448
4320 1.41766315064 1.39572309861
4325 1.28453401928 1.26465430159
4330 1.19131187565 1.17287488338
4335 0.963585619697 0.948672966698
4340 0.601904769949 0.592589565582
4345 0.880088890449 0.866468450331
4350 1.12064082763 1.10329755531
4355 1.29244072134 1.27243863787
4360 1.42179613315 1.39979211822
4365 1.50615147468 1.4828419588
4370 1.52620512733 1.50258525692
4375 1.53318843247 1.50946048696
4380 1.61053833348 1.58561330469
4385 1.50809011004 1.48475059143
4390 1.60465475446 1.57982078117
4395 1.57488314389 1.5505099223
4400 1.58849834556 1.56391441225
4405 1.60755362939 1.58267479251
4410 1.63658488754 1.61125675682
4415 1.57474052606 1.55036951164
4420 1.62881617715 1.60360827663
4425 1.64392520077 1.61848346983
4430 1.65027008879 1.62473016304
4435 1.60977718401 1.58486393493
4440 1.64786941498 1.62236664255
4445 1.59410813194 1.5694373804
4450 1.62397599082 1.59884299804
4455 1.57535026292 1.55096981208
4460 1.60271724539 1.5779132574
4465 1.60001685205 1.57525465592
4470 1.5727156719 1.54837599455
4475 1.62977279758 1.60455009219
4480 1.50593601548 1.48262983409
4485 1.60056340614 1.57579275142
4490 1.57445380361 1.55008722657
4495 1.61323056454 1.58826387022
4500 1.60421577327 1.57938859375
4505 1.63652717344 1.61119993592
4510 1.61071677882 1.58578898838
4515 1.596176037 1.57147328213
4520 1.57522540938 1.55084689081
4525 1.56353970886 1.53934204064
4530 1.54254847484 1.51867567136
4535 1.52975042828 1.50607569004
4540 1.58626644022 1.56171704835
4545 1.57204349146 1.54771421691
4550 1.47294183708 1.45014628051
4555 1.48541698103 1.46242835651
4560 1.54669914289 1.5227621028
4565 1.53615593296 1.5123820618
4570 1.54878452006 1.52481520624
4575 1.54084151791 1.51699513165
4580 1.51938439362 1.49587008232
4585 1.48200729946 1.45907144389
4590 1.49830258585 1.47511454102
4595 1.52919058716 1.50552451314
4600 1.53100872091 1.50731450907
4605 1.53046782821 1.50678198735
4610 1.53333414572 1.50960394512
4615 1.51472205078 1.49127989486
4620 1.48769035914 1.46466655135
4625 1.51737431779 1.49389111484
4630 1.48628143706 1.46327943405
4635 1.48161912319 1.45868927512
4640 1.50213110486 1.47888380907
4645 1.48763389587 1.46461096192
4650 1.49138788633 1.46830685484
4655 1.48360117102 1.46064064837
4660 1.50123608726 1.47800264295
4665 1.46174313719 1.43912089404
4670 1.44959455277 1.42716032366
4675 1.48307609834 1.46012370182
4680 1.47359584289 1.45079016479
4685 1.48302462322 1.46007302334
4690 1.47259819396 1.44980795568
4695 1.47068679917 1.44792614204
4700 1.43876638897 1.4164997388
4705 1.422946638 1.40092481761
4710 1.43772121063 1.41547073585
4715 1.44214389965 1.41982497842
4720 1.44889445178 1.42647105759
4725 1.44862830837 1.42620903306
4730 1.41499318631 1.39309445521
4735 1.41992964613 1.39795451734
4740 1.42110167227 1.39910840496
4745 1.42218840329 1.4001783175
4750 1.41707145331 1.39514055851
4755 1.39895721378 1.37730665875
4760 1.39550335041 1.37390624809
4765 1.36428645104 1.34317246799
4770 1.37393277497 1.35266950339
4775 1.38109501255 1.35972089669
4780 1.36593681804 1.34479729357
4785 1.36225575734 1.34117320174
4790 1.37328873187 1.35203542764
4795 1.37900720756 1.35766540301
4800 1.35711779471 1.33611475529
4805 1.33776462957 1.3170611038
4810 1.33839406564 1.31768079858
4815 1.33773997693 1.31703683268
4820 1.32277999811 1.30230837763
4825 1.27370291581 1.25399082254
4830 1.26712610057 1.24751579147
4835 1.22727140362 1.20827789416
4840 1.17771118292 1.15948467783
4845 1.11110403193 1.09390835307
4850 1.0084713743 0.992864059956
4855 0.849479218711 0.836332500289
4860 0.580872273435 0.571882572392
4865 0.711235669704 0.700228437419
4870 0.910789174749 0.896693610597
4875 1.02562680437 1.00975398899
4880 1.11586980431 1.09860036935
4885 1.16598234603 1.14793735887
4890 1.17981921045 1.16156008108
4895 1.24295417453 1.22371795523
4900 1.25777097183 1.23830544466
4905 1.27225960139 1.25256984516
4910 1.26632470559 1.24672679905
4915 1.29277888774 1.27277157073
4920 1.23594810218 1.21682031032
4925 1.25072125441 1.23136483015
4930 1.2937732514 1.27375054541
4935 1.26254788944 1.2430084337
4940 1.27989311064 1.26008521662
4945 1.30054248924 1.28041502111
4950 1.29678112018 1.27671186378
4955 1.27446239768 1.25473855051
4960 1.27190115796 1.25221694908
4965 1.28756167744 1.26763510307
4970 1.27605416956 1.2563056878
4975 1.29036448798 1.27039453673
4980 1.2521328748 1.232754604
4985 1.22755918188 1.20856121871
4990 1.26599290185 1.24640013038
4995 1.26630988113 1.24671220401
5000 1.24273651816 1.22350366735
5005 1.21704159136 1.19820640062
5010 1.24010011621 1.22090806691
5015 1.21060585306 1.19187026315
5020 1.18123224022 1.16295124251
5025 1.23743970229 1.21828882612
5030 1.23004426991 1.211007847
5035 1.23243802419 1.21336455504
5040 1.19234590387 1.17389290877
5045 1.23453982838 1.21543383126
5050 1.21152867541 1.19277880371
5055 1.21384140352 1.19505573957
5060 1.23541697759 1.21629740552
5065 1.21562618841 1.19681290275
5070 1.21307740283 1.19430356271
5075 1.20548238461 1.18682608658
5080 1.19188595628 1.17344007943
5085 1.20938344876 1.19066677705
5090 1.21232874134 1.19356648766
5095 1.21303239298 1.19425924944
5100 1.18933605402 1.17092963999
5105 1.21112937449 1.19238568246
5110 1.20068021611 1.18209823744
5115 1.21458222466 1.1957850956
5120 1.2058850367 1.18722250714
5125 1.18497180972 1.16663293765
5130 1.18282209876 1.16451649606
5135 1.17582502138 1.15762770692
5140 1.15945206676 1.14150814358
5145 1.17764657926 1.15942107399
5150 1.17982675498 1.16156750885
5155 1.17207217351 1.15393293891
5160 1.1807580123 1.16248435384
5165 1.13384956288 1.11630186941
5170 1.06678309207 1.05027333336
5175 1.14273282693 1.1250476542
5180 1.16478737939 1.14676088579
5185 1.09992535477 1.08290267945
5190 1.12222213748 1.10485439249
5195 1.1297683637 1.11228383173
5200 1.14842372621 1.13065047994
5205 1.12762128768 1.11016998431
5210 1.13497406914 1.11740897258
5215 1.13514273731 1.11757503041
5220 1.15518736835 1.13730944653
5225 1.11681765164 1.0995335476
5230 1.10542975377 1.08832189122
5235 1.09789000524 1.08089882942
5240 1.13276952784 1.11523854922
5245 1.13592772727 1.11834787169
5250 1.12907040949 1.11159667921
5255 1.12304296033 1.10566251211
5260 1.11429426419 1.09704921263
5265 1.05689828792 1.04054150851
5270 1.05350080823 1.03719660893
5275 1.07864439917 1.06195107238
5280 1.10412481506 1.08703714802
5285 1.0979137464 1.08092220316
5290 1.12269442528 1.10531937106
5295 1.11966916307 1.10234092845
5300 1.10158988218 1.08454144629
5305 1.10184973773 1.08479728026
5310 1.1040790846 1.08699212529
5315 1.06956331249 1.0530105265
5320 1.0933659929 1.07644483165
5325 1.06767838572 1.05115477126
5330 1.05848566835 1.04210432231
5335 1.08162817641 1.06488867206
5340 1.07277611469 1.0561736067
5345 1.09204759434 1.0751468369
5350 1.08688579652 1.07006492414
5355 1.10122519059 1.08418239875
5360 1.08690836522 1.07008714356
5365 1.05395747324 1.0376462065
5370 1.04255446186 1.02641967051
5375 1.08468678594 1.06789994591
5380 1.06751599314 1.05099489191
5385 1.06864919773 1.05211055878
5390 1.07270575695 1.05610433784
5395 1.06146067373 1.04503328588
5400 1.05975186695 1.04335092496
5405 1.03257591668 1.01659555538
5410 1.0464612801 1.03026602601
5415 1.05076859457 1.03450667958
5420 1.05718761389 1.04082635682
5425 1.03695577029 1.02090762547
5430 1.04406905472 1.02791082322
5435 1.04291582028 1.02677543647
5440 1.06343961271 1.04698159839
5445 1.03509731558 1.01907793259
5450 1.05023978696 1.03398605591
5455 1.02944521222 1.01351330236
5460 1.04641349516 1.0302189806
5465 1.03708580597 1.02103564869
5470 1.04816888171 1.03194720042
5475 1.02541366649 1.00954414968
5480 1.02763188029 1.01172803394
5485 1.03707554276 1.02102554431
5490 1.03149011629 1.01552655907
5495 1.0353031634 1.01928059467
5500 1.02981977295 1.01388206631
5505 1.02245831353 1.00663453438
5510 1.02182387323 1.00600991281
5515 1.02880792221 1.01288587519
5520 1.03266113142 1.01667945132
5525 1.0101801137 0.994546354551
5530 0.999638297289 0.984167685497
5535 1.0085393036 0.992930937965
5540 1.01787027621 1.00211750249
5545 1.00639590298 0.990820709066
5550 1.01571948767 1.0
5555 1.00865369024 0.99304355434
5560 1.0070391068 0.991453958533
5565 1.00145085203 0.985952188756
5570 0.992132986575 0.976778528543
5575 0.99286637017 0.977500562141
5580 0.999087723837 0.983625632834
5585 0.981681123943 0.966488421129
5590 0.968898268069 0.953903395411
5595 0.977556932405 0.962428056442
5600 0.970718277941 0.955695238429
5605 0.98683670638 0.971564214691
5610 0.990132035016 0.97480854413
5615 0.971045334191 0.956017233087
5620 0.982262115911 0.967060421543
5625 0.976071854608 0.960965962021
5630 0.982526476609 0.967320690939
5635 0.972990363535 0.95793216075
5640 0.96769825794 0.95272195689
5645 0.973354505745 0.958290667419
5650 0.975538576156 0.960440936698
5655 0.957344686853 0.942528619839
5660 0.949445709565 0.93475188878
5665 0.959404697683 0.94455674951
5670 0.960243884245 0.945382948645
5675 0.962866027943 0.947964511498
5680 0.957511850009 0.942693195943
5685 0.943931367001 0.929322887336
5690 0.944639333894 0.930019897585
5695 0.95175469024 0.937025135185
5700 0.944743483673 0.930122435521
5705 0.942512073436 0.927925559056
5710 0.933403519426 0.918957970936
5715 0.944720318334 0.930099628693
5720 0.946452966776 0.931805462304
5725 0.944687971459 0.930067782425
5730 0.939947392585 0.925400569743
5735 0.940155414377 0.925605372146
5740 0.937504610509 0.922995592674
5745 0.934151204604 0.919694084782
5750 0.933928702008 0.919475025683
5755 0.927165552844 0.912816544433
5760 0.92627188479 0.911936706973
5765 0.924603933621 0.910294569366
5770 0.931740813565 0.91732099746
5775 0.921704288541 0.907439799801
5780 0.920300052048 0.906057295566
5785 0.918761108986 0.904542169509
5790 0.91797752018 0.903770707689
5795 0.918722260506 0.904503922257
5800 0.920262164175 0.906019994054
5805 0.919869898159 0.905633798829
5810 0.922951376091 0.908667587162
5815 0.917672818919 0.903470722048
5820 0.922498494245 0.908221714211
5825 0.921273338686 0.907015519416
5830 0.920013701199 0.905775376343
5835 0.918767952151 0.904548906768
5840 0.914684466304 0.900528617804
5845 0.915294460992 0.901129172087
5850 0.913611449904 0.89947220763
5855 0.904872291821 0.890868298589
5860 0.89869817031 0.884789729077
5865 0.905618175433 0.89160263875
5870 0.909387815359 0.895313938939
5875 0.904245321919 0.890251031805
5880 0.897675192103 0.883782582695
5885 0.885563375053 0.871858210665
5890 0.833534689602 0.820634732054
5895 0.84407540087 0.831012313065
5900 0.86487614615 0.851491141651
5905 0.882269734617 0.868615543298
5910 0.879629959603 0.866016621995
5915 0.874250194087 0.860720114858
5920 0.867485331865 0.854059947062
5925 0.869471186734 0.856015068425
5930 0.871921274217 0.85842723784
5935 0.875241178361 0.861695762452
5940 0.871085901179 0.85760479321
5945 0.860169601109 0.846857436088
5950 0.856886182941 0.843624832788
5955 0.867210548687 0.853789416486
5960 0.860336667454 0.847021916879
5965 0.865179016005 0.851789324229
5970 0.853872234096 0.840657528447
5975 0.855117150675 0.841883178436
5980 0.853243481775 0.840038506828
5985 0.847326411394 0.834213010268
5990 0.847968842277 0.834845498757
5995 0.85211340522 0.838925919575
6000 0.848754195584 0.835618697771
6005 0.845486347933 0.832401424016
6010 0.838746507071 0.825765890344
6015 0.835714056748 0.822780370857
6020 0.832845118341 0.819955832742
6025 0.834782501867 0.821863232914
6030 0.83875169702 0.825770999971
6035 0.834787163045 0.821867821956
6040 0.83064478596 0.817789553166
6045 0.827687475806 0.814878010964
6050 0.833193755314 0.820299074136
6055 0.825697047807 0.812918387245
6060 0.826043480597 0.81325945857
6065 0.824906755379 0.812140325549
6070 0.82711628564 0.814315660657
6075 0.827040561115 0.81424110806
6080 0.816850739693 0.80420898645
6085 0.816724778501 0.80408497466
6090 0.816796722684 0.80415580542
6095 0.811012151269 0.798460757244
6100 0.806177161253 0.793700594547
6105 0.808008771283 0.795503858197
6110 0.81023921113 0.797699779289
6115 0.809686254164 0.79715538
6120 0.805820278644 0.793349235128
6125 0.802095782989 0.789682380548
6130 0.804215828275 0.791769615569
6135 0.79241376752 0.78015020598
6140 0.787246200881 0.775062613686
6145 0.789839496619 0.777615775035
6150 0.789118198291 0.776905639671
6155 0.784975996794 0.772827543753
6160 0.777454818609 0.765422764897
6165 0.783872434889 0.771741060803
6170 0.78269740577 0.77058421668
6175 0.786070023522 0.773904639093
6180 0.788148793798 0.775951237885
6185 0.790048956218 0.777821992994
6190 0.784509207872 0.772367978953
6195 0.7834600566 0.771335064567
6200 0.780071095428 0.767998551668
6205 0.777130530886 0.765103495919
6210 0.779765701021 0.767697883609
6215 0.773952286979 0.761974439181
6220 0.771326870255 0.759389653957
6225 0.76954845487 0.7576387617
6230 0.760284637849 0.748518313453
6235 0.765016702778 0.753177143954
6240 0.756112956736 0.744411194151
6245 0.747585511069 0.736015721021
6250 0.752196520658 0.740555369659
6255 0.753985757445 0.742316915842
6260 0.761811226345 0.750021276146
6265 0.761010436066 0.749232879065
6270 0.755340885207 0.743651071363
6275 0.749357254005 0.737760044091
6280 0.715168398885 0.704100302859
6285 0.741052958895 0.729584267993
6290 0.740375944847 0.728917731557
6295 0.73599160868 0.724601248295
6300 0.730421812411 0.719117651361
6305 0.738697457408 0.727265220741
6310 0.738832736179 0.72739840591
6315 0.737425978113 0.726013419127
6320 0.735468436345 0.724086172685
6325 0.74543244103 0.733895972345
6330 0.741458734547 0.729983763777
6335 0.733042379711 0.721697662212
6340 0.734088003329 0.722727103539
6345 0.722106509427 0.710931037748
6350 0.727408121418 0.716150600881
6355 0.736637876793 0.725237514627
6360 0.734040032007 0.722679874632
6365 0.739505589137 0.728060845654
6370 0.722874212682 0.711686859867
6375 0.731530355314 0.720209038221
6380 0.733273574007 0.721925278496
6385 0.73354496487 0.722192469258
6390 0.731443025163 0.720123059609
6395 0.725084018743 0.713862466506
6400 0.720980023512 0.709821985565
6405 0.726648285472 0.715402524316
6410 0.722504402166 0.711322772615
6415 0.716037553224 0.704956005983
6420 0.717601592651 0.706495840008
6425 0.725310047159 0.714084996859
6430 0.717148818688 0.70605007327
6435 0.715876870016 0.704797809542
6440 0.710518401726 0.69952227003
6445 0.720043767913 0.708900219654
6450 0.710882776894 0.699881006052
6455 0.694004181321 0.683263627162
6460 0.697191863402 0.686401976007
6465 0.704406557357 0.693505013846
6470 0.701699392072 0.690839745218
6475 0.69884259618 0.688027161698
6480 0.699154415238 0.688334154979
6485 0.696819818693 0.686035689139
6490 0.6957076345 0.684940717342
6495 0.672220570545 0.661817144111
6500 0.69084196964 0.680150354532
6505 0.697925921243 0.687124673414
6510 0.692588268531 0.681869627335
6515 0.668817693785 0.658466930986
6520 0.668332948634 0.657989687852
6525 0.673042371278 0.662626226484
6530 0.671515936298 0.661123414932
6535 0.654790728951 0.644657050399
6540 0.642866058632 0.632916928777
6545 0.61216331902 0.602689351198
6550 0.585094837308 0.576039786982
6555 0.530832283858 0.522617012182
6560 0.420447892123 0.413940952427
6565 0.397706775414 0.391551782006
6570 0.521970991379 0.513892858921
6575 0.575487423696 0.566581059716
6580 0.610124181942 0.600681772233
6585 0.625391022072 0.615712339545
6590 0.64004763838 0.630142126987
6595 0.646321105974 0.636318505082
6600 0.6583844054 0.648195110358
6605 0.658699690917 0.64850551645
6610 0.663525089947 0.653256236594
6615 0.666123560701 0.655814492869
6620 0.663586279977 0.653316479633
6625 0.668077819084 0.65773850674
6630 0.666412378693 0.656098841054
6635 0.6659746173 0.655667854548
6640 0.666725736506 0.656407349276
6645 0.665319867733 0.655023238022
6650 0.665379464356 0.655081912315
6655 0.660189069437 0.649971845037
6660 0.660219836659 0.650002136098
6665 0.657287471524 0.64711515286
6670 0.663182153227 0.652918607234
6675 0.657387457401 0.647213591335
6680 0.652285067097 0.642190166693
6685 0.655881376699 0.645730819053
6690 0.656381313134 0.646223018368
6695 0.653200718713 0.643091647493
6700 0.649058995138 0.639014022099
6705 0.646339869218 0.636336977943
6710 0.643769641115 0.633806527228
6715 0.639152497367 0.629260839364
6720 0.63559971601 0.625763041596
6725 0.637513963163 0.627647663459
6730 0.637011403781 0.627152881791
6735 0.631542383813 0.621768501523
6740 0.630601884795 0.620842557864
6745 0.631636909517 0.621861564327
6750 0.627839668588 0.618123090295
6755 0.626675516752 0.616976955117
6760 0.627334881053 0.617626114957
6765 0.626678016175 0.616979415858
6770 0.62740000089 0.617690226986
6775 0.626907649453 0.617205495283
6780 0.626279055838 0.616586629915
6785 0.626516130932 0.616820035984
6790 0.626613250129 0.616915652144
6795 0.62585050781 0.616164714186
6800 0.627539315228 0.617827385266
6805 0.622429775882 0.612796922221
6810 0.620904640339 0.611295389996
6815 0.623062469805 0.613419824441
6820 0.623094194944 0.613451058595
6825 0.618360319385 0.608790445487
6830 0.614080059388 0.60457642769
6835 0.615982738644 0.606449660683
6840 0.610015512907 0.600574784982
6845 0.613779510528 0.604280530187
6850 0.614829696128 0.605314462895
6855 0.612941399195 0.603455389641
6860 0.608694065715 0.599273788784
6865 0.608575302583 0.599156863655
6870 0.602153569807 0.592834514962
6875 0.599346656783 0.590071042312
6880 0.604088284461 0.594739287566
6885 0.602992198105 0.593660164472
6890 0.602792993378 0.593464042679
6895 0.603986650219 0.594639226236
6900 0.602065874367 0.592748176715
6905 0.603464741453 0.59412539464
6910 0.598881838674 0.589613417825
6915 0.596501603272 0.587270019445
6920 0.599617130925 0.590337330539
6925 0.598289203405 0.589029954303
6930 0.596676588747 0.587442296808
6935 0.596118824861 0.586893164993
6940 0.59609178455 0.586866543164
6945 0.593541252645 0.584355483825
6950 0.592773109223 0.583599228351
6955 0.591355286024 0.582203347682
6960 0.591007968554 0.581861405369
6965 0.588248313158 0.579144458979
6970 0.586209423034 0.577137123145
6975 0.583747642948 0.574713442084
6980 0.580398464521 0.571416096244
6985 0.5843689468 0.575325130508
6990 0.588717556652 0.579606440362
6995 0.586453026644 0.577376956695
7000 0.584252261691 0.575210251241
7005 0.582471981095 0.573457522641
7010 0.583106926089 0.574082641093
7015 0.580487716412 0.571503966854
7020 0.579169041441 0.570205699974
7025 0.57711884375 0.568187231572
7030 0.575213977846 0.566311845772
7035 0.576880059089 0.567952142392
7040 0.577342798238 0.568407720093
7045 0.575810141973 0.566898783538
7050 0.578182964018 0.569234883292
7055 0.570812048971 0.56197804207
7060 0.574249980625 0.565362767574
7065 0.572743443407 0.563879545842
7070 0.573897864928 0.565016101293
7075 0.570293618687 0.561467635123
7080 0.568865567337 0.560061684595
7085 0.564389226742 0.555654620784
7090 0.564505284011 0.555768881927
7095 0.567723412105 0.558937205596
7100 0.567564659052 0.558780909438
7105 0.56735846135 0.558577902895
7110 0.557726468702 0.549094976984
7115 0.550253363002 0.541737526634
7120 0.551163996162 0.542634066645
7125 0.559397568027 0.550740214026
7130 0.561768282622 0.553074238945
7135 0.563335415787 0.554617118828
7140 0.55886342829 0.550214340747
7145 0.552422480114 0.543873074035
7150 0.545951287008 0.53750203047
7155 0.549890163708 0.541379948289
7160 0.547050308679 0.538584043452
7165 0.549577598703 0.541072220605
7170 0.554726308098 0.546141247494
7175 0.554316495091 0.54573777684
7180 0.545934794024 0.537485792735
7185 0.543583043635 0.535170438528
7190 0.547510425346 0.539037039256
7195 0.545625953653 0.537181732042
7200 0.540988207736 0.532615760853
7205 0.537840696813 0.529516961468
7210 0.538681453956 0.530344706878
7215 0.53888857059 0.530548618131
7220 0.537617214933 0.529296938241
7225 0.534105084171 0.52583916195
7230 0.535954105028 0.527659566974
7235 0.531347846935 0.523124596296
7240 0.534490356063 0.526218471295
7245 0.530210793644 0.52200514028
7250 0.5277144249 0.519547405862
7255 0.533864988212 0.525602781767
7260 0.531518711768 0.523292816789
7265 0.530530088115 0.522319493283
7270 0.526484768906 0.518336780282
7275 0.526690006616 0.51853884169
7280 0.5263717483 0.518225508806
7285 0.521574714441 0.513502714849
7290 0.519725030816 0.511681657315
7295 0.526013689108 0.517872991013
7300 0.522225251132 0.514143183697
7305 0.519367080307 0.511329246524
7310 0.518593392157 0.510567532133
7315 0.52047889685 0.512423856361
7320 0.518563666563 0.510538266579
7325 0.515206048479 0.507232611696
7330 0.5159142525 0.507929855403
7335 0.516732300245 0.508735242869
7340 0.514067623325 0.506111805049
7345 0.512277011677 0.504348905281
7350 0.514263918149 0.506305061973
7355 0.511192528279 0.503281205575
7360 0.512552635147 0.504620263145
7365 0.513501537044 0.505554479637
7370 0.513072405743 0.505131989662
7375 0.508249187525 0.50038341658
7380 0.507815122385 0.499956069123
7385 0.505768270215 0.497940894466
7390 0.503266739183 0.495478077653
7395 0.505236650335 0.497417502047
7400 0.504776843589 0.496964811366
