Wave Flux FluxNorm
3600 0.602356448629 0.572198515676
3605 0.416114566961 0.395281129817
3610 0.349351235007 0.331860410187
3615 0.474336539579 0.450588126841
3620 0.347081617439 0.32970442463
3625 0.568990432875 0.540503022531
3630 0.480212770418 0.456170154844
3635 0.444602537111 0.422342804464
3640 0.594453808776 0.564691534048
3645 0.464741874363 0.441473833788
3650 0.450928458569 0.42835200861
3655 0.659609920865 0.62658550183
3660 0.719754503849 0.683718850676
3665 0.652835997021 0.620150725249
3670 0.617352934891 0.586444179019
3675 0.672765390367 0.639082321843
3680 0.514533234435 0.488772310283
3685 0.542440760906 0.515282602086
3690 0.61293460443 0.582247059295
3695 0.646897985733 0.614510009933
3700 0.73746703986 0.70054458042
3705 0.486254289628 0.461909195792
3710 0.544915494714 0.517633434412
3715 0.753608509741 0.715877901958
3720 0.35230371349 0.334665068142
3725 0.556729634237 0.528856080264
3730 0.547007998839 0.519621173994
3735 0.272864553748 0.259203156189
3740 0.499499737389 0.47449148916
3745 0.344076481458 0.326849745558
3750 0.357022186588 0.339147303385
3755 0.655822899156 0.622988083381
3760 0.457082034996 0.434197496453
3765 0.471274345543 0.447679246416
3770 0.62699987112 0.595608126054
3775 0.72199104159 0.685843412601
3780 0.768509158392 0.730032525952
3785 0.730340523545 0.693774864471
3790 0.540431963058 0.513374377895
3795 0.520336248189 0.49428478693
3800 0.532123886948 0.50548225882
3805 0.696015706523 0.661168573967
3810 0.689168499073 0.654664182841
3815 0.444480187765 0.422226580733
3820 0.380296402313 0.361256258509
3825 0.319145146609 0.303166637613
3830 0.32594469072 0.309625751741
3835 0.330245508189 0.313711241948
3840 0.319305693611 0.303319146574
3845 0.554767036022 0.526991742648
3850 0.519088931872 0.493099919487
3855 0.475094985052 0.451308599536
3860 0.359840773485 0.341824773249
3865 0.544709593468 0.51743784194
3870 0.451377962426 0.428779007342
3875 0.540149712064 0.513106258246
3880 0.466575701968 0.443215847899
3885 0.470370366361 0.446820526389
3890 0.550775271085 0.523199831767
3895 0.631678115047 0.600052146264
3900 0.598691938641 0.568717475206
3905 0.534464148065 0.507705351045
3910 0.709110941677 0.673608175361
3915 0.712836492345 0.677147200413
3920 0.54150230701 0.514391133376
3925 0.50895378274 0.483472202705
3930 0.287934719549 0.273518810188
3935 0.240212042362 0.228185444681
3940 0.433660267899 0.411948377352
3945 0.50979702287 0.484273224677
3950 0.665199359855 0.631895096673
3955 0.687139498897 0.652736767783
3960 0.578696759775 0.549723386748
3965 0.349733047622 0.332223106747
3970 0.272517890833 0.258873849504
3975 0.527066231866 0.500677823278
3980 0.766236954838 0.727874083879
3985 0.778533204616 0.73955470237
3990 0.863199835407 0.819982363726
3995 0.851024751265 0.808416844522
4000 0.891283675195 0.84666014144
4005 0.813862628404 0.773115302405
4010 0.922029928628 0.875867034829
4015 0.939729745732 0.892680682458
4020 0.950009504924 0.902445769168
4025 0.947592718803 0.900149983285
4030 0.854484100929 0.811702996347
4035 0.825060839501 0.783752857265
4040 0.974285024043 0.92550589584
4045 0.670568222816 0.636995158977
4050 0.920196161354 0.874125078028
4055 0.864354116691 0.821078854083
4060 0.836489409567 0.794609237807
4065 0.713714257533 0.677981018892
4070 0.833425452531 0.791698682651
4075 0.820099588996 0.779039999653
4080 0.883950258216 0.839693883637
4085 0.908564582293 0.863075852459
4090 1.03664479572 0.98474352644
4095 0.932603594114 0.885911312947
4100 0.78228977472 0.743123193821
4105 0.873081166041 0.829368969837
4110 0.917441203228 0.871508051259
4115 1.00076449136 0.950659626545
4120 0.937979017091 0.891017606829
4125 0.949060007554 0.901543809893
4130 0.878889453805 0.834886456442
4135 0.864506653436 0.821223753833
4140 0.978179036255 0.929204948142
4145 0.820673929116 0.779585584522
4150 0.92207790021 0.875912604637
4155 0.851408047873 0.808780950776
4160 0.959625886046 0.911580690885
4165 0.996226668978 0.946348997449
4170 0.926881776011 0.880475966761
4175 0.837976086635 0.796021482025
4180 0.910712301679 0.865116042861
4185 0.87178940131 0.82814187936
4190 0.88050934701 0.83642524712
4195 0.908629752883 0.86313776018
4200 0.764896393976 0.726600640328
4205 0.922922256012 0.876714686424
4210 0.967485774974 0.919047061982
4215 0.91251646273 0.866829875721
4220 0.965277298183 0.916949156091
4225 0.673278074939 0.639569338046
4230 0.866159923946 0.822794250728
4235 0.833053290649 0.791345153644
4240 0.877375120185 0.833447940342
4245 0.961563922775 0.913421696725
4250 0.772281961459 0.733616437637
4255 0.819731748064 0.778690575261
4260 0.770767991143 0.732178266651
4265 0.96699393452 0.918579846302
4270 0.748975580078 0.711476927281
4275 0.73463025857 0.697849827094
4280 0.869547156717 0.826011896307
4285 0.845287554853 0.802966889967
4290 0.731716767729 0.695082204802
4295 0.791149015508 0.751538882639
4300 0.581280033688 0.552177324947
4305 0.596183077827 0.566334224495
4310 0.54324003684 0.516041861001
4315 0.909173189286 0.863653988575
4320 1.04491837007 0.992602871134
4325 0.691614578661 0.656987795567
4330 1.0117949769 0.96113785329
4335 1.02432470682 0.97304026237
4340 0.750240688424 0.712678695968
4345 0.963815378404 0.91556042965
4350 0.980223170315 0.931146739381
4355 0.938062952702 0.89109734007
4360 0.993736371286 0.943983380469
4365 1.06603542713 1.01266266917
4370 0.986517868037 0.937126283057
4375 0.883094946002 0.838881393988
4380 0.920676952357 0.874581797465
4385 0.690222565661 0.65566547591
4390 0.891085795484 0.846472168891
4395 0.958379731338 0.910396926894
4400 0.962113572085 0.913943826969
4405 0.78709041338 0.747683480876
4410 1.01323660213 0.962507301262
4415 0.936589406542 0.889697569341
4420 1.08747037679 1.03302444401
4425 1.0047993336 0.954492457991
4430 1.02440719951 0.973118624929
4435 0.938167507519 0.891196660184
4440 1.0533922109 1.00065245566
4445 1.05020079209 0.997620820308
4450 1.07441000483 1.02061796033
4455 0.898613127916 0.853622633462
4460 0.903766336452 0.858517838421
4465 1.02385551165 0.972594558205
4470 1.02930205714 0.977768413734
4475 1.12603810639 1.06966121893
4480 1.04678685679 0.994377809103
4485 1.11008649922 1.05450825433
4490 1.05406158704 1.00128831841
4495 1.05066242605 0.998059341823
4500 1.12596467041 1.06959145964
4505 1.19203972333 1.13235836002
4510 1.17361105484 1.1148523521
4515 1.10843725511 1.05294158224
4520 1.13018175911 1.07359741309
4525 1.03148806243 0.979844973199
4530 0.935978595162 0.889117339203
4535 0.978769854837 0.929766186452
4540 1.09628317919 1.04139601946
4545 1.06964617925 1.01609264325
4550 1.02044163915 0.969351606652
4555 1.01979337922 0.968735802883
4560 1.12842503955 1.07192864649
4565 1.06386424468 1.01060019042
4570 1.10448605361 1.04918820393
4575 1.12722772346 1.07079127593
4580 1.03518404621 0.983355911671
4585 1.0293684493 0.977831481868
4590 1.10410604128 1.04882721752
4595 1.04775262531 0.995295224882
4600 1.04481362574 0.992503370999
4605 1.07090662391 1.01728998175
4610 1.12505257969 1.0687250342
4615 1.10500340319 1.04967965158
4620 1.11359581899 1.05784187442
4625 1.1134708384 1.05772315119
4630 1.12789677382 1.07142682922
4635 1.09746649745 1.042520093
4640 1.07260094198 1.01889947109
4645 1.04970623842 0.997151027251
4650 1.05467197826 1.00186814943
4655 1.06625469408 1.01287095818
4660 1.1441762418 1.08689123976
4665 1.02570372203 0.974350234988
4670 1.03332503515 0.981589974958
4675 1.09733557301 1.04239572351
4680 1.03979990893 0.98774067389
4685 1.08134488668 1.0272056363
4690 1.06482004002 1.01150813235
4695 1.09304356982 1.03831860627
4700 1.00944515515 0.958905679099
4705 0.997843345896 0.947884732867
4710 1.02913979363 0.977614274208
4715 1.06360407176 1.01035304347
4720 1.13866140574 1.08165251274
4725 1.11531701069 1.05947689192
4730 1.01417558465 0.963399272135
4735 1.05430256905 1.00151723528
4740 1.07081002422 1.01719821848
4745 1.09797420956 1.0430023857
4750 1.09963043205 1.04457568677
4755 1.03459031363 0.982791905256
4760 1.06145479984 1.00831137827
4765 1.00822985617 0.957751225998
4770 1.07765312143 1.02369870514
4775 1.11730934949 1.06136948112
4780 1.12067618409 1.06456774979
4785 1.0636591569 1.01040537069
4790 1.06610265724 1.0127265333
4795 1.14284107668 1.0856229218
4800 1.08838713329 1.03389530164
4805 1.09938694157 1.04434438704
4810 1.09345186263 1.03870645725
4815 1.1302156392 1.07362959692
4820 1.13780483202 1.08083882474
4825 1.08098742424 1.02686607078
4830 1.08590679628 1.03153914665
4835 1.10312178935 1.04789224372
4840 1.0594961422 1.00645078394
4845 1.09542224775 1.04057819191
4850 1.09352585611 1.03877674613
4855 1.02295682603 0.971740866709
4860 0.822663991257 0.781476011039
4865 0.960477677001 0.912389835572
4870 0.960340897972 0.912259904602
4875 1.00557349443 0.95522785923
4880 1.06902378782 1.01550141284
4885 1.01830631114 0.96732318723
4890 0.919886476498 0.873830898036
4895 1.12154211227 1.0653903239
4900 1.11464654611 1.05883999522
4905 1.08839104896 1.03389902127
4910 1.03010881694 0.978534781819
4915 1.09631441145 1.04142568802
4920 0.858026220569 0.815067774137
4925 1.03309127561 0.981367918958
4930 1.11882185081 1.06280625665
4935 1.0370876179 0.985164178018
4940 1.01385694198 0.963096582808
4945 1.11755849718 1.06160615483
4950 1.12970451324 1.0731440613
4955 1.0457613689 0.993403663891
4960 1.05247402818 0.999780243213
4965 1.09040287363 1.03581012073
4970 1.0738451687 1.02008140362
4975 1.12399233279 1.06771787024
4980 1.03112971691 0.979504568811
4985 0.954501858579 0.906713205997
4990 1.07249764041 1.01880134148
4995 1.08060582907 1.02650358078
5000 1.02356443411 0.972318053918
5005 0.963555665716 0.915313719891
5010 1.03402800965 0.982257753919
5015 0.954168575529 0.906396609292
5020 1.00292943838 0.952716182047
5025 1.02961696607 0.978067556246
5030 1.06558944012 1.01223901121
5035 1.04835259113 0.99586515246
5040 0.927372071191 0.880941714533
5045 1.081731035 1.02757245149
5050 1.00086516989 0.95075526444
5055 1.0885814537 1.03407989309
5060 1.11454274328 1.05874138944
5065 1.03745982232 0.985517747436
5070 1.04334641255 0.991109616167
5075 1.03623828153 0.984357365026
5080 0.951968960487 0.904307121474
5085 1.04125006895 0.989118229345
5090 1.07990002571 1.02583311459
5095 1.07777983124 1.02381907103
5100 0.99826603534 0.948286259692
5105 1.04526461223 0.992931778129
5110 1.0090543157 0.958534407651
5115 1.07992353474 1.0258554466
5120 1.07355946852 1.01981000747
5125 0.977390752409 0.928456130979
5130 1.00787990593 0.957418796567
5135 1.02050426455 0.969411096615
5140 0.941249658903 0.89412449876
5145 0.990122500154 0.940550443538
5150 0.995077985452 0.945257824589
5155 1.0163532265 0.965467886878
5160 1.04641597383 0.994025494983
5165 0.858503038933 0.815520719832
5170 0.73810269287 0.701148408453
5175 0.863337608302 0.820113238802
5180 0.938888354845 0.891881417143
5185 0.749706882832 0.7121716162
5190 0.957599959038 0.909656195133
5195 0.947330864726 0.899901239349
5200 1.04249421815 0.990300088233
5205 0.914487177684 0.868701923699
5210 0.959502935256 0.911463895822
5215 1.0077273045 0.957273835371
5220 1.06216220099 1.00898336226
5225 0.946113726345 0.898745038935
5230 0.978568236778 0.929574662722
5235 1.00136876644 0.951233647626
5240 1.09462218526 1.03981818582
5245 1.07848815034 1.02449192701
5250 1.02404985352 0.972779170032
5255 1.04121035853 0.989080507089
5260 1.06065642516 1.00755297548
5265 0.850482182163 0.807901440004
5270 0.812897733766 0.772198716751
5275 0.976347380795 0.927464997423
5280 1.04175204982 0.989595077743
5285 1.02449355358 0.973200655549
5290 1.11481910165 1.0590039115
5295 1.05502936148 1.00220763969
5300 0.99881255297 0.948805415049
5305 1.08941587769 1.03487254032
5310 1.11605180482 1.06017489742
5315 1.0851834928 1.0308520565
5320 1.07359139533 1.01984033581
5325 0.94861400937 0.901120141316
5330 0.931872197178 0.88521653456
5335 1.07434315702 1.02055445937
5340 0.984828105169 0.935521120853
5345 1.04383598971 0.99157468187
5350 1.03683858549 0.984927613819
5355 1.10283242773 1.04761736945
5360 1.10506788091 1.04974090111
5365 1.01664831417 0.965748200515
5370 0.92977865511 0.883227809004
5375 1.06197450832 1.00880506672
5380 1.06220319044 1.0090222995
5385 1.04688394055 0.994470032206
5390 1.01956693492 0.968520695877
5395 0.977658869853 0.928710824698
5400 0.995137409484 0.945314273462
5405 0.903625082467 0.858383656542
5410 0.966483435949 0.918094906654
5415 1.01959138601 0.968543922788
5420 1.04335224252 0.991115154257
5425 1.0107011277 0.960098769386
5430 0.970340103682 0.921758484186
5435 0.970664353811 0.922066500218
5440 1.08501505351 1.03069205039
5445 0.991358417338 0.941724482564
5450 1.05631160066 1.00342568153
5455 0.988453371224 0.938964882201
5460 1.06102410991 1.00790225151
5465 1.01190837107 0.961245570199
5470 1.04997917439 0.997410298244
5475 0.981508425771 0.93236764648
5480 0.998327335274 0.948344490548
5485 1.0454026071 0.993062864071
5490 1.03627436703 0.984391643845
5495 1.03056110809 0.978964428301
5500 1.03206353343 0.980391632321
5505 1.01182547725 0.961166826597
5510 1.01467957356 0.963878028031
5515 1.00902777054 0.958509191512
5520 1.05328321262 1.00054891455
5525 1.02090426748 0.969791072765
5530 0.986931068207 0.937518795704
5535 1.01460480249 0.963807000495
5540 1.03498963008 0.983171229294
5545 1.02090314201 0.969790003642
5550 1.05270536733 1.0
5555 1.01450338205 0.963710657837
5560 1.01924651516 0.968216318445
5565 0.983960689322 0.934697133559
5570 0.964204394073 0.915929968631
5575 0.974820165662 0.926014244743
5580 1.01288672191 0.96217493835
5585 0.951469800078 0.903832952324
5590 0.918854295845 0.872850395148
5595 0.965436250568 0.917100150272
5600 0.946080323674 0.898713308622
5605 1.00565873876 0.955308835663
5610 1.04339242678 0.991153326625
5615 0.924128913021 0.877860930231
5620 0.995960000277 0.94609567994
5625 0.960182996511 0.912109908729
5630 1.02519210978 0.973864237425
5635 0.995073183601 0.94525326315
5640 0.986640409032 0.937242688842
5645 1.00069650979 0.950595048577
5650 1.00225298763 0.952073598881
5655 0.974958783076 0.926145922056
5660 0.936973153586 0.890062103479
5665 0.987681452477 0.938231610793
5670 1.00764943178 0.957199861478
5675 1.01465380103 0.963853545851
5680 0.993697436845 0.943946395343
5685 0.961831855424 0.9136762149
5690 0.973526833524 0.924785665334
5695 0.995838342333 0.945980112994
5700 0.974095599815 0.925325955437
5705 0.957540030935 0.909599267425
5710 0.896312631371 0.851437314933
5715 0.975359737639 0.926526802192
5720 1.00087413622 0.950763781858
5725 1.00694728183 0.956532865782
5730 0.99219254935 0.942516852431
5735 1.0063964248 0.95600958828
5740 0.998634938345 0.948636692982
5745 0.994907374467 0.945095755514
5750 0.982239004124 0.933061647267
5755 0.954844243686 0.90703844905
5760 0.973686004831 0.924936867477
5765 0.983446551717 0.934208737071
5770 0.997038463629 0.94712014831
5775 0.983553200252 0.934310046077
5780 0.953345542289 0.90561478252
5785 0.928248360669 0.881774131186
5790 0.963402106859 0.915167849201
5795 0.986715959716 0.937314456962
5800 0.991667682567 0.942018263938
5805 0.971135298584 0.922513866392
5810 0.98342617415 0.934189379738
5815 0.980032641266 0.930965749471
5820 1.00435675285 0.954072035753
5825 1.00785645249 0.957396517365
5830 1.00704688696 0.956627484025
5835 0.999926538688 0.949863627302
5840 1.00155916913 0.95141451751
5845 0.998670791505 0.948670751097
5850 0.990454149927 0.940865488738
5855 0.953646439034 0.905900614392
5860 0.950413157715 0.902829212441
5865 0.983530532042 0.934288512787
5870 0.997345310374 0.947411632286
5875 0.989713991521 0.94016238754
5880 0.975947927834 0.92708554371
5885 0.939668527331 0.892622529054
5890 0.744968610453 0.707670572959
5895 0.807212768776 0.766798378568
5900 0.923510480341 0.877273460367
5905 0.967393948835 0.918959833265
5910 0.967792651039 0.919338573809
5915 0.939539099282 0.892499581026
5920 0.963744408284 0.915493012762
5925 0.970821495899 0.922215774737
5930 0.947634741825 0.900189902358
5935 0.965319017176 0.916988786357
5940 0.957514998559 0.909575488335
5945 0.950296764869 0.902718646987
5950 0.937087865498 0.890171072156
5955 0.951826433745 0.90417173056
5960 0.962773707147 0.91457091132
5965 0.961724831382 0.913574549188
5970 0.967453812366 0.919016699633
5975 0.945647224877 0.898301893605
5980 0.954004688441 0.906240927473
5985 0.920852814132 0.87474885444
5990 0.95050477949 0.902916247026
5995 0.957342236232 0.909411375629
6000 0.94404605035 0.896780884426
6005 0.932615881067 0.885922984734
6010 0.921054430971 0.874940377012
6015 0.917502228816 0.871566021503
6020 0.902545767181 0.857358378891
6025 0.919942408273 0.873884029498
6030 0.950954797486 0.903343734155
6035 0.954084236977 0.906316493285
6040 0.946113971664 0.898745271972
6045 0.955613407066 0.907769103043
6050 0.956521394374 0.908631630523
6055 0.932497988364 0.885810994516
6060 0.949156636598 0.90163560105
6065 0.919699778095 0.873653546986
6070 0.954613816867 0.906819558916
6075 0.953143984882 0.905423316406
6080 0.927257328055 0.880832716195
6085 0.930946222846 0.884336920605
6090 0.927777376986 0.88132672805
6095 0.93774241555 0.89079285112
6100 0.92363816587 0.877394753117
6105 0.912020770642 0.866359001245
6110 0.941290123154 0.894162937105
6115 0.944222672134 0.896948663359
6120 0.907547234833 0.862109440116
6125 0.913451044019 0.867717665712
6130 0.928083896856 0.881617901516
6135 0.888142353696 0.843676095194
6140 0.891741050703 0.847094617716
6145 0.927520916047 0.881083107235
6150 0.923082439033 0.876866849627
6155 0.909735963646 0.864188586742
6160 0.860669678564 0.817578883206
6165 0.864068403616 0.820807445687
6170 0.861784914234 0.81863828283
6175 0.909940279366 0.864382673071
6180 0.923961304097 0.877701712915
6185 0.931098303535 0.884481387133
6190 0.894228913498 0.849457921706
6195 0.927761301361 0.881311457277
6200 0.918977520568 0.872967450429
6205 0.938753566049 0.891753376762
6210 0.93441182544 0.887629012298
6215 0.891518092009 0.846882821803
6220 0.901998306835 0.856838328018
6225 0.923446325498 0.877212517538
6230 0.868581396497 0.825094488406
6235 0.914878801539 0.869073940283
6240 0.899433420021 0.854401856338
6245 0.869338212801 0.8258134135
6250 0.903286975229 0.85806247718
6255 0.856280788581 0.813409729976
6260 0.885205734436 0.840886502445
6265 0.902176208097 0.857007322371
6270 0.906106885061 0.860741203744
6275 0.907123661282 0.861707073448
6280 0.858945631406 0.81594115321
6285 0.90202982821 0.856868271225
6290 0.894514281089 0.849729001916
6295 0.890576833704 0.845988689092
6300 0.855364458982 0.812539277875
6305 0.89070203844 0.846107625253
6310 0.901137853373 0.856020954526
6315 0.858232730664 0.815263944976
6320 0.867561665531 0.824125811892
6325 0.903098179441 0.857883133753
6330 0.896483708349 0.85159982667
6335 0.867701599703 0.824258740038
6340 0.883482026227 0.839249094427
6345 0.884901092659 0.840597113042
6350 0.906469681589 0.861085836288
6355 0.889195635652 0.844676642916
6360 0.872349203798 0.828673654447
6365 0.881211737505 0.837092471319
6370 0.905500780542 0.860165444812
6375 0.910289032648 0.864713965466
6380 0.899768598419 0.854720253497
6385 0.90492086496 0.859614563625
6390 0.903444262018 0.858211889156
6395 0.873079511515 0.829367398147
6400 0.841851222995 0.799702603525
6405 0.890386001767 0.845807411458
6410 0.856547679371 0.813663258455
6415 0.88039200181 0.836313776993
6420 0.856250099776 0.813380577654
6425 0.900526291946 0.855440011894
6430 0.87195499409 0.828299181475
6435 0.889289531723 0.84476583793
6440 0.854301353866 0.811529398805
6445 0.897796343366 0.852846742528
6450 0.851079941647 0.80846927171
6455 0.872025898614 0.828366536051
6460 0.865417828745 0.822089309702
6465 0.859155578126 0.816140588613
6470 0.856055063002 0.813195305707
6475 0.852023051226 0.809365163009
6480 0.861633426293 0.818494379374
6485 0.862237758104 0.819068454352
6490 0.864187015325 0.820920118912
6495 0.757860588033 0.719917093192
6500 0.831643573715 0.790006016429
6505 0.876468388155 0.832586605292
6510 0.873785109629 0.83003766937
6515 0.848883164919 0.8063824801
6520 0.855420944995 0.812592935825
6525 0.866609444721 0.82322126553
6530 0.864887951842 0.821585961928
6535 0.857718580185 0.814775536258
6540 0.871454889153 0.827824115086
6545 0.831810065932 0.790164172949
6550 0.84626368946 0.803894152843
6555 0.811500123493 0.770871080058
6560 0.723070055376 0.686868403847
6565 0.694781342621 0.659996010456
6570 0.811410218395 0.770785676201
6575 0.819625146262 0.778589310648
6580 0.84968699385 0.807146064058
6585 0.846575790211 0.804190627774
6590 0.844908951179 0.802607241687
6595 0.819777939837 0.778734454369
6600 0.8471296606 0.804716767761
6605 0.84876920592 0.806274226639
6610 0.835825221362 0.793978303241
6615 0.851289800564 0.808668623707
6620 0.852951293089 0.810246930967
6625 0.845917821876 0.803565601669
6630 0.842455258604 0.800276397131
6635 0.820903825475 0.779803970754
6640 0.840267625597 0.798198291447
6645 0.830666936942 0.789078276528
6650 0.850827931753 0.808229879092
6655 0.849412612453 0.806885420001
6660 0.842842831362 0.800644565443
6665 0.825327024275 0.784005715076
6670 0.841473783147 0.799344060803
6675 0.838880428346 0.796880546431
6680 0.825660007253 0.784322026732
6685 0.845707245828 0.803365568445
6690 0.847133361672 0.804720283533
6695 0.833764707695 0.792020952465
6700 0.83350400542 0.791773302664
6705 0.822470182852 0.781291905959
6710 0.830654908161 0.789066849987
6715 0.812745769111 0.772054360447
6720 0.817548507025 0.776616641655
6725 0.82504568844 0.783738464767
6730 0.831951022933 0.790298072713
6735 0.828291994079 0.786822238954
6740 0.823491096097 0.782261705561
6745 0.822528236012 0.781347052595
6750 0.810276457695 0.769708679033
6755 0.821995864071 0.780841334702
6760 0.831024744451 0.789418169835
6765 0.82435490136 0.78308226304
6770 0.811202714404 0.770588561227
6775 0.821522755425 0.780391912992
6780 0.824375629027 0.783101952944
6785 0.810423178459 0.769848053988
6790 0.819187459618 0.778173537481
6795 0.81087271698 0.770275085648
6800 0.815544917549 0.77471336507
6805 0.811006770377 0.770402427449
6810 0.808246875139 0.767780710753
6815 0.812367781898 0.771695297765
6820 0.807952579474 0.767501149468
6825 0.814200669641 0.773436419071
6830 0.807483208705 0.767055278492
6835 0.810825614382 0.770230341317
6840 0.776404412023 0.737532491161
6845 0.791484091845 0.751857182846
6850 0.805776116335 0.765433654415
6855 0.781694250565 0.74255748553
6860 0.788325767321 0.748856984859
6865 0.80025512923 0.760189084305
6870 0.80348741205 0.763259537748
6875 0.799784937417 0.759742433392
6880 0.791078287364 0.751471695612
6885 0.789067209316 0.749561305383
6890 0.813377187022 0.772654165417
6895 0.803961756616 0.7637101335
6900 0.79893119965 0.758931439363
6905 0.793409939994 0.753686610347
6910 0.798354094491 0.758383227891
6915 0.777664403386 0.738729399054
6920 0.793862228672 0.754116254474
6925 0.779128433907 0.74012013056
6930 0.799354426531 0.759333476717
6935 0.791414082717 0.751790678837
6940 0.796540947884 0.756660859351
6945 0.779603098362 0.740571030185
6950 0.787244508931 0.747829861389
6955 0.792365613089 0.752694569328
6960 0.794345407185 0.754575241886
6965 0.787353923232 0.747933797689
6970 0.784769768218 0.745479022502
6975 0.765839830064 0.727496841788
6980 0.744848919 0.707556874049
6985 0.790947131845 0.751347106602
6990 0.786846669593 0.747451940509
6995 0.797125467588 0.757216114146
7000 0.777295792312 0.738379243079
7005 0.767120952613 0.728713822901
7010 0.779433643558 0.740410059405
7015 0.758042867873 0.720090246902
7020 0.778167446136 0.73920725617
7025 0.764517749557 0.726240953344
7030 0.782991650293 0.743789928878
7035 0.773822275018 0.735079632949
7040 0.776503642103 0.73762675313
7045 0.791749207297 0.752109024872
7050 0.791360158325 0.751739454255
7055 0.78445107107 0.745176281434
7060 0.774151503494 0.735392378078
7065 0.773897033742 0.735150648759
7070 0.768429697388 0.729957043289
7075 0.78340774005 0.74418518644
7080 0.781375060002 0.742254275749
7085 0.761720515831 0.72358376757
7090 0.765646946219 0.72731361498
7095 0.773102613014 0.734396001967
7100 0.783480798258 0.744254586872
7105 0.783035520751 0.743831602892
7110 0.773481781504 0.734756186784
7115 0.777835876061 0.738892286677
7120 0.771460363996 0.732835974756
7125 0.778204759511 0.739242701391
7130 0.759685256676 0.721650406899
7135 0.780984117649 0.741882906546
7140 0.781130518178 0.7420219773
7145 0.766371731909 0.728002113122
7150 0.752857048489 0.715164063807
7155 0.775233493498 0.736420196533
7160 0.774304063483 0.735537299909
7165 0.740618626675 0.703538378033
7170 0.784318190993 0.745050054209
7175 0.77986982471 0.740824402455
7180 0.768034982887 0.729582090797
7185 0.755668113229 0.717834388123
7190 0.74761856604 0.710187854308
7195 0.750739129198 0.713152181511
7200 0.756346012765 0.718478347541
7205 0.747068575572 0.709665399987
7210 0.748503989931 0.711028948045
7215 0.760602841479 0.722522051361
7220 0.751265294974 0.713652003962
7225 0.754966883516 0.717168266591
7230 0.770704628513 0.732118076371
7235 0.767704742483 0.729268384403
7240 0.761927332607 0.723780229735
7245 0.758305194749 0.720339439966
7250 0.750525749072 0.712949484601
7255 0.755823623754 0.717982112767
7260 0.751049467211 0.713446981959
7265 0.758516129236 0.720539813683
7270 0.765168125167 0.726858766865
7275 0.755103907739 0.717298430478
7280 0.776268401623 0.737403290338
7285 0.74055076831 0.703473917105
7290 0.719064626799 0.683063513417
7295 0.74062938006 0.703548593032
7300 0.748905779474 0.711410621356
7305 0.744574901218 0.707296575403
7310 0.73177068135 0.695133419153
7315 0.751594776493 0.713964989465
7320 0.745592093531 0.708262840366
7325 0.727635104591 0.691204896617
7330 0.739849915999 0.702808154079
7335 0.750261764609 0.71269871694
7340 0.755943336452 0.718095831858
7345 0.741314911982 0.704199802709
7350 0.745760764559 0.708423066611
7355 0.726402771386 0.690034262132
7360 0.74594446598 0.708597570728
7365 0.733437490559 0.69671677691
7370 0.743629657753 0.706398657055
7375 0.738319391366 0.701354257594
7380 0.747254410757 0.709841931038
7385 0.714386414051 0.678619522826
7390 0.701532629237 0.666409283178
7395 0.729370998976 0.69285388069
7400 0.716293329214 0.68043096525
