Wave Flux FluxNorm
3600 0.760402363389 0.745459215091
3605 0.71434042633 0.700302470322
3610 0.7032571359 0.689436984649
3615 0.715589279901 0.701526781881
3620 0.699934970949 0.686180105666
3625 0.753718646407 0.738906844064
3630 0.729103133992 0.714775066668
3635 0.729550490755 0.71521363214
3640 0.753135234201 0.73833489686
3645 0.722281346552 0.708087338492
3650 0.731973213211 0.717588744143
3655 0.780509209436 0.765170928775
3660 0.78085598995 0.765510894486
3665 0.778400043889 0.763103211776
3670 0.776699762707 0.761436343896
3675 0.77501592233 0.759785593733
3680 0.738607413594 0.724092571654
3685 0.731804223164 0.717423075027
3690 0.76879400341 0.75368594568
3695 0.784509756736 0.769092858788
3700 0.811322909206 0.795379089021
3705 0.719910781954 0.70576335936
3710 0.741372225959 0.72680305094
3715 0.852932600217 0.836171081649
3720 0.768740886476 0.753633872581
3725 0.840611245361 0.824091861538
3730 0.906990728896 0.889166879814
3735 0.652993430808 0.640161043451
3740 0.970805879307 0.951727958299
3745 0.904659222369 0.886881191198
3750 0.65256195215 0.639738044053
3755 0.997331035814 0.977731852161
3760 1.04879445197 1.02818392814
3765 1.00982780649 0.989983040886
3770 0.709630524367 0.695685125624
3775 0.964318640212 0.945368204046
3780 1.29314194508 1.26772959396
3785 1.32984177714 1.30370821438
3790 1.16876623164 1.14579806641
3795 0.836415421655 0.819978492621
3800 0.77071007661 0.755564364913
3805 1.17007985334 1.1470858733
3810 1.40169804645 1.37415239065
3815 1.37528671068 1.34826008076
3820 1.41168571956 1.38394378967
3825 1.22744877903 1.2033274059
3830 0.981523620663 0.962235078534
3835 0.638051678442 0.625512920921
3840 0.907669487282 0.889832299489
3845 1.29138567573 1.26600783816
3850 1.48057535568 1.45147963193
3855 1.55475375628 1.52420030581
3860 1.57229565473 1.54139747731
3865 1.6570997322 1.62453501616
3870 1.61881919926 1.5870067582
3875 1.47939168308 1.45031922043
3880 1.28490370307 1.25965324685
3885 0.949949767039 0.931281702698
3890 0.706936424598 0.693043969315
3895 1.08457582351 1.06326213729
3900 1.3108889596 1.28512785066
3905 1.45310944477 1.42455347103
3910 1.67242539848 1.63955950806
3915 1.67560809759 1.64267966194
3920 1.68245099188 1.64938808218
3925 1.71648742162 1.68275564049
3930 1.29041138232 1.26505269122
3935 0.909492267288 0.891619258891
3940 1.59348995846 1.56217527835
3945 1.63891636283 1.60670897969
3950 1.58291226483 1.55180545368
3955 1.49765987417 1.46822841173
3960 1.32844207443 1.30233601811
3965 0.937499016346 0.919075629591
3970 0.557312347853 0.546360250038
3975 1.01831279298 0.99830128353
3980 1.35910866965 1.33239996465
3985 1.51100044709 1.4813068206
3990 1.66824453145 1.6354608019
3995 1.74248625484 1.70824355418
4000 1.78632618213 1.7512219553
4005 1.76624357944 1.73153400855
4010 1.86041780105 1.8238575529
4015 1.87897475747 1.84204983483
4020 1.92588138853 1.88803467397
4025 1.89146550648 1.85429512022
4030 1.82037920993 1.78460578549
4035 1.85871137277 1.82218465873
4040 1.94140180579 1.90325008969
4045 1.82643072844 1.79053838177
4050 1.90246221527 1.86507572571
4055 1.81923266692 1.78348177392
4060 1.8120991843 1.77648847589
4065 1.74166335934 1.70743682991
4070 1.73762229921 1.70347518322
4075 1.65292586884 1.62044317603
4080 1.60123448889 1.56976761612
4085 1.54085175728 1.51057150379
4090 1.44543518747 1.41703002541
4095 1.20150226736 1.17789078556
4100 0.792029711835 0.776465034487
4105 0.906387279562 0.888575289244
4110 1.2454069967 1.22093271527
4115 1.46306485907 1.43431324517
4120 1.54367045455 1.51333480906
4125 1.61778550434 1.58599337708
4130 1.6171351576 1.58535581071
4135 1.6919045799 1.65865589176
4140 1.7953127486 1.76003192106
4145 1.73744001613 1.7032964823
4150 1.77444809447 1.73957729146
4155 1.71869856462 1.68492333091
4160 1.77158966444 1.73677503424
4165 1.79988584446 1.76451514812
4170 1.74309696502 1.7088422629
4175 1.66934456531 1.6365392183
4180 1.70815404666 1.67458602996
4185 1.73122525209 1.69720384852
4190 1.75967564911 1.72509514878
4195 1.77574212253 1.74084588975
4200 1.68961248406 1.65640883935
4205 1.75759510213 1.72305548794
4210 1.78614818695 1.75104745802
4215 1.74598076629 1.71166939277
4220 1.75510360634 1.72061295412
4225 1.64401856896 1.61171091913
4230 1.736486161 1.70236137198
4235 1.68965859888 1.65645404794
4240 1.72858357326 1.694614083
4245 1.72021648856 1.68641142517
4250 1.67113996995 1.6382993403
4255 1.73313167048 1.69907280267
4260 1.69043847877 1.65721860191
4265 1.76832836836 1.73357782796
4270 1.66628321003 1.63353802365
4275 1.66311296898 1.63043008301
4280 1.72164219973 1.68780911879
4285 1.66935399832 1.63654846594
4290 1.5778652669 1.54685763751
4295 1.615763608 1.58401121431
4300 1.48056638334 1.45147083591
4305 1.51605297113 1.4862600543
4310 1.51207164373 1.48235696647
4315 1.46495459938 1.436165849
4320 1.46821666255 1.4393638073
4325 1.33984416499 1.31351403897
4330 1.26657944413 1.24168908953
4335 1.04622926298 1.0256691493
4340 0.687541550621 0.674030236287
4345 0.960739758514 0.941859653219
4350 1.19786611846 1.17432609293
4355 1.35305164596 1.32646197137
4360 1.48354717195 1.45439304716
4365 1.56166892507 1.53097958024
4370 1.5528075341 1.52229233008
4375 1.55278932833 1.52227448208
4380 1.63182343526 1.59975543973
4385 1.52027822839 1.49040227835
4390 1.61681475943 1.58504170889
4395 1.58878134172 1.55755919363
4400 1.59165388922 1.56037529087
4405 1.61025589283 1.57861173473
4410 1.65034255315 1.61791062671
4415 1.57176718218 1.54087939011
4420 1.63271919033 1.60063359175
4425 1.64744240432 1.61506747054
4430 1.64965097469 1.6172326389
4435 1.61330424569 1.58160018248
4440 1.64274858904 1.6104658964
4445 1.58733311166 1.55613942365
4450 1.62844310197 1.59644153551
4455 1.56871556852 1.53788774564
4460 1.58622343685 1.55505155576
4465 1.58793450621 1.55672899982
4470 1.57094391168 1.54007229822
4475 1.63304905448 1.60095697354
4480 1.51683950767 1.48703113411
4485 1.59177745814 1.56049643146
4490 1.57815135839 1.54713810683
4495 1.61063995562 1.57898825007
4500 1.6140084347 1.58229053303
4505 1.64069805216 1.60845565591
4510 1.63066111864 1.59861596453
4515 1.60151903877 1.57004657413
4520 1.57561525138 1.54465183846
4525 1.55098494701 1.52050555979
4530 1.52021645843 1.49034172227
4535 1.52779181518 1.49776821088
4540 1.59214273283 1.56085452791
4545 1.57267645559 1.54177079481
4550 1.47762945589 1.44859162388
4555 1.48166496286 1.45254782655
4560 1.54884787246 1.51841048225
4565 1.54210731103 1.51180238387
4570 1.55446711881 1.52391930123
4575 1.54839561775 1.51796711508
4580 1.51128355322 1.48158436323
4585 1.46892952058 1.4400626565
4590 1.49654239951 1.46713289727
4595 1.52657235017 1.49657271035
4600 1.52817162503 1.49814055686
4605 1.5305862977 1.50050777726
4610 1.53637622819 1.50618392616
4615 1.51537741403 1.485597773
4620 1.49121411518 1.46190932243
4625 1.51901052689 1.48915948925
4630 1.49306779496 1.46372657437
4635 1.48461558734 1.45544046644
4640 1.50365102376 1.47410182544
4645 1.4886033977 1.45934990981
4650 1.48480315748 1.45562435051
4655 1.47826598502 1.44921564417
4660 1.50055246274 1.47106415621
4665 1.45649886606 1.42787628465
4670 1.43832881805 1.41006330776
4675 1.48600784973 1.4568053686
4680 1.47287177688 1.44392744103
4685 1.48489730798 1.4557166508
4690 1.47218630091 1.44325543579
4695 1.47171604707 1.4427944232
4700 1.44051954405 1.41221098242
4705 1.42286027842 1.39489875019
4710 1.4402722083 1.41196850722
4715 1.43919728636 1.41091470924
4720 1.46211995025 1.43338690536
4725 1.45900631351 1.43033445666
4730 1.41741972379 1.38956511134
4735 1.41932600292 1.39143392898
4740 1.42567707119 1.39766018839
4745 1.42909546846 1.40101140857
4750 1.41973176677 1.3918317189
4755 1.3988287971 1.37133952672
4760 1.39236144791 1.36499927151
4765 1.35972035657 1.33299963093
4770 1.37312897366 1.34614474679
4775 1.3803028861 1.35317768014
4780 1.37303093998 1.34604863963
4785 1.36533745808 1.33850634722
4790 1.36488542255 1.33806319493
4795 1.37531030402 1.34828321045
4800 1.35293059414 1.32634329841
4805 1.33523531731 1.30899576268
4810 1.33713407177 1.31085720351
4815 1.33664129184 1.31037410751
4820 1.31946607689 1.29353641358
4825 1.27161007409 1.2466208594
4830 1.27264714975 1.24763755483
4835 1.24249877762 1.21808164745
4840 1.19518165855 1.17169438704
4845 1.13693695468 1.11459428672
4850 1.04163819445 1.02116830277
4855 0.891405023292 0.873887458779
4860 0.629408995658 0.617040080969
4865 0.746101626558 0.731439511094
4870 0.943737735433 0.925191747659
4875 1.04634789128 1.02578544636
4880 1.13446353273 1.11216947155
4885 1.1663950543 1.14347348658
4890 1.17511775003 1.15202476709
4895 1.24849814921 1.22396312159
4900 1.2623788831 1.23757107639
4905 1.2724769609 1.24747071047
4910 1.26310166755 1.23827965694
4915 1.28367196825 1.25844571763
4920 1.21481311931 1.19094005753
4925 1.24469640642 1.22023608925
4930 1.28727211216 1.26197511284
4935 1.25402677157 1.22938309748
4940 1.27599841988 1.25092296702
4945 1.30036257931 1.27480833093
4950 1.30120739004 1.27563653975
4955 1.2672180464 1.24231514222
4960 1.27292363699 1.24790860864
4965 1.2936153747 1.26819371991
4970 1.28111812225 1.25594205887
4975 1.29654812188 1.27106883382
4980 1.25085301681 1.22627171219
4985 1.21783093666 1.19389856985
4990 1.26271901067 1.23790451989
4995 1.26847329437 1.24354572252
5000 1.2428038399 1.21838071475
5005 1.21351281527 1.18966530659
5010 1.23674532675 1.21244126128
5015 1.20209408823 1.17847097618
5020 1.18329761174 1.16004388116
5025 1.23788869923 1.21356216462
5030 1.24013338379 1.21576273747
5035 1.2362272535 1.21193336901
5040 1.19012672238 1.16673878862
5045 1.2353914835 1.21111402326
5050 1.21088045065 1.18708467223
5055 1.2229895064 1.19895576527
5060 1.24906844101 1.22452220622
5065 1.22471067149 1.20064310665
5070 1.21668334285 1.19277352813
5075 1.21107472433 1.18727512812
5080 1.18997436329 1.16658942363
5085 1.21456422841 1.19069605775
5090 1.22390395218 1.19985224069
5095 1.21864242145 1.19469410763
5100 1.19016032313 1.16677172906
5105 1.21606245825 1.19216484493
5110 1.2011390091 1.17753466592
5115 1.22164429059 1.19763698514
5120 1.213665668 1.18981515551
5125 1.17735897676 1.15422195005
5130 1.17775470589 1.15460990246
5135 1.17480467171 1.15171784127
5140 1.15251362536 1.12986485038
5145 1.1727559028 1.14970933402
5150 1.17200696978 1.14897511875
5155 1.17141950699 1.14839920056
5160 1.1782625625 1.15510777886
5165 1.11498184115 1.09307062703
5170 1.04701110345 1.02643562533
5175 1.13542137901 1.11310849459
5180 1.16037843784 1.13757510645
5185 1.0894493239 1.06803986544
5190 1.11464336058 1.09273879816
5195 1.11372220444 1.09183574424
5200 1.13536055538 1.11304886625
5205 1.11105784279 1.08922374165
5210 1.1287369092 1.10655538553
5215 1.13641843497 1.11408595677
5220 1.155300526 1.13259698388
5225 1.10554391491 1.08381817146
5230 1.09624033197 1.07469741911
5235 1.09469996242 1.07318732034
5240 1.13521789116 1.1129090056
5245 1.14203615714 1.11959328153
5250 1.1343831476 1.11209066612
5255 1.12896628558 1.10678025428
5260 1.11585006553 1.09392178939
5265 1.04595634682 1.02540159639
5270 1.04217559957 1.021695147
5275 1.06887350158 1.04786839164
5280 1.09506085373 1.07354111954
5285 1.09667036694 1.07511900319
5290 1.13334917225 1.11107701007
5295 1.11980673633 1.09780070514
5300 1.10412239405 1.0824245858
5305 1.11875433415 1.09676898438
5310 1.11661565604 1.09467233479
5315 1.08536514502 1.06403594735
5320 1.09873210715 1.07714022684
5325 1.06529277532 1.04435803249
5330 1.05993594061 1.03910646833
5335 1.08899812704 1.06759753534
5340 1.06896055917 1.0479537384
5345 1.09390430894 1.07240730275
5350 1.0919398915 1.07048148932
5355 1.10700179683 1.08524740362
5360 1.09884489286 1.07725079613
5365 1.0565202097 1.03575786212
5370 1.04373626084 1.02322513873
5375 1.08649454431 1.06514315209
5380 1.07137313366 1.05031890186
5385 1.0747902771 1.05366889285
5390 1.07556376993 1.05442718528
5395 1.0587074837 1.0379021526
5400 1.04998977982 1.02935576585
5405 1.02903428329 1.00881207905
5410 1.04114466077 1.02068446784
5415 1.04599649743 1.02544095797
5420 1.05516670459 1.03443095559
5425 1.03689392856 1.01651726945
5430 1.03499862125 1.01465920802
5435 1.04011355893 1.01967362882
5440 1.06716981321 1.04619818353
5445 1.03444777855 1.01411919029
5450 1.05231533403 1.03163561912
5455 1.03350859216 1.01319846044
5460 1.04437921946 1.02385546216
5465 1.03280051833 1.01250430142
5470 1.04873631461 1.02812693327
5475 1.01868180309 0.998663041986
5480 1.0251174265 1.00497219489
5485 1.04186023385 1.02138597873
5490 1.03524139905 1.01489721485
5495 1.03470816622 1.01437446091
5500 1.02784716913 1.00764829362
5505 1.02109480246 1.00102862198
5510 1.02118845367 1.00112043279
5515 1.02924865065 1.00902223374
5520 1.03430064337 1.01397494655
5525 1.00961752069 0.989776887545
5530 0.996570150251 0.976985919242
5535 1.01006156332 0.990212204014
5540 1.02109337828 1.00102722579
5545 1.01291526294 0.993009823774
5550 1.02004556117 1.0
5555 1.01165989683 0.991779127655
5560 1.0106980035 0.9908361371
5565 0.998662208182 0.979036864818
5570 0.988795912912 0.969364458363
5575 0.989185873713 0.969746755797
5580 0.999124110248 0.979489689754
5585 0.977720850629 0.958507039142
5590 0.961705791823 0.942806702396
5595 0.971419410673 0.952329432771
5600 0.964595372157 0.945639497757
5605 0.982924884546 0.963608805292
5610 0.996775717899 0.97718744715
5615 0.967968768065 0.948946600926
5620 0.980050382593 0.960790791998
5625 0.973415262354 0.954286062707
5630 0.986063952216 0.966686185156
5635 0.976128206161 0.956945692739
5640 0.97015675138 0.951091586796
5645 0.97518187177 0.956017955363
5650 0.973802289681 0.954665484316
5655 0.956051796577 0.937263817391
5660 0.94458484379 0.926022208953
5665 0.957536831694 0.938719669142
5670 0.962977156145 0.944053082332
5675 0.965834537134 0.946854311119
5680 0.955945289207 0.937159403064
5685 0.943219764374 0.924683955577
5690 0.947725145365 0.929100798474
5695 0.957024923819 0.938217821092
5700 0.950499922677 0.93182104688
5705 0.941768490375 0.923261201482
5710 0.928379795605 0.910135616431
5715 0.943570656752 0.925027952347
5720 0.946750093089 0.928144907567
5725 0.946714138924 0.92810965996
5730 0.944481403896 0.925920801822
5735 0.940787917875 0.922299898833
5740 0.942376655119 0.923857414795
5745 0.937670667084 0.919243907111
5750 0.932051698359 0.913735360298
5755 0.92615207667 0.907951675811
5760 0.92786067755 0.909626699893
5765 0.922810224815 0.904675496802
5770 0.931818621291 0.913506863575
5775 0.927282037722 0.909059431283
5780 0.922100035189 0.903979263562
5785 0.918319903794 0.900273417923
5790 0.916031357907 0.8980298457
5795 0.92036615433 0.902279456294
5800 0.921912224586 0.903795143744
5805 0.91871006277 0.900655909638
5810 0.920301797982 0.902216364654
5815 0.919599036435 0.901527413518
5820 0.917054241249 0.899032627714
5825 0.919220645534 0.901156458616
5830 0.919017327994 0.900957136598
5835 0.917776463546 0.899740657163
5840 0.918630025103 0.900577444841
5845 0.914702119396 0.896726728897
5850 0.909419786572 0.891548202539
5855 0.893080675421 0.875530181607
5860 0.890226443742 0.872732040242
5865 0.903103990173 0.885356521855
5870 0.90568320166 0.887885047623
5875 0.90201626526 0.884290172512
5880 0.900004696609 0.882318134471
5885 0.88809133916 0.870638893952
5890 0.841372301873 0.824837962047
5895 0.846319891915 0.829688323864
5900 0.874192601904 0.857013289581
5905 0.888232511549 0.870777292072
5910 0.884234986608 0.866858325026
5915 0.878301336967 0.861041281291
5920 0.882209213329 0.8648723615
5925 0.879897718557 0.862606291375
5930 0.870241900866 0.853140226271
5935 0.874257527488 0.857076939272
5940 0.873121824669 0.855963554868
5945 0.867901009168 0.850845336918
5950 0.862561667744 0.845610922273
5955 0.863869145042 0.846892705507
5960 0.862277863337 0.845332695086
5965 0.863614184573 0.846642755427
5970 0.860818341637 0.843901855371
5975 0.856903050941 0.840063506532
5980 0.851146252355 0.834419838439
5985 0.844833466353 0.828231108992
5990 0.84626235471 0.829631917359
5995 0.848805401253 0.832124988885
6000 0.84224830614 0.825696751399
6005 0.837342699176 0.820887547624
6010 0.835169289739 0.818756849232
6015 0.832636153956 0.816273493704
6020 0.827315964034 0.811057854203
6025 0.826147945242 0.809912788887
6030 0.834222157948 0.817828330128
6035 0.835458693088 0.819040565332
6040 0.83307981296 0.816708434084
6045 0.827538451675 0.811275969599
6050 0.827266928576 0.811009782372
6055 0.822968466471 0.806795792068
6060 0.825476785858 0.809254818882
6065 0.819307692329 0.803206958115
6070 0.823606570015 0.807421355834
6075 0.822497652714 0.80633423057
6080 0.816891750126 0.800838493123
6085 0.818582551225 0.802496067218
6090 0.818135061992 0.802057371879
6095 0.819720678061 0.803611828003
6100 0.810532627854 0.794604337989
6105 0.806594516664 0.790743617115
6110 0.816232052062 0.800191759202
6115 0.815145248211 0.799126312822
6120 0.804888206094 0.789070838334
6125 0.799913130707 0.784193531304
6130 0.808300204021 0.792415784929
6135 0.798020781056 0.782338369414
6140 0.786471740695 0.771016286557
6145 0.791693035611 0.776134974501
6150 0.789858658467 0.774336645864
6155 0.787208516537 0.771738583551
6160 0.773625395597 0.758422393121
6165 0.779922503526 0.764595752595
6170 0.78407994596 0.768671494496
6175 0.788378252237 0.772885332034
6180 0.791620073936 0.776063446643
6185 0.794545075733 0.778930967377
6190 0.78475458302 0.769332873835
6195 0.7838017964 0.768398811029
6200 0.788886704071 0.773383791959
6205 0.786244124097 0.770793142998
6210 0.787073756024 0.771606471302
6215 0.777039920999 0.761769817523
6220 0.772054558616 0.756882425652
6225 0.771404531411 0.756245172543
6230 0.756380447733 0.741516336646
6235 0.755944187404 0.741088649545
6240 0.752717050744 0.73792493139
6245 0.747508697955 0.73281893124
6250 0.751135368448 0.736374331735
6255 0.752255098622 0.737472057383
6260 0.760373887651 0.745431298948
6265 0.762032998605 0.747057805662
6270 0.759589993009 0.744662809116
6275 0.749638085403 0.734906472748
6280 0.714497240746 0.700456203078
6285 0.746282956279 0.73161727739
6290 0.743062900581 0.728460501046
6295 0.736804449558 0.722325038806
6300 0.73173778612 0.717357943579
6305 0.736389701929 0.721918441646
6310 0.739775191889 0.725237401198
6315 0.731550877201 0.717174707726
6320 0.72979305723 0.715451431788
6325 0.739659672698 0.725124152149
6330 0.741391739411 0.726822180922
6335 0.734583411109 0.72014764739
6340 0.73322496098 0.718815893024
6345 0.72522102754 0.710969249948
6350 0.730726196063 0.716366232919
6355 0.737028996063 0.722545172606
6360 0.729966551194 0.715621516312
6365 0.73198378391 0.717599107111
6370 0.722919585529 0.708713035031
6375 0.727203202099 0.71291247154
6380 0.732566535828 0.718170407002
6385 0.731286300513 0.716915330402
6390 0.729257989869 0.714926879375
6395 0.721415328735 0.70723833934
6400 0.718248891087 0.704134127363
6405 0.724322702046 0.710088578017
6410 0.718304018187 0.704188171125
6415 0.716591099868 0.702508914449
6420 0.714988819906 0.700938121905
6425 0.722912015203 0.708705613475
6430 0.715018439982 0.700967159899
6435 0.713709971417 0.699684404877
6440 0.707684872647 0.693777709138
6445 0.718136810277 0.704024249124
6450 0.711118348609 0.69714371169
6455 0.695210145531 0.681548130783
6460 0.696870365323 0.683175724545
6465 0.703346390096 0.689524484855
6470 0.704606486616 0.69075981842
6475 0.70280741898 0.688996105401
6480 0.703494593882 0.689669776194
6485 0.701342540233 0.687560013914
6490 0.694795679374 0.681141809563
6495 0.666806737727 0.653702896329
6500 0.682791259814 0.669373296452
6505 0.694401856332 0.680755725787
6510 0.69222674307 0.678623357053
6515 0.679875414425 0.666514752187
6520 0.677283643401 0.663973913696
6525 0.676973903061 0.66367026026
6530 0.670414464569 0.657239725447
6535 0.65982454074 0.646857910916
6540 0.646822412854 0.634111296079
6545 0.621601753987 0.609386264347
6550 0.59696270236 0.585231410324
6555 0.545397676123 0.534679721067
6560 0.441030705702 0.432363732062
6565 0.421037369629 0.412763297695
6570 0.535285312577 0.524766081979
6575 0.586105170185 0.574587246388
6580 0.618754126223 0.60659459712
6585 0.633099434059 0.620657996228
6590 0.641062788802 0.628464858045
6595 0.64800284315 0.635268528991
6600 0.657688835999 0.644764176261
6605 0.659010677515 0.646060041433
6610 0.660355441396 0.647378378507
6615 0.662149743134 0.649137419286
6620 0.663407005561 0.650369974453
6625 0.665222682298 0.652149970177
6630 0.661098208034 0.648106548569
6635 0.659166712049 0.646213009634
6640 0.662732670044 0.649708890731
6645 0.659881405028 0.646913657729
6650 0.6614228585 0.648424819123
6655 0.659102507252 0.646150066566
6660 0.657184401562 0.644269654786
6665 0.656206755072 0.643311220645
6670 0.657267835008 0.644351448628
6675 0.650236255069 0.637458050718
6680 0.648437086834 0.635694239077
6685 0.654281394657 0.641423696707
6690 0.654886364694 0.642016778095
6695 0.652364718378 0.639544686247
6700 0.649037778154 0.636283125832
6705 0.647683710947 0.634955668257
6710 0.646697686369 0.633989020672
6715 0.644471041142 0.63180613266
6720 0.63811779823 0.625577741348
6725 0.639891792702 0.62731687393
6730 0.63844749467 0.625900958714
6735 0.639249887435 0.62668758315
6740 0.634222203132 0.621758701055
6745 0.62866120473 0.616306985354
6750 0.629072732681 0.616710426109
6755 0.632471899054 0.62004279331
6760 0.625407442263 0.613117164633
6765 0.628922251261 0.616562901894
6770 0.629964813994 0.617584976567
6775 0.628053282367 0.615711009658
6780 0.627352059894 0.615023567352
6785 0.615890408306 0.603787155937
6790 0.623201584014 0.610954655101
6795 0.621449355116 0.609236860363
6800 0.621578585226 0.60936355089
6805 0.622666735771 0.610430317499
6810 0.621581067032 0.609365983924
6815 0.621808491938 0.60958893956
6820 0.621124349967 0.608918242096
6825 0.620449249464 0.608256408421
6830 0.618621091924 0.606464177162
6835 0.618440577234 0.60628720988
6840 0.612869910248 0.600826015599
6845 0.612001017097 0.599974197616
6850 0.612394678141 0.600360122578
6855 0.606898903359 0.594972348746
6860 0.606345914971 0.594430227483
6865 0.606770600482 0.59484656723
6870 0.606531931661 0.594612588641
6875 0.602344083652 0.590507038685
6880 0.601219074005 0.589404137315
6885 0.600015458532 0.588224174851
6890 0.599612840917 0.58782946933
6895 0.598707064131 0.586941492538
6900 0.598139111342 0.586384700949
6905 0.595683195085 0.583977047456
6910 0.596598150658 0.584874022658
6915 0.593530709333 0.581866861565
6920 0.594613509111 0.582928382559
6925 0.594135663259 0.582459927158
6930 0.594567951221 0.582883719956
6935 0.59260495336 0.580959298208
6940 0.594338234562 0.582658517605
6945 0.591218389277 0.579599982374
6950 0.590213628263 0.578614966555
6955 0.589792334855 0.578201952251
6960 0.590476380994 0.578872555767
6965 0.587028503138 0.575492434341
6970 0.587916908334 0.576363380924
6975 0.58533276403 0.573830019275
6980 0.580308237106 0.568904232511
6985 0.587309104194 0.575767521128
6990 0.588004629649 0.576449378372
6995 0.587101301518 0.575563802113
7000 0.584801646084 0.573309338664
7005 0.577577627272 0.56622728362
7010 0.582255474758 0.570813203763
7015 0.578770108909 0.567396331046
7020 0.580024530469 0.568626101173
7025 0.578297460142 0.566932970599
7030 0.579991531994 0.568593751172
7035 0.575671895558 0.564359002647
7040 0.578526188494 0.567157204065
7045 0.578621467904 0.567250611079
7050 0.576875681631 0.565539132357
7055 0.577057420787 0.565717300042
7060 0.570787528159 0.559570621044
7065 0.568592577266 0.557418804521
7070 0.573129885968 0.561866947697
7075 0.571848955659 0.56061118976
7080 0.567018635821 0.555875793596
7085 0.568588156079 0.557414470217
7090 0.565260141804 0.554151856858
7095 0.567481641156 0.55632970012
7100 0.566127484465 0.55500215482
7105 0.566709706173 0.55557293492
7110 0.558042195981 0.547075755459
7115 0.551265794282 0.54043252112
7120 0.5537533471 0.542871189463
7125 0.561585563735 0.55054949025
7130 0.557513228022 0.546557182584
7135 0.559493089386 0.548498136438
7140 0.559506544811 0.548511327443
7145 0.552761364475 0.541898700917
7150 0.543669150321 0.532985163619
7155 0.551273647841 0.540440220344
7160 0.546761050515 0.536016302925
7165 0.544534687904 0.533833691976
7170 0.553339265813 0.54246524555
7175 0.551149039482 0.540318060743
7180 0.547094706394 0.536343401921
7185 0.53993573626 0.529325117242
7190 0.540294665268 0.529676992709
7195 0.542546757276 0.531884827431
7200 0.541129940809 0.530495853722
7205 0.536944418869 0.526392584123
7210 0.538206974565 0.527630328537
7215 0.538742848392 0.528155671569
7220 0.539692911015 0.52908706391
7225 0.539513767229 0.528911440592
7230 0.5376867831 0.527120359685
7235 0.535241924839 0.524723546881
7240 0.533566541556 0.523081087615
7245 0.532675224321 0.52220728622
7250 0.532282033085 0.521821821834
7255 0.529318753792 0.518916775819
7260 0.531623924321 0.521176645982
7265 0.530265058756 0.519844484344
7270 0.529531408561 0.519125251574
7275 0.526279125338 0.515936881028
7280 0.526536205601 0.516188909244
7285 0.521726366969 0.511473591796
7290 0.51533825623 0.505211017866
7295 0.521661946304 0.511410437103
7300 0.522993791762 0.512716109622
7305 0.522626832518 0.512356361726
7310 0.517835586147 0.507659271172
7315 0.520909280795 0.5106725627
7320 0.519527408838 0.509317846783
7325 0.515531900235 0.50540085645
7330 0.516140804366 0.50599779462
7335 0.51815840658 0.507975747656
7340 0.519315109639 0.509109719611
7345 0.516482206316 0.506332487465
7350 0.515327437183 0.505200411431
7355 0.510183690765 0.50015774803
7360 0.513921490581 0.503822093976
7365 0.512831050916 0.502753083231
7370 0.512708657938 0.502633095475
7375 0.510644375416 0.500609379476
7380 0.51229563006 0.502228184269
7385 0.505669100616 0.495731876951
7390 0.502735653463 0.492856076825
7395 0.505758470144 0.495819490222
7400 0.506025142171 0.496080921708
