Wave Flux FluxNorm
3600 0.761043741313 0.754360550497
3605 0.728206950011 0.721812119154
3610 0.730070903927 0.723659704551
3615 0.736556174262 0.730088023758
3620 0.731970648686 0.725542766489
3625 0.765046056252 0.75832771866
3630 0.750127729117 0.743540398484
3635 0.760031452847 0.753357151556
3640 0.776313756803 0.769496470637
3645 0.750280858478 0.743692183123
3650 0.749857427803 0.743272470852
3655 0.77911667464 0.772274774338
3660 0.773645222656 0.766851370521
3665 0.773623404786 0.766829744247
3670 0.769738809381 0.762979261852
3675 0.760615978925 0.753936544553
3680 0.739888859928 0.733391443072
3685 0.742222274417 0.73570436642
3690 0.763594831263 0.756889237766
3695 0.773882557604 0.767086621286
3700 0.81317240018 0.806031435711
3705 0.736221617589 0.729756405032
3710 0.770910536647 0.764140699464
3715 0.870773272551 0.863126479573
3720 0.807356602715 0.800266710322
3725 0.88162308189 0.873881010096
3730 0.982679589334 0.974050078507
3735 0.687154547301 0.681120222715
3740 1.07859935859 1.06912751757
3745 1.01961632744 1.01066245251
3750 0.667848441036 0.661983655184
3755 1.05658642683 1.04730789483
3760 1.20621222912 1.19561974139
3765 1.10528006296 1.09557392235
3770 0.698921204156 0.692783549355
3775 1.00699611869 0.998153069541
3780 1.43475824751 1.42215875734
3785 1.52173674567 1.50837344408
3790 1.31382591858 1.30228840918
3795 0.858995773715 0.851452406161
3800 0.762275239555 0.7555812342
3805 1.25660633199 1.2455713028
3810 1.58317230231 1.56926949749
3815 1.61512282917 1.60093944723
3820 1.64323982865 1.62880953413
3825 1.39999540155 1.38770118519
3830 1.04479970152 1.03562467598
3835 0.629589288564 0.624060479742
3840 0.937536189203 0.929303110198
3845 1.40193352136 1.38962228519
3850 1.65103359078 1.63653485446
3855 1.7696889114 1.7541481901
3860 1.81774463038 1.80178190241
3865 1.86297327278 1.84661336442
3870 1.83238085979 1.81628960213
3875 1.64111160125 1.626699996
3880 1.35972620687 1.34778561896
3885 0.944070068551 0.935779611552
3890 0.654239084807 0.648493811039
3895 1.0779046881 1.0684389474
3900 1.39268077202 1.38045078991
3905 1.61773980158 1.6035334384
3910 1.86078047707 1.84443982499
3915 1.86163808532 1.84528990206
3920 1.90170908964 1.88500901837
3925 1.9369679885 1.91995828726
3930 1.58990289568 1.57594098541
3935 1.20716632217 1.19656545597
3940 1.83200601457 1.81591804866
3945 1.83847204568 1.82232729759
3950 1.76724878531 1.75172949225
3955 1.63743281337 1.6230535138
3960 1.39866293858 1.3863804234
3965 0.964312366565 0.955844149561
3970 0.545727575208 0.54093520741
3975 0.988633385776 0.979951591019
3980 1.39588726881 1.38362912848
3985 1.63106916831 1.61674575181
3990 1.8160642208 1.80011624953
3995 1.89932981757 1.88265064014
4000 1.93570249135 1.91870390322
4005 1.92928415262 1.91234192784
4010 2.00378248454 1.98618604433
4015 2.01615256756 1.99844749807
4020 2.05987640282 2.04178736758
4025 2.00104571269 1.98347330574
4030 1.96090759904 1.94368766943
4035 1.99586761426 1.97834067936
4040 2.05994107217 2.04185146903
4045 1.98361736475 1.96619800679
4050 2.01468390212 1.99699172989
4055 1.96036866131 1.94315346444
4060 1.98174722001 1.96434428494
4065 1.90585658132 1.88912008839
4070 1.89607085491 1.87942029642
4075 1.8268692188 1.81082636224
4080 1.76238817908 1.74691156998
4085 1.66651787737 1.65188316406
4090 1.4942664887 1.48114442024
4095 1.18848195774 1.17804517037
4100 0.737189058696 0.730715350447
4105 0.842193456072 0.834797639951
4110 1.24687308709 1.23592353148
4115 1.53384981591 1.52038014203
4120 1.66450220055 1.64988518813
4125 1.75367230399 1.73827223433
4130 1.75026642059 1.73489626007
4135 1.85121813023 1.83496145097
4140 1.92111807597 1.90424756251
4145 1.87387538664 1.85741974015
4150 1.90417935978 1.88745759555
4155 1.87464515476 1.85818274846
4160 1.89479965486 1.87816025957
4165 1.90247535017 1.8857685499
4170 1.86848703052 1.85207870248
4175 1.79240131097 1.77666113819
4180 1.81540288429 1.79946072062
4185 1.84898105706 1.83274402291
4190 1.86975272359 1.85333328072
4195 1.87832772552 1.86183298032
4200 1.80400610204 1.78816402049
4205 1.84565546294 1.82944763286
4210 1.86822970132 1.85182363305
4215 1.83834029663 1.82219670551
4220 1.84323067096 1.82704413446
4225 1.76292874982 1.74744739364
4230 1.81388014126 1.79795134973
4235 1.77482475907 1.75923893675
4240 1.81065813063 1.79475763354
4245 1.79450665609 1.77874799499
4250 1.75959700666 1.74414490855
4255 1.79713163785 1.78134992518
4260 1.75912329831 1.74367536013
4265 1.81896367786 1.80299024469
4270 1.73697863859 1.72172516621
4275 1.72368401136 1.70854728724
4280 1.77442520315 1.75884288958
4285 1.73744506705 1.72218749868
4290 1.66614919296 1.6515177173
4295 1.6798822025 1.66513012887
4300 1.58605380771 1.57212569863
4305 1.603078801 1.58900118504
4310 1.60280779683 1.58873256073
4315 1.51848113715 1.50514642505
4320 1.51104923553 1.4977797875
4325 1.37538619465 1.36330808681
4330 1.23942785889 1.22854368439
4335 0.972167992787 0.963630790721
4340 0.61497612158 0.60957563992
4345 0.871966876601 0.864309601855
4350 1.15369278936 1.14356150698
4355 1.36426293186 1.35228250419
4360 1.50900424589 1.49575275617
4365 1.59291732373 1.57892894192
4370 1.59325221774 1.57926089502
4375 1.59983316045 1.58578404644
4380 1.66707273869 1.6524331528
4385 1.56892308714 1.5551454134
4390 1.64554183348 1.63109132365
4395 1.6076035899 1.593486239
4400 1.6230429483 1.60879001495
4405 1.64198683493 1.62756754371
4410 1.66336070734 1.64875371907
4415 1.59759082129 1.58356139864
4420 1.63456422148 1.62021011278
4425 1.66894161634 1.65428561869
4430 1.66458960619 1.6499718262
4435 1.64440602738 1.62996549176
4440 1.65120095599 1.63670074994
4445 1.59752019745 1.58349139499
4450 1.64185423586 1.62743610908
4455 1.61016110494 1.59602129493
4460 1.6217386874 1.60749720756
4465 1.61235158004 1.59819253413
4470 1.57900812571 1.56514188908
4475 1.63922286726 1.62482784814
4480 1.52633793625 1.51293422878
4485 1.60200808779 1.58793987441
4490 1.58332085765 1.56941674828
4495 1.62270762642 1.60845763773
4500 1.61208119858 1.59792452706
4505 1.63246046901 1.61812483465
4510 1.61774820368 1.60354176672
4515 1.60141786711 1.58735483682
4520 1.57417044813 1.5603466941
4525 1.56527371984 1.55152809344
4530 1.55681046771 1.5431391623
4535 1.54603298653 1.53245632478
4540 1.59028340886 1.57631815707
4545 1.57369441947 1.55987484575
4550 1.49488808826 1.48176056116
4555 1.50137305473 1.48818857917
4560 1.54789884317 1.53430579619
4565 1.54281749652 1.52926907195
4570 1.55264381784 1.53900910233
4575 1.53746585191 1.5239644234
4580 1.52037060626 1.50701930157
4585 1.48438576081 1.47135046107
4590 1.49733627441 1.48418724829
4595 1.52693331757 1.5135243817
4600 1.53929284242 1.52577537
4605 1.54060281313 1.52707383706
4610 1.53999476542 1.52647112899
4615 1.51557203509 1.50226286959
4620 1.48813299963 1.47506479309
4625 1.52025994679 1.50690961387
4630 1.48843266485 1.47536182677
4635 1.47972550832 1.46673113311
4640 1.50460973121 1.49139683241
4645 1.49977425158 1.48660381608
4650 1.49341464434 1.48030005645
4655 1.48242357444 1.46940550586
4660 1.48957114206 1.47649030632
4665 1.45806960102 1.44526539958
4670 1.44778951712 1.43507559139
4675 1.48389077621 1.47085982323
4680 1.47356663446 1.46062634409
4685 1.482081267 1.46906620443
4690 1.4714821846 1.45856019906
4695 1.46594355924 1.45307021176
4700 1.44567973929 1.43298434081
4705 1.43223098488 1.41965368814
4710 1.44282448613 1.43015416138
4715 1.44051961126 1.42786952702
4720 1.44838157612 1.43566245116
4725 1.44766950511 1.43495663328
4730 1.41637316594 1.40393512642
4735 1.41965201552 1.40718518241
4740 1.42463197078 1.41212140564
4745 1.42526210473 1.41274600599
4750 1.41756989428 1.40512134555
4755 1.39960549913 1.38731470675
4760 1.38875633434 1.37656081512
4765 1.36508237098 1.35309474732
4770 1.37294890549 1.36089220097
4775 1.37641949245 1.36433231058
4780 1.36671739608 1.35471541426
4785 1.37448600205 1.36241579935
4790 1.36927353527 1.35724910643
4795 1.36974454404 1.35771597898
4800 1.35145041634 1.33958250321
4805 1.33317736105 1.3214699148
4810 1.3333021629 1.32159362069
4815 1.33478118861 1.32305965817
4820 1.32121053182 1.30960817362
4825 1.28235091366 1.27108980555
4830 1.28406743927 1.2727912573
4835 1.24608884209 1.23514617342
4840 1.19739449304 1.18687943925
4845 1.12387645006 1.11400700319
4850 1.00190508265 0.993106740999
4855 0.832662172198 0.825350056114
4860 0.576230167869 0.57116993814
4865 0.684241245712 0.67823250461
4870 0.909765219344 0.90177601422
4875 1.03342025193 1.02434515629
4880 1.14192017627 1.1318922764
4885 1.19071164032 1.18025527275
4890 1.21211252935 1.20146822747
4895 1.26222587424 1.25114149641
4900 1.27816132414 1.26693700737
4905 1.28964386919 1.27831871717
4910 1.28964856977 1.27832337647
4915 1.30333249499 1.29188713477
4920 1.25900958658 1.24795345294
4925 1.27218666021 1.26101481062
4930 1.31463309686 1.30308849915
4935 1.29105179387 1.279714278
4940 1.31004925994 1.2985449157
4945 1.32588495946 1.31424155225
4950 1.32019300428 1.30859958161
4955 1.29713821766 1.28574725318
4960 1.29987475142 1.28845975576
4965 1.31616143637 1.30460341737
4970 1.30939791255 1.29789928819
4975 1.31835023826 1.30677299805
4980 1.29214815263 1.28080100897
4985 1.27186756344 1.26069851605
4990 1.29387112389 1.28250884976
4995 1.29454167685 1.28317351419
5000 1.27596920265 1.26476413625
5005 1.25518311898 1.2441605879
5010 1.26960414566 1.25845497472
5015 1.24454831483 1.23361917447
5020 1.21746013547 1.20676887299
5025 1.25217210688 1.24117601734
5030 1.26448113298 1.25337695035
5035 1.26268534193 1.25159692924
5040 1.23036895757 1.21956433483
5045 1.2619116782 1.25083005952
5050 1.24942501776 1.23845305209
5055 1.24243398643 1.23152341329
5060 1.26781187663 1.2566784447
5065 1.25489403677 1.24387404429
5070 1.24493054995 1.23399805296
5075 1.23785283289 1.22698248966
5080 1.23303331283 1.22220529275
5085 1.24217694144 1.23126862557
5090 1.24477754113 1.2338463878
5095 1.24217042252 1.23126216389
5100 1.223109571 1.21236869738
5105 1.23963803055 1.2287520104
5110 1.23352609935 1.22269375181
5115 1.24049078289 1.2295972742
5120 1.23195171969 1.22113319774
5125 1.21351023119 1.20285365523
5130 1.20270971922 1.19214798917
5135 1.20058678632 1.19004369904
5140 1.19077981774 1.18032285146
5145 1.19843245988 1.18790829107
5150 1.19533463463 1.18483766971
5155 1.1876638545 1.1772342514
5160 1.19934162685 1.18880947409
5165 1.15799827045 1.147829179
5170 1.10033885602 1.09067610717
5175 1.16722707583 1.15697694058
5180 1.18412712192 1.17372857703
5185 1.13162752811 1.12169001428
5190 1.14462764702 1.1345759712
5195 1.14288481467 1.13284844372
5200 1.15779131966 1.14762404557
5205 1.14623715832 1.13617134839
5210 1.1502496077 1.14014856199
5215 1.158441214 1.14826823278
5220 1.16660926827 1.15636455838
5225 1.12773241722 1.11782910875
5230 1.12133901843 1.1114918543
5235 1.11049880717 1.10074683757
5240 1.14134070103 1.13131788989
5245 1.14937249237 1.13927914915
5250 1.14599023607 1.13592659452
5255 1.1382011009 1.12820586051
5260 1.12544750667 1.11556426339
5265 1.08087306405 1.07138125623
5270 1.07612286649 1.06667277306
5275 1.08545911706 1.0759270363
5280 1.10671394371 1.09699521131
5285 1.10831123142 1.09857847226
5290 1.13491342809 1.12494705877
5295 1.12809931115 1.11819278075
5300 1.11678902462 1.10698181677
5305 1.09969606882 1.09003896468
5310 1.11465860682 1.10487010747
5315 1.0838404713 1.07432260486
5320 1.10146864011 1.09179596994
5325 1.08145613477 1.07195920665
5330 1.07477110482 1.06533288204
5335 1.09090664977 1.0813267309
5340 1.07967905643 1.07019773393
5345 1.09795181762 1.08831003082
5350 1.10024406463 1.0905821482
5355 1.10870002058 1.09896384723
5360 1.09376664527 1.08416161103
5365 1.06970724636 1.06031349242
5370 1.06462895427 1.05527979592
5375 1.08880853958 1.07924704549
5380 1.07537634242 1.06593280467
5385 1.07807208634 1.06860487562
5390 1.08082136186 1.07133000807
5395 1.06707644832 1.05770579703
5400 1.05714357938 1.04786015469
5405 1.04242103594 1.03326689891
5410 1.04753946019 1.03834037514
5415 1.05009364042 1.04087212556
5420 1.05510924266 1.04584368272
5425 1.04083415177 1.03169395014
5430 1.04092282912 1.03178184877
5435 1.04306946534 1.03390963405
5440 1.06241339786 1.05308369566
5445 1.04148868165 1.03234273219
5450 1.04897780138 1.03976608538
5455 1.04139330598 1.03224819407
5460 1.04778524703 1.03858400358
5465 1.03368651476 1.0246090809
5470 1.04238169869 1.0332279071
5475 1.02519019053 1.01618736809
5480 1.02801401234 1.0189863922
5485 1.03648562893 1.02738361434
5490 1.03176460385 1.02270404747
5495 1.03316438428 1.02409153557
5500 1.02680160065 1.01778462744
5505 1.01943808785 1.01048577815
5510 1.02064003564 1.0116771709
5515 1.02945451603 1.02041424595
5520 1.02777478484 1.0187492655
5525 1.00528493527 0.996456913067
5530 0.995102051972 0.986363451898
5535 1.00408316226 0.995265693562
5540 1.01426484258 1.00535796232
5545 1.00415992957 0.995341786735
5550 1.00885941187 1.0
5555 1.00683687782 0.997995227061
5560 1.00529600629 0.996467886868
5565 0.997247873157 0.988490429314
5570 0.990383693047 0.98168652777
5575 0.991945813679 0.983234930465
5580 0.995381841608 0.98664078453
5585 0.980017313527 0.971411181772
5590 0.970518929046 0.961996208419
5595 0.975100821627 0.966537864596
5600 0.971789449261 0.963255571417
5605 0.978317281796 0.96972607906
5610 0.985176773276 0.976525333148
5615 0.966587942275 0.958099742047
5620 0.971848623284 0.963314225797
5625 0.968001338722 0.959500726595
5630 0.971296811456 0.962767259767
5635 0.965886346786 0.957404307697
5640 0.959843736923 0.95141476169
5645 0.958823341543 0.950403327026
5650 0.95764697182 0.949237287725
5655 0.944310228531 0.936017662541
5660 0.933957539463 0.925755886771
5665 0.942466602892 0.934190226906
5670 0.943365300314 0.935081032316
5675 0.944976321321 0.936677905963
5680 0.940562878222 0.932303220008
5685 0.930696816147 0.922523797862
5690 0.931352718221 0.923173940058
5695 0.936151255325 0.927930338271
5700 0.932494187596 0.924305385492
5705 0.923326890061 0.915218591606
5710 0.916214160985 0.908168323757
5715 0.92383999374 0.915727189409
5720 0.923514074572 0.915404132336
5725 0.923049441235 0.914943579228
5730 0.919568319851 0.911493027701
5735 0.918660094163 0.910592777699
5740 0.916743977769 0.908693487896
5745 0.912995108467 0.90497753971
5750 0.907623800955 0.899653400935
5755 0.905178364482 0.897229439337
5760 0.905105576342 0.897157290394
5765 0.904065025563 0.896125877328
5770 0.904434406683 0.896492014687
5775 0.899162497857 0.891266401718
5780 0.892740132482 0.884900435064
5785 0.892379344022 0.884542814908
5790 0.892247157377 0.884411789074
5795 0.893929036418 0.886078898507
5800 0.893926981474 0.886076861609
5805 0.892213123563 0.884378054132
5810 0.8943645222 0.886510560021
5815 0.892852566911 0.885011882137
5820 0.891301090035 0.883474029729
5825 0.890233093498 0.882415411923
5830 0.890321519306 0.88250306121
5835 0.888033684274 0.880235317057
5840 0.887183408718 0.879392508292
5845 0.885132660219 0.87735976867
5850 0.878591469997 0.870876020642
5855 0.870518310795 0.862873756792
5860 0.867819260328 0.860198408338
5865 0.872288095438 0.864627999872
5870 0.872812673792 0.865147971583
5875 0.869724216621 0.862086636044
5880 0.8635875685 0.856003877586
5885 0.852392196482 0.844906818981
5890 0.806193876412 0.79911419463
5895 0.809588017453 0.802478529642
5900 0.839006933076 0.831639099764
5905 0.852612885296 0.845125569792
5910 0.847977883659 0.84053127094
5915 0.844455493184 0.837039812732
5920 0.841856158492 0.834463304387
5925 0.83951404462 0.832141758051
5930 0.837243532624 0.829891184811
5935 0.839603467046 0.832230395204
5940 0.836450009149 0.82910462975
5945 0.829955177658 0.82266683335
5950 0.825647559543 0.818397043065
5955 0.824200356606 0.816962548903
5960 0.822057198464 0.814838211144
5965 0.824022872976 0.816786623865
5970 0.819193968848 0.812000125299
5975 0.815978617972 0.808813010387
5980 0.811602313172 0.804475136597
5985 0.80873002592 0.801628072658
5990 0.804992015811 0.797922888303
5995 0.805198708256 0.798127765655
6000 0.800474247842 0.793444793619
6005 0.799807517689 0.792783918431
6010 0.794730731731 0.787751714837
6015 0.791044541008 0.784097894811
6020 0.789472756921 0.782539913522
6025 0.788646345411 0.781720759237
6030 0.792913814671 0.785950753238
6035 0.792745004643 0.785783425635
6040 0.789338993394 0.782407324654
6045 0.785297050358 0.778400876394
6050 0.787367401067 0.780453046086
6055 0.78606528356 0.77916236327
6060 0.786960344565 0.780049564196
6065 0.785698537492 0.778798837823
6070 0.781017274482 0.774158683849
6075 0.777274422337 0.770448699979
6080 0.776198740166 0.769382464031
6085 0.771654795286 0.764878422312
6090 0.770323321012 0.763558640529
6095 0.769243299665 0.76248810351
6100 0.765378417745 0.758657161483
6105 0.762623857904 0.755926791118
6110 0.767780133067 0.761037785873
6115 0.763621945809 0.756916114202
6120 0.758238858578 0.751580299154
6125 0.755640991713 0.749005245748
6130 0.758267681672 0.751608869135
6135 0.753769699157 0.747150386157
6140 0.743972942452 0.737439660768
6145 0.746259879754 0.739706515074
6150 0.742369068904 0.735849871815
6155 0.741537986468 0.735026087622
6160 0.73311359498 0.726675675872
6165 0.740196599897 0.733696480588
6170 0.746018632948 0.739467386804
6175 0.746569284114 0.740013202365
6180 0.749284868667 0.742704939708
6185 0.749996802645 0.743410621758
6190 0.748264068722 0.741693104033
6195 0.74767044564 0.741104693918
6200 0.744554014724 0.738015630288
6205 0.744175250237 0.737640191964
6210 0.743713955052 0.737182947695
6215 0.741536630635 0.735024743696
6220 0.740132162178 0.733632608736
6225 0.737296796217 0.730822141858
6230 0.729908678361 0.723498903586
6235 0.728049568593 0.721656119799
6240 0.722429900096 0.71608580105
6245 0.719427657252 0.713109922737
6250 0.715383969607 0.709101745189
6255 0.721718963001 0.715381107129
6260 0.723017228893 0.716667972154
6265 0.722382313278 0.716038632121
6270 0.720574294702 0.714246490863
6275 0.70589338911 0.699694507286
6280 0.68179041554 0.675803196678
6285 0.706567836519 0.70036303196
6290 0.702482274311 0.696313347574
6295 0.700572524781 0.694420368723
6300 0.697436199459 0.691311585393
6305 0.695882983385 0.689772009061
6310 0.702347058715 0.696179319389
6315 0.697835628872 0.691707507172
6320 0.69679231275 0.690673353048
6325 0.70083920715 0.694684709191
6330 0.700980387065 0.694824649319
6335 0.693423760593 0.687334382208
6340 0.69263624488 0.686553782153
6345 0.679924829356 0.673953993348
6350 0.684550453558 0.678538997113
6355 0.694929872781 0.688827268304
6360 0.693613386137 0.687522342535
6365 0.688464738586 0.682418908408
6370 0.679057819791 0.673094597524
6375 0.685775520037 0.679753305533
6380 0.68979863824 0.683741094273
6385 0.687392346474 0.681355933628
6390 0.688085218938 0.682042721555
6395 0.685404081237 0.679385128564
6400 0.682236385177 0.676245249982
6405 0.681166928225 0.675185184586
6410 0.676865768141 0.670921795621
6415 0.670566936662 0.664678278036
6420 0.67110248645 0.665209124833
6425 0.677233306625 0.671286106525
6430 0.671753280933 0.665854204292
6435 0.667307582513 0.66144754627
6440 0.666064410331 0.660215291144
6445 0.66765628461 0.661793186201
6450 0.665830982733 0.659983913416
6455 0.648217962313 0.642525563707
6460 0.65079936548 0.645084297993
6465 0.659000596038 0.653213508527
6470 0.656358172233 0.650594289463
6475 0.653193690858 0.647457597335
6480 0.652736732148 0.647004651459
6485 0.649691757632 0.643986416727
6490 0.644839883949 0.639177150316
6495 0.6326175933 0.627062191081
6500 0.644544315356 0.638884177292
6505 0.647274294005 0.641590182328
6510 0.644578639094 0.638918199613
6515 0.629409445613 0.623882216102
6520 0.632621549432 0.627066112471
6525 0.628437887367 0.622919189704
6530 0.620310985678 0.614863655312
6535 0.608198371329 0.602857409242
6540 0.599632651172 0.594366909915
6545 0.57476319536 0.569715848013
6550 0.542943447487 0.538175528819
6555 0.488722722435 0.484430949134
6560 0.397856961826 0.394363136374
6565 0.384613461064 0.381235934897
6570 0.476734134624 0.472547640449
6575 0.531799820859 0.527129761196
6580 0.563962984421 0.559010480336
6585 0.580220774586 0.575125500897
6590 0.591755504695 0.586558937482
6595 0.601580061597 0.596297218938
6600 0.609773753485 0.604418957003
6605 0.610672864821 0.605310172692
6610 0.613866892874 0.60847615203
6615 0.618626881854 0.613194340634
6620 0.616189841206 0.610778701131
6625 0.619816142841 0.614373157993
6630 0.616939668731 0.611521943962
6635 0.61786908162 0.612443195108
6640 0.619019775881 0.613583784418
6645 0.61747712305 0.612054678565
6650 0.618605707952 0.613173352673
6655 0.616162664596 0.610751763175
6660 0.615611551789 0.610205490027
6665 0.615771951654 0.610364481323
6670 0.616034227391 0.610624453856
6675 0.612652605712 0.607272528267
6680 0.610658217801 0.605295654297
6685 0.612383401353 0.607005687955
6690 0.613080363467 0.607696529619
6695 0.610032480771 0.604675412247
6700 0.611415430533 0.60604621748
6705 0.608760315664 0.603414418799
6710 0.607481704908 0.602147036307
6715 0.603923723839 0.598620300047
6720 0.602907837703 0.597613335029
6725 0.60530596445 0.599990402357
6730 0.600295926049 0.595024360169
6735 0.602011172423 0.596724543915
6740 0.600600402507 0.595326162833
6745 0.596722920949 0.591482731814
6750 0.595421550094 0.590192789093
6755 0.593571099307 0.588358588247
6760 0.59393306101 0.588717371342
6765 0.593684709906 0.588471201162
6770 0.594428052839 0.589208016345
6775 0.593049494486 0.587841563957
6780 0.594169030182 0.588951268325
6785 0.591930871904 0.586732764684
6790 0.59312968806 0.587921053302
6795 0.594670270815 0.589448107256
6800 0.59496995719 0.589745161902
6805 0.592529935118 0.587326567158
6810 0.592659457865 0.587454952486
6815 0.59129328201 0.586100773857
6820 0.590968243798 0.585778590005
6825 0.588702039494 0.583532286627
6830 0.585706413538 0.580562967096
6835 0.588846811386 0.583675787189
6840 0.583612737736 0.578487677143
6845 0.587067688027 0.5819122874
6850 0.586085073154 0.58093830147
6855 0.582146464903 0.577034280549
6860 0.579006027463 0.573921421211
6865 0.578219392389 0.573141694061
6870 0.5613730797 0.556443319153
6875 0.564278862673 0.559323584668
6880 0.568512217863 0.563519764175
6885 0.570645116686 0.565633932708
6890 0.566694654991 0.561718162435
6895 0.564779750418 0.559820073811
6900 0.566525704913 0.561550696011
6905 0.5643115211 0.559355956301
6910 0.56603233905 0.561061662696
6915 0.567348368915 0.562366135697
6920 0.564741189477 0.559781851497
6925 0.560071430265 0.555153100299
6930 0.562428611484 0.557489581666
6935 0.566925887747 0.561947364595
6940 0.558104541465 0.553203483953
6945 0.560000630325 0.555082922096
6950 0.558542260103 0.553637358716
6955 0.556775526273 0.551886139656
6960 0.559025877394 0.554116729067
6965 0.549012386112 0.54419117238
6970 0.547949354429 0.543137475828
6975 0.549876888317 0.545048082862
6980 0.542281918011 0.537519808638
6985 0.550930700992 0.546092641363
6990 0.552521345894 0.547669317838
6995 0.551612543015 0.546768495714
7000 0.545982595115 0.541187987832
7005 0.543622145482 0.538848266751
7010 0.547571010632 0.5427624545
7015 0.545256270902 0.540468041916
7020 0.546340817852 0.541543064795
7025 0.545204199087 0.540416427375
7030 0.540939794266 0.536189470903
7035 0.542282911054 0.53752079296
7040 0.540932564166 0.536182304295
7045 0.534898129095 0.530200861291
7050 0.542781880566 0.538015380716
7055 0.538797270011 0.534065761464
7060 0.534082400665 0.529392296271
7065 0.535681748335 0.530977599091
7070 0.538168530449 0.533442543249
7075 0.531736644629 0.527067139755
7080 0.52865759205 0.524015126221
7085 0.526799548595 0.522173399382
7090 0.527972851034 0.523336398334
7095 0.528651111194 0.524008702277
7100 0.527912263654 0.52327634301
7105 0.513129162084 0.5086230609
7110 0.518516727535 0.513963314842
7115 0.508607522947 0.504141129044
7120 0.512312066077 0.507813140314
7125 0.520184439805 0.515616381911
7130 0.52201587603 0.517431735173
7135 0.525452252168 0.520837934389
7140 0.519133276191 0.514574449208
7145 0.512332393577 0.507833289305
7150 0.512465788135 0.507965512444
7155 0.510362693053 0.505880885928
7160 0.510991023318 0.506503698439
7165 0.516801424237 0.512263074672
7170 0.511383038302 0.506892270901
7175 0.51329913321 0.508791539406
7180 0.512642163701 0.508140339149
7185 0.506782130279 0.502331766266
7190 0.508025128027 0.50356384849
7195 0.510908569552 0.50642196875
7200 0.503145918654 0.498727486441
7205 0.505292057134 0.500854778365
7210 0.506111159346 0.501666687539
7215 0.505414274033 0.500975922003
7220 0.507288319573 0.502833510402
7225 0.499818847494 0.495429632329
7230 0.498795690549 0.494415460351
7235 0.504861486891 0.500427989224
7240 0.502030723541 0.497622084538
7245 0.498781193202 0.494401090314
7250 0.499356909814 0.494971751205
7255 0.499175525587 0.494791959825
7260 0.498852842643 0.494472110557
7265 0.493949576323 0.489611902819
7270 0.493064526465 0.488734625125
7275 0.493488018849 0.489154398564
7280 0.488195506355 0.483908362861
7285 0.490473765485 0.486166615204
7290 0.488317135992 0.484028924394
7295 0.484520571942 0.480265700295
7300 0.489287182094 0.484990451928
7305 0.486544976062 0.482272326884
7310 0.483591481211 0.479344768479
7315 0.482893986723 0.478653399117
7320 0.481807589249 0.477576541964
7325 0.483102233553 0.478859817204
7330 0.482908625759 0.478667909598
7335 0.481160981398 0.476935612373
7340 0.478877389799 0.474672074389
7345 0.475160894387 0.470988215797
7350 0.480763651546 0.476541771717
7355 0.478734655123 0.474530593154
7360 0.480145705793 0.475929252524
7365 0.476203368703 0.472021535509
7370 0.479410063229 0.475200070088
7375 0.474123297415 0.469959730599
7380 0.477547188146 0.473353554051
7385 0.473243173766 0.469087335854
7390 0.470186001107 0.466057010099
7395 0.475629534858 0.47145274085
7400 0.475034837998 0.470863266387
