Wave Flux FluxNorm
3600 0.144020337895 0.13653992579
3605 0.100152841187 0.0949509055682
3610 0.0854449052872 0.0810068994253
3615 0.119472999579 0.113267575503
3620 0.0881808299196 0.083600720213
3625 0.148484269811 0.140772001214
3630 0.120307034364 0.114058290546
3635 0.111127042722 0.105355107399
3640 0.155301968986 0.147235589295
3645 0.118193815233 0.112054831954
3650 0.115529635508 0.109529029646
3655 0.166501775337 0.157853678034
3660 0.185485016116 0.175850929846
3665 0.163652623355 0.155152510922
3670 0.154698134743 0.146663118184
3675 0.171115986618 0.162228227318
3680 0.132121853405 0.125259448234
3685 0.136384096922 0.129300310949
3690 0.154660646686 0.146627577256
3695 0.15856802346 0.150332004996
3700 0.189582410572 0.179735505756
3705 0.119474069034 0.11326858941
3710 0.133819253193 0.126868685127
3715 0.189718080688 0.17986412917
3720 0.0817985660675 0.0775499509573
3725 0.133372580784 0.12644521287
3730 0.126677461505 0.120097837889
3735 0.0564128841889 0.0534828006471
3740 0.119675149425 0.113459225692
3745 0.0793937415442 0.0752700329488
3750 0.080874806651 0.0766741715776
3755 0.153544415652 0.145569323229
3760 0.102638212421 0.097307186693
3765 0.111943749637 0.106129394581
3770 0.149515720334 0.141749878227
3775 0.164372066949 0.155834586637
3780 0.173004858298 0.164018991058
3785 0.156794370578 0.148650475592
3790 0.111222694586 0.105445791107
3795 0.107681768506 0.102088780624
3800 0.11204461273 0.106225018848
3805 0.145289807705 0.137743459375
3810 0.136617357053 0.129521455555
3815 0.0914942913789 0.0867420805817
3820 0.0695099277634 0.0658995841644
3825 0.0600794900601 0.0569589631174
3830 0.0714188178028 0.0677093265114
3835 0.0721372661717 0.0683904586932
3840 0.0664000618522 0.0629512445969
3845 0.101917294803 0.0966237135153
3850 0.0834321089322 0.0790986476537
3855 0.0795448294395 0.0754132733433
3860 0.0630405892297 0.0597662628834
3865 0.0941512686803 0.0892610545604
3870 0.0716514911683 0.0679299148292
3875 0.106530910778 0.100997698413
3880 0.0847122459176 0.0803122943618
3885 0.109425461015 0.103741905796
3890 0.142716952916 0.135304238589
3895 0.163163281125 0.154688585113
3900 0.154819213491 0.146777908106
3905 0.143590782096 0.136132681107
3910 0.180860063626 0.171466197252
3915 0.183602519769 0.174066210305
3920 0.136622729505 0.129526548962
3925 0.127318686709 0.120705757874
3930 0.0593164490075 0.0562355543946
3935 0.0397330703991 0.0376693358938
3940 0.10606304182 0.100554130554
3945 0.133447108707 0.126515869815
3950 0.184038801941 0.174479831993
3955 0.193584931192 0.183530135572
3960 0.160197990803 0.151877311883
3965 0.0811437047507 0.0769291031179
3970 0.0542368244618 0.0514197653981
3975 0.146031096487 0.13844624564
3980 0.224169238771 0.212525895118
3985 0.2354498224 0.223220565565
3990 0.256620916198 0.243292033375
3995 0.255741965598 0.242458735443
4000 0.279070706139 0.264575781889
4005 0.254945913686 0.241704030445
4010 0.29239898795 0.277211793135
4015 0.304204026335 0.288403678175
4020 0.304131393199 0.288334817601
4025 0.301755237727 0.286082079575
4030 0.283623364549 0.268891975355
4035 0.265379340579 0.251595545452
4040 0.32147128702 0.304774077848
4045 0.227348601127 0.215540121486
4050 0.311286369351 0.295118164503
4055 0.282799049348 0.268110475061
4060 0.284440532196 0.269666699338
4065 0.248453854619 0.235549168734
4070 0.298108753458 0.282624993591
4075 0.286081827669 0.271222745973
4080 0.313844007261 0.297542958776
4085 0.325405526692 0.308503973228
4090 0.371899956642 0.352583483857
4095 0.328347033879 0.311292698619
4100 0.286744301677 0.271850811101
4105 0.320913371298 0.304245140253
4110 0.322911748029 0.306139721356
4115 0.346039759073 0.328066464187
4120 0.32129644262 0.304608314861
4125 0.334908202514 0.317513080348
4130 0.30181103984 0.286134983328
4135 0.304100327469 0.288305365425
4140 0.333373559117 0.316058146284
4145 0.276221581434 0.261874640637
4150 0.301288111172 0.28563921556
4155 0.294553417064 0.279254321265
4160 0.341597254948 0.323854703596
4165 0.33303297358 0.31573525075
4170 0.324454237844 0.307602094295
4175 0.294062361626 0.278788771232
4180 0.307259911943 0.291300841174
4185 0.344774079131 0.326866523624
4190 0.337925121847 0.320373300979
4195 0.320341685826 0.303703148107
4200 0.303449119307 0.287687980996
4205 0.354872618077 0.336440544755
4210 0.37499720706 0.355519863179
4215 0.32719773005 0.310203089596
4220 0.439415538348 0.416592308239
4225 0.282992947537 0.268294302184
4230 0.391545739464 0.371208865298
4235 0.375695383794 0.356181776634
4240 0.39689583866 0.3762810805
4245 0.444237462554 0.421163781844
4250 0.358257876165 0.339649972638
4255 0.379786059223 0.360059982503
4260 0.358317170129 0.339706186875
4265 0.459624839876 0.435751939242
4270 0.346332823705 0.328344307051
4275 0.349411687507 0.331263254758
4280 0.408770803441 0.38753925996
4285 0.394657542859 0.374159041717
4290 0.351136313942 0.332898304147
4295 0.380732361986 0.360957134328
4300 0.268910784511 0.25494356629
4305 0.268827794833 0.254864887094
4310 0.248825305992 0.235901326934
4315 0.464710810736 0.440573744925
4320 0.542216920466 0.514054189601
4325 0.343613246671 0.325765984768
4330 0.519449491458 0.492469300184
4335 0.543331848903 0.515111208688
4340 0.410272820019 0.388963261841
4345 0.529949684033 0.502424113066
4350 0.516593664908 0.489761805181
4355 0.48881730297 0.463428146663
4360 0.523188118402 0.496013742955
4365 0.568493440919 0.538965908356
4370 0.517117908867 0.490258819925
4375 0.45948497163 0.435619335748
4380 0.502924323702 0.476802449154
4385 0.373362772055 0.353970320681
4390 0.471071804364 0.446604348732
4395 0.51452688691 0.487802375571
4400 0.520636342038 0.49359450578
4405 0.438230957777 0.415469254748
4410 0.556304456389 0.527410019323
4415 0.523137519898 0.495965772535
4420 0.596466606676 0.565486148708
4425 0.564982661766 0.535637478968
4430 0.569728432416 0.540136754431
4435 0.537963961732 0.510022129418
4440 0.604347564269 0.572957769596
4445 0.611379739519 0.579624693871
4450 0.630785046436 0.598022089718
4455 0.545156871016 0.516841439206
4460 0.52015454423 0.493137732536
4465 0.596860072002 0.565859177457
4470 0.601257807161 0.570028494381
4475 0.680066416722 0.644743787085
4480 0.625082703646 0.592615926445
4485 0.685719976624 0.650103701252
4490 0.626817510845 0.594260627809
4495 0.610124977078 0.578435103754
4500 0.677389481657 0.642205891948
4505 0.738317199358 0.699969025787
4510 0.722282695328 0.684767353424
4515 0.670386524909 0.635566668567
4520 0.696690849194 0.660504747024
4525 0.632568469718 0.599712882048
4530 0.577416163234 0.547425184737
4535 0.610427608684 0.578722016684
4540 0.671200824477 0.636338673439
4545 0.656158444488 0.622077594224
4550 0.645126759061 0.611618894212
4555 0.654778858108 0.620769663519
4560 0.723706220006 0.686116940273
4565 0.659501729943 0.625247229531
4570 0.698869672519 0.66257040233
4575 0.719541116156 0.682168171794
4580 0.64774683143 0.6141028801
4585 0.663380860095 0.628924877776
4590 0.715355958218 0.678200390836
4595 0.659804450489 0.625534226781
4600 0.675184268258 0.640115217268
4605 0.694967857658 0.658871247618
4610 0.757907165775 0.718541489926
4615 0.74238245248 0.703823129782
4620 0.745450162498 0.706731503032
4625 0.756379553095 0.717093221404
4630 0.760478775386 0.72097953021
4635 0.728073119787 0.690257023408
4640 0.715926543171 0.678741339623
4645 0.696258166431 0.660094537791
4650 0.712743592983 0.675723711774
4655 0.715836795203 0.678656253162
4660 0.792077226199 0.750936758419
4665 0.690278743966 0.654425686352
4670 0.708625159827 0.671819189915
4675 0.758969269973 0.719548428464
4680 0.724971759117 0.68731674732
4685 0.758699957366 0.719293103945
4690 0.743742739533 0.705112763566
4695 0.77730752293 0.736934193102
4700 0.720329133369 0.682915259416
4705 0.737904763583 0.699578011915
4710 0.742277658863 0.703723779142
4715 0.763768490949 0.724098378044
4720 0.837969087706 0.794444997992
4725 0.817269743912 0.774820777505
4730 0.730963370445 0.692997154531
4735 0.780069020845 0.739552258897
4740 0.798260681387 0.756799045127
4745 0.821100351662 0.778452423601
4750 0.826035540073 0.783131278472
4755 0.782281037457 0.741649383432
4760 0.798338201173 0.756872538538
4765 0.735410761277 0.697213548014
4770 0.813738087833 0.771472555539
4775 0.850409641138 0.806239389446
4780 0.843290544411 0.799490058392
4785 0.802667632483 0.760977099313
4790 0.800395403666 0.758822889994
4795 0.870710382838 0.82548571122
4800 0.820410722503 0.77779861376
4805 0.842581743257 0.79881807235
4810 0.834348382501 0.791012352109
4815 0.860544363609 0.81584771473
4820 0.879264513531 0.833595540617
4825 0.833777819534 0.790471424166
4830 0.833028715875 0.789761228929
4835 0.851086532535 0.806881123124
4840 0.814283703543 0.771989831985
4845 0.848494248096 0.804423481862
4850 0.847068641276 0.803071921019
4855 0.803124746069 0.761410470432
4860 0.695677951861 0.659544459548
4865 0.776347774426 0.736024293908
4870 0.766337951623 0.726534381006
4875 0.793092662637 0.751899453118
4880 0.849574887448 0.805447992838
4885 0.795194248287 0.753891882472
4890 0.756511003454 0.717217844235
4895 0.906861297606 0.859758948541
4900 0.877376723734 0.831805802566
4905 0.877012409793 0.831460411081
4910 0.816777290177 0.774353901802
4915 0.878544599493 0.832913018893
4920 0.718422561655 0.681107714981
4925 0.822913491119 0.780171388649
4930 0.899182848726 0.852479318069
4935 0.832316208063 0.789085728752
4940 0.818534645878 0.7760199805
4945 0.899119414853 0.85241917895
4950 0.921812334962 0.873933429457
4955 0.862483120911 0.817685773035
4960 0.877621936278 0.832038278778
4965 0.873214818517 0.827860066584
4970 0.862351919827 0.817561386532
4975 0.905464692289 0.858434882863
4980 0.82672809073 0.783787858068
4985 0.794639544415 0.753365989902
4990 0.862485545722 0.817688071901
4995 0.870034890342 0.824845303785
5000 0.825964781764 0.783064195347
5005 0.786386837636 0.745541928471
5010 0.832218806288 0.788993386022
5015 0.767269018482 0.727417088279
5020 0.80318546614 0.761468036705
5025 0.823561475704 0.780785716933
5030 0.859300398925 0.814668361535
5035 0.861943138996 0.817173837765
5040 0.737664091131 0.699349839983
5045 0.881879649664 0.836074846657
5050 0.813292033424 0.771049669182
5055 0.888605608585 0.842451459469
5060 0.910228018395 0.862950801951
5065 0.83382850617 0.790519478139
5070 0.846918245459 0.802929336755
5075 0.851149022855 0.806940367698
5080 0.76526428972 0.72551648507
5085 0.833820345559 0.79051174139
5090 0.876256291402 0.830743565457
5095 0.875313880134 0.829850103003
5100 0.811231651602 0.769096303532
5105 0.836705783182 0.793247309468
5110 0.810649114782 0.768544023657
5115 0.878143197662 0.832532465862
5120 0.868522955757 0.823411899037
5125 0.774855176838 0.734609221794
5130 0.80160010646 0.75996502056
5135 0.848623523712 0.804546042907
5140 0.790833301674 0.749757443298
5145 0.795881970896 0.754543884788
5150 0.797973378243 0.756526664499
5155 0.823057827536 0.780308228236
5160 0.868354400352 0.823252098395
5165 0.710049517106 0.673169566119
5170 0.648544548777 0.614859164032
5175 0.749008861252 0.710105363078
5180 0.805274204811 0.763448286351
5185 0.678787337001 0.643531142727
5190 0.848694123309 0.804612975562
5195 0.815486134808 0.773129809005
5200 0.89041742147 0.844169166846
5205 0.792170142073 0.751024848245
5210 0.801714152351 0.76007314291
5215 0.872917463843 0.827578156503
5220 0.910382374273 0.863097140589
5225 0.792806277695 0.751627943002
5230 0.870261968326 0.825060587344
5235 0.873108482283 0.827759253451
5240 0.945688788247 0.896569740463
5245 0.931621543064 0.88323314758
5250 0.863009102386 0.818184435048
5255 0.887631396506 0.841527847937
5260 0.928963784532 0.880713432947
5265 0.746176312418 0.707419936747
5270 0.730396110272 0.692459357835
5275 0.873498372218 0.828128892514
5280 0.925492090059 0.877422058183
5285 0.921826821922 0.873947163965
5290 0.998133366975 0.946290349318
5295 0.929138024447 0.880878622847
5300 0.888190691078 0.842058092766
5305 0.988085903382 0.936764750687
5310 1.01255069021 0.959958837207
5315 0.977898778046 0.927106744341
5320 0.96511060004 0.914982783923
5325 0.8824514103 0.836616910062
5330 0.847302679821 0.803293803608
5335 0.977891254553 0.927099611618
5340 0.914039303188 0.866564128724
5345 0.95733372837 0.907609842738
5350 0.949831241727 0.900497035031
5355 1.01943671997 0.966487206785
5360 1.02306828624 0.969930149606
5365 0.961028477541 0.911112686747
5370 0.88199485006 0.836184063548
5375 0.996961576177 0.945179421299
5380 0.991371486382 0.939879680603
5385 0.989462453722 0.938069803043
5390 0.950950478044 0.901558138246
5395 0.90356179369 0.856630820761
5400 0.932801973293 0.884352266297
5405 0.853513280967 0.809181826314
5410 0.911219484344 0.863890771188
5415 0.987969066947 0.936653982733
5420 0.977578012 0.926802638874
5425 0.967153726452 0.91691979041
5430 0.916580011401 0.868972872628
5435 0.909507513237 0.86226771981
5440 1.03516316439 0.981396820143
5445 0.958069328588 0.908307235903
5450 1.01308041189 0.960461045158
5455 0.947397062186 0.898189286703
5460 1.0127459129 0.960143920041
5465 0.986592614103 0.935349022809
5470 0.986969499387 0.935706332683
5475 0.93206311027 0.883651779798
5480 0.933552759015 0.885064056231
5485 0.998264810888 0.946414966037
5490 0.98575375248 0.934553731635
5495 0.992935628578 0.9413625813
5500 1.00633854739 0.954069352899
5505 0.973762930583 0.923185712673
5510 0.983382715142 0.932305845906
5515 0.968309497476 0.918015530721
5520 1.03430756148 0.980585657231
5525 1.00304187247 0.950943907185
5530 0.980914436461 0.929965769547
5535 0.991281145042 0.939794031589
5540 1.02441267389 0.971204709803
5545 1.01795520799 0.96508264449
5550 1.0547855293 1.0
5555 1.01988628277 0.966913419311
5560 1.02333672553 0.970184646174
5565 0.986728490706 0.935477841986
5570 0.995234581447 0.943542126624
5575 1.01333691133 0.960704222029
5580 1.02678293589 0.973451860466
5585 0.975178531047 0.924527786891
5590 0.939878277815 0.891061027771
5595 0.996929188786 0.945148716108
5600 0.967961867563 0.917685956695
5605 1.03330006365 0.979630488804
5610 1.06729201437 1.01185689861
5615 0.967944084985 0.917669097744
5620 1.01822297049 0.965336499423
5625 0.98001664318 0.929114607622
5630 1.05653057681 1.0016544098
5635 1.01864583574 0.965737401059
5640 1.0063586107 0.95408837413
5645 1.02121532187 0.968173428159
5650 1.0255707235 0.972302610351
5655 1.00499601425 0.952796550892
5660 0.963525559428 0.913480070274
5665 1.02204519933 0.968960201806
5670 1.0241158634 0.970923315643
5675 1.06601348738 1.01064477827
5680 1.03869597531 0.984746136971
5685 1.00594095685 0.953692413208
5690 1.02629608253 0.972990294255
5695 1.04700795982 0.992626397251
5700 0.991766579958 0.94025425303
5705 0.988928957329 0.937564016437
5710 0.934839392401 0.886283861917
5715 1.02637815739 0.973068106148
5720 1.06568301756 1.01033147304
5725 1.06995011976 1.01437694208
5730 1.04977563733 0.995250321671
5735 1.06984119849 1.01427367818
5740 1.06088456736 1.0057822542
5745 1.06741239915 1.01197103061
5750 1.048747343 0.994275436918
5755 1.02322660038 0.970080240919
5760 1.04063711427 0.986586453232
5765 1.07087505454 1.01525383578
5770 1.07990322056 1.02381307911
5775 1.06546594294 1.01012567328
5780 1.00823205202 0.955864508957
5785 0.984244605012 0.933122969241
5790 1.04688060318 0.992505655515
5795 1.0696470902 1.01408965187
5800 1.08823015875 1.03170751638
5805 1.05349180096 0.998773467876
5810 1.08156081241 1.0253845757
5815 1.06885693464 1.01334053696
5820 1.10856930298 1.05099024606
5825 1.10949991633 1.05187252338
5830 1.10888485382 1.0512894072
5835 1.09183164528 1.03512194181
5840 1.1112154501 1.05349895238
5845 1.10219980604 1.04495158061
5850 1.08880863823 1.03225594966
5855 1.0516537073 0.997030844746
5860 1.05622172827 1.00136160284
5865 1.08428973691 1.02797175993
5870 1.10841745104 1.05084628131
5875 1.10877858297 1.05118865605
5880 1.08346376323 1.02718868731
5885 1.07504869641 1.01921069881
5890 0.862945867098 0.818124484198
5895 0.92691425616 0.878770357018
5900 1.06022370656 1.00515571849
5905 1.08576454078 1.02936996254
5910 1.09910219923 1.0420148634
5915 1.05752134415 1.00259371671
5920 1.09138435441 1.03469788322
5925 1.10599259831 1.04854737536
5930 1.07529746461 1.019446546
5935 1.08548375407 1.02910375988
5940 1.08426487679 1.02794819105
5945 1.09348810682 1.03669236678
5950 1.0732018145 1.0174597439
5955 1.07586934328 1.01998872131
5960 1.0983465464 1.04129845916
5965 1.09507899029 1.03820061982
5970 1.11427994725 1.05640427963
5975 1.07994286575 1.02385066514
5980 1.08793456368 1.03142727451
5985 1.05564193488 1.0008119239
5990 1.08595004386 1.0295458306
5995 1.0893439112 1.03276342057
6000 1.07451585033 1.01870552874
6005 1.06176078673 1.00661296277
6010 1.06459498431 1.0092999522
6015 1.05222809964 0.997575403161
6020 1.03833232096 0.984401370815
6025 1.06547176356 1.01013119157
6030 1.09726512901 1.04027321056
6035 1.10361428556 1.0462925921
6040 1.08897333277 1.03241208997
6045 1.10411273519 1.04676515227
6050 1.1058454361 1.04840785675
6055 1.07475270163 1.01893007799
6060 1.09407919809 1.0372527568
6065 1.05161887471 0.996997821357
6070 1.10868043622 1.05109560704
6075 1.10337507657 1.04606580761
6080 1.05826327514 1.00329711183
6085 1.05366197745 0.998934805405
6090 1.04675922487 0.992390581585
6095 1.06851354924 1.01301498699
6100 1.06115118414 1.00603502292
6105 1.0514018648 0.996792082933
6110 1.07064025125 1.01503122816
6115 1.07519399147 1.01934844725
6120 1.03853221643 0.984590883724
6125 1.05390346106 0.999163746359
6130 1.05992780203 1.00487518324
6135 1.00866797052 0.956277785864
6140 1.03097223985 0.977423572099
6145 1.06920222973 1.01366789743
6150 1.04918056269 0.994686155191
6155 1.04599691362 0.991667864765
6160 0.998129852093 0.946287016999
6165 0.999162335337 0.947265873093
6170 0.998191032624 0.946345019814
6175 1.04666373585 0.992300052267
6180 1.06299529644 1.00778335208
6185 1.06478112101 1.00947642097
6190 1.01353400777 0.960891081287
6195 1.07163562115 1.01597489857
6200 1.04448977484 0.990239006728
6205 1.07970628388 1.02362637132
6210 1.06657507678 1.01117719873
6215 0.998563136895 0.946697797
6220 1.0173277863 0.96448781107
6225 1.04829439035 0.99384601062
6230 0.983517157303 0.932433305145
6235 1.05334593425 0.998635177473
6240 1.01118713232 0.958666102478
6245 0.987222123151 0.935945835176
6250 1.02233995864 0.969239651323
6255 0.961198811045 0.911274173133
6260 0.987881359346 0.936570830662
6265 1.02912059315 0.975668099883
6270 1.02598318591 0.972693649474
6275 1.02113272428 0.968095120683
6280 0.981302796137 0.930333957832
6285 1.03520067346 0.981432380998
6290 1.02852552211 0.975103936812
6295 1.01605429686 0.963280466637
6300 0.991411847707 0.939917945562
6305 1.02106090352 0.968027030294
6310 1.02881976207 0.975382893957
6315 0.979800734297 0.92890991304
6320 0.993365090611 0.941769737087
6325 1.04301772845 0.988843418379
6330 1.03486140446 0.981110733618
6335 1.00339575911 0.951279412961
6340 1.0266473224 0.973323290736
6345 1.02349927115 0.970338749179
6350 1.05667882049 1.0017949537
6355 1.02355497063 0.970391555626
6360 0.992295343802 0.940755552896
6365 1.01217550338 0.959603137567
6370 1.05106810534 0.996475658931
6375 1.06338639987 1.00815414161
6380 1.0449179318 0.99064492522
6385 1.05803315281 1.00307894204
6390 1.05710356321 1.0021976353
6395 1.02886119281 0.975422172782
6400 1.00478401886 0.952595566537
6405 1.05457657682 0.99980190051
6410 1.02742235161 0.974058064953
6415 1.04241904823 0.98827583359
6420 1.01211233705 0.9595432521
6425 1.06727428043 1.01184008577
6430 1.02787384356 0.974486106428
6435 1.05962188146 1.00458515217
6440 1.03549437081 0.98171082371
6445 1.07382359861 1.01804923255
6450 0.984415966161 0.933285429897
6455 1.03507800248 0.981316081545
6460 1.04933075733 0.994828548731
6465 1.03794684154 0.984035913183
6470 1.03430394277 0.980582226474
6475 1.04616553476 0.991827727726
6480 1.04234842234 0.988208876006
6485 1.04854782868 0.994086285363
6490 1.03715167098 0.98328204376
6495 0.920043438333 0.872256409268
6500 0.999167360274 0.947270637035
6505 1.05526225563 1.00045196518
6510 1.05902567053 1.00401990842
6515 1.04049394896 0.986450723919
6520 1.04520825289 0.990920167041
6525 1.05733512928 1.00241717383
6530 1.04485891288 0.990588971746
6535 1.04912060354 0.994629310322
6540 1.06054511793 1.00546043577
6545 1.02628645527 0.972981167032
6550 1.04364318062 0.989436384579
6555 1.00458750959 0.952409263952
6560 0.923356583366 0.875397469645
6565 0.915001220301 0.867476083891
6570 1.01265769033 0.960060279746
6575 1.0038349306 0.951695773894
6580 1.03848789746 0.98454886668
6585 1.03778881403 0.983886093618
6590 1.03980874789 0.98580111218
6595 1.00587533167 0.953630196598
6600 1.04295223706 0.988781328611
6605 1.02957224314 0.976096291177
6610 1.0138980869 0.961236250152
6615 1.04832857964 0.993878424118
6620 1.05609052353 1.00123721287
6625 1.03247365943 0.978847007992
6630 1.02780960181 0.974425201393
6635 1.01176243756 0.959211526374
6640 1.0346828136 0.980941418758
6645 1.02015747385 0.96717052473
6650 1.04879755956 0.994323045229
6655 1.04909433179 0.994604403124
6660 1.03988757955 0.98587584932
6665 1.01674791423 0.96393805754
6670 1.04489719515 0.990625265636
6675 1.0395225822 0.985529809927
6680 1.02858872039 0.975163852577
6685 1.06119827207 1.0060796651
6690 1.06083079482 1.00573127461
6695 1.03809803053 0.984179249428
6700 1.04384939813 0.989631891165
6705 1.03476666265 0.981020912695
6710 1.04136268891 0.987274341544
6715 1.0122024 0.959628637179
6720 1.03045067792 0.976929100082
6725 1.04107378424 0.987000442579
6730 1.05573218126 1.00089748289
6735 1.04754944287 0.993139755688
6740 1.02745955208 0.974093333231
6745 1.03501357715 0.981255002467
6750 1.0303184715 0.976803760465
6755 1.04453770511 0.990284447502
6760 1.05847313514 1.0034960717
6765 1.04355246598 0.989350381658
6770 1.01676663219 0.963955803286
6775 1.04503035553 0.990751509669
6780 1.04583935096 0.991518485903
6785 1.00892806999 0.956524375773
6790 1.03405555273 0.980346737805
6795 1.0305938091 0.977064797038
6800 1.03847914302 0.984540566948
6805 1.03644379056 0.982610930635
6810 1.0336599642 0.97997169613
6815 1.0358148246 0.982014633148
6820 1.03815720704 0.984235352307
6825 1.052344077 0.997685356661
6830 1.03611224653 0.982296606991
6835 1.03397399029 0.980269411717
6840 0.991674762289 0.940167204368
6845 1.02082220708 0.967800731732
6850 1.03532465092 0.981549919069
6855 1.00115148559 0.94915170694
6860 1.00364747629 0.951518055953
6865 1.01425604007 0.961575611249
6870 0.989855515571 0.938442449271
6875 0.988753719217 0.937397880188
6880 0.998036341549 0.94619836339
6885 0.993430502925 0.941831751888
6890 1.01450479132 0.961811442369
6895 1.00139453497 0.94938213234
6900 1.00838800164 0.956012358556
6905 1.0077894139 0.955444861453
6910 1.00970086581 0.957257032601
6915 0.98243981243 0.931411917533
6920 1.01252074369 0.959930446114
6925 0.983324692443 0.932250836904
6930 1.00134535795 0.94933550958
6935 0.995985615802 0.944254152277
6940 1.01007470042 0.957611450251
6945 0.975002168516 0.924360584625
6950 0.986871106198 0.935613050033
6955 0.988281706095 0.936950383413
6960 0.997567046237 0.945753443262
6965 0.991945656578 0.940424028416
6970 0.993875673539 0.942253800353
6975 0.970696235644 0.920278301779
6980 0.940839404208 0.891972233288
6985 0.997868823078 0.946039545823
6990 0.993698258266 0.942085600024
6995 0.99754079438 0.945728554925
7000 0.974431980028 0.92382001171
7005 0.975921340471 0.925232014815
7010 0.987770916951 0.936466124642
7015 0.947179261457 0.897982798538
7020 0.985242435122 0.934068972084
7025 0.958521192168 0.908735629702
7030 0.981325853432 0.930355817532
7035 0.985317381113 0.934140025383
7040 0.989618164832 0.938217426523
7045 0.99634498103 0.944594852086
7050 1.0010156503 0.949022926932
7055 0.984537038474 0.933400213718
7060 0.980675504367 0.929739247579
7065 0.981551162534 0.930569424087
7070 0.979279240608 0.928415505718
7075 0.999970341782 0.948031911707
7080 1.00491713286 0.952721766598
7085 0.94702725403 0.897838686372
7090 0.971143045816 0.920701904644
7095 0.97961559216 0.928734387181
7100 0.99366119236 0.94205045932
7105 0.986335342477 0.935105113864
7110 0.959027762669 0.909215888946
7115 0.972636629821 0.922117911939
7120 0.963717282103 0.913661834879
7125 0.977127420984 0.926375451542
7130 0.949364280709 0.900054327955
7135 0.978763689185 0.927926732021
7140 0.970765332891 0.920343810117
7145 0.963103427907 0.913079864252
7150 0.949679708414 0.900353372354
7155 0.96731946286 0.917076918474
7160 0.967870822153 0.917599640182
7165 0.923838203714 0.875854074646
7170 0.965773255363 0.915611020948
7175 0.955475339324 0.905847978365
7180 0.927786298098 0.879597105124
7185 0.930592512229 0.882257564576
7190 0.914256106099 0.866769670899
7195 0.93260199816 0.884162677867
7200 0.942784537012 0.893816335951
7205 0.931769484202 0.883373404659
7210 0.933217422155 0.884746136757
7215 0.93464977546 0.886104093675
7220 0.938692202985 0.889936557633
7225 0.947540371518 0.898325152553
7230 0.955907744494 0.906257924423
7235 0.9490575124 0.899763493182
7240 0.94294448216 0.893967973553
7245 0.940637830469 0.891781129282
7250 0.941009846691 0.892133822993
7255 0.945171712086 0.896079521222
7260 0.925292324804 0.877232668729
7265 0.93666080353 0.888010669006
7270 0.943311836492 0.894316247511
7275 0.933852699076 0.885348417414
7280 0.937143345776 0.888468148022
7285 0.918122293016 0.870435048181
7290 0.882080144303 0.83626492761
7295 0.918133984408 0.870446132323
7300 0.930107370686 0.88179762127
7305 0.936094914208 0.887474171959
7310 0.918002263723 0.870321253206
7315 0.941096044984 0.892215544149
7320 0.934692281077 0.886144391551
7325 0.917556326976 0.8698984784
7330 0.934318845901 0.885790352587
7335 0.9456961173 0.896576688845
7340 0.949554947033 0.900235091076
7345 0.928345573681 0.88012733195
7350 0.934586319828 0.886043933926
7355 0.911409017136 0.864070459653
7360 0.93455149781 0.886010920563
7365 0.926659212944 0.87852856074
7370 0.94705359291 0.897863657212
7375 0.940938248467 0.892065943579
7380 0.957817271629 0.908068270775
7385 0.917279999732 0.869636503586
7390 0.917851699346 0.870178509139
7395 0.946020140311 0.89688388211
7400 0.936901512828 0.88823887587
