Wave Flux FluxNorm
3600 0.317044881299 0.30087533276
3605 0.233299865293 0.22140138114
3610 0.20046799627 0.19024396432
3615 0.266859821518 0.253249752119
3620 0.199546245936 0.189369224007
3625 0.32362549646 0.307120331159
3630 0.278022597583 0.263843217465
3635 0.25011092123 0.237355059459
3640 0.335924190052 0.318791781309
3645 0.266831192681 0.253222583376
3650 0.257812483202 0.244663835465
3655 0.358532887515 0.340247416689
3660 0.389903563955 0.370018162945
3665 0.350243003366 0.332380323419
3670 0.329836357118 0.313014432839
3675 0.364375191307 0.345791758204
3680 0.293325530626 0.278365688393
3685 0.305603461082 0.290017434343
3690 0.334066681848 0.317029007544
3695 0.345044368459 0.32744682315
3700 0.405787672412 0.385092168865
3705 0.273907867118 0.259938341623
3710 0.297746911928 0.282561575628
3715 0.417568127778 0.396271811361
3720 0.212758295267 0.201907448004
3725 0.310338960915 0.294511419806
3730 0.298209909236 0.283000959694
3735 0.151529413294 0.143801289146
3740 0.28871537917 0.273990658436
3745 0.204578246323 0.194144588255
3750 0.195103348918 0.185152918374
3755 0.354325015789 0.336254149867
3760 0.237958978951 0.225822876187
3765 0.260585560604 0.247295483649
3770 0.315872937198 0.299763158768
3775 0.353637752909 0.335601937956
3780 0.370487520231 0.351592353348
3785 0.343980147246 0.32643687809
3790 0.250620989467 0.237839113798
3795 0.242742482364 0.230362417008
3800 0.252306473761 0.239438637013
3805 0.322353163046 0.305912887791
3810 0.307145941649 0.291481247137
3815 0.220124385884 0.208897861969
3820 0.175326816835 0.166385005621
3825 0.153777281989 0.145934514697
3830 0.173500526155 0.164651857261
3835 0.16867137388 0.160068995706
3840 0.16039210002 0.152211971592
3845 0.230982935537 0.219202616699
3850 0.194732693783 0.184801166955
3855 0.1872149199 0.177666805696
3860 0.152576977957 0.144795427153
3865 0.216316140715 0.205283840421
3870 0.164130587963 0.155759793589
3875 0.23817696593 0.226029745651
3880 0.194245627992 0.184338941919
3885 0.247871771354 0.23523010806
3890 0.299981988933 0.284682661875
3895 0.349365761255 0.331547821374
3900 0.339497328939 0.322182687187
3905 0.310636023758 0.294793332201
3910 0.374457048333 0.355359432267
3915 0.378259835008 0.358968273708
3920 0.294219726096 0.279214279161
3925 0.272768212317 0.258856810149
3930 0.133774840664 0.126952214257
3935 0.09281226202 0.0880787606634
3940 0.221073411961 0.209798486939
3945 0.286652295144 0.272032793384
3950 0.370503813961 0.351607816085
3955 0.391019676985 0.371077353297
3960 0.343385676768 0.325872726093
3965 0.176805773859 0.167788534626
3970 0.118614727189 0.112565278982
3975 0.292943011849 0.278002678386
3980 0.445428308379 0.422711099941
3985 0.465008638499 0.441292817192
3990 0.50792484961 0.482020266397
3995 0.501625338961 0.476042035949
4000 0.534227917767 0.506981856541
4005 0.501776815901 0.476185787441
4010 0.565562976788 0.536718801895
4015 0.589666410621 0.559592940867
4020 0.587661335494 0.557690126214
4025 0.582886165377 0.553158493683
4030 0.551269706792 0.523154500372
4035 0.52348509238 0.496786924045
4040 0.610166656212 0.579047657148
4045 0.454109337827 0.430949389778
4050 0.59324419454 0.562988254877
4055 0.536068176899 0.508728260951
4060 0.538622519201 0.511152329704
4065 0.477701651851 0.45333847647
4070 0.557392948815 0.528965452039
4075 0.528572910775 0.501615259536
4080 0.570151256188 0.54107307529
4085 0.590500287952 0.560384289772
4090 0.663389892082 0.62955646441
4095 0.60345044317 0.57267397647
4100 0.521072454092 0.494497332285
4105 0.584009113718 0.554224170739
4110 0.591164805481 0.561014916363
4115 0.63560674373 0.603190279373
4120 0.582261354759 0.552565548917
4125 0.59548741215 0.565117066552
4130 0.545592904241 0.5177672194
4135 0.548035132384 0.520084891908
4140 0.603678668516 0.572890562136
4145 0.507318381392 0.481444728555
4150 0.541530629405 0.513912123907
4155 0.526626310279 0.499767937259
4160 0.596740523287 0.566306267995
4165 0.597662396992 0.567181125387
4170 0.574120431825 0.544839819719
4175 0.511706225866 0.485608789368
4180 0.535481090477 0.508171116417
4185 0.587613892999 0.557645103324
4190 0.581454047787 0.551799415263
4195 0.550952831965 0.522853786421
4200 0.516946284336 0.490581600565
4205 0.586938797552 0.557004438298
4210 0.628065212309 0.596033372229
4215 0.549833526555 0.521791566504
4220 0.694575304271 0.659151395043
4225 0.486609700359 0.46179220721
4230 0.630811577039 0.598639670109
4235 0.59669299604 0.566261164677
4240 0.615846775291 0.584438085503
4245 0.67751757605 0.642963624928
4250 0.564735561166 0.535933585148
4255 0.592904479873 0.562665865936
4260 0.553678777261 0.525440706275
4265 0.697167377082 0.661611270018
4270 0.541204822802 0.513602933707
4275 0.544411951305 0.51664649603
4280 0.615990007056 0.58457401233
4285 0.593184219062 0.562931338197
4290 0.531816333129 0.504693264694
4295 0.572000644333 0.542828143124
4300 0.407131500417 0.386367460541
4305 0.411964963693 0.390954413233
4310 0.381080573355 0.361645152089
4315 0.663359445413 0.629527570546
4320 0.773228868425 0.733793563025
4325 0.519462205156 0.492969207363
4330 0.750113420123 0.711857021512
4335 0.772393028481 0.733000351602
4340 0.560713068843 0.532116243226
4345 0.736612634146 0.699044786674
4350 0.730674358236 0.693409367698
4355 0.703079677099 0.667222037893
4360 0.740319823959 0.702562906772
4365 0.804513181578 0.763482350592
4370 0.731124128165 0.693836198993
4375 0.655769635188 0.622324846857
4380 0.720826567889 0.684063822723
4385 0.533992102018 0.506758067589
4390 0.665168510586 0.631244371914
4395 0.719264810693 0.682581716422
4400 0.729307312801 0.6921120427
4405 0.630455131291 0.598301403386
4410 0.768848901021 0.729636977544
4415 0.737330113239 0.699725673746
4420 0.82210015783 0.780172376654
4425 0.784161043568 0.744168188284
4430 0.782516589417 0.742607602641
4435 0.740260630065 0.702506731815
4440 0.827916152678 0.785691751003
4445 0.822036973486 0.780112414764
4450 0.851224704439 0.80781154754
4455 0.744636280439 0.706659220437
4460 0.715072661089 0.678603369881
4465 0.80952728409 0.76824072977
4470 0.814516479318 0.772975471956
4475 0.925685406055 0.878474692406
4480 0.84276431345 0.799782643419
4485 0.920652775964 0.87369873057
4490 0.842344975717 0.799384692254
4495 0.833065024075 0.790578025744
4500 0.908505772223 0.862171233966
4505 0.993177325479 0.942524468678
4510 0.967587664286 0.918239901158
4515 0.895987577914 0.850291477816
4520 0.925280066899 0.878090025879
4525 0.842865033537 0.799878226698
4530 0.775177558477 0.735642868289
4535 0.813030557686 0.771565333544
4540 0.884342221827 0.839240044424
4545 0.864805771233 0.820699968807
4550 0.836840737092 0.794161174305
4555 0.838674345422 0.795901267108
4560 0.930597620652 0.883136380036
4565 0.853370889509 0.809848275415
4570 0.910377540837 0.863947540848
4575 0.933723475195 0.886102813438
4580 0.843754407896 0.800722242238
4585 0.851825783579 0.808381971152
4590 0.918523393732 0.871677948576
4595 0.850189299525 0.806828949125
4600 0.864455450634 0.820367514846
4605 0.889400450662 0.844040299447
4610 0.961603086751 0.912560541977
4615 0.937819012251 0.889989474752
4620 0.945558405948 0.897334153032
4625 0.952645532814 0.904059830625
4630 0.952750636354 0.904159573799
4635 0.919397711997 0.872507675893
4640 0.896374062254 0.850658251139
4645 0.863691947861 0.81964295134
4650 0.880680018875 0.835764616822
4655 0.890843052713 0.845409327613
4660 0.970378900834 0.920888782357
4665 0.847841842037 0.804601213891
4670 0.858628153406 0.814837414548
4675 0.926674830506 0.8794136554
4680 0.874941322597 0.830318598753
4685 0.919615441736 0.872714301238
4690 0.89507427481 0.849424753919
4695 0.919864634682 0.872950785139
4700 0.860893547974 0.816987272138
4705 0.872239515783 0.827754586299
4710 0.874941086031 0.830318374252
4715 0.901336748812 0.855367836619
4720 0.985266329022 0.935016939517
4725 0.963212157781 0.914087549067
4730 0.859108963323 0.815293702766
4735 0.920801767163 0.873840123096
4740 0.933488803719 0.885880110399
4745 0.962832075659 0.913726851445
4750 0.96022225444 0.911250133245
4755 0.912133870093 0.865614295874
4760 0.936373491401 0.888617676648
4765 0.858683226809 0.814889679162
4770 0.949894437379 0.901449043311
4775 0.987075632781 0.936733967303
4780 1.00054970264 0.949520848568
4785 0.942393733923 0.894330881872
4790 0.933677896198 0.886059559007
4795 1.02533230343 0.973039516429
4800 0.95437030831 0.90569664116
4805 0.97539219853 0.925646397765
4810 0.964695565196 0.91549530149
4815 1.00132301412 0.950254720532
4820 1.01684989924 0.964989721798
4825 0.965128388571 0.915906050518
4830 0.9713771942 0.921836161944
4835 0.983765746026 0.933592887483
4840 0.93808345241 0.890240428245
4845 0.977946450103 0.928070380417
4850 0.969361845922 0.919923598078
4855 0.909655880953 0.863262686209
4860 0.769763046343 0.730504500707
4865 0.874209117846 0.829623737044
4870 0.875881418838 0.831210749316
4875 0.902377699727 0.856355698184
4880 0.972014838443 0.922441285808
4885 0.908425517795 0.862095072579
4890 0.867579001707 0.823331762256
4895 1.02706706695 0.974685805583
4900 0.997936594128 0.947041010728
4905 0.994366236634 0.943652744391
4910 0.921902997872 0.874885190137
4915 0.992538806387 0.941918514582
4920 0.80858563946 0.767347109787
4925 0.917748796892 0.870942856809
4930 1.01362372584 0.961928085882
4935 0.927732122172 0.880417024325
4940 0.921917692261 0.8748991351
4945 1.01090960586 0.959352388242
4950 1.03019344905 0.977652739634
4955 0.977126411892 0.927292164826
4960 0.979830947869 0.929858767254
4965 0.987434803959 0.937074820457
4970 0.967384399031 0.918047002598
4975 1.01811000167 0.96618555797
4980 0.930592216299 0.88313125131
4985 0.8817990895 0.836826613929
4990 0.967594456623 0.918246347081
4995 0.968772590015 0.919364394705
5000 0.919432725279 0.87254090347
5005 0.870405231607 0.826013852118
5010 0.929201893111 0.881811835742
5015 0.853081068952 0.809573235942
5020 0.885001274067 0.839865484461
5025 0.918760491042 0.871902953729
5030 0.944294871705 0.89613506007
5035 0.954852684877 0.906154416126
5040 0.827381256444 0.785184134915
5045 0.978862086122 0.928939318249
5050 0.90818870325 0.86187033577
5055 0.983779010973 0.933605475907
5060 1.01688692966 0.965024863628
5065 0.938549702827 0.890682899509
5070 0.950846154754 0.90235222232
5075 0.944228442672 0.896072018973
5080 0.859959713132 0.816101063638
5085 0.936015236256 0.888277692809
5090 0.973011955165 0.923387548761
5095 0.979108538369 0.929173201229
5100 0.899032424121 0.853181034374
5105 0.934017991556 0.886382309223
5110 0.907682845863 0.861390277524
5115 0.975702154831 0.925940546041
5120 0.973056674027 0.923429986925
5125 0.872450989874 0.827955275038
5130 0.898586242172 0.852757608069
5135 0.941403996135 0.893391621522
5140 0.875659909889 0.831000537505
5145 0.889440605901 0.844078406736
5150 0.900248076752 0.854334687725
5155 0.916472701957 0.86973184376
5160 0.957087638583 0.908275385363
5165 0.802915092681 0.761965765537
5170 0.735202510542 0.697706580529
5175 0.854294276225 0.810724568652
5180 0.918436230426 0.871595230669
5185 0.768400761963 0.729211693945
5190 0.914439748114 0.867802572228
5195 0.881020552453 0.836087782909
5200 0.956458995496 0.907678803588
5205 0.877289733402 0.832547238684
5210 0.897087061937 0.851334887254
5215 0.929850608663 0.882427466271
5220 0.969289453214 0.919854897457
5225 0.852935815972 0.809435390984
5230 0.924139827014 0.877007939162
5235 0.926652789992 0.87939273897
5240 0.999628265152 0.948646405145
5245 0.985157544848 0.934913703426
5250 0.921029498614 0.874056240057
5255 0.94171517131 0.893686926508
5260 0.986572808142 0.936256787133
5265 0.794758608335 0.754225268571
5270 0.789241731357 0.748989756836
5275 0.909246958728 0.862874619352
5280 0.97536283987 0.925618536421
5285 0.970209265015 0.920727798104
5290 1.05479307905 1.00099776837
5295 0.985055059619 0.934816445027
5300 0.939849806907 0.891916697217
5305 1.03710297681 0.984209875824
5310 1.05898480565 1.00497571347
5315 1.02286478452 0.970697842996
5320 1.01270732958 0.961058426576
5325 0.936801616119 0.889023966655
5330 0.900771124556 0.854831059663
5335 1.02491693176 0.972645329049
5340 0.963828204092 0.914672176512
5345 1.00568273675 0.954392093738
5350 0.994839100779 0.944101492076
5355 1.07008914421 1.01551372168
5360 1.06739925648 1.01296102043
5365 1.0016370514 0.950552741651
5370 0.929773129695 0.882353938793
5375 1.0420304646 0.9888860577
5380 1.02737119422 0.974974422112
5385 1.03095064414 0.978371317156
5390 0.989554351055 0.939086268915
5395 0.952616429029 0.904032211157
5400 0.974191300964 0.924506746959
5405 0.896837733645 0.851098274909
5410 0.951854584978 0.903309221777
5415 1.015851033 0.964041798554
5420 1.00892303401 0.957467133181
5425 1.00157888022 0.950497537246
5430 0.959215636436 0.910294853584
5435 0.945960429119 0.897715672693
5440 1.06536810664 1.01103346089
5445 0.989871032393 0.939386799246
5450 1.0450489644 0.991750611539
5455 0.982509999907 0.932401185444
5460 1.0351535297 0.982359852117
5465 1.00249261662 0.95136467234
5470 1.01595925086 0.964144497215
5475 0.958214402486 0.909344683384
5480 0.96349890467 0.91435967163
5485 1.02244498877 0.970299457174
5490 1.00948355347 0.957999065691
5495 1.01028001683 0.958754908771
5500 1.02048769612 0.968441988054
5505 0.99036575609 0.93985629163
5510 0.996991948656 0.946144542949
5515 0.988295377055 0.937891503621
5520 1.04169615148 0.988568794831
5525 1.0110805919 0.959514653854
5530 0.991078217185 0.940532416625
5535 0.995862633383 0.94507282368
5540 1.02782591676 0.975405953435
5545 1.01522141478 0.963444291373
5550 1.05374168893 1.0
5555 1.01790508085 0.965991088281
5560 1.02015083896 0.968122310883
5565 0.985878696764 0.935598076004
5570 0.988069392688 0.937677044641
5575 1.00300349263 0.951849493255
5580 1.01831440122 0.966379532977
5585 0.972148026075 0.922567680762
5590 0.931520638381 0.884012323105
5595 0.982755285013 0.932633960809
5600 0.953535904979 0.904904793081
5605 1.01977528699 0.967765912373
5610 1.05199775232 0.998345005584
5615 0.956456424629 0.907676363837
5620 0.998791521758 0.94785233635
5625 0.970344146992 0.920855800989
5630 1.04154733529 0.988427568379
5635 1.00274807087 0.951607098213
5640 0.990263601897 0.939759347384
5645 1.00569105045 0.954399983427
5650 1.00677783011 0.955431336441
5655 0.983573243035 0.933410202303
5660 0.945087893573 0.896887637174
5665 0.998688085617 0.947754175537
5670 1.00849050046 0.957056659192
5675 1.043167434 0.989965040733
5680 1.01591621484 0.964103656067
5685 0.981652541722 0.931587458329
5690 1.00011189225 0.949105366863
5695 1.02071988015 0.96866233051
5700 0.97411684506 0.924436088366
5705 0.966962283408 0.917646415217
5710 0.918187364769 0.871359057365
5715 1.00297679124 0.951824153657
5720 1.0361872704 0.983340871193
5725 1.04308929504 0.989890886923
5730 1.02572270914 0.973410011126
5735 1.0398953492 0.986859834937
5740 1.03326818404 0.980570660629
5745 1.03523167218 0.982434009263
5750 1.01649145972 0.964649562985
5755 0.989469059785 0.93900532757
5760 1.00735875542 0.95598263408
5765 1.03289494336 0.98021645553
5770 1.04383405592 0.99059766439
5775 1.02989207406 0.977366735019
5780 0.979182729402 0.929243608459
5785 0.951635220815 0.903101045366
5790 1.01112845108 0.95956007217
5795 1.02735976838 0.974963579002
5800 1.04303287983 0.989837348932
5805 1.00861513247 0.95717493487
5810 1.03587398471 0.983043563327
5815 1.02296987716 0.970797575832
5820 1.06080950403 1.00670735075
5825 1.05920016608 1.00518009035
5830 1.05863293087 1.0046417846
5835 1.04375232384 0.99052010071
5840 1.05537905162 1.00155385586
5845 1.0490013321 0.995501405258
5850 1.03651952323 0.983656178852
5855 0.998507613196 0.947582907357
5860 1.00369725204 0.952507870372
5865 1.0329282681 0.980248080676
5870 1.05100525408 0.997403125571
5875 1.04929075709 0.995776069329
5880 1.02750034064 0.975096981964
5885 1.01703684236 0.965167130661
5890 0.84951436888 0.806188440495
5895 0.894606887665 0.8489812039
5900 0.993430833886 0.942765047948
5905 1.02527887019 0.972988808322
5910 1.03017393578 0.97763422156
5915 0.994130218107 0.943428763001
5920 1.02508391117 0.972803792377
5925 1.03418517024 0.981440879779
5930 1.00809607656 0.956682351235
5935 1.02167140911 0.969565330714
5940 1.01715739273 0.965281532862
5945 1.01744018273 0.965549900343
5950 0.996823509122 0.94598469397
5955 1.00628799425 0.95496648261
5960 1.0234290463 0.971233326968
5965 1.02625364844 0.973913872083
5970 1.03905328044 0.986060712368
5975 1.00691426144 0.955560809658
5980 1.01927189189 0.967288190836
5985 0.981406661187 0.931354117903
5990 1.01415997026 0.962436981395
5995 1.01909226782 0.967117727745
6000 1.00348271116 0.952304271253
6005 0.995577971596 0.944802679877
6010 0.982940013796 0.932809268273
6015 0.982675099776 0.932557865085
6020 0.969190259002 0.919760762231
6025 0.991264441358 0.940709143214
6030 1.01922920876 0.967247684578
6035 1.02610647443 0.973774204066
6040 1.01575538833 0.963951031836
6045 1.02554235401 0.973238854253
6050 1.02938149169 0.97688219277
6055 0.998699849945 0.947765339874
6060 1.02108365518 0.969007552712
6065 0.986334631299 0.936030757503
6070 1.03291858862 0.980238894859
6075 1.02750897329 0.975105174344
6080 0.989279218199 0.938825168061
6085 0.985261969118 0.935012801972
6090 0.981533084441 0.931474093467
6095 0.998291067929 0.947377406076
6100 0.991612328943 0.941039288247
6105 0.978129507655 0.928244101884
6110 1.00167528949 0.950589029569
6115 1.00418915295 0.952974683934
6120 0.978780527064 0.92886191877
6125 0.985192535927 0.934946909931
6130 0.989664785588 0.939191071197
6135 0.951632797739 0.903098745869
6140 0.9583521559 0.909475411261
6145 0.997434224292 0.946564262166
6150 0.98425116151 0.93405354638
6155 0.979506641646 0.929551000914
6160 0.941683002669 0.893656398494
6165 0.936057526302 0.888317826028
6170 0.939193119181 0.891293501102
6175 0.979102065567 0.929167058546
6180 0.994162823198 0.943459705206
6185 0.997670287374 0.946788285838
6190 0.956723054464 0.907929395333
6195 1.00233768622 0.951217643523
6200 0.983628175351 0.933462333025
6205 1.01384783373 0.962140764083
6210 1.00661514736 0.955276950642
6215 0.947160858261 0.898854878966
6220 0.95673752302 0.90794312598
6225 0.986749290544 0.936424268787
6230 0.931132195457 0.883643691088
6235 0.987930349084 0.937545092375
6240 0.954844359215 0.90614651508
6245 0.929445107211 0.882042645725
6250 0.967051379991 0.917730967802
6255 0.912781086963 0.866228504154
6260 0.940029672619 0.89208738963
6265 0.969614553344 0.920163417214
6270 0.968110335437 0.918735915653
6275 0.973285107586 0.923646770185
6280 0.913090804357 0.866522425707
6285 0.970446069394 0.920952525265
6290 0.967422636694 0.918083290109
6295 0.958634179098 0.909743051045
6300 0.925251703059 0.878063108617
6305 0.960231210717 0.911258632745
6310 0.964912425507 0.915701101747
6315 0.91654891638 0.869804171186
6320 0.925848521714 0.878629489033
6325 0.975777865246 0.926012395163
6330 0.967581231052 0.918233796024
6335 0.941929900197 0.893890704046
6340 0.956038621128 0.907279868657
6345 0.950481828257 0.902006476773
6350 0.983174336781 0.933031640593
6355 0.956550582226 0.90776571932
6360 0.926368219494 0.879122681801
6365 0.943858988267 0.895721407045
6370 0.97503734516 0.925309642208
6375 0.98885542358 0.938422987315
6380 0.972918661143 0.92329901281
6385 0.979048435061 0.92911616324
6390 0.981746192422 0.931676332766
6395 0.953930220072 0.905278997781
6400 0.930153989925 0.88271537484
6405 0.975730789464 0.925967720284
6410 0.946815418892 0.898527057287
6415 0.961794970806 0.912742639789
6420 0.934156231824 0.886513499125
6425 0.981661700061 0.931596149585
6430 0.951309689845 0.902792116742
6435 0.972191875381 0.922609293718
6440 0.953606973686 0.904972237226
6445 0.987384297585 0.93702688995
6450 0.91599993191 0.869283185373
6455 0.946702198727 0.898419611443
6460 0.960406993753 0.911425450702
6465 0.949384403403 0.900965021484
6470 0.944427829195 0.896261236619
6475 0.945261041712 0.897051954617
6480 0.951437978876 0.902913862927
6485 0.953878456086 0.905229873801
6490 0.949877728275 0.901433186385
6495 0.834981129738 0.792396408448
6500 0.913918525043 0.86730793196
6505 0.966145534114 0.916871320806
6510 0.967846444634 0.918485483497
6515 0.942478970241 0.894411771068
6520 0.945760943261 0.897526360777
6525 0.958346954444 0.909470475084
6530 0.953686002735 0.905047235728
6535 0.951800337656 0.903257741113
6540 0.966837003519 0.917527524705
6545 0.932562333837 0.88500089124
6550 0.947726334903 0.899391515836
6555 0.911992550257 0.865480183465
6560 0.820496421242 0.778650431946
6565 0.801834388399 0.760940178058
6570 0.916205770564 0.869478526087
6575 0.912112857427 0.865594354871
6580 0.944613655446 0.89643758558
6585 0.941220411072 0.893217399447
6590 0.944021494496 0.895875625323
6595 0.912518905587 0.865979694243
6600 0.947728116077 0.899393206168
6605 0.937163215183 0.88936712387
6610 0.923204550723 0.876120362727
6615 0.950449960818 0.901976234599
6620 0.956455267333 0.907675265564
6625 0.939379826445 0.891470686143
6630 0.937000297394 0.889212515022
6635 0.913831377783 0.867225229282
6640 0.937310112559 0.88950652936
6645 0.92403744844 0.876910781979
6650 0.951216663176 0.90270383451
6655 0.950639642826 0.902156242669
6660 0.938495516615 0.890631476838
6665 0.917086502888 0.870314340341
6670 0.939870871186 0.891936687201
6675 0.934474594043 0.88681562461
6680 0.92388929821 0.876770187532
6685 0.950453060246 0.901979175954
6690 0.950786414095 0.902295528483
6695 0.93128626397 0.883789901981
6700 0.934365727592 0.886712310437
6705 0.923078285308 0.876000536952
6710 0.92742879122 0.8801291635
6715 0.902770285251 0.856728261526
6720 0.911883344546 0.865376547335
6725 0.91524354871 0.868565378335
6730 0.93608802149 0.888346765936
6735 0.927747435468 0.880431556631
6740 0.912484411547 0.865946959426
6745 0.916946184547 0.870181178351
6750 0.910519889902 0.864082629994
6755 0.925251261999 0.878062690052
6760 0.936462127004 0.888701791762
6765 0.928074508131 0.88074194832
6770 0.909984118425 0.863574183301
6775 0.928896022612 0.88152156489
6780 0.93440081693 0.886745610191
6785 0.905793679489 0.859597460182
6790 0.919529313771 0.872632565869
6795 0.912744638388 0.866193914485
6800 0.922154231421 0.875123610569
6805 0.921445239391 0.874450777713
6810 0.922715553352 0.875656304623
6815 0.926606387227 0.879348702784
6820 0.92730275186 0.880009552251
6825 0.938602829029 0.890733316232
6830 0.92570607334 0.878494305642
6835 0.930218013317 0.882776132987
6840 0.887698657658 0.84242529928
6845 0.911705599222 0.865207867168
6850 0.928940043811 0.881563340972
6855 0.898510661018 0.852685881616
6860 0.902163653503 0.856152568493
6865 0.910487255361 0.864051659842
6870 0.855308830907 0.811687380214
6875 0.860627035668 0.816734352177
6880 0.881960726644 0.836980007446
6885 0.880745838163 0.835827079272
6890 0.895660188928 0.849980785937
6895 0.887290833093 0.842038274102
6900 0.895839747329 0.850151186712
6905 0.895526011108 0.849853451295
6910 0.90232659667 0.856307201425
6915 0.879625215058 0.834763608864
6920 0.907011147057 0.860752835907
6925 0.883183575366 0.838140489882
6930 0.902229326648 0.856214892255
6935 0.89934295545 0.853475728351
6940 0.908700357161 0.862355894913
6945 0.880417881462 0.835515848632
6950 0.889773099407 0.844393942802
6955 0.890534019568 0.845116055412
6960 0.901720031182 0.855731571274
6965 0.899283675772 0.853419471984
6970 0.900045590951 0.854142528866
6975 0.877727211364 0.832962404911
6980 0.853203962418 0.809689861741
6985 0.903063596978 0.857006614114
6990 0.89795014511 0.852153952478
6995 0.899477536201 0.853603445373
7000 0.878566344241 0.833758741325
7005 0.875316512302 0.830674653476
7010 0.887987948546 0.842699836096
7015 0.852859687001 0.809363144653
7020 0.883186864369 0.838143611143
7025 0.863186595139 0.81916337202
7030 0.884713990674 0.839592852756
7035 0.8865955467 0.841378447885
7040 0.890155104914 0.844756465715
7045 0.899836464417 0.853944067956
7050 0.902063288348 0.856057322043
7055 0.885537246412 0.840374121778
7060 0.886801682455 0.841574070547
7065 0.887550733073 0.842284918971
7070 0.88440700584 0.8393015244
7075 0.906710865208 0.860467868678
7080 0.90743451852 0.861154615079
7085 0.860624494345 0.816731940464
7090 0.877644775274 0.83288417313
7095 0.885242088382 0.840094017049
7100 0.89777488435 0.85198763016
7105 0.893541447516 0.847970102072
7110 0.874040232125 0.829463464633
7115 0.882184221081 0.837192103484
7120 0.870700903155 0.826294444175
7125 0.884885170991 0.839755302737
7130 0.858749742725 0.814952802712
7135 0.884239899865 0.839142940966
7140 0.878669999645 0.833857110218
7145 0.868574300627 0.824276300116
7150 0.855765991122 0.812121224884
7155 0.874876595378 0.830257172675
7160 0.876044198246 0.831365226841
7165 0.830033966266 0.787701554364
7170 0.865218119458 0.821091286935
7175 0.853407434661 0.809882956734
7180 0.83395923941 0.791426635364
7185 0.823287387228 0.781299056381
7190 0.818633142856 0.776882182283
7195 0.828739623683 0.786473224313
7200 0.839461574837 0.796648347179
7205 0.833989111706 0.791454984148
7210 0.842073858501 0.799127402237
7215 0.845817992049 0.802680581909
7220 0.840829078169 0.797946106722
7225 0.847586124674 0.804358538323
7230 0.863444644323 0.819408260484
7235 0.840860053654 0.797975502431
7240 0.842242290786 0.799287244338
7245 0.841293621666 0.79838695812
7250 0.846024129926 0.802876206586
7255 0.846464995488 0.803294587643
7260 0.836064961258 0.793424963674
7265 0.838318213461 0.79556329817
7270 0.851072753158 0.807667345898
7275 0.832631976331 0.790167063789
7280 0.843291471386 0.800282915869
7285 0.8252487227 0.783160362139
7290 0.781958439127 0.742077918473
7295 0.826436997526 0.784288033976
7300 0.835803265303 0.793176614426
7305 0.837848045222 0.795117108896
7310 0.817621521612 0.775922154551
7315 0.845762569159 0.802627985632
7320 0.838170969252 0.795423563536
7325 0.82700299334 0.784825163539
7330 0.840912715626 0.7980254786
7335 0.848009274048 0.804760106731
7340 0.856652932876 0.812962931882
7345 0.838575071106 0.795807055864
7350 0.836381554178 0.793725410096
7355 0.816961906168 0.775296180035
7360 0.831619149722 0.789205892166
7365 0.830783416717 0.788412782229
7370 0.844862379951 0.801773706811
7375 0.837805849259 0.795077064962
7380 0.853764461809 0.810221775205
7385 0.817406862442 0.775718443175
7390 0.814925456528 0.773363590994
7395 0.838388525332 0.795630024077
7400 0.83144199074 0.789037768437
